3 0.5598958333333334 0.8185185185185185 0.04895833333333333 0.13703703703703704
3 0.565625 0.6490740740740741 0.041666666666666664 0.11666666666666667
3 0.5109375 0.5027777777777778 0.034375 0.05740740740740741
3 0.46822916666666664 0.42314814814814816 0.028125 0.04259259259259259
3 0.5588541666666667 0.4388888888888889 0.026041666666666668 0.04814814814814815
3 0.5572916666666666 0.3962962962962963 0.020833333333333332 0.037037037037037035
3 0.5604166666666667 0.325 0.020833333333333332 0.03518518518518519
3 0.5567708333333333 0.27314814814814814 0.017708333333333333 0.020370370370370372
3 0.5119791666666667 0.26203703703703707 0.013541666666666667 0.024074074074074074
0 0.4348958333333333 0.6601851851851852 0.013541666666666667 0.05740740740740741
0 0.5494791666666666 0.5842592592592593 0.013541666666666667 0.05
3 0.44635416666666666 0.5194444444444445 0.036458333333333336 0.07222222222222223
3 0.42864583333333334 0.5953703703703704 0.042708333333333334 0.09814814814814815
0 0.5119791666666667 0.32962962962962966 0.007291666666666667 0.037037037037037035
3 0.49322916666666666 0.3462962962962963 0.02395833333333333 0.040740740740740744
3 0.4947916666666667 0.31203703703703706 0.020833333333333332 0.024074074074074074
3 0.5151041666666667 0.25 0.013541666666666667 0.022222222222222223
3 0.5135416666666667 0.22870370370370371 0.010416666666666666 0.016666666666666666
8 0.5572916666666666 0.23333333333333334 0.01875 0.037037037037037035
5 0.559375 0.2111111111111111 0.016666666666666666 0.018518518518518517
0 0.5869791666666666 0.18981481481481483 0.007291666666666667 0.016666666666666666
0 0.5744791666666667 0.17500000000000002 0.003125 0.012962962962962964
0 0.5713541666666666 0.17500000000000002 0.003125 0.016666666666666666
0 0.8473958333333333 0.28611111111111115 0.009375 0.020370370370370372
