3 0.29963235294117646 0.9359477124183005 0.07426470588235294 0.12810457516339868
3 0.4386029411764706 0.7490196078431373 0.05220588235294118 0.15947712418300652
3 0.5033088235294118 0.5529411764705882 0.04779411764705882 0.10196078431372549
9 0.8691176470588236 0.6705882352941176 0.039705882352941174 0.04183006535947712
0 0.7738970588235294 0.8607843137254901 0.015441176470588236 0.07712418300653594
0 0.7529411764705882 0.5738562091503268 0.016176470588235292 0.06274509803921569
0 0.5709558823529411 0.492156862745098 0.011029411764705881 0.05620915032679738
3 0.5845588235294118 0.4483660130718954 0.045588235294117645 0.07058823529411765
0 0.6558823529411765 0.5209150326797385 0.011764705882352941 0.04836601307189542
0 0.6580882352941176 0.5104575163398692 0.010294117647058823 0.05620915032679738
2 0.8073529411764706 0.46993464052287576 0.016176470588235292 0.04836601307189542
2 0.7522058823529412 0.3810457516339869 0.010294117647058823 0.03529411764705882
9 0.7661764705882352 0.47973856209150323 0.016176470588235292 0.04444444444444444
9 0.7496323529411765 0.47581699346405226 0.0125 0.04444444444444444
9 0.6264705882352941 0.3150326797385621 0.020588235294117647 0.03137254901960784
3 0.6419117647058823 0.38954248366013067 0.07941176470588235 0.06013071895424836
3 0.6323529411764706 0.3555555555555555 0.06764705882352941 0.0522875816993464
9 0.6702205882352941 0.226797385620915 0.009558823529411765 0.03529411764705882
2 0.2985294117647059 0.7692810457516339 0.023529411764705882 0.06928104575163398
3 0.29816176470588235 0.6601307189542484 0.10073529411764706 0.13333333333333333
3 0.34852941176470587 0.5549019607843136 0.04264705882352941 0.10849673202614378
0 0.15661764705882353 0.7392156862745097 0.014705882352941176 0.05620915032679738
0 0.14595588235294119 0.7326797385620915 0.019852941176470587 0.0718954248366013
9 0.06691176470588235 0.7045751633986927 0.04264705882352941 0.04967320261437908
9 0.09080882352941176 0.6732026143790849 0.04044117647058824 0.065359477124183
3 0.175 0.5274509803921569 0.09117647058823529 0.10065359477124182
3 0.3669117647058823 0.2901960784313725 0.029411764705882353 0.06013071895424836
3 0.5481617647058823 0.30196078431372547 0.03455882352941177 0.04967320261437908
0 0.26580882352941176 0.19084967320261437 0.008088235294117646 0.03660130718954248
9 0.32169117647058826 0.20784313725490194 0.019852941176470587 0.02091503267973856
9 0.3136029411764706 0.1980392156862745 0.009558823529411765 0.03006535947712418
9 0.31433823529411764 0.21633986928104573 0.008088235294117646 0.03006535947712418
2 0.2639705882352941 0.15424836601307187 0.010294117647058823 0.023529411764705882
9 0.2727941176470588 0.12549019607843137 0.007352941176470588 0.02091503267973856
0 0.2863970588235294 0.10065359477124182 0.005147058823529412 0.0261437908496732
3 0.3680147058823529 0.18104575163398692 0.022794117647058822 0.04052287581699346
3 0.42058823529411765 0.07581699346405228 0.016176470588235292 0.02875816993464052
3 0.43161764705882355 0.2281045751633987 0.027941176470588233 0.058823529411764705
3 0.46544117647058825 0.20326797385620915 0.022058823529411763 0.04052287581699346
3 0.3503676470588235 0.14901960784313725 0.05220588235294118 0.03660130718954248
4 0.3680147058823529 0.11633986928104574 0.01838235294117647 0.04444444444444444
3 0.37573529411764706 0.1065359477124183 0.016176470588235292 0.0326797385620915
3 0.3069852941176471 0.0058823529411764705 0.013970588235294117 0.011764705882352941
3 0.36580882352941174 0.054901960784313725 0.02426470588235294 0.0261437908496732
4 0.37720588235294117 0.04052287581699346 0.011764705882352941 0.03398692810457516
3 0.39558823529411763 0.03202614379084967 0.020588235294117647 0.02483660130718954
9 0.3926470588235294 0.19999999999999998 0.007352941176470588 0.03398692810457516
1 0.39338235294117646 0.1941176470588235 0.007352941176470588 0.0326797385620915
6 0.65625 0.26078431372549016 0.013970588235294117 0.03006535947712418
0 0.6422794117647058 0.2594771241830065 0.008088235294117646 0.03790849673202614
0 0.63125 0.2568627450980392 0.009558823529411765 0.043137254901960784
2 0.6216911764705882 0.2856209150326797 0.013970588235294117 0.03006535947712418
3 0.5963235294117647 0.26274509803921564 0.058823529411764705 0.04183006535947712
3 0.58125 0.226797385620915 0.05955882352941176 0.04836601307189542
3 0.5893382352941177 0.1980392156862745 0.03602941176470588 0.0457516339869281
3 0.5301470588235294 0.24444444444444444 0.029411764705882353 0.047058823529411764
3 0.5209558823529412 0.21111111111111108 0.02426470588235294 0.03790849673202614
9 0.4948529411764706 0.28888888888888886 0.010294117647058823 0.03398692810457516
1 0.49558823529411766 0.28169934640522876 0.008823529411764706 0.03529411764705882
0 0.5117647058823529 0.09999999999999999 0.0058823529411764705 0.027450980392156862
2 0.5599264705882353 0.04836601307189542 0.008088235294117646 0.01568627450980392
3 0.5018382352941176 0.15098039215686274 0.022794117647058822 0.04052287581699346
3 0.49669117647058825 0.130718954248366 0.021323529411764706 0.03398692810457516
3 0.4875 0.0915032679738562 0.01911764705882353 0.02875816993464052
3 0.43676470588235294 0.03790849673202614 0.014705882352941176 0.023529411764705882
3 0.43124999999999997 0.00718954248366013 0.013970588235294117 0.01437908496732026
9 0.5110294117647058 0.07124183006535947 0.013235294117647059 0.01437908496732026
3 0.5036764705882353 0.056862745098039215 0.026470588235294117 0.027450980392156862
3 0.4764705882352941 0.05555555555555555 0.014705882352941176 0.02222222222222222
2 0.46691176470588236 0.07254901960784313 0.004411764705882353 0.0196078431372549
1 0.46654411764705883 0.0673202614379085 0.005147058823529412 0.02222222222222222
3 0.4985294117647059 0.02679738562091503 0.029411764705882353 0.02222222222222222
3 0.46875 0.02418300653594771 0.02426470588235294 0.02483660130718954
3 0.46249999999999997 0.03529411764705882 0.014705882352941176 0.023529411764705882
0 0.45073529411764707 0.03660130718954248 0.004411764705882353 0.02091503267973856
9 0.45294117647058824 0.06666666666666667 0.004411764705882353 0.02091503267973856
1 0.4525735294117647 0.06339869281045751 0.005147058823529412 0.02222222222222222
