3 0.6677083333333333 0.8583333333333334 0.058333333333333334 0.1277777777777778
3 0.534375 0.8314814814814815 0.04583333333333333 0.12222222222222223
3 0.5697916666666667 0.6907407407407408 0.0375 0.08518518518518518
3 0.5489583333333333 0.5296296296296297 0.03125 0.06296296296296297
3 0.49895833333333334 0.5092592592592593 0.027083333333333334 0.05555555555555556
3 0.4734375 0.3212962962962963 0.017708333333333333 0.03518518518518519
4 0.5052083333333334 0.3138888888888889 0.020833333333333332 0.03888888888888889
4 0.509375 0.2777777777777778 0.014583333333333334 0.037037037037037035
7 0.5234375 0.30185185185185187 0.013541666666666667 0.02962962962962963
0 0.2635416666666667 0.6240740740740741 0.0125 0.037037037037037035
6 0.165625 0.6805555555555556 0.029166666666666667 0.07222222222222223
6 0.12604166666666666 0.7944444444444445 0.0375 0.0925925925925926
0 0.1171875 0.9166666666666667 0.015625 0.05185185185185186
6 0.06875 0.9675925925925927 0.04375 0.06481481481481481
0 0.07604166666666666 0.9898148148148148 0.014583333333333334 0.020370370370370372
0 0.3234375 0.38981481481481484 0.007291666666666667 0.02777777777777778
0 0.3307291666666667 0.4046296296296297 0.007291666666666667 0.03518518518518519
6 0.36354166666666665 0.20277777777777778 0.010416666666666666 0.024074074074074074
3 0.3703125 0.17407407407407408 0.011458333333333333 0.022222222222222223
3 0.3703125 0.16111111111111112 0.009375 0.018518518518518517
0 0.3598958333333333 0.15833333333333333 0.005208333333333333 0.016666666666666666
0 0.3442708333333333 0.17962962962962964 0.003125 0.018518518518518517
0 0.010416666666666666 0.19814814814814816 0.00625 0.022222222222222223
3 0.40520833333333334 0.1388888888888889 0.008333333333333333 0.018518518518518517
3 0.3921875 0.11481481481481481 0.007291666666666667 0.014814814814814815
3 0.40520833333333334 0.11574074074074074 0.008333333333333333 0.016666666666666666
3 0.41822916666666665 0.10740740740740741 0.015625 0.011111111111111112
3 0.434375 0.11296296296296297 0.014583333333333334 0.014814814814814815
3 0.44947916666666665 0.16296296296296298 0.009375 0.018518518518518517
3 0.4473958333333333 0.13703703703703704 0.009375 0.014814814814814815
3 0.465625 0.15462962962962964 0.010416666666666666 0.016666666666666666
3 0.4630208333333333 0.14166666666666666 0.009375 0.012962962962962964
3 0.459375 0.12962962962962962 0.008333333333333333 0.014814814814814815
3 0.4458333333333333 0.1277777777777778 0.008333333333333333 0.011111111111111112
3 0.44427083333333334 0.11944444444444445 0.007291666666666667 0.012962962962962964
5 0.4614583333333333 0.11666666666666667 0.008333333333333333 0.018518518518518517
0 0.38177083333333334 0.11944444444444445 0.003125 0.012962962962962964
3 0.4515625 0.10277777777777779 0.009375 0.012962962962962964
0 0.16458333333333333 0.16944444444444445 0.00625 0.020370370370370372
