0 0.4395833333333333 0.32731481481481484 0.005208333333333333 0.028703703703703703
0 0.5869791666666666 0.6175925925925926 0.009375 0.04814814814814815
9 0.5515625 0.6972222222222223 0.03333333333333333 0.031481481481481485
9 0.4692708333333333 0.8273148148148148 0.036458333333333336 0.036111111111111115
0 0.45598958333333334 0.42129629629629634 0.0067708333333333336 0.037037037037037035
9 0.5653645833333333 0.9680555555555556 0.0453125 0.062037037037037036
9 0.5567708333333333 0.9328703703703705 0.04583333333333333 0.05277777777777778
9 0.55859375 0.9166666666666667 0.033854166666666664 0.03518518518518519
9 0.5611979166666666 0.8597222222222223 0.028645833333333332 0.030555555555555558
9 0.55546875 0.8768518518518519 0.0453125 0.0462962962962963
7 0.6278645833333333 0.8569444444444445 0.04010416666666666 0.14537037037037037
9 0.4125 0.9805555555555556 0.016666666666666666 0.03888888888888889
0 0.44609375 0.6995370370370371 0.011979166666666666 0.05648148148148149
0 0.3463541666666667 0.6907407407407408 0.011458333333333333 0.053703703703703705
0 0.43906249999999997 0.587962962962963 0.008333333333333333 0.05185185185185186
0 0.4453125 0.5648148148148149 0.008333333333333333 0.0462962962962963
9 0.4471354166666667 0.9837962962962963 0.03697916666666667 0.032407407407407406
7 0.4466145833333333 0.9560185185185186 0.043229166666666666 0.06944444444444445
9 0.46067708333333335 0.9523148148148148 0.0390625 0.049074074074074076
7 0.45703125 0.9199074074074074 0.0484375 0.04722222222222222
0 0.45390625 0.7092592592592593 0.009895833333333333 0.040740740740740744
0 0.26953125 0.9652777777777778 0.018229166666666668 0.06759259259259259
0 0.23124999999999998 0.9185185185185185 0.014583333333333334 0.061111111111111116
2 0.24088541666666666 0.9319444444444445 0.018229166666666668 0.06574074074074074
9 0.32526041666666666 0.6486111111111111 0.0140625 0.04537037037037037
1 0.3263020833333333 0.6351851851851852 0.0109375 0.044444444444444446
7 0.30546875 0.5902777777777778 0.028645833333333332 0.04722222222222222
3 0.36875 0.6268518518518519 0.036458333333333336 0.06666666666666667
7 0.3880208333333333 0.5685185185185185 0.014583333333333334 0.05925925925925926
7 0.39921875 0.5060185185185185 0.015104166666666667 0.05092592592592593
0 0.39140625 0.4828703703703704 0.008854166666666666 0.04351851851851852
0 0.46249999999999997 0.42129629629629634 0.007291666666666667 0.031481481481481485
0 0.4630208333333333 0.4328703703703704 0.00625 0.032407407407407406
9 0.35494791666666664 0.576388888888889 0.011979166666666666 0.03796296296296296
1 0.3546875 0.5657407407407408 0.0125 0.03888888888888889
1 0.34739583333333335 0.5055555555555555 0.00625 0.022222222222222223
0 0.35911458333333335 0.5199074074074074 0.0078125 0.03796296296296296
0 0.3528645833333333 0.5226851851851853 0.0067708333333333336 0.03425925925925926
9 0.33697916666666666 0.45833333333333337 0.021875 0.02592592592592593
0 0.48046875 0.33425925925925926 0.005729166666666666 0.02962962962962963
0 0.496875 0.3425925925925926 0.005208333333333333 0.024074074074074074
0 0.49635416666666665 0.34861111111111115 0.007291666666666667 0.026851851851851852
3 0.47890625 0.22870370370370371 0.03802083333333333 0.024074074074074074
3 0.5182291666666666 0.22870370370370371 0.026041666666666668 0.024074074074074074
0 0.42213541666666665 0.25833333333333336 0.005729166666666666 0.02592592592592593
7 0.4145833333333333 0.3236111111111111 0.010416666666666666 0.03425925925925926
1 0.4153645833333333 0.3226851851851852 0.0078125 0.017592592592592594
0 0.3125 0.24537037037037038 0.005208333333333333 0.024074074074074074
9 0.40572916666666664 0.2569444444444445 0.0125 0.021296296296296296
1 0.40598958333333335 0.2537037037037037 0.005729166666666666 0.022222222222222223
9 0.04635416666666667 0.5648148148148149 0.020833333333333332 0.03888888888888889
1 0.044270833333333336 0.5597222222222222 0.014583333333333334 0.03425925925925926
3 0.01796875 0.5402777777777777 0.0359375 0.058333333333333334
3 0.034895833333333334 0.48564814814814816 0.051041666666666666 0.058333333333333334
7 0.12760416666666666 0.3736111111111111 0.025 0.04722222222222222
5 0.2643229166666667 0.17824074074074076 0.015104166666666667 0.03796296296296296
6 0.044270833333333336 0.32175925925925924 0.030208333333333334 0.02314814814814815
7 0.04401041666666666 0.30694444444444446 0.03177083333333333 0.025
0 0.011458333333333333 0.20416666666666666 0.005208333333333333 0.019444444444444445
3 0.048177083333333336 0.25833333333333336 0.0453125 0.02962962962962963
8 0.04192708333333333 0.22731481481481483 0.07760416666666667 0.05092592592592593
7 0.05416666666666667 0.3550925925925926 0.03125 0.04537037037037037
7 0.07942708333333333 0.3180555555555556 0.019270833333333334 0.036111111111111115
7 0.08229166666666667 0.35879629629629634 0.01875 0.049074074074074076
0 0.07630208333333333 0.3773148148148148 0.005729166666666666 0.032407407407407406
0 0.07473958333333333 0.3856481481481482 0.0109375 0.03425925925925926
0 0.07135416666666666 0.38472222222222224 0.008333333333333333 0.026851851851851852
6 0.17109375 0.300462962962963 0.0109375 0.019444444444444445
1 0.16848958333333333 0.2935185185185185 0.0078125 0.022222222222222223
3 0.18151041666666667 0.23287037037037037 0.0359375 0.028703703703703703
3 0.18203125 0.33240740740740743 0.021354166666666667 0.040740740740740744
7 0.19765625 0.3106481481481482 0.0171875 0.036111111111111115
9 0.25364583333333335 0.2199074074074074 0.013541666666666667 0.015740740740740743
1 0.2526041666666667 0.21666666666666667 0.007291666666666667 0.018518518518518517
3 0.22708333333333333 0.24027777777777778 0.034375 0.028703703703703703
7 0.26666666666666666 0.24305555555555555 0.01875 0.030555555555555558
3 0.28203125 0.26481481481481484 0.0171875 0.03518518518518519
9 0.20598958333333334 0.26481481481481484 0.0140625 0.016666666666666666
1 0.20520833333333333 0.2611111111111111 0.008333333333333333 0.024074074074074074
9 0.22213541666666667 0.2837962962962963 0.008854166666666666 0.019444444444444445
1 0.22369791666666666 0.28194444444444444 0.005729166666666666 0.015740740740740743
1 0.22239583333333332 0.2800925925925926 0.00625 0.02314814814814815
1 0.23411458333333332 0.2939814814814815 0.0067708333333333336 0.015740740740740743
1 0.23645833333333333 0.29074074074074074 0.004166666666666667 0.020370370370370372
7 0.2359375 0.2898148148148148 0.011458333333333333 0.03518518518518519
1 0.24557291666666667 0.30648148148148147 0.0067708333333333336 0.024074074074074074
9 0.24557291666666667 0.3138888888888889 0.008854166666666666 0.018518518518518517
7 0.3111979166666667 0.1824074074074074 0.008854166666666666 0.022222222222222223
1 0.3111979166666667 0.18333333333333335 0.005729166666666666 0.012962962962962964
1 0.3125 0.1814814814814815 0.004166666666666667 0.014814814814814815
9 0.56171875 0.8319444444444445 0.0328125 0.028703703703703703
7 0.5609375 0.8106481481481482 0.036458333333333336 0.05092592592592593
9 0.5533854166666666 0.7865740740740741 0.04114583333333333 0.04351851851851852
9 0.5546875 0.7685185185185186 0.041666666666666664 0.0462962962962963
7 0.5557291666666666 0.7444444444444445 0.03333333333333333 0.04814814814814815
