3 0.2591145833333333 0.9680555555555556 0.06510416666666667 0.0638888888888889
3 0.35963541666666665 0.950925925925926 0.05364583333333333 0.07777777777777778
3 0.41822916666666665 0.8615740740740742 0.05416666666666667 0.058333333333333334
4 0.1265625 0.7722222222222223 0.059375 0.07037037037037037
3 0.15130208333333334 0.7023148148148148 0.0515625 0.05648148148148149
2 0.03229166666666666 0.6157407407407408 0.022916666666666665 0.022222222222222223
1 0.20052083333333334 0.6162037037037037 0.008333333333333333 0.019444444444444445
9 0.20182291666666666 0.6217592592592592 0.019270833333333334 0.019444444444444445
4 0.036458333333333336 0.513888888888889 0.04791666666666666 0.06296296296296297
3 0.06692708333333333 0.5574074074074075 0.0265625 0.061111111111111116
3 0.09635416666666667 0.5509259259259259 0.026041666666666668 0.061111111111111116
4 0.125 0.5347222222222222 0.026041666666666668 0.062037037037037036
4 0.15598958333333332 0.5152777777777778 0.024479166666666666 0.06018518518518519
3 0.18411458333333333 0.5106481481481482 0.0265625 0.06018518518518519
3 0.20807291666666666 0.49953703703703706 0.0265625 0.06018518518518519
3 0.2328125 0.4898148148148148 0.025 0.05925925925925926
3 0.02786458333333333 0.4300925925925926 0.025520833333333333 0.062037037037037036
4 0.2721354166666667 0.7768518518518519 0.0640625 0.07962962962962963
3 0.2908854166666667 0.6226851851851852 0.04739583333333333 0.05092592592592593
1 0.2565104166666667 0.5708333333333333 0.0078125 0.017592592592592594
2 0.25703125 0.5768518518518518 0.015104166666666667 0.018518518518518517
3 0.3458333333333333 0.7375 0.051041666666666666 0.05648148148148149
3 0.4080729166666667 0.7069444444444445 0.0484375 0.05462962962962963
3 0.46640624999999997 0.6699074074074074 0.04635416666666667 0.05092592592592593
4 0.4302083333333333 0.7791666666666667 0.041666666666666664 0.05092592592592593
3 0.42343749999999997 0.5523148148148148 0.040625 0.04351851851851852
3 0.4471354166666667 0.5833333333333334 0.04739583333333333 0.04814814814814815
4 0.4796875 0.45925925925925926 0.036458333333333336 0.0462962962962963
4 0.5197916666666667 0.44027777777777777 0.034375 0.036111111111111115
4 0.5184895833333333 0.4953703703703704 0.03697916666666667 0.040740740740740744
4 0.5440104166666666 0.524537037037037 0.0359375 0.04351851851851852
3 0.5190104166666667 0.6324074074074074 0.04739583333333333 0.053703703703703705
8 0.5942708333333333 0.5694444444444444 0.11458333333333333 0.12592592592592594
4 0.5947916666666666 0.5337962962962963 0.04375 0.04722222222222222
4 0.5690104166666666 0.4152777777777778 0.04010416666666666 0.04537037037037037
3 0.6088541666666667 0.39490740740740743 0.0375 0.03796296296296296
4 0.6354166666666666 0.47222222222222227 0.03958333333333333 0.044444444444444446
3 0.6731770833333334 0.5185185185185185 0.0421875 0.04814814814814815
3 0.7213541666666666 0.4847222222222222 0.03854166666666667 0.04351851851851852
8 0.7828125 0.4287037037037037 0.08645833333333333 0.09074074074074075
3 0.6684895833333333 0.3189814814814815 0.0359375 0.04537037037037037
3 0.7158854166666666 0.35324074074074074 0.034895833333333334 0.030555555555555558
4 0.75234375 0.32407407407407407 0.030729166666666665 0.03518518518518519
3 0.76015625 0.3578703703703704 0.03697916666666667 0.03425925925925926
3 0.7854166666666667 0.3055555555555556 0.03333333333333333 0.03518518518518519
3 0.7994791666666666 0.3402777777777778 0.03854166666666667 0.03425925925925926
3 0.8174479166666666 0.362962962962963 0.03177083333333333 0.03888888888888889
4 0.83984375 0.40740740740740744 0.034895833333333334 0.044444444444444446
3 0.8200520833333333 0.2902777777777778 0.034895833333333334 0.036111111111111115
3 0.8494791666666667 0.2726851851851852 0.03333333333333333 0.03425925925925926
3 0.88046875 0.2555555555555556 0.030729166666666665 0.03333333333333333
4 0.865625 0.33194444444444443 0.03333333333333333 0.04166666666666667
4 0.88125 0.29074074074074074 0.030208333333333334 0.037037037037037035
4 0.9161458333333333 0.3523148148148148 0.036458333333333336 0.04351851851851852
4 0.92421875 0.3138888888888889 0.0296875 0.03888888888888889
4 0.9536458333333333 0.33287037037037037 0.03333333333333333 0.036111111111111115
3 0.9601562499999999 0.28425925925925927 0.03177083333333333 0.03333333333333333
4 0.9088541666666666 0.23935185185185187 0.028125 0.03425925925925926
3 0.9354166666666667 0.22685185185185186 0.029166666666666667 0.031481481481481485
3 0.9625 0.2138888888888889 0.029166666666666667 0.02962962962962963
4 0.98828125 0.19814814814814816 0.0234375 0.031481481481481485
3 0.9924479166666667 0.23194444444444445 0.015104166666666667 0.030555555555555558
3 0.9807291666666667 0.30462962962962964 0.030208333333333334 0.04259259259259259
4 0.9028645833333333 0.4675925925925926 0.033854166666666664 0.03888888888888889
3 0.8533854166666667 0.4537037037037037 0.034895833333333334 0.037037037037037035
4 0.8541666666666666 0.5458333333333334 0.03854166666666667 0.04351851851851852
4 0.6463541666666667 0.6166666666666667 0.040625 0.05
4 0.5424479166666667 0.7453703703703703 0.049479166666666664 0.061111111111111116
4 0.6401041666666667 0.725 0.046875 0.05555555555555556
1 0.76015625 0.7333333333333334 0.008854166666666666 0.018518518518518517
2 0.7580729166666667 0.737037037037037 0.0140625 0.022222222222222223
3 0.5627604166666667 0.9310185185185186 0.05677083333333333 0.06574074074074074
3 0.6184895833333334 0.8875000000000001 0.04739583333333333 0.05462962962962963
2 0.5609375 0.9810185185185185 0.011458333333333333 0.03425925925925926
2 0.5528645833333333 0.987962962962963 0.0140625 0.024074074074074074
2 0.5450520833333333 0.9907407407407408 0.013020833333333334 0.018518518518518517
2 0.6072916666666667 0.9476851851851852 0.013541666666666667 0.028703703703703703
9 0.6252604166666667 0.9689814814814816 0.01614583333333333 0.015740740740740743
2 0.6145833333333334 0.9490740740740741 0.014583333333333334 0.031481481481481485
2 0.6197916666666666 0.9472222222222223 0.013541666666666667 0.031481481481481485
2 0.6231770833333333 0.9449074074074074 0.0140625 0.028703703703703703
2 0.63203125 0.9449074074074074 0.0171875 0.032407407407407406
2 0.6955729166666667 0.8833333333333334 0.0109375 0.03333333333333333
2 0.6880208333333333 0.888425925925926 0.0125 0.028703703703703703
9 0.7786458333333334 0.8638888888888889 0.016666666666666666 0.020370370370370372
9 0.8528645833333334 0.7967592592592593 0.009895833333333333 0.030555555555555558
2 0.9158854166666667 0.750925925925926 0.01614583333333333 0.024074074074074074
2 0.9424479166666666 0.7245370370370371 0.0078125 0.026851851851851852
2 0.9520833333333333 0.7226851851851852 0.015625 0.02314814814814815
2 0.9627604166666667 0.7143518518518519 0.013020833333333334 0.026851851851851852
4 0.93125 0.9712962962962963 0.053125 0.05740740740740741
4 0.9859375 0.9277777777777778 0.028125 0.07222222222222223
4 0.013020833333333334 0.737962962962963 0.026041666666666668 0.04814814814814815
3 0.025520833333333333 0.3763888888888889 0.03229166666666666 0.03981481481481482
4 0.053125 0.4185185185185185 0.025 0.053703703703703705
3 0.07786458333333333 0.40324074074074073 0.0234375 0.049074074074074076
3 0.08385416666666666 0.35324074074074074 0.042708333333333334 0.03981481481481482
4 0.10703125 0.3944444444444445 0.022395833333333334 0.05555555555555556
3 0.11302083333333333 0.3416666666666667 0.0375 0.03888888888888889
4 0.13255208333333332 0.3824074074074074 0.022395833333333334 0.044444444444444446
4 0.15546875 0.3791666666666667 0.021354166666666667 0.05092592592592593
4 0.18385416666666665 0.3689814814814815 0.025 0.05092592592592593
3 0.20703125 0.35370370370370374 0.0234375 0.05185185185185186
3 0.23072916666666665 0.34351851851851856 0.022916666666666665 0.053703703703703705
3 0.23723958333333334 0.29305555555555557 0.04010416666666666 0.03796296296296296
3 0.2520833333333333 0.3365740740740741 0.025 0.05277777777777778
4 0.2755208333333333 0.32592592592592595 0.022916666666666665 0.05
3 0.28411458333333334 0.28194444444444444 0.03802083333333333 0.032407407407407406
3 0.29661458333333335 0.31666666666666665 0.024479166666666666 0.053703703703703705
3 0.32057291666666665 0.3041666666666667 0.0265625 0.05092592592592593
4 0.33932291666666664 0.29953703703703705 0.024479166666666666 0.04722222222222222
4 0.35859375 0.29120370370370374 0.022395833333333334 0.04351851851851852
3 0.36666666666666664 0.2518518518518519 0.030208333333333334 0.02962962962962963
4 0.38203125 0.2800925925925926 0.025520833333333333 0.05092592592592593
3 0.40963541666666664 0.274537037037037 0.022395833333333334 0.04351851851851852
3 0.421875 0.3087962962962963 0.03333333333333333 0.03425925925925926
3 0.41822916666666665 0.22777777777777777 0.036458333333333336 0.03333333333333333
4 0.4575520833333333 0.2138888888888889 0.030729166666666665 0.031481481481481485
3 0.43072916666666666 0.2657407407407408 0.027083333333333334 0.04814814814814815
3 0.4552083333333333 0.25787037037037036 0.026041666666666668 0.04537037037037037
3 0.47239583333333335 0.24953703703703706 0.022916666666666665 0.04537037037037037
4 0.4903645833333333 0.2740740740740741 0.03177083333333333 0.04259259259259259
3 0.49192708333333335 0.23703703703703705 0.024479166666666666 0.040740740740740744
3 0.49296875 0.19768518518518519 0.030729166666666665 0.030555555555555558
4 0.5059895833333333 0.22824074074074074 0.0265625 0.04722222222222222
4 0.5221354166666666 0.2263888888888889 0.024479166666666666 0.04166666666666667
4 0.5380208333333333 0.18333333333333335 0.025 0.02592592592592593
4 0.56015625 0.1398148148148148 0.0234375 0.040740740740740744
4 0.57734375 0.19768518518518519 0.024479166666666666 0.04166666666666667
4 0.61015625 0.1875 0.0234375 0.03425925925925926
4 0.6333333333333333 0.17962962962962964 0.028125 0.05
4 0.6231770833333333 0.11851851851851852 0.0234375 0.031481481481481485
2 0.6419270833333334 0.10370370370370371 0.0067708333333333336 0.016666666666666666
3 0.6552083333333333 0.10925925925925926 0.02395833333333333 0.02962962962962963
3 0.6479166666666667 0.1726851851851852 0.025 0.03981481481481482
4 0.659375 0.20601851851851852 0.025 0.030555555555555558
4 0.6658854166666667 0.16805555555555557 0.0234375 0.03796296296296296
3 0.6794270833333333 0.16203703703703703 0.024479166666666666 0.037037037037037035
3 0.6940104166666666 0.1875 0.0296875 0.028703703703703703
3 0.67734375 0.10370370370370371 0.0171875 0.02962962962962963
4 0.69765625 0.09814814814814815 0.015104166666666667 0.02962962962962963
4 0.7158854166666666 0.08981481481481482 0.0171875 0.03518518518518519
3 0.6971354166666667 0.15462962962962964 0.0265625 0.040740740740740744
3 0.7119791666666666 0.15046296296296297 0.026041666666666668 0.03796296296296296
3 0.725 0.1425925925925926 0.025 0.037037037037037035
3 0.7377604166666667 0.13518518518518519 0.0265625 0.03333333333333333
3 0.7505208333333333 0.1287037037037037 0.02395833333333333 0.02962962962962963
4 0.7635416666666667 0.12361111111111112 0.02395833333333333 0.032407407407407406
3 0.7502604166666667 0.07685185185185185 0.0171875 0.02777777777777778
3 0.77578125 0.06574074074074074 0.015104166666666667 0.03518518518518519
3 0.7427083333333333 0.16805555555555557 0.029166666666666667 0.028703703703703703
3 0.7807291666666667 0.12175925925925926 0.025 0.030555555555555558
4 0.7864583333333334 0.1462962962962963 0.030208333333333334 0.03333333333333333
3 0.7911458333333333 0.11527777777777778 0.026041666666666668 0.036111111111111115
4 0.7963541666666667 0.055092592592592596 0.015625 0.030555555555555558
4 0.80625 0.10601851851851853 0.027083333333333334 0.03981481481481482
3 0.82109375 0.13703703703703704 0.028645833333333332 0.02777777777777778
3 0.8223958333333333 0.10277777777777779 0.025 0.031481481481481485
4 0.8213541666666666 0.0462962962962963 0.014583333333333334 0.03518518518518519
3 0.83203125 0.0976851851851852 0.0265625 0.030555555555555558
3 0.8455729166666667 0.09027777777777778 0.0265625 0.03425925925925926
4 0.83671875 0.04166666666666667 0.0140625 0.031481481481481485
3 0.8596354166666667 0.11990740740740741 0.027604166666666666 0.026851851851851852
3 0.8723958333333334 0.1398148148148148 0.028125 0.02592592592592593
4 0.8513020833333333 0.03518518518518519 0.0140625 0.031481481481481485
4 0.859375 0.08611111111111111 0.025 0.03518518518518519
4 0.86875 0.026851851851851852 0.015625 0.03333333333333333
3 0.8703124999999999 0.08194444444444444 0.025 0.03425925925925926
3 0.884375 0.07824074074074075 0.026041666666666668 0.03425925925925926
3 0.884375 0.022685185185185187 0.014583333333333334 0.028703703703703703
3 0.9026041666666667 0.018055555555555557 0.030208333333333334 0.02314814814814815
3 0.8971354166666666 0.07407407407407407 0.027604166666666666 0.03518518518518519
3 0.9075520833333334 0.06805555555555556 0.027604166666666666 0.030555555555555558
4 0.9184895833333333 0.011111111111111112 0.028645833333333332 0.022222222222222223
4 0.9411458333333333 0.05277777777777778 0.025 0.031481481481481485
3 0.93359375 0.008333333333333333 0.028645833333333332 0.016666666666666666
3 0.9609375 0.006481481481481482 0.021875 0.012962962962962964
4 0.95 0.046759259259259264 0.027083333333333334 0.028703703703703703
3 0.9645833333333333 0.04351851851851852 0.027083333333333334 0.02962962962962963
3 0.96875 0.07083333333333333 0.026041666666666668 0.025
3 0.9854166666666666 0.040740740740740744 0.029166666666666667 0.022222222222222223
3 0.9908854166666666 0.032407407407407406 0.018229166666666668 0.02777777777777778
3 0.99375 0.05462962962962963 0.0125 0.022222222222222223
4 0.2565104166666667 0.47731481481481486 0.024479166666666666 0.06018518518518519
3 0.2830729166666667 0.46620370370370373 0.025520833333333333 0.062037037037037036
4 0.30807291666666664 0.45231481481481484 0.0265625 0.06018518518518519
4 0.33098958333333334 0.4425925925925926 0.0265625 0.061111111111111116
3 0.35182291666666665 0.4412037037037037 0.025520833333333333 0.06018518518518519
3 0.37005208333333334 0.42685185185185187 0.025520833333333333 0.061111111111111116
4 0.3984375 0.40740740740740744 0.026041666666666668 0.05185185185185186
3 0.4192708333333333 0.40046296296296297 0.026041666666666668 0.05092592592592593
3 0.4401041666666667 0.39166666666666666 0.026041666666666668 0.05185185185185186
3 0.46171875 0.38101851851851853 0.0296875 0.05462962962962963
3 0.49192708333333335 0.3726851851851852 0.027604166666666666 0.05462962962962963
3 0.5096354166666667 0.35833333333333334 0.0265625 0.053703703703703705
3 0.5299479166666666 0.34444444444444444 0.027604166666666666 0.05740740740740741
3 0.5690104166666666 0.325 0.0296875 0.05
3 0.5903645833333333 0.3175925925925926 0.027604166666666666 0.04259259259259259
3 0.6046875 0.3041666666666667 0.029166666666666667 0.04351851851851852
0 0.6544270833333333 0.27314814814814814 0.0036458333333333334 0.022222222222222223
3 0.8260416666666667 0.20370370370370372 0.030208333333333334 0.037037037037037035
3 0.8395833333333333 0.19583333333333333 0.030208333333333334 0.036111111111111115
3 0.8122395833333333 0.21712962962962964 0.03177083333333333 0.03796296296296296
3 0.8002604166666667 0.22361111111111112 0.03177083333333333 0.03981481481481482
4 0.78515625 0.22546296296296298 0.025520833333333333 0.036111111111111115
0 0.7669270833333334 0.20694444444444446 0.005729166666666666 0.019444444444444445
3 0.865625 0.18425925925925926 0.029166666666666667 0.037037037037037035
3 0.8796875 0.17962962962962964 0.028125 0.03518518518518519
3 0.89296875 0.17592592592592593 0.025520833333333333 0.03518518518518519
4 0.9171874999999999 0.16342592592592592 0.029166666666666667 0.036111111111111115
3 0.9317708333333333 0.15601851851851853 0.029166666666666667 0.036111111111111115
3 0.9440104166666666 0.15 0.0296875 0.03333333333333333
3 0.9682291666666667 0.1375 0.03229166666666666 0.03425925925925926
4 0.010416666666666666 0.3055555555555556 0.020833333333333332 0.04259259259259259
4 0.03411458333333333 0.2972222222222222 0.022395833333333334 0.04814814814814815
4 0.07786458333333333 0.2837962962962963 0.019270833333333334 0.04166666666666667
4 0.10104166666666667 0.2740740740740741 0.020833333333333332 0.040740740740740744
4 0.08098958333333334 0.24212962962962964 0.04114583333333333 0.03981481481481482
0 0.04114583333333333 0.22685185185185186 0.008333333333333333 0.020370370370370372
0 0.06979166666666667 0.20092592592592592 0.007291666666666667 0.024074074074074074
0 0.07421875 0.20601851851851852 0.005729166666666666 0.025
4 0.0078125 0.18472222222222223 0.015625 0.04351851851851852
3 0.02578125 0.17592592592592593 0.018229166666666668 0.04259259259259259
4 0.04505208333333333 0.1712962962962963 0.019270833333333334 0.04259259259259259
4 0.065625 0.16944444444444445 0.016666666666666666 0.037037037037037035
4 0.08463541666666667 0.16296296296296298 0.018229166666666668 0.037037037037037035
3 0.01328125 0.11851851851851852 0.0265625 0.02777777777777778
3 0.05546875 0.14120370370370372 0.03697916666666667 0.026851851851851852
3 0.06614583333333333 0.10555555555555556 0.03229166666666666 0.02592592592592593
