3 0.02536764705882353 0.10065359477124182 0.05073529411764706 0.09934640522875816
4 0.059926470588235296 0.11895424836601307 0.04338235294117647 0.12287581699346405
3 0.12352941176470589 0.16666666666666666 0.07352941176470588 0.06928104575163398
3 0.14227941176470588 0.18888888888888888 0.05220588235294118 0.10065359477124182
3 0.19301470588235295 0.226797385620915 0.05220588235294118 0.10065359477124182
3 0.2551470588235294 0.27058823529411763 0.07647058823529412 0.12287581699346405
4 0.3397058823529412 0.30588235294117644 0.08235294117647059 0.08366013071895424
3 0.4088235294117647 0.35620915032679734 0.075 0.07973856209150326
0 0.19522058823529412 0.3222222222222222 0.019852941176470587 0.05620915032679738
0 0.21286764705882352 0.3130718954248366 0.0125 0.05359477124183006
1 0.2025735294117647 0.3150326797385621 0.009558823529411765 0.03398692810457516
2 0.21066176470588235 0.33464052287581697 0.03455882352941177 0.04444444444444444
0 0.24926470588235294 0.5954248366013072 0.020588235294117647 0.07712418300653594
1 0.3636029411764706 0.7549019607843137 0.025735294117647058 0.0718954248366013
9 0.3650735294117647 0.7679738562091503 0.04191176470588235 0.0849673202614379
4 0.44227941176470587 0.9006535947712417 0.11985294117647059 0.19869281045751633
3 0.15735294117647058 0.3941176470588235 0.09558823529411764 0.10065359477124182
3 0.059926470588235296 0.22614379084967318 0.06838235294117646 0.06797385620915032
9 0.013235294117647059 0.1718954248366013 0.020588235294117647 0.04052287581699346
1 0.5143382352941176 0.44313725490196076 0.01838235294117647 0.054901960784313725
9 0.5147058823529411 0.4620915032679738 0.03529411764705882 0.0457516339869281
3 0.5459558823529411 0.55359477124183 0.08897058823529412 0.14248366013071895
3 0.5672794117647059 0.7039215686274509 0.10220588235294117 0.18169934640522875
3 0.6702205882352941 0.32745098039215687 0.06691176470588235 0.10588235294117647
3 0.7790441176470588 0.22483660130718952 0.05367647058823529 0.1045751633986928
3 0.8360294117647059 0.1045751633986928 0.044117647058823525 0.08104575163398692
3 0.7106617647058824 0.4065359477124183 0.06838235294117646 0.12810457516339868
0 0.9661764705882353 0.9640522875816993 0.033823529411764704 0.06928104575163398
1 0.9496323529411764 0.7666666666666666 0.03308823529411765 0.05620915032679738
6 0.9591911764705883 0.7967320261437908 0.08161764705882353 0.1241830065359477
1 0.86875 0.6339869281045751 0.021323529411764706 0.06013071895424836
9 0.8672794117647059 0.6431372549019607 0.01838235294117647 0.065359477124183
0 0.9275735294117647 0.3908496732026144 0.019852941176470587 0.065359477124183
1 0.8573529411764705 0.48235294117647054 0.016176470588235292 0.04183006535947712
1 0.8632352941176471 0.4620915032679738 0.016176470588235292 0.0457516339869281
9 0.8610294117647058 0.4771241830065359 0.01911764705882353 0.06013071895424836
1 0.8933823529411764 0.22941176470588234 0.013235294117647059 0.03790849673202614
9 0.8897058823529411 0.24117647058823527 0.013235294117647059 0.04052287581699346
9 0.7702205882352942 0.07516339869281045 0.015441176470588236 0.03529411764705882
3 0.6113970588235293 0.9006535947712417 0.11691176470588235 0.19869281045751633
