8 0.3316176470588235 0.9019607843137254 0.09411764705882353 0.19607843137254902
3 0.5 0.9294117647058823 0.04852941176470588 0.13594771241830064
3 0.49558823529411766 0.7797385620915032 0.039705882352941174 0.10849673202614378
3 0.55 0.6777777777777777 0.033823529411764704 0.0849673202614379
3 0.4863970588235294 0.657516339869281 0.0375 0.0915032679738562
3 0.4452205882352941 0.5986928104575163 0.03455882352941177 0.0784313725490196
4 0.4514705882352941 0.5084967320261438 0.032352941176470584 0.06797385620915032
3 0.4919117647058823 0.5601307189542484 0.033823529411764704 0.07712418300653594
3 0.5294117647058824 0.5372549019607843 0.032352941176470584 0.07320261437908496
3 0.4849264705882353 0.46013071895424834 0.03308823529411765 0.06013071895424836
3 0.5172794117647058 0.43464052287581695 0.028676470588235293 0.05620915032679738
8 0.5176470588235293 0.3424836601307189 0.033823529411764704 0.11503267973856209
5 0.46286764705882355 0.32745098039215687 0.04191176470588235 0.17124183006535945
3 0.3676470588235294 0.3464052287581699 0.026470588235294117 0.0522875816993464
3 0.3830882352941176 0.28104575163398693 0.026470588235294117 0.04444444444444444
0 0.39852941176470585 0.28104575163398693 0.007352941176470588 0.03137254901960784
3 0.4301470588235294 0.25359477124183005 0.01764705882352941 0.0392156862745098
3 0.3849264705882353 0.16862745098039214 0.01838235294117647 0.0261437908496732
3 0.4488970588235294 0.1679738562091503 0.015441176470588236 0.0326797385620915
3 0.4224264705882353 0.11699346405228757 0.015441176470588236 0.0326797385620915
3 0.5036764705882353 0.18888888888888888 0.016176470588235292 0.03529411764705882
3 0.5316176470588235 0.23594771241830065 0.029411764705882353 0.03790849673202614
3 0.5327205882352941 0.18431372549019606 0.03308823529411765 0.0261437908496732
3 0.5389705882352941 0.16470588235294117 0.03529411764705882 0.0261437908496732
3 0.45330882352941176 0.14640522875816991 0.015441176470588236 0.02875816993464052
3 0.4514705882352941 0.12941176470588234 0.014705882352941176 0.0261437908496732
3 0.43970588235294117 0.12026143790849672 0.013235294117647059 0.0261437908496732
3 0.45992647058823527 0.11176470588235293 0.013970588235294117 0.027450980392156862
3 0.44816176470588237 0.09607843137254901 0.0125 0.02483660130718954
3 0.4915441176470588 0.10915032679738561 0.019852941176470587 0.02483660130718954
3 0.5290441176470588 0.1241830065359477 0.013970588235294117 0.0261437908496732
3 0.5169117647058823 0.10784313725490195 0.011764705882352941 0.02222222222222222
3 0.5272058823529412 0.09803921568627451 0.013235294117647059 0.023529411764705882
3 0.5602941176470588 0.14901960784313725 0.029411764705882353 0.02091503267973856
3 0.5606617647058824 0.13790849673202613 0.028676470588235293 0.02222222222222222
3 0.5643382352941176 0.11437908496732026 0.030147058823529412 0.02222222222222222
3 0.5669117647058823 0.10784313725490195 0.029411764705882353 0.02222222222222222
3 0.5595588235294118 0.09346405228758169 0.025 0.02222222222222222
4 0.5584558823529412 0.08039215686274509 0.028676470588235293 0.02483660130718954
3 0.600735294117647 0.06862745098039215 0.026470588235294117 0.02222222222222222
3 0.8360294117647059 0.3856209150326797 0.041176470588235294 0.05751633986928104
3 0.7805147058823529 0.28823529411764703 0.03455882352941177 0.0457516339869281
3 0.8290441176470588 0.24444444444444444 0.0375 0.04444444444444444
3 0.8801470588235294 0.3379084967320261 0.039705882352941174 0.04836601307189542
3 0.8613970588235293 0.296078431372549 0.03897058823529412 0.0457516339869281
3 0.8856617647058823 0.296078431372549 0.03897058823529412 0.03790849673202614
3 0.9029411764705882 0.3333333333333333 0.04264705882352941 0.047058823529411764
3 0.9128676470588235 0.2973856209150327 0.04191176470588235 0.03529411764705882
3 0.9360294117647059 0.29673202614379085 0.04264705882352941 0.03660130718954248
3 0.9610294117647059 0.292156862745098 0.03676470588235294 0.0457516339869281
3 0.9639705882352941 0.33921568627450976 0.04264705882352941 0.050980392156862744
3 0.9801470588235294 0.33464052287581697 0.039705882352941174 0.047058823529411764
3 0.9830882352941176 0.4888888888888889 0.033823529411764704 0.0784313725490196
3 0.8852941176470588 0.23856209150326796 0.033823529411764704 0.043137254901960784
3 0.9602941176470589 0.14836601307189543 0.022058823529411763 0.027450980392156862
3 0.9455882352941176 0.1477124183006536 0.023529411764705882 0.03137254901960784
3 0.91875 0.14967320261437908 0.02426470588235294 0.027450980392156862
3 0.9003676470588236 0.15098039215686274 0.02426470588235294 0.02483660130718954
3 0.8830882352941176 0.15163398692810456 0.020588235294117647 0.023529411764705882
3 0.8672794117647059 0.15098039215686274 0.02426470588235294 0.03006535947712418
3 0.8488970588235294 0.1522875816993464 0.025735294117647058 0.027450980392156862
3 0.8183823529411764 0.1522875816993464 0.025 0.0326797385620915
3 0.7992647058823529 0.15555555555555556 0.025 0.02875816993464052
3 0.7830882352941176 0.15555555555555556 0.026470588235294117 0.02875816993464052
3 0.7636029411764705 0.15620915032679739 0.02426470588235294 0.027450980392156862
3 0.7463235294117647 0.15751633986928104 0.025 0.027450980392156862
3 0.7323529411764705 0.15620915032679739 0.01764705882352941 0.027450980392156862
5 0.7838235294117647 0.10980392156862745 0.023529411764705882 0.047058823529411764
0 0.1698529411764706 0.6490196078431372 0.013235294117647059 0.043137254901960784
1 0.42058823529411765 0.1830065359477124 0.0058823529411764705 0.0261437908496732
2 0.4202205882352941 0.18692810457516337 0.005147058823529412 0.023529411764705882
3 0.18566176470588236 0.05816993464052287 0.015441176470588236 0.0196078431372549
3 0.45955882352941174 0.06797385620915032 0.011764705882352941 0.02091503267973856
3 0.5158088235294117 0.050980392156862744 0.009558823529411765 0.01568627450980392
3 0.5544117647058824 0.07058823529411765 0.026470588235294117 0.01830065359477124
3 0.5522058823529412 0.058823529411764705 0.026470588235294117 0.01830065359477124
3 0.5496323529411765 0.04967320261437908 0.022794117647058822 0.01568627450980392
3 0.49338235294117644 0.04183006535947712 0.010294117647058823 0.01568627450980392
3 0.47830882352941173 0.045098039215686274 0.011029411764705881 0.01699346405228758
3 0.4588235294117647 0.03660130718954248 0.010294117647058823 0.02091503267973856
3 0.4827205882352941 0.01568627450980392 0.009558823529411765 0.01568627450980392
3 0.5136029411764705 0.01895424836601307 0.009558823529411765 0.01437908496732026
4 0.5011029411764706 0.01895424836601307 0.013970588235294117 0.0196078431372549
3 0.5452205882352941 0.03725490196078431 0.021323529411764706 0.01437908496732026
3 0.5441176470588235 0.03333333333333333 0.020588235294117647 0.01699346405228758
3 0.5827205882352942 0.02026143790849673 0.021323529411764706 0.01437908496732026
3 0.5360294117647059 0.01699346405228758 0.020588235294117647 0.01568627450980392
3 0.5375 0.02091503267973856 0.01911764705882353 0.0130718954248366
4 0.5356617647058823 0.011764705882352941 0.021323529411764706 0.01830065359477124
4 0.5735294117647058 0.00522875816993464 0.01911764705882353 0.01045751633986928
0 0.7180147058823529 0.18692810457516337 0.005147058823529412 0.02091503267973856
0 0.71875 0.17973856209150327 0.005147058823529412 0.0196078431372549
1 0.47904411764705884 0.06862745098039215 0.005147058823529412 0.01437908496732026
9 0.4786764705882353 0.07254901960784313 0.0058823529411764705 0.01699346405228758
1 0.5036764705882353 0.07973856209150326 0.004411764705882353 0.0130718954248366
9 0.5036764705882353 0.08366013071895424 0.004411764705882353 0.01568627450980392
1 0.43529411764705883 0.10326797385620914 0.0058823529411764705 0.01568627450980392
