3 0.5713235294117647 0.9411764705882353 0.061764705882352944 0.11764705882352941
3 0.4849264705882353 0.9352941176470587 0.06102941176470588 0.12941176470588234
5 0.5801470588235293 0.7784313725490195 0.05 0.1503267973856209
3 0.48051470588235295 0.7058823529411764 0.04779411764705882 0.12549019607843137
3 0.4102941176470588 0.761437908496732 0.045588235294117645 0.1241830065359477
3 0.5830882352941177 0.6424836601307189 0.044117647058823525 0.10588235294117647
3 0.55625 0.5398692810457516 0.03602941176470588 0.08888888888888888
3 0.4801470588235294 0.5464052287581699 0.039705882352941174 0.08888888888888888
3 0.4073529411764706 0.5509803921568627 0.045588235294117645 0.09281045751633986
3 0.3558823529411765 0.4411764705882353 0.03676470588235294 0.06928104575163398
3 0.5724264705882353 0.4013071895424836 0.028676470588235293 0.0522875816993464
4 0.5356617647058823 0.43660130718954243 0.03455882352941177 0.08627450980392157
3 0.48933823529411763 0.4411764705882353 0.0375 0.07712418300653594
3 0.5459558823529411 0.3379084967320261 0.025735294117647058 0.05359477124183006
3 0.49558823529411766 0.3633986928104575 0.030882352941176472 0.06013071895424836
8 0.42867647058823527 0.418954248366013 0.060294117647058824 0.16339869281045752
0 0.46691176470588236 0.39738562091503266 0.007352941176470588 0.04444444444444444
8 0.4154411764705882 0.3052287581699346 0.05 0.11372549019607843
3 0.5426470588235294 0.2803921568627451 0.025 0.0457516339869281
3 0.5029411764705882 0.28431372549019607 0.022058823529411763 0.0457516339869281
3 0.4724264705882353 0.2856209150326797 0.027205882352941177 0.0457516339869281
3 0.5455882352941176 0.2333333333333333 0.023529411764705882 0.04052287581699346
4 0.5095588235294117 0.23006535947712417 0.025 0.054901960784313725
3 0.4786764705882353 0.24967320261437906 0.01911764705882353 0.0392156862745098
3 0.5422794117647058 0.19673202614379084 0.019852941176470587 0.03529411764705882
3 0.5165441176470588 0.18104575163398692 0.01838235294117647 0.03006535947712418
4 0.4944852941176471 0.1790849673202614 0.013970588235294117 0.02875816993464052
3 0.48419117647058824 0.21437908496732025 0.016911764705882352 0.03398692810457516
3 0.41360294117647056 0.1568627450980392 0.021323529411764706 0.03398692810457516
3 0.40661764705882353 0.09215686274509803 0.014705882352941176 0.02222222222222222
3 0.34705882352941175 0.10196078431372549 0.01764705882352941 0.02875816993464052
3 0.1963235294117647 0.22549019607843135 0.029411764705882353 0.04052287581699346
3 0.10551470588235294 0.3091503267973856 0.03897058823529412 0.05359477124183006
4 0.025735294117647058 0.861437908496732 0.051470588235294115 0.2065359477124183
5 0.3110294117647059 0.02418300653594771 0.020588235294117647 0.04836601307189542
8 0.4753676470588235 0.1568627450980392 0.04485294117647059 0.07581699346405228
3 0.5477941176470588 0.17320261437908496 0.01764705882352941 0.0326797385620915
3 0.5117647058823529 0.1588235294117647 0.014705882352941176 0.02483660130718954
5 0.5514705882352942 0.13137254901960782 0.023529411764705882 0.05359477124183006
3 0.5352941176470588 0.12679738562091503 0.013235294117647059 0.0261437908496732
3 0.5117647058823529 0.13333333333333333 0.013235294117647059 0.023529411764705882
3 0.5150735294117647 0.11699346405228757 0.011029411764705881 0.027450980392156862
3 0.4985294117647059 0.10392156862745097 0.013235294117647059 0.0196078431372549
3 0.5235294117647059 0.09999999999999999 0.011764705882352941 0.02222222222222222
3 0.5485294117647058 0.09542483660130718 0.011764705882352941 0.02091503267973856
3 0.5286764705882353 0.09019607843137255 0.010294117647058823 0.02091503267973856
3 0.5003676470588235 0.0849673202614379 0.0125 0.02091503267973856
3 0.4988970588235294 0.07254901960784313 0.0125 0.0196078431372549
3 0.5404411764705882 0.07647058823529411 0.011764705882352941 0.0196078431372549
3 0.5183823529411765 0.0718954248366013 0.011764705882352941 0.02091503267973856
8 0.5139705882352941 0.04771241830065359 0.023529411764705882 0.050980392156862744
5 0.5356617647058823 0.03529411764705882 0.022794117647058822 0.0522875816993464
3 0.5363970588235294 0.06405228758169934 0.011029411764705881 0.02091503267973856
3 0.8095588235294118 0.01241830065359477 0.025 0.0196078431372549
3 0.7797794117647059 0.025490196078431372 0.025735294117647058 0.0196078431372549
3 0.7169117647058824 0.021568627450980392 0.026470588235294117 0.02222222222222222
3 0.7591911764705882 0.0058823529411764705 0.027205882352941177 0.011764705882352941
3 0.7680147058823529 0.0196078431372549 0.022794117647058822 0.0130718954248366
3 0.7617647058823529 0.013725490196078431 0.020588235294117647 0.011764705882352941
3 0.7022058823529411 0.00915032679738562 0.026470588235294117 0.01830065359477124
3 0.8772058823529412 0.00784313725490196 0.025 0.0130718954248366
