0 0.8801470588235294 0.9084967320261438 0.01764705882352941 0.05751633986928104
0 0.8470588235294118 0.837908496732026 0.016176470588235292 0.0522875816993464
3 0.5797794117647058 0.8333333333333333 0.04338235294117647 0.15294117647058822
3 0.43823529411764706 0.8130718954248366 0.044117647058823525 0.14640522875816991
4 0.42867647058823527 0.9581699346405228 0.041176470588235294 0.08366013071895424
9 0.33308823529411763 0.7104575163398692 0.013235294117647059 0.050980392156862744
2 0.3628676470588235 0.7732026143790849 0.027205882352941177 0.043137254901960784
9 0.3845588235294118 0.7503267973856209 0.033823529411764704 0.03137254901960784
9 0.38823529411764707 0.6862745098039216 0.032352941176470584 0.03398692810457516
0 0.35 0.5137254901960784 0.011764705882352941 0.0261437908496732
0 0.9595588235294118 0.5915032679738562 0.01764705882352941 0.050980392156862744
1 0.9764705882352941 0.6026143790849673 0.01764705882352941 0.0392156862745098
0 0.47904411764705884 0.6620915032679738 0.008088235294117646 0.0457516339869281
0 0.4985294117647059 0.645751633986928 0.013235294117647059 0.04183006535947712
0 0.5102941176470588 0.649673202614379 0.007352941176470588 0.047058823529411764
3 0.5007352941176471 0.7222222222222222 0.045588235294117645 0.12941176470588234
3 0.4963235294117647 0.5209150326797385 0.033823529411764704 0.10065359477124182
3 0.4547794117647059 0.5222222222222221 0.03308823529411765 0.09542483660130718
3 0.46544117647058825 0.43660130718954243 0.03529411764705882 0.0915032679738562
3 0.45955882352941174 0.35947712418300654 0.05 0.08104575163398692
9 0.40808823529411764 0.19869281045751633 0.007352941176470588 0.0261437908496732
1 0.4183823529411765 0.09869281045751634 0.007352941176470588 0.02222222222222222
3 0.42977941176470585 0.01895424836601307 0.04044117647058824 0.03006535947712418
3 0.43786764705882353 0.01111111111111111 0.03308823529411765 0.02222222222222222
3 0.46948529411764706 0.2803921568627451 0.02426470588235294 0.06666666666666667
4 0.4768382352941176 0.22352941176470587 0.02426470588235294 0.06797385620915032
3 0.4742647058823529 0.16666666666666666 0.023529411764705882 0.05620915032679738
3 0.4764705882352941 0.12026143790849672 0.020588235294117647 0.047058823529411764
3 0.48161764705882354 0.08627450980392157 0.01764705882352941 0.04444444444444444
3 0.48051470588235295 0.04444444444444444 0.019852941176470587 0.04444444444444444
4 0.5220588235294118 0.09215686274509803 0.01911764705882353 0.04052287581699346
9 0.5308823529411765 0.03986928104575163 0.004411764705882353 0.02222222222222222
1 0.5305147058823529 0.03464052287581699 0.005147058823529412 0.0196078431372549
9 0.8466911764705882 0.5464052287581699 0.030147058823529412 0.0392156862745098
9 0.8404411764705882 0.5052287581699346 0.030882352941176472 0.03790849673202614
9 0.836764705882353 0.4810457516339869 0.026470588235294117 0.03660130718954248
3 0.7275735294117647 0.44509803921568625 0.04191176470588235 0.07712418300653594
3 0.6915441176470588 0.29673202614379085 0.028676470588235293 0.054901960784313725
3 0.70625 0.357516339869281 0.03308823529411765 0.06143790849673202
3 0.6349264705882353 0.13660130718954247 0.019852941176470587 0.04052287581699346
3 0.680514705882353 0.2392156862745098 0.025735294117647058 0.047058823529411764
3 0.6669117647058823 0.17973856209150327 0.023529411764705882 0.04052287581699346
0 0.6102941176470588 0.00915032679738562 0.007352941176470588 0.01830065359477124
3 0.6330882352941176 0.03790849673202614 0.020588235294117647 0.03137254901960784
3 0.6408088235294117 0.06339869281045751 0.016911764705882352 0.03006535947712418
3 0.6481617647058824 0.09869281045751634 0.016911764705882352 0.0326797385620915
3 0.9433823529411764 0.42483660130718953 0.05 0.03660130718954248
3 0.9246323529411764 0.3915032679738562 0.05514705882352941 0.0457516339869281
3 0.9077205882352941 0.35686274509803917 0.05367647058823529 0.0522875816993464
3 0.8805147058823529 0.3006535947712418 0.05367647058823529 0.047058823529411764
3 0.8577205882352941 0.24640522875816992 0.05955882352941176 0.04836601307189542
3 0.8330882352941177 0.19215686274509802 0.051470588235294115 0.0392156862745098
3 0.825735294117647 0.16666666666666666 0.05 0.03790849673202614
3 0.8106617647058824 0.14705882352941174 0.04338235294117647 0.03790849673202614
3 0.9772058823529411 0.18562091503267972 0.03676470588235294 0.05751633986928104
3 0.9764705882352941 0.0718954248366013 0.032352941176470584 0.04183006535947712
3 0.8875 0.0738562091503268 0.026470588235294117 0.04052287581699346
3 0.9158088235294117 0.06862745098039215 0.030147058823529412 0.04052287581699346
3 0.8672794117647059 0.07320261437908496 0.028676470588235293 0.03660130718954248
