3 0.31796875 0.9731481481481482 0.2203125 0.053703703703703705
2 0.05286458333333333 0.8314814814814815 0.05572916666666666 0.12592592592592594
3 0.22786458333333334 0.6759259259259259 0.0984375 0.1388888888888889
7 0.3109375 0.6092592592592593 0.030208333333333334 0.09814814814814815
1 0.36822916666666666 0.5875 0.011458333333333333 0.049074074074074076
2 0.36875 0.6018518518518519 0.013541666666666667 0.040740740740740744
8 0.41510416666666666 0.525 0.07604166666666666 0.0462962962962963
5 0.4236979166666667 0.5439814814814815 0.0234375 0.032407407407407406
3 0.42421875 0.5597222222222222 0.021354166666666667 0.036111111111111115
3 0.42578125 0.5643518518518519 0.021354166666666667 0.028703703703703703
3 0.4197916666666667 0.575462962962963 0.03125 0.030555555555555558
3 0.41822916666666665 0.5902777777777778 0.030208333333333334 0.030555555555555558
3 0.425 0.611574074074074 0.042708333333333334 0.05277777777777778
3 0.41432291666666665 0.6287037037037038 0.0484375 0.053703703703703705
3 0.41432291666666665 0.6574074074074074 0.059895833333333336 0.06481481481481481
3 0.4044270833333333 0.7333333333333334 0.0765625 0.1277777777777778
4 0.22630208333333332 0.6731481481481482 0.10052083333333334 0.1388888888888889
7 0.31197916666666664 0.6129629629629629 0.03125 0.0925925925925926
8 0.41796875 0.5273148148148148 0.07135416666666666 0.04537037037037037
1 0.3692708333333333 0.5810185185185185 0.010416666666666666 0.036111111111111115
2 0.36796875 0.6032407407407407 0.013020833333333334 0.03981481481481482
4 0.4557291666666667 0.5481481481481482 0.020833333333333332 0.03518518518518519
3 0.4609375 0.562962962962963 0.02395833333333333 0.02592592592592593
3 0.47630208333333335 0.6027777777777777 0.04010416666666666 0.05555555555555556
3 0.3177083333333333 0.9740740740740741 0.21354166666666666 0.05185185185185186
3 0.50234375 0.6828703703703703 0.0765625 0.1212962962962963
3 0.54296875 0.8726851851851852 0.1484375 0.22870370370370371
3 0.6934895833333333 0.800462962962963 0.16302083333333334 0.18055555555555555
0 0.5997395833333333 0.7018518518518518 0.025520833333333333 0.1277777777777778
0 0.58203125 0.6893518518518519 0.018229166666666668 0.10648148148148148
0 0.56171875 0.6819444444444445 0.0171875 0.11574074074074074
0 0.5703125 0.6828703703703703 0.013541666666666667 0.1175925925925926
1 0.5533854166666666 0.6041666666666667 0.01614583333333333 0.04166666666666667
2 0.5528645833333333 0.6324074074074074 0.009895833333333333 0.037037037037037035
1 0.47890625 0.5472222222222223 0.0067708333333333336 0.02592592592592593
2 0.47994791666666664 0.5550925925925926 0.005729166666666666 0.017592592592592594
1 0.48854166666666665 0.5504629629629629 0.00625 0.026851851851851852
2 0.48802083333333335 0.5569444444444445 0.005208333333333333 0.019444444444444445
1 0.49505208333333334 0.5550925925925926 0.0067708333333333336 0.026851851851851852
2 0.49557291666666664 0.5652777777777778 0.005729166666666666 0.017592592592592594
1 0.50546875 0.5620370370370371 0.0067708333333333336 0.031481481481481485
1 0.5059895833333333 0.5708333333333333 0.008854166666666666 0.030555555555555558
2 0.5057291666666667 0.5875 0.008333333333333333 0.021296296296296296
1 0.5143229166666666 0.5722222222222223 0.0067708333333333336 0.02962962962962963
2 0.5135416666666667 0.5888888888888889 0.004166666666666667 0.022222222222222223
1 0.5190104166666667 0.5833333333333334 0.0109375 0.0462962962962963
2 0.5184895833333333 0.5990740740740741 0.008854166666666666 0.031481481481481485
1 0.5341145833333333 0.5958333333333333 0.011979166666666666 0.04351851851851852
2 0.5341145833333333 0.6203703703703703 0.009895833333333333 0.03333333333333333
3 0.6473958333333333 0.6675925925925926 0.109375 0.10370370370370371
1 0.67890625 0.6699074074074074 0.022395833333333334 0.08425925925925926
7 0.903125 0.8314814814814815 0.134375 0.23703703703703705
3 0.78671875 0.6902777777777778 0.16302083333333334 0.10833333333333334
3 0.7734375 0.6509259259259259 0.12604166666666666 0.06851851851851852
3 0.9388020833333334 0.6800925925925926 0.12239583333333333 0.08981481481481482
3 0.9111979166666666 0.663425925925926 0.1328125 0.075
4 0.85703125 0.6046296296296296 0.0765625 0.06666666666666667
3 0.8203125 0.6037037037037037 0.058333333333333334 0.04814814814814815
3 0.7973958333333333 0.5981481481481482 0.065625 0.040740740740740744
3 0.7721354166666666 0.587037037037037 0.06302083333333333 0.037037037037037035
3 0.7486979166666666 0.5865740740740741 0.05260416666666667 0.03981481481481482
4 0.6877604166666667 0.5611111111111111 0.04114583333333333 0.0462962962962963
3 0.90625 0.5916666666666667 0.051041666666666666 0.05185185185185186
3 0.7518229166666667 0.5555555555555556 0.034895833333333334 0.037037037037037035
