3 0.46102941176470585 0.8156862745098039 0.058823529411764705 0.06013071895424836
3 0.4525735294117647 0.75359477124183 0.05220588235294118 0.04836601307189542
3 0.5481617647058823 0.8581699346405228 0.06544117647058824 0.06928104575163398
3 0.7029411764705882 0.8620915032679738 0.08088235294117647 0.06143790849673202
3 0.6768382352941177 0.9137254901960784 0.09485294117647058 0.08366013071895424
3 0.5996323529411764 0.9235294117647058 0.09044117647058823 0.07712418300653594
4 0.625 0.9647058823529411 0.10294117647058823 0.06797385620915032
3 0.7610294117647058 0.9777777777777777 0.09117647058823529 0.0392156862745098
3 0.8702205882352941 0.8679738562091502 0.09191176470588235 0.065359477124183
3 0.6595588235294118 0.7647058823529411 0.057352941176470586 0.047058823529411764
9 0.8650735294117647 0.8339869281045751 0.027205882352941177 0.0261437908496732
1 0.8691176470588236 0.8248366013071895 0.010294117647058823 0.03398692810457516
9 0.7753676470588236 0.7431372549019607 0.008088235294117646 0.027450980392156862
9 0.7985294117647058 0.7437908496732025 0.010294117647058823 0.03137254901960784
9 0.8264705882352941 0.7405228758169934 0.014705882352941176 0.027450980392156862
9 0.8518382352941176 0.7431372549019607 0.0125 0.027450980392156862
9 0.8654411764705883 0.7411764705882352 0.011764705882352941 0.023529411764705882
9 0.8801470588235294 0.7411764705882352 0.013235294117647059 0.02875816993464052
0 0.8849264705882353 0.8006535947712418 0.009558823529411765 0.043137254901960784
0 0.8720588235294118 0.7980392156862745 0.008823529411764706 0.04052287581699346
0 0.8764705882352941 0.7718954248366012 0.0058823529411764705 0.03006535947712418
0 0.8867647058823529 0.7732026143790849 0.008823529411764706 0.03529411764705882
4 0.9411764705882353 0.8084967320261437 0.08235294117647059 0.058823529411764705
9 0.9136029411764706 0.7673202614379084 0.0125 0.03137254901960784
4 0.38125 0.6326797385620915 0.030147058823529412 0.023529411764705882
4 0.37169117647058825 0.6156862745098038 0.030147058823529412 0.0261437908496732
3 0.35551470588235295 0.611111111111111 0.025735294117647058 0.02222222222222222
3 0.3411764705882353 0.6071895424836601 0.026470588235294117 0.02222222222222222
