3 0.1724264705882353 0.9405228758169935 0.1786764705882353 0.11895424836601307
9 0.04595588235294117 0.6594771241830065 0.030147058823529412 0.08235294117647059
9 0.013602941176470588 0.6339869281045751 0.027205882352941177 0.04444444444444444
1 0.05 0.4810457516339869 0.023529411764705882 0.05751633986928104
6 0.05514705882352941 0.5235294117647058 0.10735294117647058 0.10849673202614378
0 0.03125 0.4633986928104575 0.022794117647058822 0.06143790849673202
1 0.05110294117647059 0.4183006535947712 0.019852941176470587 0.03137254901960784
0 0.06323529411764706 0.3686274509803921 0.014705882352941176 0.05751633986928104
1 0.04522058823529412 0.3699346405228758 0.01838235294117647 0.0392156862745098
1 0.040808823529411765 0.36405228758169933 0.021323529411764706 0.03790849673202614
1 0.046691176470588236 0.35620915032679734 0.022794117647058822 0.0326797385620915
9 0.09485294117647058 0.38431372549019605 0.016176470588235292 0.0522875816993464
9 0.10073529411764706 0.3150326797385621 0.029411764705882353 0.0392156862745098
0 0.13897058823529412 0.43267973856209146 0.016176470588235292 0.0392156862745098
9 0.1349264705882353 0.20522875816993463 0.025735294117647058 0.02875816993464052
9 0.14191176470588235 0.19477124183006533 0.022058823529411763 0.02875816993464052
0 0.12205882352941176 0.11045751633986928 0.016176470588235292 0.03529411764705882
0 0.13198529411764706 0.10196078431372549 0.0125 0.0392156862745098
3 0.17352941176470588 0.1568627450980392 0.05 0.04444444444444444
3 0.19264705882352942 0.10522875816993463 0.044117647058823525 0.0326797385620915
3 0.2536764705882353 0.18627450980392155 0.051470588235294115 0.050980392156862744
3 0.3720588235294118 0.7673202614379084 0.06470588235294117 0.19346405228758168
1 0.30183823529411763 0.7529411764705882 0.02426470588235294 0.08104575163398692
1 0.3352941176470588 0.6372549019607843 0.020588235294117647 0.06143790849673202
1 0.20477941176470588 0.5555555555555555 0.019852941176470587 0.06013071895424836
0 0.8069852941176471 0.9313725490196078 0.016911764705882352 0.06405228758169934
0 0.8128676470588235 0.8816993464052287 0.025735294117647058 0.09281045751633986
0 0.7731617647058824 0.8568627450980392 0.019852941176470587 0.08235294117647059
0 0.6441176470588236 0.837908496732026 0.027941176470588233 0.09673202614379084
0 0.8139705882352941 0.6601307189542484 0.020588235294117647 0.08627450980392157
9 0.7602941176470588 0.726797385620915 0.039705882352941174 0.08627450980392157
9 0.6930147058823529 0.5555555555555555 0.0375 0.04444444444444444
1 0.9113970588235294 0.7124183006535947 0.02426470588235294 0.05751633986928104
3 0.9301470588235294 0.7385620915032679 0.08970588235294118 0.08627450980392157
3 0.9136029411764706 0.9470588235294117 0.13161764705882353 0.10588235294117647
9 0.8775735294117647 0.6509803921568627 0.04485294117647059 0.04967320261437908
9 0.8643382352941177 0.6359477124183006 0.04485294117647059 0.04836601307189542
9 0.8312499999999999 0.6006535947712418 0.04485294117647059 0.04836601307189542
9 0.8113970588235294 0.5849673202614378 0.05367647058823529 0.043137254901960784
9 0.8147058823529412 0.5699346405228758 0.045588235294117645 0.0392156862745098
9 0.8080882352941177 0.5549019607843136 0.045588235294117645 0.04052287581699346
9 0.7908088235294117 0.5339869281045752 0.04338235294117647 0.04052287581699346
9 0.663235294117647 0.5209150326797385 0.01911764705882353 0.05620915032679738
2 0.6025735294117647 0.47124183006535947 0.03897058823529412 0.0326797385620915
0 0.7110294117647059 0.5130718954248366 0.01911764705882353 0.07450980392156863
7 0.6636029411764706 0.4411764705882353 0.05367647058823529 0.07712418300653594
6 0.725 0.4261437908496732 0.057352941176470586 0.07320261437908496
1 0.75 0.4111111111111111 0.013235294117647059 0.03790849673202614
1 0.6757352941176471 0.3633986928104575 0.013235294117647059 0.04183006535947712
6 0.6643382352941176 0.3784313725490196 0.05661764705882353 0.0457516339869281
1 0.6419117647058823 0.3607843137254902 0.016176470588235292 0.04183006535947712
2 0.6389705882352941 0.3254901960784313 0.030882352941176472 0.0392156862745098
1 0.6084558823529411 0.3483660130718954 0.013970588235294117 0.03790849673202614
1 0.7051470588235293 0.357516339869281 0.011764705882352941 0.0326797385620915
1 0.680514705882353 0.3509803921568627 0.011029411764705881 0.03529411764705882
4 0.7367647058823529 0.8594771241830065 0.1161764705882353 0.10588235294117647
3 0.649264705882353 0.6856209150326797 0.07058823529411765 0.13986928104575164
3 0.5727941176470588 0.5287581699346405 0.07058823529411765 0.1111111111111111
3 0.4658088235294118 0.47124183006535947 0.05514705882352941 0.09281045751633986
9 0.175 0.7013071895424836 0.04264705882352941 0.058823529411764705
9 0.16397058823529412 0.6869281045751634 0.047058823529411764 0.04836601307189542
9 0.2139705882352941 0.6732026143790849 0.044117647058823525 0.04967320261437908
9 0.21691176470588236 0.6300653594771242 0.044117647058823525 0.04967320261437908
9 0.19375 0.6522875816993463 0.04338235294117647 0.0522875816993464
9 0.19595588235294117 0.5503267973856208 0.03602941176470588 0.04444444444444444
9 0.26801470588235293 0.5137254901960784 0.019852941176470587 0.05751633986928104
2 0.19705882352941176 0.3352941176470588 0.016176470588235292 0.05359477124183006
2 0.22426470588235295 0.34117647058823525 0.016176470588235292 0.0522875816993464
9 0.2275735294117647 0.29869281045751633 0.025735294117647058 0.03790849673202614
0 0.15808823529411764 0.2771241830065359 0.014705882352941176 0.04967320261437908
0 0.14926470588235294 0.27908496732026145 0.010294117647058823 0.03790849673202614
3 0.36875 0.3607843137254902 0.04632352941176471 0.1045751633986928
3 0.3533088235294118 0.269281045751634 0.03308823529411765 0.065359477124183
3 0.29301470588235295 0.430718954248366 0.0801470588235294 0.10588235294117647
3 0.2727941176470588 0.3836601307189542 0.039705882352941174 0.0849673202614379
3 0.26875 0.31699346405228757 0.03897058823529412 0.07450980392156863
3 0.27095588235294116 0.2542483660130719 0.03308823529411765 0.06143790849673202
3 0.2757352941176471 0.16013071895424835 0.026470588235294117 0.043137254901960784
3 0.40625 0.5130718954248366 0.05220588235294118 0.11633986928104574
1 0.3154411764705882 0.3352941176470588 0.01764705882352941 0.050980392156862744
1 0.45625 0.2633986928104575 0.013970588235294117 0.043137254901960784
1 0.42573529411764705 0.2196078431372549 0.011764705882352941 0.03398692810457516
1 0.4077205882352941 0.17843137254901958 0.0125 0.03790849673202614
1 0.38933823529411765 0.14836601307189543 0.011029411764705881 0.03529411764705882
1 0.3911764705882353 0.2130718954248366 0.011764705882352941 0.02875816993464052
1 0.3110294117647059 0.17581699346405227 0.008823529411764706 0.027450980392156862
1 0.2977941176470588 0.16339869281045752 0.008823529411764706 0.02875816993464052
1 0.3044117647058823 0.09999999999999999 0.008823529411764706 0.027450980392156862
3 0.325 0.08235294117647059 0.023529411764705882 0.0392156862745098
3 0.4125 0.12549019607843137 0.025 0.0392156862745098
3 0.4985294117647059 0.3405228758169934 0.044117647058823525 0.06666666666666667
9 0.31029411764705883 0.1895424836601307 0.008823529411764706 0.02875816993464052
9 0.3150735294117647 0.3483660130718954 0.015441176470588236 0.043137254901960784
9 0.3352941176470588 0.6633986928104575 0.020588235294117647 0.05359477124183006
9 0.30330882352941174 0.7856209150326797 0.027205882352941177 0.07320261437908496
9 0.4261029411764706 0.23137254901960783 0.011029411764705881 0.03398692810457516
9 0.3897058823529412 0.22745098039215686 0.010294117647058823 0.02875816993464052
9 0.4073529411764706 0.19084967320261437 0.010294117647058823 0.02875816993464052
9 0.3900735294117647 0.16209150326797384 0.009558823529411765 0.023529411764705882
1 0.43088235294117644 0.29673202614379085 0.014705882352941176 0.03398692810457516
1 0.425 0.29346405228758166 0.014705882352941176 0.0326797385620915
6 0.4290441176470588 0.3111111111111111 0.027205882352941177 0.05751633986928104
4 0.33897058823529413 0.165359477124183 0.026470588235294117 0.05620915032679738
3 0.27242647058823527 0.07516339869281045 0.027205882352941177 0.03790849673202614
4 0.3025735294117647 0.0326797385620915 0.01838235294117647 0.04183006535947712
3 0.39375 0.07581699346405228 0.021323529411764706 0.03398692810457516
3 0.3849264705882353 0.052941176470588235 0.021323529411764706 0.03006535947712418
3 0.3805147058823529 0.04183006535947712 0.022794117647058822 0.0261437908496732
3 0.3654411764705882 0.01503267973856209 0.020588235294117647 0.03006535947712418
0 0.3654411764705882 0.049019607843137254 0.007352941176470588 0.027450980392156862
3 0.45 0.10522875816993463 0.05 0.0326797385620915
0 0.47316176470588234 0.12941176470588234 0.006617647058823529 0.03398692810457516
0 0.4860294117647059 0.12745098039215685 0.007352941176470588 0.03790849673202614
0 0.4919117647058823 0.12026143790849672 0.007352941176470588 0.03660130718954248
9 0.5150735294117647 0.27908496732026145 0.03161764705882353 0.0326797385620915
0 0.5316176470588235 0.1588235294117647 0.008823529411764706 0.0326797385620915
0 0.5408088235294117 0.1679738562091503 0.008088235294117646 0.02483660130718954
9 0.5044117647058823 0.13006535947712417 0.010294117647058823 0.027450980392156862
9 0.5139705882352941 0.130718954248366 0.011764705882352941 0.03137254901960784
2 0.5371323529411764 0.12091503267973855 0.0125 0.0196078431372549
2 0.4547794117647059 0.27581699346405225 0.009558823529411765 0.0392156862745098
