3 0.0546875 0.9847222222222223 0.08854166666666667 0.030555555555555558
0 0.12005208333333334 0.9291666666666667 0.011979166666666666 0.05648148148148149
3 0.12864583333333332 0.8226851851851852 0.05416666666666667 0.08055555555555556
3 0.6216145833333333 0.3375 0.008854166666666666 0.017592592592592594
4 0.6067708333333334 0.33287037037037037 0.007291666666666667 0.017592592592592594
3 0.05755208333333333 0.8087962962962963 0.04739583333333333 0.075
0 0.19479166666666667 0.775462962962963 0.00625 0.03796296296296296
9 0.17760416666666667 0.8087962962962963 0.022916666666666665 0.036111111111111115
9 0.15651041666666665 0.7953703703703704 0.013020833333333334 0.05185185185185186
0 0.18802083333333333 0.7662037037037037 0.010416666666666666 0.04166666666666667
1 0.20286458333333332 0.7472222222222222 0.0078125 0.024074074074074074
1 0.22005208333333334 0.7393518518518519 0.01614583333333333 0.032407407407407406
1 0.2203125 0.7583333333333334 0.009375 0.02592592592592593
1 0.23906249999999998 0.7657407407407407 0.011458333333333333 0.02962962962962963
1 0.2625 0.8527777777777779 0.010416666666666666 0.04814814814814815
0 0.2630208333333333 0.8638888888888889 0.008333333333333333 0.04814814814814815
0 0.27291666666666664 0.862962962962963 0.008333333333333333 0.05185185185185186
6 0.27838541666666666 0.8537037037037037 0.0203125 0.04259259259259259
7 0.32734375 0.8250000000000001 0.0328125 0.07592592592592592
0 0.34661458333333334 0.8069444444444445 0.0078125 0.049074074074074076
2 0.5966145833333333 0.9745370370370371 0.028645833333333332 0.036111111111111115
9 0.5911458333333334 0.9587962962962964 0.03854166666666667 0.05092592592592593
5 0.5786458333333333 0.9152777777777779 0.06354166666666666 0.08425925925925926
4 0.57421875 0.8384259259259259 0.03802083333333333 0.08240740740740742
9 0.57265625 0.7828703703703704 0.033854166666666664 0.03981481481481482
9 0.5817708333333333 0.763888888888889 0.027083333333333334 0.031481481481481485
0 0.38229166666666664 0.7944444444444445 0.008333333333333333 0.05185185185185186
2 0.5763020833333333 0.7268518518518519 0.0234375 0.03518518518518519
9 0.571875 0.7069444444444445 0.021875 0.025
1 0.5690104166666666 0.6930555555555555 0.008854166666666666 0.032407407407407406
9 0.5729166666666666 0.6847222222222222 0.03333333333333333 0.04722222222222222
1 0.5333333333333333 0.6949074074074074 0.007291666666666667 0.032407407407407406
2 0.5317708333333333 0.7092592592592593 0.008333333333333333 0.03333333333333333
1 0.38229166666666664 0.7157407407407408 0.0125 0.044444444444444446
9 0.3833333333333333 0.7203703703703704 0.014583333333333334 0.037037037037037035
1 0.5549479166666667 0.6606481481481482 0.0067708333333333336 0.032407407407407406
9 0.5541666666666667 0.6152777777777778 0.015625 0.028703703703703703
3 0.5036458333333333 0.6342592592592593 0.026041666666666668 0.04814814814814815
4 0.45677083333333335 0.6162037037037037 0.025 0.06018518518518519
1 0.5088541666666666 0.563425925925926 0.005208333333333333 0.019444444444444445
9 0.5088541666666666 0.5736111111111112 0.005208333333333333 0.017592592592592594
1 0.45390625 0.5601851851851852 0.0067708333333333336 0.020370370370370372
9 0.45260416666666664 0.5689814814814815 0.011458333333333333 0.028703703703703703
0 0.5484375 0.5148148148148148 0.007291666666666667 0.031481481481481485
1 0.5671875 0.549537037037037 0.005208333333333333 0.02314814814814815
9 0.5674479166666666 0.5513888888888889 0.0140625 0.019444444444444445
3 0.5291666666666667 0.5388888888888889 0.020833333333333332 0.03888888888888889
1 0.5575520833333333 0.4916666666666667 0.005729166666666666 0.020370370370370372
9 0.5572916666666666 0.5023148148148149 0.004166666666666667 0.01388888888888889
3 0.5015625 0.5412037037037037 0.020833333333333332 0.036111111111111115
4 0.48151041666666666 0.5148148148148148 0.0234375 0.0462962962962963
1 0.471875 0.49444444444444446 0.005208333333333333 0.012962962962962964
9 0.4713541666666667 0.5037037037037038 0.005208333333333333 0.016666666666666666
3 0.43645833333333334 0.5180555555555556 0.019791666666666666 0.036111111111111115
6 0.46171875 0.4861111111111111 0.011979166666666666 0.024074074074074074
3 0.5122395833333333 0.36944444444444446 0.015104166666666667 0.018518518518518517
4 0.3989583333333333 0.3523148148148148 0.017708333333333333 0.019444444444444445
3 0.40651041666666665 0.375 0.019270833333333334 0.012962962962962964
3 0.3684895833333333 0.35370370370370374 0.025520833333333333 0.016666666666666666
3 0.3302083333333333 0.34814814814814815 0.025 0.018518518518518517
1 0.5375 0.46296296296296297 0.005208333333333333 0.014814814814814815
9 0.5377604166666666 0.47175925925925927 0.0046875 0.01388888888888889
1 0.5359375 0.44074074074074077 0.003125 0.012962962962962964
9 0.5356770833333333 0.45046296296296295 0.0046875 0.01388888888888889
1 0.5015625 0.4152777777777778 0.005208333333333333 0.012037037037037037
9 0.50078125 0.4236111111111111 0.005729166666666666 0.015740740740740743
1 0.4903645833333333 0.41712962962962963 0.0046875 0.01388888888888889
9 0.48984374999999997 0.42453703703703705 0.0046875 0.01388888888888889
1 0.47421874999999997 0.4083333333333333 0.005729166666666666 0.012962962962962964
9 0.47369791666666666 0.4166666666666667 0.005729166666666666 0.018518518518518517
1 0.4778645833333333 0.3564814814814815 0.0026041666666666665 0.011111111111111112
6 0.4783854166666667 0.36342592592592593 0.0046875 0.012037037037037037
1 0.54609375 0.4185185185185185 0.0036458333333333334 0.012962962962962964
9 0.5453125 0.425462962962963 0.004166666666666667 0.012037037037037037
1 0.5270833333333333 0.3995370370370371 0.004166666666666667 0.012037037037037037
9 0.5265625 0.4078703703703704 0.003125 0.010185185185185186
1 0.5200520833333333 0.3907407407407408 0.0046875 0.009259259259259259
9 0.5197916666666667 0.39722222222222225 0.00625 0.011111111111111112
0 0.5364583333333334 0.38796296296296295 0.004166666666666667 0.022222222222222223
1 0.5458333333333333 0.3601851851851852 0.003125 0.011111111111111112
9 0.5458333333333333 0.36712962962962964 0.003125 0.010185185185185186
1 0.55234375 0.3726851851851852 0.0026041666666666665 0.008333333333333333
1 0.5520833333333334 0.3685185185185185 0.003125 0.009259259259259259
9 0.5520833333333334 0.3763888888888889 0.003125 0.010185185185185186
9 0.546875 0.3962962962962963 0.00625 0.022222222222222223
1 0.546875 0.39583333333333337 0.004166666666666667 0.010185185185185186
0 0.6229166666666667 0.638425925925926 0.009375 0.03981481481481482
