3 0.17720588235294119 0.7771241830065359 0.06764705882352941 0.134640522875817
3 0.2511029411764706 0.5908496732026144 0.04779411764705882 0.08888888888888888
3 0.20477941176470588 0.5836601307189542 0.05073529411764706 0.0849673202614379
3 0.2775735294117647 0.38627450980392153 0.030147058823529412 0.04836601307189542
3 0.23860294117647057 0.37124183006535943 0.028676470588235293 0.04183006535947712
9 0.1661764705882353 0.545751633986928 0.01764705882352941 0.0457516339869281
1 0.16580882352941176 0.5424836601307189 0.01838235294117647 0.0522875816993464
1 0.1676470588235294 0.5359477124183006 0.013235294117647059 0.04444444444444444
3 0.9595588235294118 0.6091503267973856 0.07794117647058824 0.07320261437908496
3 0.5540441176470589 0.5503267973856208 0.07279411764705883 0.06274509803921569
6 0.5147058823529411 0.47973856209150323 0.054411764705882354 0.054901960784313725
1 0.5036764705882353 0.4764705882352941 0.014705882352941176 0.04052287581699346
4 0.8275735294117647 0.526797385620915 0.06691176470588235 0.06797385620915032
0 0.9797794117647058 0.33202614379084966 0.008088235294117646 0.02875816993464052
4 0.9871323529411764 0.2973856209150327 0.025735294117647058 0.03790849673202614
0 0.9518382352941176 0.3803921568627451 0.006617647058823529 0.0392156862745098
5 0.9371323529411765 0.3627450980392157 0.11691176470588235 0.0849673202614379
5 0.9117647058823529 0.3431372549019608 0.1 0.07712418300653594
0 0.8132352941176471 0.2797385620915033 0.0058823529411764705 0.0261437908496732
0 0.7753676470588236 0.322875816993464 0.006617647058823529 0.02875816993464052
6 0.7867647058823529 0.31176470588235294 0.027941176470588233 0.02222222222222222
3 0.7834558823529412 0.30130718954248364 0.03602941176470588 0.027450980392156862
4 0.8003676470588236 0.2529411764705882 0.030147058823529412 0.027450980392156862
5 0.7823529411764706 0.2751633986928104 0.057352941176470586 0.04836601307189542
4 0.7485294117647059 0.28104575163398693 0.03529411764705882 0.03137254901960784
3 0.7227941176470588 0.2699346405228758 0.032352941176470584 0.027450980392156862
3 0.7069852941176471 0.26013071895424833 0.03455882352941177 0.0261437908496732
4 0.694485294117647 0.20196078431372547 0.028676470588235293 0.0326797385620915
3 0.6801470588235294 0.24444444444444444 0.029411764705882353 0.0261437908496732
3 0.6643382352941176 0.23464052287581696 0.030147058823529412 0.02483660130718954
4 0.6522058823529412 0.22941176470588234 0.026470588235294117 0.02483660130718954
3 0.5463235294117647 0.17254901960784313 0.023529411764705882 0.01830065359477124
3 0.5639705882352941 0.17712418300653593 0.022058823529411763 0.0196078431372549
6 0.5220588235294118 0.2026143790849673 0.011764705882352941 0.01830065359477124
1 0.5191176470588236 0.19673202614379084 0.004411764705882353 0.01437908496732026
3 0.45551470588235293 0.17581699346405227 0.016911764705882352 0.0196078431372549
3 0.34301470588235294 0.22875816993464052 0.015441176470588236 0.02875816993464052
3 0.33455882352941174 0.17254901960784313 0.011764705882352941 0.02091503267973856
3 0.3400735294117647 0.13137254901960782 0.009558823529411765 0.011764705882352941
3 0.36875 0.12679738562091503 0.013970588235294117 0.01568627450980392
0 0.30367647058823527 0.18366013071895423 0.004411764705882353 0.0196078431372549
5 0.45 0.12222222222222222 0.04852941176470588 0.03006535947712418
4 0.4202205882352941 0.1241830065359477 0.011029411764705881 0.01568627450980392
0 0.4025735294117647 0.11895424836601307 0.0022058823529411764 0.0130718954248366
3 0.4036764705882353 0.11699346405228757 0.010294117647058823 0.01437908496732026
4 0.37573529411764706 0.08888888888888888 0.008823529411764706 0.0130718954248366
4 0.37941176470588234 0.06862745098039215 0.011764705882352941 0.011764705882352941
6 0.31838235294117645 0.21176470588235294 0.010294117647058823 0.023529411764705882
1 0.3176470588235294 0.20849673202614377 0.004411764705882353 0.01699346405228758
3 0.35 0.08039215686274509 0.007352941176470588 0.00915032679738562
3 0.33455882352941174 0.06013071895424836 0.0058823529411764705 0.01045751633986928
4 0.34558823529411764 0.0673202614379085 0.008823529411764706 0.011764705882352941
3 0.3518382352941176 0.06993464052287582 0.011029411764705881 0.0065359477124183
3 0.3297794117647059 0.07058823529411765 0.006617647058823529 0.00784313725490196
3 0.31875 0.06209150326797385 0.006617647058823529 0.00915032679738562
3 0.31948529411764703 0.06993464052287582 0.006617647058823529 0.00915032679738562
3 0.3235294117647059 0.07581699346405228 0.0058823529411764705 0.01045751633986928
3 0.3316176470588235 0.08169934640522876 0.008823529411764706 0.00915032679738562
