3 0.26029411764705884 0.01830065359477124 0.057352941176470586 0.03660130718954248
3 0.1827205882352941 0.45359477124183 0.10955882352941176 0.1437908496732026
0 0.17316176470588235 0.6379084967320261 0.022794117647058822 0.05751633986928104
9 0.20588235294117646 0.6313725490196078 0.030882352941176472 0.07058823529411765
1 0.20330882352941176 0.618954248366013 0.021323529411764706 0.04836601307189542
9 0.22683823529411765 0.7333333333333333 0.022794117647058822 0.08627450980392157
1 0.22830882352941176 0.7241830065359477 0.02426470588235294 0.05751633986928104
9 0.22830882352941176 0.926797385620915 0.04338235294117647 0.09673202614379084
1 0.22426470588235295 0.9111111111111111 0.030882352941176472 0.05751633986928104
4 0.35625 0.03071895424836601 0.08308823529411764 0.06143790849673202
3 0.42169117647058824 0.07712418300653594 0.07426470588235294 0.08888888888888888
9 0.5246323529411765 0.3248366013071895 0.025735294117647058 0.04836601307189542
9 0.6286764705882353 0.19934640522875816 0.01911764705882353 0.0457516339869281
9 0.5669117647058823 0.4052287581699346 0.025 0.047058823529411764
9 0.5716911764705882 0.8084967320261437 0.04338235294117647 0.04836601307189542
9 0.6735294117647058 0.6954248366013072 0.03823529411764706 0.07058823529411765
9 0.7816176470588235 0.7477124183006535 0.033823529411764704 0.07320261437908496
1 0.7871323529411764 0.7366013071895424 0.02426470588235294 0.04836601307189542
1 0.6746323529411765 0.6784313725490195 0.025735294117647058 0.06013071895424836
1 0.6636029411764706 0.6594771241830065 0.015441176470588236 0.050980392156862744
1 0.5794117647058823 0.7980392156862745 0.011764705882352941 0.027450980392156862
1 0.5735294117647058 0.8026143790849672 0.025 0.07320261437908496
1 0.5580882352941177 0.7908496732026143 0.016176470588235292 0.04967320261437908
3 0.6860294117647059 0.9725490196078431 0.09705882352941177 0.054901960784313725
1 0.5676470588235294 0.38888888888888884 0.020588235294117647 0.058823529411764705
1 0.5753676470588235 0.3784313725490196 0.013970588235294117 0.043137254901960784
1 0.5246323529411765 0.3137254901960784 0.01838235294117647 0.05751633986928104
1 0.5308823529411765 0.3006535947712418 0.016176470588235292 0.047058823529411764
9 0.6448529411764706 0.03660130718954248 0.01764705882352941 0.04444444444444444
1 0.6463235294117647 0.0196078431372549 0.014705882352941176 0.0392156862745098
3 0.6459558823529412 0.09411764705882353 0.0713235294117647 0.12287581699346405
4 0.7316176470588235 0.06209150326797385 0.060294117647058824 0.1241830065359477
2 0.8606617647058823 0.4006535947712418 0.01838235294117647 0.058823529411764705
1 0.8632352941176471 0.3830065359477124 0.023529411764705882 0.054901960784313725
0 0.9529411764705882 0.3941176470588235 0.025 0.05620915032679738
