6 0.5253676470588236 0.6895424836601307 0.027205882352941177 0.07712418300653594
3 0.4904411764705882 0.569281045751634 0.03676470588235294 0.0718954248366013
3 0.5617647058823529 0.549673202614379 0.039705882352941174 0.06928104575163398
3 0.5463235294117647 0.4509803921568627 0.03529411764705882 0.04967320261437908
3 0.5363970588235294 0.36405228758169933 0.025735294117647058 0.04052287581699346
3 0.5213235294117647 0.2751633986928104 0.01764705882352941 0.03006535947712418
3 0.4808823529411765 0.23529411764705882 0.014705882352941176 0.0261437908496732
3 0.41066176470588234 0.25098039215686274 0.015441176470588236 0.02875816993464052
3 0.39705882352941174 0.296078431372549 0.01911764705882353 0.027450980392156862
6 0.36433823529411763 0.4640522875816993 0.030147058823529412 0.065359477124183
4 0.7816176470588235 0.7026143790849673 0.06470588235294117 0.10849673202614378
4 0.9018382352941177 0.9169934640522875 0.10514705882352941 0.16601307189542483
4 0.7356617647058823 0.5699346405228758 0.03455882352941177 0.07581699346405228
3 0.6952205882352941 0.5261437908496732 0.04191176470588235 0.06405228758169934
4 0.6665441176470588 0.4594771241830065 0.03308823529411765 0.06666666666666667
3 0.6433823529411765 0.3732026143790849 0.052941176470588235 0.03006535947712418
3 0.18970588235294117 0.49346405228758167 0.052941176470588235 0.06143790849673202
3 0.19411764705882353 0.4562091503267974 0.07205882352941176 0.05751633986928104
3 0.2301470588235294 0.4287581699346405 0.032352941176470584 0.05751633986928104
3 0.24301470588235294 0.34901960784313724 0.05514705882352941 0.0261437908496732
3 0.31985294117647056 0.30130718954248364 0.022058823529411763 0.0326797385620915
3 0.3375 0.28431372549019607 0.014705882352941176 0.027450980392156862
3 0.3235294117647059 0.2568627450980392 0.033823529411764704 0.02222222222222222
3 0.2727941176470588 0.2830065359477124 0.032352941176470584 0.03790849673202614
4 0.4264705882352941 0.2156862745098039 0.020588235294117647 0.01830065359477124
3 0.43529411764705883 0.19477124183006533 0.010294117647058823 0.01830065359477124
3 0.4606617647058823 0.17777777777777776 0.008088235294117646 0.0130718954248366
3 0.4948529411764706 0.17320261437908496 0.008823529411764706 0.01437908496732026
3 0.48198529411764707 0.161437908496732 0.005147058823529412 0.00915032679738562
3 0.4672794117647059 0.15751633986928104 0.006617647058823529 0.00915032679738562
3 0.49522058823529413 0.15294117647058822 0.006617647058823529 0.01045751633986928
3 0.48676470588235293 0.14248366013071895 0.013235294117647059 0.01045751633986928
3 0.45551470588235293 0.14052287581699346 0.015441176470588236 0.00915032679738562
3 0.4727941176470588 0.12810457516339868 0.0058823529411764705 0.01045751633986928
3 0.5128676470588235 0.22091503267973855 0.011029411764705881 0.01830065359477124
3 0.6150735294117647 0.34509803921568627 0.02426470588235294 0.03137254901960784
3 0.6025735294117647 0.32352941176470584 0.021323529411764706 0.027450980392156862
3 0.6011029411764706 0.29869281045751633 0.0375 0.02483660130718954
3 0.5735294117647058 0.26078431372549016 0.01911764705882353 0.02222222222222222
3 0.569485294117647 0.24444444444444444 0.0125 0.023529411764705882
3 0.5610294117647059 0.23267973856209148 0.01764705882352941 0.01830065359477124
0 0.6044117647058823 0.3810457516339869 0.010294117647058823 0.03790849673202614
3 0.3775735294117647 0.2222222222222222 0.0125 0.01830065359477124
3 0.36176470588235293 0.24052287581699344 0.014705882352941176 0.02091503267973856
3 0.35404411764705884 0.25163398692810457 0.013970588235294117 0.027450980392156862
3 0.3790441176470588 0.20980392156862743 0.021323529411764706 0.0196078431372549
3 0.4702205882352941 0.13790849673202613 0.005147058823529412 0.00915032679738562
3 0.5669117647058823 0.2176470588235294 0.023529411764705882 0.011764705882352941
3 0.5636029411764706 0.2130718954248366 0.022794117647058822 0.01568627450980392
3 0.5477941176470588 0.20130718954248364 0.010294117647058823 0.0130718954248366
3 0.54375 0.19346405228758168 0.009558823529411765 0.0130718954248366
3 0.5397058823529411 0.18366013071895423 0.008823529411764706 0.01437908496732026
3 0.5341911764705882 0.1718954248366013 0.006617647058823529 0.011764705882352941
0 0.5875 0.3398692810457516 0.0058823529411764705 0.02091503267973856
3 0.5875 0.3477124183006536 0.008823529411764706 0.01830065359477124
3 0.022426470588235294 0.7398692810457516 0.04485294117647059 0.08366013071895424
0 0.7165441176470588 0.6372549019607843 0.013970588235294117 0.05359477124183006
3 0.7165441176470588 0.6516339869281045 0.016911764705882352 0.05359477124183006
9 0.6533088235294118 0.522875816993464 0.0125 0.03398692810457516
0 0.6536764705882353 0.5098039215686274 0.010294117647058823 0.03398692810457516
0 0.6261029411764706 0.43660130718954243 0.011029411764705881 0.02875816993464052
9 0.6268382352941176 0.44771241830065356 0.011029411764705881 0.03529411764705882
1 0.7544117647058823 0.4209150326797385 0.013235294117647059 0.0261437908496732
2 0.8316176470588236 0.7026143790849673 0.027941176470588233 0.03790849673202614
0 0.7378676470588236 0.4464052287581699 0.006617647058823529 0.043137254901960784
3 0.6371323529411764 0.34117647058823525 0.03161764705882353 0.0261437908496732
0 0.6827205882352941 0.357516339869281 0.005147058823529412 0.0326797385620915
1 0.7113970588235294 0.3679738562091503 0.005147058823529412 0.02222222222222222
