3 0.0400735294117647 0.8999999999999999 0.0801470588235294 0.19477124183006533
3 0.11948529411764705 0.8947712418300653 0.08897058823529412 0.2026143790849673
3 0.2426470588235294 0.8908496732026143 0.08823529411764705 0.2130718954248366
3 0.33602941176470585 0.8477124183006536 0.07058823529411765 0.18431372549019606
4 0.4139705882352941 0.8437908496732025 0.08676470588235294 0.23137254901960783
3 0.48566176470588235 0.8156862745098039 0.08455882352941177 0.1699346405228758
3 0.5665441176470588 0.6437908496732025 0.11985294117647059 0.09803921568627451
3 0.8738970588235294 0.9058823529411764 0.1698529411764706 0.1830065359477124
3 0.7625 0.7294117647058823 0.1338235294117647 0.17516339869281045
3 0.8371323529411765 0.6901960784313725 0.08455882352941177 0.15947712418300652
3 0.9055147058823529 0.6692810457516339 0.09632352941176471 0.1803921568627451
3 0.9632352941176471 0.661437908496732 0.06911764705882353 0.1568627450980392
0 0.8301470588235293 0.4738562091503268 0.014705882352941176 0.06143790849673202
3 0.9113970588235294 0.4287581699346405 0.05073529411764706 0.08366013071895424
0 0.8742647058823529 0.3810457516339869 0.01911764705882353 0.058823529411764705
3 0.81875 0.38888888888888884 0.09338235294117647 0.07450980392156863
3 0.7511029411764706 0.38431372549019605 0.06544117647058824 0.07058823529411765
3 0.7091911764705883 0.3908496732026144 0.05661764705882353 0.07320261437908496
3 0.6613970588235294 0.3986928104575163 0.06838235294117646 0.0784313725490196
3 0.6055147058823529 0.4163398692810457 0.05955882352941176 0.07712418300653594
5 0.5397058823529411 0.42483660130718953 0.061764705882352944 0.09673202614379084
0 0.6066176470588235 0.27908496732026145 0.010294117647058823 0.04836601307189542
0 0.6169117647058824 0.2803921568627451 0.010294117647058823 0.04836601307189542
3 0.47205882352941175 0.44967320261437904 0.05 0.0915032679738562
3 0.4125 0.45359477124183 0.058823529411764705 0.0915032679738562
3 0.3775735294117647 0.5078431372549019 0.06985294117647059 0.09803921568627451
3 0.31176470588235294 0.5032679738562091 0.05 0.10196078431372549
3 0.2338235294117647 0.48235294117647054 0.05 0.10196078431372549
0 0.22389705882352942 0.30653594771241827 0.0125 0.0457516339869281
9 0.18566176470588236 0.3509803921568627 0.019852941176470587 0.050980392156862744
9 0.19926470588235293 0.3522875816993464 0.01911764705882353 0.050980392156862744
7 0.12463235294117647 0.5464052287581699 0.06691176470588235 0.08104575163398692
1 0.11323529411764706 0.5516339869281045 0.016176470588235292 0.04183006535947712
3 0.15220588235294116 0.4836601307189542 0.055882352941176466 0.09673202614379084
1 0.00625 0.496078431372549 0.0125 0.05359477124183006
9 0.5503676470588236 0.27581699346405225 0.027205882352941177 0.03137254901960784
9 0.5816176470588236 0.30130718954248364 0.014705882352941176 0.03529411764705882
9 0.5827205882352942 0.3359477124183006 0.028676470588235293 0.0392156862745098
2 0.5625 0.3032679738562091 0.01764705882352941 0.047058823529411764
