3 0.4801470588235294 0.9653594771241829 0.057352941176470586 0.06928104575163398
8 0.027941176470588233 0.549673202614379 0.055882352941176466 0.12156862745098039
5 0.8272058823529411 0.584313725490196 0.11029411764705882 0.12810457516339868
5 0.3448529411764706 0.14509803921568626 0.026470588235294117 0.04183006535947712
5 0.4235294117647059 0.0869281045751634 0.016176470588235292 0.027450980392156862
5 0.46249999999999997 0.09803921568627451 0.013235294117647059 0.0261437908496732
3 0.5136029411764705 0.1764705882352941 0.009558823529411765 0.01568627450980392
3 0.48713235294117646 0.11699346405228757 0.008088235294117646 0.011764705882352941
3 0.45955882352941174 0.0869281045751634 0.0058823529411764705 0.00915032679738562
3 0.46691176470588236 0.0784313725490196 0.0058823529411764705 0.00784313725490196
3 0.506985294117647 0.0869281045751634 0.005147058823529412 0.00915032679738562
4 0.5003676470588235 0.07254901960784313 0.003676470588235294 0.00915032679738562
4 0.4849264705882353 0.06405228758169934 0.003676470588235294 0.00784313725490196
3 0.4930147058823529 0.058823529411764705 0.003676470588235294 0.00522875816993464
5 0.5084558823529411 0.065359477124183 0.005147058823529412 0.01568627450980392
5 0.5286764705882353 0.0784313725490196 0.007352941176470588 0.01830065359477124
5 0.5238970588235294 0.0457516339869281 0.005147058823529412 0.0130718954248366
3 0.5095588235294117 0.05359477124183006 0.0029411764705882353 0.00522875816993464
3 0.5022058823529412 0.05555555555555555 0.0029411764705882353 0.0065359477124183
5 0.9536764705882352 0.15947712418300652 0.055882352941176466 0.03398692810457516
