0 0.39375 0.430718954248366 0.015441176470588236 0.0718954248366013
0 0.5727941176470588 0.4947712418300653 0.025 0.06405228758169934
0 0.7547794117647059 0.6712418300653594 0.027205882352941177 0.058823529411764705
0 0.275 0.8875816993464052 0.027941176470588233 0.065359477124183
0 0.39705882352941174 0.6470588235294117 0.01911764705882353 0.065359477124183
0 0.09227941176470589 0.12091503267973855 0.02426470588235294 0.05359477124183006
0 0.10477941176470588 0.06209150326797385 0.01838235294117647 0.05359477124183006
0 0.1338235294117647 0.05424836601307189 0.01911764705882353 0.050980392156862744
0 0.14080882352941176 0.12156862745098039 0.019852941176470587 0.04967320261437908
0 0.1889705882352941 0.1045751633986928 0.014705882352941176 0.05751633986928104
2 0.18713235294117647 0.10522875816993463 0.028676470588235293 0.03790849673202614
0 0.2389705882352941 0.12549019607843137 0.013235294117647059 0.054901960784313725
0 0.2529411764705882 0.1718954248366013 0.013235294117647059 0.05359477124183006
1 0.23970588235294119 0.21176470588235294 0.011764705882352941 0.02875816993464052
1 0.23272058823529412 0.18562091503267972 0.015441176470588236 0.03137254901960784
1 0.23272058823529412 0.1588235294117647 0.006617647058823529 0.0196078431372549
1 0.2301470588235294 0.16666666666666666 0.010294117647058823 0.027450980392156862
1 0.2988970588235294 0.1790849673202614 0.013970588235294117 0.03137254901960784
1 0.3136029411764706 0.17516339869281045 0.011029411764705881 0.03398692810457516
1 0.3422794117647059 0.18758169934640523 0.011029411764705881 0.04052287581699346
0 0.33051470588235293 0.14509803921568626 0.009558823529411765 0.054901960784313725
0 0.3426470588235294 0.1287581699346405 0.010294117647058823 0.04836601307189542
0 0.3338235294117647 0.11045751633986928 0.008823529411764706 0.04052287581699346
0 0.325 0.11830065359477124 0.008823529411764706 0.03529411764705882
0 0.38125 0.09934640522875816 0.0125 0.0522875816993464
0 0.43419117647058825 0.09869281045751634 0.008088235294117646 0.05620915032679738
0 0.4485294117647059 0.09934640522875816 0.011764705882352941 0.04967320261437908
0 0.45330882352941176 0.07516339869281045 0.0125 0.04836601307189542
0 0.008823529411764706 0.15947712418300652 0.01764705882352941 0.054901960784313725
1 0.4099264705882353 0.03529411764705882 0.015441176470588236 0.0522875816993464
9 0.41066176470588234 0.045098039215686274 0.013970588235294117 0.050980392156862744
0 0.45808823529411763 0.02483660130718954 0.013235294117647059 0.04444444444444444
0 0.4738970588235294 0.05359477124183006 0.011029411764705881 0.0522875816993464
0 0.5150735294117647 0.03071895424836601 0.009558823529411765 0.05359477124183006
0 0.5198529411764706 0.02418300653594771 0.007352941176470588 0.04836601307189542
0 0.5363970588235294 0.03856209150326797 0.011029411764705881 0.04836601307189542
1 0.5459558823529411 0.03986928104575163 0.013970588235294117 0.03529411764705882
0 0.60625 0.03137254901960784 0.015441176470588236 0.0522875816993464
2 0.7485294117647059 0.2281045751633987 0.020588235294117647 0.04052287581699346
7 0.6408088235294117 0.041176470588235294 0.04779411764705882 0.06928104575163398
6 0.6294117647058823 0.07516339869281045 0.026470588235294117 0.0457516339869281
4 0.6915441176470588 0.0673202614379085 0.08455882352941177 0.0849673202614379
9 0.6856617647058824 0.130718954248366 0.025735294117647058 0.02875816993464052
9 0.6922794117647059 0.14248366013071895 0.025735294117647058 0.02875816993464052
7 0.7202205882352941 0.13529411764705881 0.05220588235294118 0.0718954248366013
9 0.7224264705882353 0.1718954248366013 0.021323529411764706 0.027450980392156862
3 0.7977941176470588 0.18366013071895423 0.057352941176470586 0.09542483660130718
3 0.8551470588235294 0.27908496732026145 0.08088235294117647 0.11372549019607843
3 0.9632352941176471 0.2633986928104575 0.07352941176470588 0.1241830065359477
3 0.8577205882352941 0.03398692810457516 0.06838235294117646 0.06797385620915032
3 0.9602941176470589 0.0522875816993464 0.075 0.0784313725490196
2 0.9889705882352942 0.1372549019607843 0.022058823529411763 0.04967320261437908
1 0.1161764705882353 0.42549019607843136 0.016176470588235292 0.027450980392156862
6 0.07573529411764705 0.296078431372549 0.055882352941176466 0.050980392156862744
5 0.03676470588235294 0.22745098039215686 0.051470588235294115 0.11764705882352941
1 0.07720588235294118 0.2875816993464052 0.016176470588235292 0.04183006535947712
