1 0.65390625 0.7824074074074074 0.03697916666666667 0.1277777777777778
2 0.6471354166666666 0.8407407407407408 0.05364583333333333 0.11851851851851852
0 0.6028645833333334 0.7166666666666667 0.0296875 0.12407407407407407
0 0.12109375 0.7310185185185185 0.03177083333333333 0.13425925925925927
1 0.09270833333333334 0.7078703703703704 0.034375 0.10833333333333334
2 0.08255208333333333 0.75 0.050520833333333334 0.10555555555555556
2 0.19140625 0.6976851851851852 0.044270833333333336 0.075
3 0.3888020833333333 0.6828703703703703 0.07447916666666667 0.1212962962962963
1 0.44479166666666664 0.6393518518518518 0.017708333333333333 0.0638888888888889
2 0.4513020833333333 0.6643518518518519 0.04010416666666666 0.05092592592592593
3 0.1875 0.8861111111111112 0.153125 0.22777777777777777
1 0.35182291666666665 0.8694444444444445 0.0671875 0.21851851851851853
9 0.365625 0.8902777777777778 0.12708333333333333 0.17500000000000002
3 0.49583333333333335 0.6361111111111112 0.04895833333333333 0.1
2 0.23203125 0.6370370370370371 0.030729166666666665 0.05925925925925926
2 0.14765625 0.65 0.0328125 0.05740740740740741
9 0.17994791666666665 0.6319444444444444 0.030729166666666665 0.0787037037037037
3 0.40390624999999997 0.5912037037037037 0.043229166666666666 0.0712962962962963
1 0.5705729166666667 0.8268518518518518 0.044270833333333336 0.1574074074074074
9 0.5716145833333334 0.8694444444444445 0.07552083333333333 0.14814814814814814
1 0.8674479166666667 0.8351851851851853 0.06510416666666667 0.17777777777777778
1 0.8513020833333333 0.7962962962962963 0.030729166666666665 0.14074074074074075
1 0.8533854166666667 0.8106481481481482 0.033854166666666664 0.12685185185185185
2 0.85234375 0.8712962962962963 0.10677083333333333 0.10185185185185186
2 0.8742187499999999 0.8768518518518519 0.12760416666666666 0.10185185185185186
6 0.8421875 0.8157407407407408 0.11666666666666667 0.11851851851851852
1 0.7174479166666666 0.951388888888889 0.05364583333333333 0.09722222222222222
1 0.6606770833333333 0.9541666666666667 0.059895833333333336 0.09166666666666667
1 0.7106770833333333 0.9023148148148149 0.057812499999999996 0.13796296296296298
2 0.68984375 0.9449074074074074 0.04635416666666667 0.11018518518518519
2 0.30182291666666666 0.6083333333333334 0.0234375 0.040740740740740744
3 0.33619791666666665 0.5787037037037037 0.0359375 0.053703703703703705
1 0.43072916666666666 0.5592592592592592 0.010416666666666666 0.03333333333333333
2 0.4317708333333333 0.575462962962963 0.0125 0.028703703703703703
4 0.47812499999999997 0.5972222222222222 0.04375 0.08518518518518518
4 0.46432291666666664 0.5560185185185186 0.022395833333333334 0.03796296296296296
3 0.46796875 0.5837962962962964 0.033854166666666664 0.03981481481481482
1 0.3645833333333333 0.576388888888889 0.014583333333333334 0.04537037037037037
2 0.365625 0.5925925925925926 0.021875 0.031481481481481485
3 0.3484375 0.5675925925925926 0.028125 0.04259259259259259
3 0.39921875 0.5518518518518519 0.0265625 0.03518518518518519
6 0.36302083333333335 0.5560185185185186 0.021875 0.036111111111111115
3 0.37135416666666665 0.5462962962962963 0.020833333333333332 0.02962962962962963
1 0.43072916666666666 0.8236111111111112 0.022916666666666665 0.17500000000000002
2 0.44114583333333335 0.8495370370370371 0.10208333333333333 0.1398148148148148
0 0.5013020833333334 0.5657407407407408 0.011979166666666666 0.040740740740740744
1 0.48984374999999997 0.5537037037037037 0.0078125 0.022222222222222223
