6 0.975735294117647 0.9019607843137254 0.04852941176470588 0.1411764705882353
3 0.7764705882352941 0.7888888888888889 0.11911764705882352 0.17124183006535945
3 0.7411764705882353 0.5928104575163399 0.11323529411764706 0.1111111111111111
3 0.7352941176470588 0.4163398692810457 0.11176470588235293 0.08235294117647059
3 0.6966911764705882 0.26078431372549016 0.07720588235294118 0.10326797385620914
3 0.6540441176470588 0.09215686274509803 0.07867647058823529 0.08235294117647059
3 0.6992647058823529 0.04248366013071895 0.08235294117647059 0.058823529411764705
0 0.3139705882352941 0.7098039215686274 0.014705882352941176 0.06274509803921569
0 0.26838235294117646 0.7045751633986927 0.030882352941176472 0.07058823529411765
3 0.07683823529411765 0.9542483660130718 0.1125 0.0915032679738562
9 0.9874999999999999 0.24705882352941175 0.022058823529411763 0.06013071895424836
1 0.9904411764705883 0.2392156862745098 0.014705882352941176 0.0522875816993464
0 0.8933823529411764 0.07058823529411765 0.016176470588235292 0.04967320261437908
0 0.8926470588235293 0.021568627450980392 0.011764705882352941 0.03529411764705882
