0 0.371875 0.7796296296296297 0.014583333333333334 0.06296296296296297
1 0.4046875 0.7231481481481482 0.011458333333333333 0.02777777777777778
1 0.19739583333333333 0.5944444444444444 0.009375 0.022222222222222223
0 0.078125 0.6787037037037037 0.0125 0.05
1 0.08020833333333333 0.6675925925925926 0.00625 0.024074074074074074
0 0.09739583333333333 0.7138888888888889 0.013541666666666667 0.0462962962962963
0 0.1109375 0.6925925925925926 0.013541666666666667 0.05185185185185186
0 0.11041666666666666 0.7787037037037038 0.010416666666666666 0.05740740740740741
0 0.11145833333333333 0.7416666666666667 0.00625 0.031481481481481485
0 0.10729166666666666 0.7555555555555555 0.004166666666666667 0.022222222222222223
0 0.11770833333333333 0.7537037037037038 0.008333333333333333 0.022222222222222223
0 0.12083333333333333 0.7712962962962964 0.008333333333333333 0.031481481481481485
0 0.1296875 0.7657407407407407 0.009375 0.02777777777777778
0 0.1296875 0.7361111111111112 0.011458333333333333 0.04259259259259259
0 0.15260416666666665 0.7555555555555555 0.009375 0.044444444444444446
0 0.16510416666666666 0.7407407407407408 0.013541666666666667 0.04814814814814815
1 0.2703125 0.6074074074074074 0.007291666666666667 0.022222222222222223
1 0.2791666666666667 0.6055555555555556 0.008333333333333333 0.02592592592592593
1 0.3015625 0.6027777777777777 0.009375 0.02777777777777778
0 0.26145833333333335 0.9370370370370371 0.0125 0.07037037037037037
0 0.5234375 0.9805555555555556 0.013541666666666667 0.03518518518518519
0 0.5036458333333333 0.9768518518518519 0.013541666666666667 0.0462962962962963
2 0.4276041666666667 0.7527777777777778 0.036458333333333336 0.02777777777777778
0 0.4067708333333333 0.6638888888888889 0.009375 0.04259259259259259
0 0.4375 0.6583333333333333 0.010416666666666666 0.0462962962962963
0 0.4552083333333333 0.6861111111111111 0.00625 0.02777777777777778
0 0.44635416666666666 0.675 0.009375 0.0462962962962963
0 0.4479166666666667 0.6657407407407407 0.008333333333333333 0.04259259259259259
0 0.45 0.6527777777777778 0.00625 0.03518518518518519
0 0.45729166666666665 0.6592592592592593 0.008333333333333333 0.037037037037037035
0 0.471875 0.6611111111111111 0.0125 0.040740740740740744
0 0.3609375 0.5407407407407407 0.011458333333333333 0.040740740740740744
0 0.37395833333333334 0.5435185185185185 0.008333333333333333 0.03888888888888889
0 0.3984375 0.5425925925925926 0.011458333333333333 0.040740740740740744
0 0.41510416666666666 0.5472222222222223 0.013541666666666667 0.03888888888888889
0 0.44375 0.5453703703703704 0.0125 0.03888888888888889
0 0.48072916666666665 0.549074074074074 0.009375 0.03888888888888889
0 0.5020833333333333 0.55 0.0125 0.040740740740740744
0 0.53125 0.675 0.0125 0.05
0 0.5177083333333333 0.7555555555555555 0.008333333333333333 0.044444444444444446
0 0.5166666666666666 0.7416666666666667 0.010416666666666666 0.05
1 0.5203125 0.7324074074074074 0.007291666666666667 0.020370370370370372
0 0.5671875 0.7074074074074075 0.009375 0.04814814814814815
0 0.6046875 0.7342592592592593 0.007291666666666667 0.04259259259259259
0 0.603125 0.8055555555555556 0.0125 0.05925925925925926
0 0.6104166666666666 0.7935185185185185 0.014583333333333334 0.061111111111111116
0 0.8958333333333334 0.5888888888888889 0.008333333333333333 0.04814814814814815
0 0.8786458333333333 0.6203703703703703 0.013541666666666667 0.04814814814814815
0 0.8208333333333333 0.6111111111111112 0.0125 0.040740740740740744
0 0.8177083333333334 0.6064814814814815 0.0125 0.03888888888888889
0 0.7166666666666667 0.5805555555555556 0.014583333333333334 0.04259259259259259
0 0.9520833333333333 0.9574074074074075 0.020833333333333332 0.07777777777777778
0 0.96875 0.9472222222222223 0.016666666666666666 0.06851851851851852
0 0.6375 0.8657407407407408 0.016666666666666666 0.06851851851851852
0 0.634375 0.700925925925926 0.008333333333333333 0.03888888888888889
0 0.6411458333333333 0.7064814814814815 0.007291666666666667 0.03888888888888889
1 0.6369791666666667 0.750925925925926 0.009375 0.020370370370370372
0 0.65 0.7055555555555556 0.008333333333333333 0.044444444444444446
0 0.6552083333333333 0.7333333333333334 0.010416666666666666 0.05185185185185186
0 0.6552083333333333 0.7166666666666667 0.008333333333333333 0.040740740740740744
0 0.6755208333333333 0.6768518518518519 0.009375 0.053703703703703705
0 0.6864583333333333 0.6722222222222223 0.010416666666666666 0.03333333333333333
0 0.6921875 0.6601851851851852 0.011458333333333333 0.04259259259259259
0 0.7026041666666667 0.675 0.009375 0.04259259259259259
0 0.7057291666666666 0.6694444444444445 0.009375 0.0462962962962963
0 0.7255208333333333 0.6759259259259259 0.011458333333333333 0.04814814814814815
0 0.6713541666666667 0.787962962962963 0.015625 0.061111111111111116
0 0.7104166666666667 0.7574074074074074 0.0125 0.04814814814814815
0 0.715625 0.7611111111111112 0.008333333333333333 0.03333333333333333
0 0.7239583333333334 0.7611111111111112 0.008333333333333333 0.040740740740740744
0 0.7192708333333333 0.7916666666666667 0.009375 0.053703703703703705
0 0.728125 0.7944444444444445 0.00625 0.040740740740740744
0 0.7338541666666667 0.7648148148148148 0.011458333333333333 0.05185185185185186
0 0.7125 0.7314814814814815 0.010416666666666666 0.03333333333333333
0 0.7229166666666667 0.7342592592592593 0.014583333333333334 0.03888888888888889
0 0.7348958333333333 0.7361111111111112 0.011458333333333333 0.04259259259259259
0 0.7416666666666667 0.6962962962962963 0.0125 0.044444444444444446
0 0.7651041666666667 0.7055555555555556 0.019791666666666666 0.05555555555555556
0 0.7463541666666667 0.7398148148148148 0.011458333333333333 0.04259259259259259
0 0.7453125 0.7703703703703704 0.009375 0.044444444444444446
1 0.753125 0.7527777777777778 0.008333333333333333 0.02777777777777778
1 0.75625 0.7472222222222222 0.004166666666666667 0.016666666666666666
0 0.7869791666666667 0.712962962962963 0.015625 0.05555555555555556
0 0.7635416666666667 0.7685185185185186 0.0125 0.05555555555555556
0 0.7791666666666667 0.7685185185185186 0.0125 0.04814814814814815
0 0.7958333333333333 0.7870370370370371 0.0125 0.05555555555555556
0 0.8015625 0.7898148148148149 0.015625 0.053703703703703705
1 0.8072916666666666 0.775 0.00625 0.024074074074074074
1 0.8546874999999999 0.6787037037037037 0.011458333333333333 0.04259259259259259
0 0.8526041666666666 0.725 0.009375 0.03888888888888889
0 0.8109375 0.8194444444444445 0.013541666666666667 0.061111111111111116
0 0.8385416666666666 0.8120370370370371 0.016666666666666666 0.06481481481481481
0 0.8354166666666667 0.7722222222222223 0.008333333333333333 0.03333333333333333
0 0.853125 0.8037037037037037 0.016666666666666666 0.05555555555555556
0 0.859375 0.8277777777777778 0.008333333333333333 0.02962962962962963
0 0.8578125 0.7694444444444445 0.009375 0.0462962962962963
0 0.8630208333333333 0.7777777777777778 0.009375 0.04814814814814815
0 0.5479166666666666 0.5333333333333333 0.008333333333333333 0.037037037037037035
0 0.5619791666666667 0.4666666666666667 0.007291666666666667 0.03333333333333333
