0 0.011397058823529411 0.968627450980392 0.01838235294117647 0.06274509803921569
3 0.05330882352941176 0.9366013071895424 0.10661764705882353 0.12679738562091503
4 0.2900735294117647 0.9143790849673202 0.07426470588235294 0.17124183006535945
0 0.27242647058823527 0.5686274509803921 0.013970588235294117 0.05751633986928104
9 0.10110294117647059 0.4790849673202614 0.021323529411764706 0.043137254901960784
9 0.028676470588235293 0.5261437908496732 0.030882352941176472 0.0457516339869281
9 0.03566176470588235 0.5169934640522875 0.03308823529411765 0.03006535947712418
6 0.16911764705882354 0.5248366013071895 0.03676470588235294 0.07450980392156863
8 0.24080882352941177 0.4209150326797385 0.09632352941176471 0.18823529411764706
3 0.23933823529411766 0.3529411764705882 0.03455882352941177 0.054901960784313725
4 0.3613970588235294 0.4549019607843137 0.0375 0.08888888888888888
3 0.32573529411764707 0.3732026143790849 0.032352941176470584 0.06666666666666667
3 0.36727941176470585 0.35947712418300654 0.030147058823529412 0.05751633986928104
3 0.2875 0.30130718954248364 0.03529411764705882 0.050980392156862744
0 0.2963235294117647 0.30196078431372547 0.013235294117647059 0.0261437908496732
1 0.32169117647058826 0.3052287581699346 0.009558823529411765 0.0326797385620915
1 0.34375 0.27908496732026145 0.008088235294117646 0.0326797385620915
1 0.33492647058823527 0.2620915032679738 0.009558823529411765 0.0326797385620915
1 0.33455882352941174 0.2568627450980392 0.007352941176470588 0.02483660130718954
1 0.3099264705882353 0.24705882352941175 0.008088235294117646 0.03398692810457516
1 0.30772058823529413 0.23529411764705882 0.006617647058823529 0.02875816993464052
9 0.32279411764705884 0.3156862745098039 0.010294117647058823 0.0326797385620915
9 0.34338235294117647 0.2895424836601307 0.008823529411764706 0.027450980392156862
9 0.3338235294117647 0.269281045751634 0.007352941176470588 0.023529411764705882
2 0.3095588235294118 0.25816993464052285 0.007352941176470588 0.02222222222222222
2 0.30772058823529413 0.24771241830065358 0.008088235294117646 0.02483660130718954
3 0.28161764705882353 0.25555555555555554 0.026470588235294117 0.0457516339869281
4 0.27683823529411766 0.23202614379084965 0.04926470588235294 0.04836601307189542
4 0.2323529411764706 0.22614379084967318 0.054411764705882354 0.04183006535947712
4 0.38088235294117645 0.2620915032679738 0.025 0.058823529411764705
3 0.28308823529411764 0.17124183006535945 0.041176470588235294 0.03398692810457516
1 0.24779411764705883 0.16078431372549018 0.007352941176470588 0.01568627450980392
3 0.3139705882352941 0.1738562091503268 0.020588235294117647 0.03398692810457516
3 0.3363970588235294 0.1803921568627451 0.019852941176470587 0.03660130718954248
3 0.3452205882352941 0.15816993464052287 0.01838235294117647 0.03398692810457516
0 0.30661764705882355 0.16013071895424835 0.0058823529411764705 0.02222222222222222
0 0.31323529411764706 0.15620915032679739 0.0058823529411764705 0.02483660130718954
0 0.32095588235294115 0.15294117647058822 0.005147058823529412 0.02091503267973856
0 0.32426470588235295 0.16339869281045752 0.0058823529411764705 0.0261437908496732
0 0.32830882352941176 0.15620915032679739 0.005147058823529412 0.03006535947712418
0 0.33198529411764705 0.15947712418300652 0.005147058823529412 0.0261437908496732
1 0.36838235294117644 0.14901960784313725 0.007352941176470588 0.023529411764705882
1 0.3761029411764706 0.09673202614379084 0.005147058823529412 0.01830065359477124
9 0.36838235294117644 0.15620915032679739 0.0058823529411764705 0.0196078431372549
9 0.3764705882352941 0.10196078431372549 0.0058823529411764705 0.01568627450980392
0 0.3551470588235294 0.11176470588235293 0.0029411764705882353 0.0196078431372549
0 0.3518382352941176 0.10980392156862745 0.003676470588235294 0.02091503267973856
0 0.35220588235294115 0.1045751633986928 0.004411764705882353 0.01830065359477124
0 0.36066176470588235 0.09215686274509803 0.003676470588235294 0.0196078431372549
0 0.3636029411764706 0.08300653594771241 0.003676470588235294 0.02222222222222222
0 0.3676470588235294 0.0915032679738562 0.004411764705882353 0.023529411764705882
0 0.36875 0.08169934640522876 0.003676470588235294 0.0196078431372549
0 0.3386029411764706 0.09019607843137255 0.005147058823529412 0.023529411764705882
3 0.3448529411764706 0.1045751633986928 0.01764705882352941 0.0261437908496732
3 0.29191176470588237 0.12941176470588234 0.041176470588235294 0.0261437908496732
3 0.3 0.11699346405228757 0.03823529411764706 0.02483660130718954
3 0.31580882352941175 0.10326797385620914 0.03602941176470588 0.023529411764705882
4 0.3084558823529412 0.08562091503267973 0.027205882352941177 0.027450980392156862
4 0.34375 0.08300653594771241 0.03308823529411765 0.02483660130718954
3 0.3536764705882353 0.0738562091503268 0.013235294117647059 0.02222222222222222
4 0.33308823529411763 0.05555555555555555 0.025 0.02483660130718954
4 0.34963235294117645 0.03725490196078431 0.025735294117647058 0.02222222222222222
3 0.36727941176470585 0.02875816993464052 0.019852941176470587 0.01830065359477124
3 0.3525735294117647 0.0196078431372549 0.02426470588235294 0.01568627450980392
3 0.34963235294117645 0.013725490196078431 0.025735294117647058 0.01699346405228758
3 0.35404411764705884 0.00980392156862745 0.02426470588235294 0.01437908496732026
0 0.37941176470588234 0.0261437908496732 0.004411764705882353 0.01830065359477124
0 0.38566176470588237 0.02679738562091503 0.005147058823529412 0.0196078431372549
1 0.3709558823529412 0.011764705882352941 0.005147058823529412 0.01568627450980392
9 0.37022058823529413 0.01503267973856209 0.003676470588235294 0.011764705882352941
4 0.4047794117647059 0.0784313725490196 0.013970588235294117 0.0261437908496732
4 0.4426470588235294 0.14444444444444443 0.027941176470588233 0.04052287581699346
4 0.48933823529411763 0.18823529411764706 0.021323529411764706 0.0392156862745098
3 0.48161764705882354 0.12941176470588234 0.01764705882352941 0.0261437908496732
4 0.4632352941176471 0.08039215686274509 0.013235294117647059 0.027450980392156862
3 0.4713235294117647 0.04183006535947712 0.011764705882352941 0.02091503267973856
4 0.5014705882352941 0.054901960784313725 0.011764705882352941 0.023529411764705882
4 0.5253676470588236 0.05555555555555555 0.013970588235294117 0.0196078431372549
6 0.5319852941176471 0.0738562091503268 0.008088235294117646 0.01699346405228758
1 0.5316176470588235 0.06993464052287582 0.004411764705882353 0.011764705882352941
1 0.49558823529411766 0.03660130718954248 0.004411764705882353 0.0130718954248366
9 0.4948529411764706 0.04052287581699346 0.004411764705882353 0.01045751633986928
0 0.4944852941176471 0.00915032679738562 0.003676470588235294 0.01568627450980392
0 0.5055147058823529 0.02287581699346405 0.003676470588235294 0.01699346405228758
1 0.5128676470588235 0.16470588235294117 0.005147058823529412 0.01830065359477124
6 0.5143382352941176 0.17450980392156862 0.015441176470588236 0.0326797385620915
6 0.5290441176470588 0.1549019607843137 0.015441176470588236 0.03790849673202614
3 0.7591911764705882 0.918954248366013 0.1125 0.16209150326797384
8 0.8183823529411764 0.7261437908496732 0.1661764705882353 0.322875816993464
0 0.8665441176470589 0.6581699346405229 0.019852941176470587 0.06405228758169934
0 0.8720588235294118 0.6895424836601307 0.013235294117647059 0.06666666666666667
4 0.7621323529411764 0.40784313725490196 0.06397058823529411 0.065359477124183
1 0.6481617647058824 0.461437908496732 0.011029411764705881 0.03137254901960784
1 0.6459558823529412 0.45032679738562087 0.013970588235294117 0.03529411764705882
9 0.6463235294117647 0.46274509803921565 0.010294117647058823 0.04444444444444444
6 0.7066176470588236 0.3183006535947712 0.01764705882352941 0.03529411764705882
0 0.74375 0.32679738562091504 0.011029411764705881 0.04444444444444444
0 0.7448529411764706 0.2954248366013072 0.007352941176470588 0.03398692810457516
0 0.7518382352941176 0.2980392156862745 0.008088235294117646 0.0392156862745098
2 0.7183823529411765 0.28888888888888886 0.011764705882352941 0.03137254901960784
2 0.6955882352941176 0.2745098039215686 0.011764705882352941 0.02875816993464052
1 0.68125 0.25163398692810457 0.009558823529411765 0.02222222222222222
0 0.6591911764705882 0.24967320261437906 0.006617647058823529 0.03398692810457516
4 0.6283088235294118 0.265359477124183 0.022794117647058822 0.0522875816993464
4 0.6470588235294118 0.21111111111111108 0.020588235294117647 0.043137254901960784
4 0.6044117647058823 0.21503267973856208 0.030882352941176472 0.04052287581699346
9 0.5856617647058824 0.17058823529411762 0.016911764705882352 0.0196078431372549
3 0.5724264705882353 0.1588235294117647 0.021323529411764706 0.03006535947712418
9 0.6165441176470589 0.16078431372549018 0.015441176470588236 0.01830065359477124
5 0.5988970588235294 0.14052287581699346 0.04044117647058824 0.0326797385620915
0 0.5544117647058824 0.13986928104575164 0.004411764705882353 0.0261437908496732
6 0.549264705882353 0.14248366013071895 0.011764705882352941 0.023529411764705882
3 0.5933823529411765 0.1261437908496732 0.029411764705882353 0.02222222222222222
3 0.5863970588235294 0.11045751633986928 0.03161764705882353 0.02222222222222222
4 0.5713235294117647 0.10130718954248365 0.030882352941176472 0.027450980392156862
9 0.6 0.11437908496732026 0.013235294117647059 0.01437908496732026
4 0.5727941176470588 0.0738562091503268 0.027941176470588233 0.02483660130718954
4 0.5540441176470589 0.05555555555555555 0.02426470588235294 0.02222222222222222
3 0.5503676470588236 0.05424836601307189 0.02426470588235294 0.01437908496732026
4 0.55 0.050980392156862744 0.025 0.02091503267973856
4 0.549264705882353 0.04444444444444444 0.029411764705882353 0.023529411764705882
4 0.5408088235294117 0.03071895424836601 0.02426470588235294 0.01699346405228758
4 0.5411764705882353 0.02679738562091503 0.023529411764705882 0.0196078431372549
4 0.5330882352941176 0.02222222222222222 0.020588235294117647 0.01830065359477124
3 0.5176470588235293 0.3803921568627451 0.030882352941176472 0.054901960784313725
