3 0.3190104166666667 0.9833333333333334 0.03802083333333333 0.03333333333333333
3 0.278125 0.9652777777777778 0.04479166666666667 0.06944444444444445
3 0.3020833333333333 0.8583333333333334 0.034375 0.07962962962962963
7 0.45026041666666666 0.6671296296296296 0.0140625 0.04351851851851852
3 0.3403645833333333 0.9185185185185185 0.04114583333333333 0.09444444444444444
3 0.34869791666666666 0.837037037037037 0.03697916666666667 0.07222222222222223
3 0.38203125 0.6972222222222223 0.025520833333333333 0.04814814814814815
3 0.340625 0.7472222222222222 0.04479166666666667 0.06481481481481481
4 0.35651041666666666 0.6523148148148148 0.022395833333333334 0.05277777777777778
3 0.4544270833333333 0.7337962962962963 0.0234375 0.049074074074074076
3 0.4005208333333333 0.6041666666666667 0.019791666666666666 0.036111111111111115
1 0.0390625 0.9606481481481481 0.020833333333333332 0.026851851851851852
0 0.030989583333333334 0.987037037037037 0.015104166666666667 0.02592592592592593
0 0.15546875 0.9541666666666667 0.0140625 0.04537037037037037
0 0.012239583333333333 0.8986111111111111 0.011979166666666666 0.04351851851851852
0 0.0375 0.8986111111111111 0.0125 0.04166666666666667
0 0.07916666666666666 0.7768518518518519 0.008333333333333333 0.03888888888888889
0 0.14088541666666665 0.6861111111111111 0.0078125 0.03333333333333333
0 0.15026041666666667 0.6828703703703703 0.0067708333333333336 0.03425925925925926
0 0.19427083333333334 0.6949074074074074 0.007291666666666667 0.028703703703703703
0 0.125 0.6587962962962963 0.008333333333333333 0.032407407407407406
0 0.011197916666666667 0.6833333333333333 0.009895833333333333 0.018518518518518517
0 0.015364583333333333 0.6708333333333334 0.009895833333333333 0.019444444444444445
0 0.03958333333333333 0.5967592592592593 0.00625 0.028703703703703703
0 0.11197916666666667 0.6013888888888889 0.00625 0.028703703703703703
0 0.13515625 0.6027777777777777 0.005729166666666666 0.024074074074074074
0 0.1515625 0.5768518518518518 0.005208333333333333 0.018518518518518517
0 0.05859375 0.5657407407407408 0.0067708333333333336 0.022222222222222223
0 0.19791666666666666 0.537962962962963 0.004166666666666667 0.020370370370370372
0 0.11380208333333333 0.5518518518518519 0.0036458333333333334 0.020370370370370372
0 0.0671875 0.9101851851851852 0.009375 0.037037037037037035
1 0.07161458333333333 0.8976851851851853 0.005729166666666666 0.017592592592592594
0 0.08229166666666667 0.8638888888888889 0.010416666666666666 0.03888888888888889
0 0.07239583333333333 0.8601851851851852 0.005208333333333333 0.02777777777777778
1 0.07708333333333334 0.8611111111111112 0.008333333333333333 0.02777777777777778
0 0.08463541666666667 0.7435185185185186 0.0078125 0.03888888888888889
1 0.01171875 0.7592592592592593 0.011979166666666666 0.02592592592592593
9 0.02786458333333333 0.7680555555555556 0.018229166666666668 0.019444444444444445
9 0.029947916666666668 0.7564814814814815 0.018229166666666668 0.018518518518518517
1 0.0265625 0.7472222222222222 0.011458333333333333 0.022222222222222223
0 0.048177083333333336 0.7560185185185185 0.011979166666666666 0.03981481481481482
2 0.04609375 0.763425925925926 0.0203125 0.026851851851851852
1 0.0328125 0.7342592592592593 0.007291666666666667 0.020370370370370372
7 0.037760416666666664 0.7314814814814815 0.025520833333333333 0.03518518518518519
7 0.04114583333333333 0.7199074074074074 0.026041666666666668 0.03425925925925926
7 0.05546875 0.7106481481481481 0.03177083333333333 0.04166666666666667
7 0.1953125 0.8018518518518519 0.03958333333333333 0.0462962962962963
0 0.16067708333333333 0.925 0.0067708333333333336 0.02777777777777778
0 0.16927083333333334 0.9162037037037037 0.008333333333333333 0.04537037037037037
9 0.171875 0.9027777777777778 0.022916666666666665 0.024074074074074074
0 0.018229166666666668 0.6467592592592593 0.007291666666666667 0.021296296296296296
1 0.07708333333333334 0.7101851851851853 0.009375 0.024074074074074074
0 0.09348958333333333 0.7027777777777778 0.005729166666666666 0.03333333333333333
9 0.09479166666666666 0.7064814814814815 0.017708333333333333 0.022222222222222223
1 0.12161458333333333 0.6152777777777778 0.005729166666666666 0.017592592592592594
9 0.12317708333333333 0.6217592592592592 0.009895833333333333 0.026851851851851852
3 0.078125 0.6893518518518519 0.014583333333333334 0.019444444444444445
0 0.07395833333333333 0.6097222222222223 0.005208333333333333 0.01388888888888889
0 0.07447916666666667 0.6032407407407407 0.00625 0.025
0 0.07604166666666666 0.5796296296296296 0.008333333333333333 0.02592592592592593
1 0.08489583333333334 0.5949074074074074 0.007291666666666667 0.021296296296296296
9 0.08463541666666667 0.6013888888888889 0.0078125 0.021296296296296296
0 0.13046875 0.5856481481481481 0.005729166666666666 0.015740740740740743
0 0.13984375 0.5717592592592593 0.005729166666666666 0.025
1 0.15 0.6319444444444444 0.010416666666666666 0.026851851851851852
9 0.14921875 0.6370370370370371 0.008854166666666666 0.022222222222222223
1 0.18802083333333333 0.6407407407407407 0.008333333333333333 0.018518518518518517
1 0.19296875 0.6569444444444444 0.008854166666666666 0.019444444444444445
1 0.24765625 0.7018518518518518 0.0046875 0.018518518518518517
1 0.25338541666666664 0.7074074074074075 0.0078125 0.02777777777777778
1 0.20755208333333333 0.5865740740740741 0.0078125 0.017592592592592594
1 0.41432291666666665 0.6824074074074075 0.0067708333333333336 0.018518518518518517
1 0.42161458333333335 0.6013888888888889 0.005729166666666666 0.019444444444444445
1 0.46901041666666665 0.5550925925925926 0.005729166666666666 0.019444444444444445
1 0.47031249999999997 0.6300925925925926 0.007291666666666667 0.01388888888888889
1 0.40572916666666664 0.6638888888888889 0.00625 0.016666666666666666
0 0.25703125 0.6967592592592593 0.0067708333333333336 0.028703703703703703
9 0.253125 0.7134259259259259 0.017708333333333333 0.015740740740740743
9 0.19401041666666666 0.6680555555555556 0.008854166666666666 0.017592592592592594
9 0.1890625 0.6527777777777778 0.009375 0.016666666666666666
0 0.18411458333333333 0.5981481481481482 0.0078125 0.018518518518518517
0 0.19010416666666666 0.6023148148148149 0.00625 0.025
9 0.18645833333333334 0.6097222222222223 0.008333333333333333 0.017592592592592594
0 0.14088541666666665 0.5458333333333334 0.0067708333333333336 0.026851851851851852
0 0.06510416666666667 0.5476851851851852 0.008333333333333333 0.025
0 0.06927083333333334 0.5504629629629629 0.004166666666666667 0.019444444444444445
0 0.06875 0.5412037037037037 0.005208333333333333 0.019444444444444445
0 0.0640625 0.5472222222222223 0.005208333333333333 0.018518518518518517
1 0.10651041666666666 0.5462962962962963 0.0046875 0.018518518518518517
7 0.10546875 0.5435185185185185 0.0078125 0.02592592592592593
0 0.1125 0.5310185185185186 0.00625 0.017592592592592594
9 0.11354166666666667 0.5398148148148149 0.013541666666666667 0.016666666666666666
1 0.12317708333333333 0.525462962962963 0.005729166666666666 0.017592592592592594
1 0.14036458333333332 0.5226851851851853 0.005729166666666666 0.015740740740740743
0 0.11354166666666667 0.5212962962962964 0.005208333333333333 0.020370370370370372
1 0.04348958333333333 0.5236111111111111 0.0067708333333333336 0.017592592592592594
1 0.04973958333333333 0.5222222222222223 0.0067708333333333336 0.016666666666666666
7 0.15598958333333332 0.5462962962962963 0.013020833333333334 0.02777777777777778
9 0.20885416666666667 0.5949074074074074 0.007291666666666667 0.017592592592592594
1 0.3229166666666667 0.6050925925925926 0.005208333333333333 0.017592592592592594
0 0.17890625 0.549537037037037 0.0067708333333333336 0.02314814814814815
1 0.17447916666666666 0.549074074074074 0.004166666666666667 0.012962962962962964
2 0.175 0.5560185185185186 0.00625 0.01388888888888889
1 0.17265625 0.5361111111111111 0.0067708333333333336 0.016666666666666666
9 0.1734375 0.5398148148148149 0.013541666666666667 0.014814814814814815
1 0.1609375 0.5143518518518518 0.004166666666666667 0.021296296296296296
3 0.159375 0.5185185185185185 0.015625 0.012962962962962964
1 0.1671875 0.5064814814814815 0.003125 0.018518518518518517
1 0.16432291666666665 0.5078703703703704 0.0036458333333333334 0.019444444444444445
1 0.18697916666666667 0.4902777777777778 0.005208333333333333 0.012037037037037037
7 0.18854166666666666 0.4865740740740741 0.0125 0.021296296296296296
7 0.19453125 0.4800925925925926 0.0203125 0.026851851851851852
1 0.21458333333333332 0.5291666666666667 0.005208333333333333 0.01388888888888889
7 0.21328125 0.5171296296296296 0.0140625 0.030555555555555558
1 0.23723958333333334 0.5351851851851852 0.005729166666666666 0.016666666666666666
1 0.23958333333333334 0.5324074074074074 0.005208333333333333 0.016666666666666666
0 0.259375 0.5402777777777777 0.007291666666666667 0.02314814814814815
9 0.22760416666666666 0.5361111111111111 0.008333333333333333 0.016666666666666666
6 0.3140625 0.6069444444444445 0.028125 0.028703703703703703
7 0.378125 0.562962962962963 0.03125 0.02777777777777778
9 0.340625 0.5782407407407407 0.014583333333333334 0.017592592592592594
9 0.32708333333333334 0.5513888888888889 0.014583333333333334 0.017592592592592594
7 0.34348958333333335 0.5694444444444444 0.021354166666666667 0.024074074074074074
9 0.35182291666666665 0.5564814814814815 0.019270833333333334 0.022222222222222223
0 0.3911458333333333 0.5638888888888889 0.007291666666666667 0.02592592592592593
9 0.30104166666666665 0.7703703703703704 0.017708333333333333 0.020370370370370372
1 0.31354166666666666 0.7981481481481482 0.009375 0.022222222222222223
1 0.3145833333333333 0.7870370370370371 0.00625 0.020370370370370372
7 0.3125 0.7680555555555556 0.015625 0.03425925925925926
0 0.40130208333333334 0.6300925925925926 0.005729166666666666 0.026851851851851852
0 0.4067708333333333 0.6324074074074074 0.004166666666666667 0.024074074074074074
1 0.4513020833333333 0.5055555555555555 0.0046875 0.014814814814814815
1 0.46640624999999997 0.5120370370370371 0.005729166666666666 0.014814814814814815
3 0.5018229166666667 0.6240740740740741 0.0359375 0.05185185185185186
1 0.40260416666666665 0.5768518518518518 0.00625 0.016666666666666666
1 0.4 0.576388888888889 0.003125 0.008333333333333333
0 0.2734375 0.5398148148148149 0.007291666666666667 0.020370370370370372
9 0.41354166666666664 0.6939814814814815 0.008333333333333333 0.026851851851851852
9 0.4515625 0.5125000000000001 0.00625 0.015740740740740743
9 0.4666666666666667 0.5199074074074074 0.00625 0.01388888888888889
2 0.4049479166666667 0.674537037037037 0.0046875 0.021296296296296296
2 0.42109375 0.6134259259259259 0.0026041666666666665 0.017592592592592594
2 0.46875 0.563425925925926 0.005208333333333333 0.015740740740740743
9 0.47031249999999997 0.6444444444444445 0.007291666666666667 0.018518518518518517
1 0.46848958333333335 0.6671296296296296 0.0067708333333333336 0.017592592592592594
7 0.4692708333333333 0.6675925925925926 0.0125 0.037037037037037035
0 0.025520833333333333 0.899537037037037 0.007291666666666667 0.03796296296296296
1 0.027604166666666666 0.8902777777777778 0.00625 0.017592592592592594
1 0.06380208333333333 0.7550925925925926 0.005729166666666666 0.017592592592592594
1 0.06848958333333333 0.7472222222222222 0.0067708333333333336 0.022222222222222223
9 0.06927083333333334 0.7564814814814815 0.014583333333333334 0.02777777777777778
7 0.38255208333333335 0.6583333333333333 0.0171875 0.03333333333333333
