9 0.7401041666666667 0.9666666666666667 0.04479166666666667 0.06666666666666667
1 0.740625 0.9564814814814815 0.022916666666666665 0.06851851851851852
3 0.9109375 0.8398148148148148 0.165625 0.11666666666666667
3 0.8505208333333333 0.7601851851851852 0.14479166666666665 0.10555555555555556
3 0.6635416666666667 0.7074074074074075 0.075 0.08148148148148149
5 0.5223958333333333 0.7037037037037037 0.059375 0.11481481481481481
3 0.7791666666666667 0.6694444444444445 0.1125 0.07592592592592592
6 0.8895833333333333 0.687962962962963 0.058333333333333334 0.07962962962962963
1 0.9010416666666666 0.6768518518518519 0.022916666666666665 0.05740740740740741
3 0.9598958333333333 0.6638888888888889 0.08020833333333333 0.08333333333333334
0 0.1125 0.9601851851851853 0.025 0.07962962962962963
6 0.134375 0.9009259259259259 0.07083333333333333 0.10555555555555556
3 0.049479166666666664 0.7972222222222223 0.096875 0.13518518518518519
0 0.13645833333333332 0.7759259259259259 0.014583333333333334 0.05925925925925926
6 0.1578125 0.7722222222222223 0.036458333333333336 0.07777777777777778
9 0.16041666666666665 0.6990740740740741 0.022916666666666665 0.05740740740740741
9 0.14583333333333334 0.6842592592592592 0.01875 0.05
9 0.23802083333333332 0.674074074074074 0.021875 0.044444444444444446
9 0.38177083333333334 0.6712962962962963 0.034375 0.04259259259259259
9 0.47812499999999997 0.6453703703703704 0.0125 0.04259259259259259
9 0.4505208333333333 0.612037037037037 0.011458333333333333 0.03888888888888889
9 0.5364583333333334 0.6083333333333334 0.035416666666666666 0.0462962962962963
1 0.23645833333333333 0.6620370370370371 0.0125 0.053703703703703705
1 0.240625 0.6694444444444445 0.008333333333333333 0.03518518518518519
1 0.38125 0.6611111111111111 0.016666666666666666 0.06666666666666667
1 0.47812499999999997 0.6305555555555555 0.0125 0.04259259259259259
1 0.4505208333333333 0.5990740740740741 0.011458333333333333 0.04259259259259259
1 0.4088541666666667 0.5972222222222222 0.011458333333333333 0.03888888888888889
1 0.53125 0.5944444444444444 0.014583333333333334 0.037037037037037035
1 0.5354166666666667 0.6046296296296296 0.0125 0.05740740740740741
0 0.3359375 0.6611111111111111 0.013541666666666667 0.06296296296296297
0 0.33697916666666666 0.65 0.013541666666666667 0.05185185185185186
6 0.32135416666666666 0.6462962962962964 0.053125 0.06666666666666667
0 0.3625 0.6351851851851852 0.010416666666666666 0.04814814814814815
9 0.30416666666666664 0.6342592592592593 0.027083333333333334 0.03888888888888889
1 0.30625 0.6203703703703703 0.0125 0.05555555555555556
1 0.2526041666666667 0.6296296296296297 0.015625 0.03333333333333333
0 0.26510416666666664 0.6083333333333334 0.013541666666666667 0.053703703703703705
1 0.11145833333333333 0.6787037037037037 0.0125 0.03888888888888889
1 0.08072916666666667 0.6768518518518519 0.017708333333333333 0.0462962962962963
1 0.3651041666666667 0.600925925925926 0.021875 0.03518518518518519
6 0.41354166666666664 0.6101851851851852 0.025 0.053703703703703705
9 0.39427083333333335 0.5796296296296296 0.013541666666666667 0.040740740740740744
9 0.428125 0.5750000000000001 0.0125 0.031481481481481485
9 0.5072916666666667 0.5601851851851852 0.01875 0.03518518518518519
9 0.3265625 0.5518518518518519 0.017708333333333333 0.02962962962962963
1 0.39427083333333335 0.5666666666666667 0.009375 0.037037037037037035
1 0.4296875 0.5666666666666667 0.013541666666666667 0.044444444444444446
1 0.3260416666666667 0.5453703703703704 0.0125 0.03518518518518519
6 0.359375 0.5814814814814815 0.052083333333333336 0.037037037037037035
6 0.3541666666666667 0.5657407407407408 0.04791666666666666 0.03518518518518519
0 0.3828125 0.5574074074074075 0.011458333333333333 0.04814814814814815
1 0.375 0.5592592592592592 0.008333333333333333 0.02962962962962963
0 0.3697916666666667 0.5481481481481482 0.010416666666666666 0.040740740740740744
0 0.44479166666666664 0.537962962962963 0.008333333333333333 0.0462962962962963
0 0.4317708333333333 0.5314814814814816 0.007291666666666667 0.044444444444444446
1 0.5067708333333333 0.5546296296296297 0.011458333333333333 0.04259259259259259
0 0.5567708333333333 0.5750000000000001 0.013541666666666667 0.020370370370370372
9 0.5260416666666666 0.55 0.020833333333333332 0.02592592592592593
3 0.46041666666666664 0.5111111111111112 0.027083333333333334 0.044444444444444446
0 0.390625 0.5157407407407407 0.008333333333333333 0.04259259259259259
0 0.40572916666666664 0.5046296296296297 0.007291666666666667 0.03518518518518519
6 0.375 0.5185185185185185 0.04375 0.03333333333333333
6 0.3765625 0.48333333333333334 0.04895833333333333 0.040740740740740744
1 0.5427083333333333 0.5638888888888889 0.0125 0.020370370370370372
0 0.5765625 0.5675925925925926 0.007291666666666667 0.03518518518518519
0 0.4317708333333333 0.4851851851851852 0.007291666666666667 0.03333333333333333
0 0.42135416666666664 0.47685185185185186 0.007291666666666667 0.03518518518518519
0 0.4270833333333333 0.48055555555555557 0.00625 0.03518518518518519
0 0.4348958333333333 0.47685185185185186 0.005208333333333333 0.02777777777777778
0 0.4067708333333333 0.4777777777777778 0.005208333333333333 0.03333333333333333
9 0.48385416666666664 0.5 0.009375 0.02592592592592593
9 0.4583333333333333 0.4814814814814815 0.008333333333333333 0.022222222222222223
9 0.4848958333333333 0.4444444444444445 0.007291666666666667 0.022222222222222223
9 0.4453125 0.4564814814814815 0.007291666666666667 0.020370370370370372
9 0.4901041666666667 0.3888888888888889 0.005208333333333333 0.014814814814814815
9 0.5010416666666666 0.4481481481481482 0.016666666666666666 0.022222222222222223
1 0.484375 0.4898148148148148 0.008333333333333333 0.031481481481481485
1 0.48541666666666666 0.48888888888888893 0.00625 0.02592592592592593
1 0.4583333333333333 0.47500000000000003 0.008333333333333333 0.031481481481481485
1 0.484375 0.4398148148148148 0.00625 0.024074074074074074
1 0.44479166666666664 0.4518518518518519 0.008333333333333333 0.02962962962962963
0 0.5010416666666666 0.4388888888888889 0.00625 0.02592592592592593
6 0.46770833333333334 0.4398148148148148 0.010416666666666666 0.024074074074074074
1 0.46822916666666664 0.4351851851851852 0.007291666666666667 0.022222222222222223
1 0.4666666666666667 0.4314814814814815 0.004166666666666667 0.022222222222222223
1 0.490625 0.3851851851851852 0.00625 0.014814814814814815
0 0.4479166666666667 0.39814814814814814 0.00625 0.022222222222222223
6 0.47031249999999997 0.4046296296296297 0.007291666666666667 0.016666666666666666
1 0.47031249999999997 0.39814814814814814 0.005208333333333333 0.018518518518518517
9 0.4875 0.41481481481481486 0.008333333333333333 0.022222222222222223
9 0.48333333333333334 0.425 0.00625 0.020370370370370372
1 0.48333333333333334 0.4203703703703704 0.00625 0.018518518518518517
1 0.4869791666666667 0.41111111111111115 0.007291666666666667 0.018518518518518517
3 0.7625 0.5416666666666667 0.041666666666666664 0.05
3 0.7203125 0.5444444444444445 0.040625 0.05185185185185186
9 0.875 0.5675925925925926 0.027083333333333334 0.0462962962962963
9 0.8666666666666667 0.5620370370370371 0.027083333333333334 0.0462962962962963
9 0.84375 0.5712962962962963 0.022916666666666665 0.03888888888888889
0 0.6338541666666666 0.6555555555555556 0.011458333333333333 0.06296296296296297
0 0.6244791666666667 0.6546296296296297 0.011458333333333333 0.061111111111111116
0 0.603125 0.6314814814814815 0.0125 0.06296296296296297
1 0.6666666666666666 0.5907407407407408 0.010416666666666666 0.040740740740740744
9 0.6802083333333333 0.575925925925926 0.016666666666666666 0.040740740740740744
9 0.6213541666666667 0.4981481481481482 0.019791666666666666 0.022222222222222223
9 0.5598958333333334 0.49722222222222223 0.015625 0.016666666666666666
6 0.5526041666666667 0.48240740740740745 0.03854166666666667 0.02777777777777778
0 0.578125 0.46574074074074073 0.00625 0.02777777777777778
0 0.5458333333333333 0.45740740740740743 0.008333333333333333 0.03333333333333333
5 0.6052083333333333 0.42685185185185187 0.0625 0.061111111111111116
6 0.6239583333333333 0.4518518518518519 0.029166666666666667 0.03333333333333333
