3 0.06838235294117646 0.02875816993464052 0.04264705882352941 0.05751633986928104
0 0.26801470588235293 0.01503267973856209 0.015441176470588236 0.03006535947712418
3 0.37720588235294117 0.38431372549019605 0.11176470588235293 0.10718954248366012
3 0.7878676470588235 0.09084967320261438 0.08161764705882353 0.07973856209150326
3 0.16911764705882354 0.20326797385620915 0.09411764705882353 0.10065359477124182
0 0.17536764705882352 0.19084967320261437 0.011029411764705881 0.05751633986928104
0 0.19301470588235295 0.19215686274509802 0.015441176470588236 0.03398692810457516
0 0.20661764705882352 0.18169934640522875 0.014705882352941176 0.06013071895424836
1 0.2908088235294118 0.1326797385620915 0.016911764705882352 0.03006535947712418
0 0.3125 0.12483660130718953 0.010294117647058823 0.05359477124183006
0 0.3136029411764706 0.1196078431372549 0.008088235294117646 0.06143790849673202
0 0.3514705882352941 0.13529411764705881 0.008823529411764706 0.05359477124183006
0 0.34705882352941175 0.1287581699346405 0.008823529411764706 0.05359477124183006
6 0.03786764705882353 0.22483660130718952 0.03455882352941177 0.08104575163398692
1 0.02977941176470588 0.2045751633986928 0.01838235294117647 0.043137254901960784
2 0.044117647058823525 0.3986928104575163 0.04852941176470588 0.05751633986928104
1 0.04154411764705882 0.38888888888888884 0.028676470588235293 0.05620915032679738
6 0.4900735294117647 0.5581699346405229 0.07279411764705883 0.11241830065359476
9 0.569485294117647 0.6849673202614378 0.04338235294117647 0.08627450980392157
3 0.7555147058823529 0.3836601307189542 0.11985294117647059 0.10588235294117647
9 0.6375 0.711111111111111 0.054411764705882354 0.07581699346405228
9 0.15220588235294116 0.3326797385620915 0.039705882352941174 0.0457516339869281
1 0.16433823529411765 0.3176470588235294 0.0125 0.0392156862745098
1 0.15 0.3183006535947712 0.01911764705882353 0.050980392156862744
9 0.6485294117647059 0.9287581699346404 0.04852941176470588 0.05620915032679738
2 0.9209558823529411 0.7673202614379084 0.015441176470588236 0.0915032679738562
0 0.5683823529411764 0.884313725490196 0.013235294117647059 0.05620915032679738
0 0.5676470588235294 0.857516339869281 0.022058823529411763 0.06797385620915032
9 0.5036764705882353 0.7509803921568627 0.045588235294117645 0.06666666666666667
1 0.5169117647058823 0.7607843137254902 0.013235294117647059 0.047058823529411764
1 0.5058823529411764 0.7516339869281046 0.01764705882352941 0.065359477124183
1 0.49963235294117647 0.7503267973856209 0.009558823529411765 0.02875816993464052
0 0.41801470588235295 0.6810457516339868 0.01838235294117647 0.06797385620915032
0 0.4176470588235294 0.7006535947712418 0.013235294117647059 0.06797385620915032
0 0.4238970588235294 0.7215686274509804 0.011029411764705881 0.0261437908496732
9 0.3871323529411765 0.7281045751633987 0.02426470588235294 0.08627450980392157
1 0.38566176470588237 0.7104575163398692 0.022794117647058822 0.05620915032679738
1 0.3900735294117647 0.7379084967320261 0.021323529411764706 0.05359477124183006
0 0.8536764705882353 0.6359477124183006 0.032352941176470584 0.06405228758169934
6 0.8863970588235294 0.6529411764705881 0.07573529411764705 0.07712418300653594
2 0.5941176470588235 0.02875816993464052 0.026470588235294117 0.03660130718954248
9 0.5816176470588236 0.2673202614379085 0.025 0.04836601307189542
1 0.5772058823529411 0.27124183006535946 0.013235294117647059 0.0457516339869281
1 0.5845588235294118 0.257516339869281 0.011764705882352941 0.04444444444444444
6 0.9459558823529411 0.05555555555555555 0.05808823529411765 0.07973856209150326
9 0.8911764705882352 0.2797385620915033 0.032352941176470584 0.05751633986928104
9 0.9426470588235294 0.257516339869281 0.026470588235294117 0.0522875816993464
3 0.9426470588235294 0.15947712418300652 0.08970588235294118 0.07581699346405228
9 0.8647058823529412 0.1588235294117647 0.030882352941176472 0.043137254901960784
1 0.868014705882353 0.1477124183006536 0.016911764705882352 0.047058823529411764
1 0.8779411764705882 0.11699346405228757 0.010294117647058823 0.0326797385620915
1 0.8937499999999999 0.10980392156862745 0.013970588235294117 0.0392156862745098
6 0.8841911764705882 0.12352941176470587 0.04338235294117647 0.05359477124183006
3 0.8966911764705883 0.2281045751633987 0.08602941176470588 0.12679738562091503
9 0.7838235294117647 0.2241830065359477 0.027941176470588233 0.03790849673202614
3 0.805514705882353 0.24705882352941175 0.08897058823529412 0.08627450980392157
