0 0.571875 0.12592592592592594 0.014583333333333334 0.07407407407407407
0 0.7682291666666666 0.3472222222222222 0.021875 0.053703703703703705
0 0.8317708333333333 0.4898148148148148 0.034375 0.06481481481481481
0 0.4552083333333333 0.6953703703703704 0.029166666666666667 0.06851851851851852
0 0.5619791666666667 0.8398148148148148 0.021875 0.05740740740740741
0 0.9333333333333333 0.8462962962962963 0.041666666666666664 0.05555555555555556
0 0.9755208333333333 0.6444444444444445 0.042708333333333334 0.07407407407407407
0 0.4197916666666667 0.7916666666666667 0.022916666666666665 0.06851851851851852
0 0.153125 0.35370370370370374 0.03125 0.06666666666666667
0 0.2484375 0.7037037037037037 0.036458333333333336 0.07037037037037037
0 0.1859375 0.8287037037037037 0.042708333333333334 0.053703703703703705
0 0.1375 0.287962962962963 0.035416666666666666 0.06481481481481481
0 0.3 0.4138888888888889 0.03125 0.07222222222222223
0 0.2734375 0.412962962962963 0.026041666666666668 0.07777777777777778
0 0.057812499999999996 0.3675925925925926 0.042708333333333334 0.06481481481481481
0 0.03697916666666667 0.40740740740740744 0.046875 0.06296296296296297
0 0.021875 0.4351851851851852 0.04375 0.06296296296296297
0 0.3854166666666667 0.9675925925925927 0.035416666666666666 0.04259259259259259
0 0.3546875 0.975925925925926 0.03229166666666666 0.04814814814814815
