3 0.43786764705882353 0.24117647058823527 0.04632352941176471 0.09803921568627451
5 0.555514705882353 0.2222222222222222 0.14044117647058824 0.1411764705882353
5 0.6136029411764706 0.37973856209150325 0.15661764705882353 0.1503267973856209
5 0.6058823529411764 0.2803921568627451 0.13529411764705881 0.11895424836601307
5 0.6643382352941176 0.08758169934640522 0.07573529411764705 0.12549019607843137
5 0.5753676470588235 0.029411764705882353 0.11397058823529412 0.058823529411764705
5 0.5319852941176471 0.08039215686274509 0.09044117647058823 0.08758169934640522
0 0.5316176470588235 0.12941176470588234 0.010294117647058823 0.06013071895424836
5 0.45 0.0673202614379085 0.060294117647058824 0.1241830065359477
3 0.5658088235294118 0.8712418300653594 0.0801470588235294 0.23398692810457514
0 0.45073529411764707 0.9581699346405228 0.032352941176470584 0.08366013071895424
0 0.5338235294117647 0.55359477124183 0.020588235294117647 0.06928104575163398
6 0.55625 0.588235294117647 0.06691176470588235 0.09934640522875816
5 0.3650735294117647 0.04379084967320261 0.04191176470588235 0.08758169934640522
0 0.3452205882352941 0.06797385620915032 0.013970588235294117 0.054901960784313725
5 0.25698529411764703 0.2392156862745098 0.10073529411764706 0.09673202614379084
5 0.2731617647058823 0.18562091503267972 0.13161764705882353 0.10718954248366012
5 0.2838235294117647 0.13137254901960782 0.12352941176470589 0.09019607843137255
5 0.28455882352941175 0.09084967320261438 0.09558823529411764 0.07712418300653594
1 0.31433823529411764 0.1261437908496732 0.015441176470588236 0.04836601307189542
1 0.2974264705882353 0.17450980392156862 0.0125 0.05359477124183006
0 0.3790441176470588 0.27843137254901956 0.015441176470588236 0.06013071895424836
0 0.3290441176470588 0.296078431372549 0.015441176470588236 0.06405228758169934
0 0.30919117647058825 0.3098039215686274 0.013970588235294117 0.065359477124183
0 0.29448529411764707 0.28104575163398693 0.01838235294117647 0.065359477124183
1 0.3525735294117647 0.269281045751634 0.016911764705882352 0.06013071895424836
9 0.3551470588235294 0.27843137254901956 0.029411764705882353 0.04967320261437908
0 0.35441176470588237 0.2333333333333333 0.013235294117647059 0.05620915032679738
0 0.3327205882352941 0.265359477124183 0.0125 0.06013071895424836
0 0.33602941176470585 0.2281045751633987 0.010294117647058823 0.05620915032679738
0 0.33125 0.24313725490196078 0.009558823529411765 0.0522875816993464
0 0.3363970588235294 0.2503267973856209 0.011029411764705881 0.05359477124183006
0 0.1713235294117647 0.18431372549019606 0.01911764705882353 0.06013071895424836
5 0.04963235294117647 0.05816993464052287 0.09926470588235294 0.10326797385620914
1 0.12169117647058823 0.6790849673202614 0.03161764705882353 0.05620915032679738
0 0.13272058823529412 0.6405228758169934 0.022794117647058822 0.09673202614379084
0 0.14779411764705883 0.6745098039215686 0.020588235294117647 0.08627450980392157
9 0.2702205882352941 0.8849673202614379 0.04632352941176471 0.08888888888888888
0 0.3341911764705882 0.7163398692810456 0.01838235294117647 0.08366013071895424
