3 0.13933823529411765 0.5006535947712418 0.12720588235294117 0.13333333333333333
3 0.8948529411764706 0.3758169934640523 0.061764705882352944 0.11895424836601307
3 0.2977941176470588 0.14444444444444443 0.09117647058823529 0.06666666666666667
3 0.39191176470588235 0.16666666666666666 0.09117647058823529 0.05620915032679738
3 0.13897058823529412 0.03202614379084967 0.06470588235294117 0.06405228758169934
3 0.09595588235294117 0.0261437908496732 0.03897058823529412 0.0522875816993464
3 0.8044117647058824 0.07647058823529411 0.03823529411764706 0.07450980392156863
3 0.7525735294117647 0.06274509803921569 0.03455882352941177 0.08104575163398692
3 0.8051470588235294 0.02287581699346405 0.033823529411764704 0.0457516339869281
9 0.6426470588235293 0.09999999999999999 0.029411764705882353 0.03529411764705882
3 0.24816176470588236 0.06405228758169934 0.06102941176470588 0.065359477124183
2 0.7198529411764706 0.1437908496732026 0.011764705882352941 0.04183006535947712
0 0.7213235294117647 0.1241830065359477 0.010294117647058823 0.047058823529411764
9 0.6768382352941177 0.26078431372549016 0.019852941176470587 0.04836601307189542
9 0.6507352941176471 0.21633986928104573 0.01911764705882353 0.043137254901960784
9 0.7183823529411765 0.2823529411764706 0.01764705882352941 0.047058823529411764
0 0.6533088235294118 0.20522875816993463 0.0125 0.05751633986928104
0 0.6790441176470589 0.2483660130718954 0.015441176470588236 0.06013071895424836
0 0.7161764705882353 0.26666666666666666 0.01764705882352941 0.06274509803921569
0 0.7176470588235294 0.2568627450980392 0.014705882352941176 0.050980392156862744
