4 0.03566176470588235 0.9673202614379084 0.0713235294117647 0.065359477124183
3 0.027205882352941177 0.6712418300653594 0.054411764705882354 0.058823529411764705
3 0.14044117647058824 0.6692810457516339 0.07205882352941176 0.05751633986928104
3 0.19779411764705881 0.6117647058823529 0.029411764705882353 0.06013071895424836
3 0.27242647058823527 0.5771241830065359 0.03455882352941177 0.06928104575163398
3 0.2621323529411765 0.6986928104575163 0.04191176470588235 0.06666666666666667
6 0.21985294117647058 0.684313725490196 0.033823529411764704 0.05359477124183006
1 0.21544117647058822 0.6830065359477123 0.014705882352941176 0.04052287581699346
3 0.36066176470588235 0.5137254901960784 0.03602941176470588 0.04183006535947712
4 0.5661764705882353 0.46470588235294114 0.03676470588235294 0.0326797385620915
3 0.49669117647058825 0.4568627450980392 0.03897058823529412 0.027450980392156862
4 0.4511029411764706 0.43725490196078426 0.03455882352941177 0.03006535947712418
3 0.618014705882353 0.4509803921568627 0.03897058823529412 0.0261437908496732
3 0.3724264705882353 0.426797385620915 0.02426470588235294 0.027450980392156862
0 0.011764705882352941 0.5490196078431372 0.011764705882352941 0.03660130718954248
0 0.029044117647058824 0.5444444444444444 0.008088235294117646 0.03529411764705882
0 0.04852941176470588 0.5379084967320261 0.008823529411764706 0.03790849673202614
3 0.021323529411764706 0.5392156862745098 0.04264705882352941 0.043137254901960784
0 0.03161764705882353 0.5183006535947712 0.007352941176470588 0.03006535947712418
3 0.10698529411764705 0.5163398692810457 0.05073529411764706 0.04183006535947712
3 0.2474264705882353 0.47777777777777775 0.02426470588235294 0.03529411764705882
3 0.21948529411764706 0.461437908496732 0.028676470588235293 0.03137254901960784
4 0.26875 0.4437908496732026 0.016911764705882352 0.03790849673202614
3 0.2801470588235294 0.4026143790849673 0.016176470588235292 0.023529411764705882
3 0.32279411764705884 0.3830065359477124 0.016176470588235292 0.02091503267973856
0 0.23566176470588235 0.4261437908496732 0.005147058823529412 0.0261437908496732
0 0.22941176470588234 0.42745098039215684 0.0058823529411764705 0.0261437908496732
0 0.22205882352941175 0.4287581699346405 0.0058823529411764705 0.0261437908496732
2 0.16838235294117646 0.5078431372549019 0.007352941176470588 0.02483660130718954
0 0.16580882352941176 0.503921568627451 0.009558823529411765 0.0326797385620915
3 0.14448529411764705 0.43856209150326797 0.02426470588235294 0.0326797385620915
3 0.10551470588235294 0.4516339869281045 0.03308823529411765 0.0326797385620915
3 0.06066176470588235 0.40196078431372545 0.03897058823529412 0.02222222222222222
3 0.0661764705882353 0.39673202614379083 0.03823529411764706 0.02222222222222222
9 0.1113970588235294 0.37450980392156863 0.0125 0.01699346405228758
3 0.20808823529411766 0.36666666666666664 0.013235294117647059 0.02222222222222222
1 0.20147058823529412 0.36013071895424836 0.004411764705882353 0.00915032679738562
0 0.16323529411764706 0.3581699346405228 0.004411764705882353 0.01830065359477124
0 0.15735294117647058 0.3588235294117647 0.004411764705882353 0.01699346405228758
0 0.1661764705882353 0.35686274509803917 0.004411764705882353 0.01830065359477124
3 0.16213235294117648 0.35163398692810455 0.021323529411764706 0.023529411764705882
3 0.125 0.3581699346405228 0.026470588235294117 0.02091503267973856
3 0.1963235294117647 0.34444444444444444 0.016176470588235292 0.0196078431372549
5 0.16948529411764707 0.322875816993464 0.06691176470588235 0.0392156862745098
3 0.1650735294117647 0.3437908496732026 0.01838235294117647 0.0261437908496732
3 0.21102941176470588 0.3248366013071895 0.022058823529411763 0.01699346405228758
4 0.2411764705882353 0.35947712418300654 0.025 0.02091503267973856
3 0.24485294117647058 0.3509803921568627 0.023529411764705882 0.0196078431372549
3 0.22316176470588234 0.35163398692810455 0.015441176470588236 0.01830065359477124
3 0.2977941176470588 0.35163398692810455 0.014705882352941176 0.0261437908496732
3 0.3301470588235294 0.3660130718954248 0.011764705882352941 0.01830065359477124
3 0.3286764705882353 0.34509803921568627 0.011764705882352941 0.01830065359477124
8 0.6966911764705882 0.47124183006535947 0.08161764705882353 0.06928104575163398
6 0.7959558823529411 0.4071895424836601 0.009558823529411765 0.0196078431372549
1 0.7992647058823529 0.4013071895424836 0.004411764705882353 0.01830065359477124
1 0.7955882352941176 0.4052287581699346 0.0058823529411764705 0.01830065359477124
8 0.8261029411764705 0.37450980392156863 0.01838235294117647 0.03529411764705882
9 0.8033088235294118 0.3836601307189542 0.006617647058823529 0.01437908496732026
1 0.8044117647058824 0.3790849673202614 0.004411764705882353 0.01568627450980392
1 0.8018382352941177 0.3790849673202614 0.003676470588235294 0.0130718954248366
3 0.8113970588235294 0.36209150326797385 0.011029411764705881 0.02091503267973856
5 0.8014705882352942 0.3437908496732026 0.014705882352941176 0.0261437908496732
5 0.8014705882352942 0.32156862745098036 0.013235294117647059 0.02875816993464052
3 0.8143382352941176 0.32352941176470584 0.009558823529411765 0.01437908496732026
0 0.8415441176470588 0.36405228758169933 0.003676470588235294 0.01699346405228758
7 0.8205882352941176 0.3529411764705882 0.0058823529411764705 0.0130718954248366
4 0.9235294117647058 0.4091503267973856 0.030882352941176472 0.023529411764705882
3 0.8834558823529411 0.3522875816993464 0.011029411764705881 0.01437908496732026
4 0.8621323529411764 0.35686274509803917 0.016911764705882352 0.01830065359477124
4 0.39448529411764705 0.36013071895424836 0.0125 0.027450980392156862
0 0.3669117647058823 0.38954248366013067 0.004411764705882353 0.023529411764705882
0 0.37426470588235294 0.396078431372549 0.004411764705882353 0.02091503267973856
9 0.37977941176470587 0.4156862745098039 0.009558823529411765 0.01568627450980392
1 0.38088235294117645 0.4117647058823529 0.004411764705882353 0.01830065359477124
0 0.3588235294117647 0.3581699346405228 0.0029411764705882353 0.01830065359477124
7 0.36433823529411763 0.3581699346405228 0.008088235294117646 0.02091503267973856
3 0.4051470588235294 0.31437908496732025 0.010294117647058823 0.011764705882352941
3 0.3529411764705882 0.3222222222222222 0.010294117647058823 0.01437908496732026
6 0.3577205882352941 0.3379084967320261 0.013970588235294117 0.011764705882352941
3 0.3463235294117647 0.2941176470588235 0.008823529411764706 0.0130718954248366
3 0.2908088235294118 0.31633986928104574 0.009558823529411765 0.01568627450980392
9 0.28455882352941175 0.32352941176470584 0.004411764705882353 0.011764705882352941
5 0.3058823529411765 0.29281045751633983 0.016176470588235292 0.03660130718954248
5 0.3161764705882353 0.269281045751634 0.014705882352941176 0.0261437908496732
5 0.32169117647058826 0.2588235294117647 0.011029411764705881 0.023529411764705882
2 0.34852941176470587 0.31045751633986923 0.004411764705882353 0.00915032679738562
1 0.34852941176470587 0.3071895424836601 0.0029411764705882353 0.01045751633986928
3 0.4047794117647059 0.29346405228758166 0.006617647058823529 0.00915032679738562
5 0.3448529411764706 0.26666666666666666 0.0058823529411764705 0.01045751633986928
3 0.3448529411764706 0.2437908496732026 0.004411764705882353 0.0065359477124183
3 0.3477941176470588 0.23986928104575161 0.004411764705882353 0.0065359477124183
0 0.3397058823529412 0.27124183006535946 0.0029411764705882353 0.011764705882352941
