0 0.009191176470588236 0.984313725490196 0.01838235294117647 0.03137254901960784
9 0.2757352941176471 0.6967320261437908 0.016176470588235292 0.06274509803921569
1 0.27683823529411766 0.6790849673202614 0.016911764705882352 0.05620915032679738
3 0.39080882352941176 0.8522875816993464 0.06102941176470588 0.21176470588235294
0 0.2985294117647059 0.47516339869281043 0.013235294117647059 0.05359477124183006
1 0.3529411764705882 0.5196078431372548 0.014705882352941176 0.050980392156862744
3 0.3518382352941176 0.534640522875817 0.013970588235294117 0.0522875816993464
3 0.36875 0.2718954248366013 0.011029411764705881 0.03137254901960784
3 0.4474264705882353 0.4790849673202614 0.04191176470588235 0.1111111111111111
3 0.39080882352941176 0.4718954248366013 0.04044117647058824 0.1045751633986928
3 0.5073529411764706 0.32941176470588235 0.033823529411764704 0.07058823529411765
3 0.5433823529411764 0.22614379084967318 0.030882352941176472 0.05751633986928104
3 0.4375 0.3183006535947712 0.03823529411764706 0.09803921568627451
3 0.39705882352941174 0.3176470588235294 0.033823529411764704 0.08366013071895424
3 0.40698529411764706 0.1411764705882353 0.027205882352941177 0.05751633986928104
3 0.45183823529411765 0.10784313725490195 0.02426470588235294 0.050980392156862744
4 0.4474264705882353 0.22614379084967318 0.027205882352941177 0.0784313725490196
4 0.39705882352941174 0.21503267973856208 0.029411764705882353 0.07973856209150326
2 0.36323529411764705 0.4333333333333333 0.011764705882352941 0.0457516339869281
2 0.3466911764705882 0.4294117647058823 0.011029411764705881 0.0457516339869281
2 0.37058823529411766 0.3372549019607843 0.008823529411764706 0.04183006535947712
2 0.5511029411764706 0.06209150326797385 0.009558823529411765 0.02483660130718954
1 0.36323529411764705 0.4130718954248366 0.013235294117647059 0.04183006535947712
1 0.3488970588235294 0.4156862745098039 0.013970588235294117 0.047058823529411764
1 0.37058823529411766 0.32156862745098036 0.011764705882352941 0.04444444444444444
1 0.3680147058823529 0.26013071895424833 0.0125 0.03660130718954248
1 0.5709558823529411 0.03398692810457516 0.006617647058823529 0.02091503267973856
1 0.5518382352941177 0.05555555555555555 0.006617647058823529 0.03006535947712418
1 0.5808823529411765 0.03464052287581699 0.0058823529411764705 0.0196078431372549
1 0.586764705882353 0.02679738562091503 0.008823529411764706 0.02222222222222222
1 0.5731617647058823 0.029411764705882353 0.006617647058823529 0.0196078431372549
0 0.5764705882352941 0.01830065359477124 0.004411764705882353 0.02875816993464052
0 0.5680147058823529 0.023529411764705882 0.006617647058823529 0.02091503267973856
3 0.4466911764705882 0.065359477124183 0.022794117647058822 0.047058823529411764
3 0.4522058823529412 0.023529411764705882 0.022058823529411763 0.047058823529411764
3 0.4176470588235294 0.06928104575163398 0.023529411764705882 0.04967320261437908
4 0.4261029411764706 0.02222222222222222 0.021323529411764706 0.04444444444444444
