0 0.3802083333333333 0.9212962962962963 0.10625 0.15
0 0.19635416666666666 0.9064814814814816 0.090625 0.18703703703703706
0 0.5432291666666667 0.950925925925926 0.103125 0.09444444444444444
0 0.2682291666666667 0.712962962962963 0.084375 0.18888888888888888
0 0.43124999999999997 0.7138888888888889 0.07916666666666666 0.1685185185185185
0 0.5671875 0.7611111111111112 0.07604166666666666 0.17407407407407408
0 0.334375 0.5638888888888889 0.0625 0.15
0 0.46458333333333335 0.5907407407407408 0.06458333333333333 0.15925925925925927
0 0.5854166666666667 0.6212962962962963 0.07083333333333333 0.15
0 0.48593749999999997 0.49722222222222223 0.06354166666666666 0.13148148148148148
0 0.5911458333333334 0.5064814814814815 0.05520833333333333 0.1425925925925926
0 0.37395833333333334 0.4620370370370371 0.058333333333333334 0.1277777777777778
0 0.4109375 0.3805555555555556 0.051041666666666666 0.12407407407407407
0 0.5072916666666667 0.4027777777777778 0.04375 0.11666666666666667
0 0.5947916666666666 0.4064814814814815 0.052083333333333336 0.11666666666666667
0 0.5182291666666666 0.33611111111111114 0.04479166666666667 0.1277777777777778
0 0.4317708333333333 0.32037037037037036 0.040625 0.11111111111111112
0 0.6041666666666666 0.33333333333333337 0.052083333333333336 0.1
0 0.5348958333333333 0.28425925925925927 0.036458333333333336 0.10185185185185186
0 0.44479166666666664 0.2712962962962963 0.0375 0.10185185185185186
0 0.6052083333333333 0.28055555555555556 0.03958333333333333 0.09814814814814815
0 0.46197916666666666 0.22777777777777777 0.034375 0.0925925925925926
0 0.3151041666666667 0.31666666666666665 0.046875 0.11851851851851852
0 0.09322916666666667 0.14814814814814814 0.026041666666666668 0.07777777777777778
0 0.15989583333333332 0.06851851851851852 0.017708333333333333 0.06296296296296297
0 0.12916666666666665 0.07407407407407407 0.014583333333333334 0.06296296296296297
0 0.11822916666666666 0.06481481481481481 0.015625 0.05925925925925926
0 0.11197916666666667 0.037037037037037035 0.011458333333333333 0.044444444444444446
0 0.54375 0.24444444444444446 0.03125 0.08518518518518518
0 0.6083333333333333 0.23240740740740742 0.03333333333333333 0.07592592592592592
0 0.5510416666666667 0.20833333333333334 0.03333333333333333 0.08703703703703704
0 0.4734375 0.20185185185185187 0.030208333333333334 0.08888888888888889
0 0.6072916666666667 0.20277777777777778 0.03125 0.07222222222222223
0 0.6145833333333334 0.1712962962962963 0.027083333333333334 0.06481481481481481
0 0.5578125 0.16944444444444445 0.028125 0.061111111111111116
0 0.4822916666666667 0.17500000000000002 0.025 0.07962962962962963
0 0.49166666666666664 0.15 0.027083333333333334 0.08148148148148149
0 0.5046875 0.12685185185185185 0.021875 0.07222222222222223
0 0.5614583333333333 0.14166666666666666 0.027083333333333334 0.05740740740740741
0 0.5651041666666666 0.12407407407407407 0.02395833333333333 0.06296296296296297
0 0.621875 0.15 0.014583333333333334 0.05555555555555556
0 0.5807291666666666 0.09444444444444444 0.021875 0.06666666666666667
0 0.5151041666666667 0.10833333333333334 0.021875 0.06851851851851852
0 0.5270833333333333 0.08796296296296297 0.020833333333333332 0.06481481481481481
0 0.6161458333333333 0.12685185185185185 0.028125 0.053703703703703705
0 0.6208333333333333 0.10555555555555556 0.022916666666666665 0.05555555555555556
0 0.6244791666666667 0.08425925925925926 0.021875 0.053703703703703705
0 0.6005208333333333 0.06944444444444445 0.019791666666666666 0.06851851851851852
0 0.5536458333333333 0.06574074074074074 0.02395833333333333 0.06481481481481481
0 0.7744791666666666 0.09166666666666667 0.02395833333333333 0.07592592592592592
0 0.9744791666666667 0.04814814814814815 0.021875 0.07777777777777778
