0 0.7307291666666667 0.5476851851851852 0.009375 0.025
3 0.64921875 0.5861111111111111 0.0515625 0.03333333333333333
3 0.2786458333333333 0.875462962962963 0.058333333333333334 0.09351851851851853
3 0.028645833333333332 0.9703703703703704 0.057291666666666664 0.05925925925925926
2 0.07838541666666667 0.9699074074074074 0.0203125 0.06018518518518519
1 0.07838541666666667 0.951388888888889 0.021354166666666667 0.07314814814814816
3 0.20651041666666667 0.85 0.049479166666666664 0.08888888888888889
3 0.13932291666666666 0.8597222222222223 0.0515625 0.08796296296296297
3 0.15182291666666667 0.7819444444444444 0.04114583333333333 0.058333333333333334
0 0.10833333333333334 0.7736111111111111 0.015625 0.05648148148148149
2 0.090625 0.8740740740740741 0.017708333333333333 0.05185185185185186
1 0.09036458333333333 0.850925925925926 0.0171875 0.05925925925925926
3 0.065625 0.850925925925926 0.05520833333333333 0.08333333333333334
3 0.07994791666666666 0.8 0.0421875 0.05740740740740741
2 0.0609375 0.7185185185185186 0.021875 0.024074074074074074
3 0.14244791666666667 0.7078703703703704 0.0296875 0.04537037037037037
3 0.175 0.6828703703703703 0.027083333333333334 0.04351851851851852
3 0.17447916666666666 0.6462962962962964 0.021875 0.031481481481481485
3 0.17213541666666665 0.6217592592592592 0.0171875 0.02314814814814815
2 0.18828125 0.6092592592592593 0.005729166666666666 0.016666666666666666
1 0.18802083333333333 0.6027777777777777 0.005208333333333333 0.018518518518518517
1 0.2661458333333333 0.6990740740740741 0.009375 0.03888888888888889
0 0.12473958333333333 0.6476851851851853 0.0067708333333333336 0.028703703703703703
3 0.15286458333333333 0.6060185185185185 0.015104166666666667 0.019444444444444445
3 0.14583333333333334 0.6185185185185186 0.016666666666666666 0.02592592592592593
3 0.1171875 0.6481481481481481 0.020833333333333332 0.02777777777777778
3 0.10781249999999999 0.6949074074074074 0.029166666666666667 0.04537037037037037
3 0.10833333333333334 0.6787037037037037 0.027083333333333334 0.02777777777777778
2 0.23958333333333334 0.6819444444444445 0.008333333333333333 0.02314814814814815
1 0.23932291666666666 0.6763888888888889 0.0078125 0.032407407407407406
2 0.20651041666666667 0.6967592592592593 0.008854166666666666 0.030555555555555558
1 0.20703125 0.6902777777777778 0.008854166666666666 0.03796296296296296
1 0.20885416666666667 0.6643518518518519 0.008333333333333333 0.030555555555555558
2 0.20833333333333334 0.6731481481481482 0.008333333333333333 0.02777777777777778
2 0.22473958333333333 0.6986111111111112 0.008854166666666666 0.026851851851851852
1 0.22526041666666666 0.6898148148148149 0.008854166666666666 0.03518518518518519
2 0.221875 0.6828703703703703 0.009375 0.021296296296296296
1 0.221875 0.6777777777777778 0.008333333333333333 0.02777777777777778
2 0.21796875 0.6601851851851852 0.005729166666666666 0.022222222222222223
1 0.21796875 0.6555555555555556 0.0046875 0.02962962962962963
1 0.22213541666666667 0.6597222222222222 0.0078125 0.025
2 0.22265625 0.6662037037037037 0.0078125 0.021296296296296296
