3 0.5783088235294117 0.6124183006535947 0.05955882352941176 0.11633986928104574
3 0.8441176470588235 0.6071895424836601 0.06764705882352941 0.11633986928104574
3 0.3176470588235294 0.8490196078431372 0.1411764705882353 0.18431372549019606
3 0.24338235294117647 0.9418300653594771 0.12941176470588234 0.11633986928104574
3 0.30919117647058825 0.6379084967320261 0.06544117647058824 0.1437908496732026
3 0.3408088235294118 0.5235294117647058 0.05808823529411765 0.10065359477124182
3 0.2463235294117647 0.32614379084967315 0.05 0.06143790849673202
3 0.3025735294117647 0.322875816993464 0.03455882352941177 0.05751633986928104
3 0.3477941176470588 0.3196078431372549 0.039705882352941174 0.06405228758169934
3 0.40661764705882353 0.3137254901960784 0.032352941176470584 0.06013071895424836
3 0.6397058823529411 0.33464052287581697 0.03676470588235294 0.06013071895424836
3 0.669485294117647 0.2718954248366013 0.027205882352941177 0.03660130718954248
3 0.8316176470588236 0.365359477124183 0.0661764705882353 0.058823529411764705
3 0.42977941176470585 0.21176470588235294 0.05514705882352941 0.04183006535947712
3 0.34816176470588234 0.2392156862745098 0.06985294117647059 0.0522875816993464
3 0.40845588235294117 0.1980392156862745 0.04338235294117647 0.03529411764705882
4 0.4360294117647059 0.18366013071895423 0.033823529411764704 0.04052287581699346
3 0.43713235294117647 0.16405228758169935 0.03455882352941177 0.027450980392156862
4 0.4426470588235294 0.1411764705882353 0.032352941176470584 0.02875816993464052
4 0.4613970588235294 0.15098039215686274 0.022794117647058822 0.0326797385620915
8 0.44595588235294115 0.12156862745098039 0.05955882352941176 0.04183006535947712
3 0.5018382352941176 0.11830065359477124 0.015441176470588236 0.0196078431372549
3 0.5507352941176471 0.11568627450980391 0.013235294117647059 0.02483660130718954
1 0.5349264705882353 0.11568627450980391 0.005147058823529412 0.0196078431372549
2 0.5349264705882353 0.12287581699346405 0.005147058823529412 0.01568627450980392
0 0.5599264705882353 0.1045751633986928 0.005147058823529412 0.02091503267973856
0 0.6830882352941177 0.24313725490196078 0.010294117647058823 0.03660130718954248
2 0.7400735294117647 0.365359477124183 0.030147058823529412 0.03529411764705882
9 0.7213235294117647 0.330718954248366 0.01764705882352941 0.03137254901960784
3 0.5338235294117647 0.0784313725490196 0.011764705882352941 0.02091503267973856
3 0.4852941176470588 0.04640522875816993 0.007352941176470588 0.01437908496732026
3 0.4647058823529412 0.0915032679738562 0.013235294117647059 0.01830065359477124
3 0.44595588235294115 0.09477124183006536 0.016911764705882352 0.01699346405228758
3 0.45441176470588235 0.08300653594771241 0.016176470588235292 0.01699346405228758
3 0.4514705882352941 0.07516339869281045 0.010294117647058823 0.01437908496732026
3 0.4511029411764706 0.04836601307189542 0.01838235294117647 0.01568627450980392
3 0.45183823529411765 0.065359477124183 0.008088235294117646 0.01568627450980392
3 0.4650735294117647 0.04248366013071895 0.013970588235294117 0.01437908496732026
3 0.4514705882352941 0.06405228758169934 0.010294117647058823 0.0130718954248366
3 0.5283088235294118 0.06862745098039215 0.008088235294117646 0.01437908496732026
3 0.5246323529411765 0.06143790849673202 0.009558823529411765 0.01830065359477124
3 0.5209558823529412 0.058823529411764705 0.0125 0.0130718954248366
3 0.6224264705882353 0.22091503267973855 0.05955882352941176 0.0392156862745098
3 0.5205882352941177 0.05163398692810457 0.022058823529411763 0.011764705882352941
3 0.5257352941176471 0.049019607843137254 0.026470588235294117 0.011764705882352941
3 0.51875 0.043137254901960784 0.022794117647058822 0.00784313725490196
3 0.2150735294117647 0.46013071895424834 0.1125 0.0784313725490196
