3 0.165625 0.20925925925925926 0.014583333333333334 0.009259259259259259
3 0.1859375 0.20833333333333334 0.014583333333333334 0.011111111111111112
3 0.21953124999999998 0.20740740740740743 0.01614583333333333 0.011111111111111112
3 0.24453125 0.20694444444444446 0.011979166666666666 0.010185185185185186
3 0.2625 0.20555555555555557 0.013541666666666667 0.011111111111111112
3 0.2794270833333333 0.20555555555555557 0.01614583333333333 0.009259259259259259
3 0.29765625 0.20370370370370372 0.01614583333333333 0.009259259259259259
3 0.3328125 0.20231481481481484 0.015625 0.010185185185185186
3 0.3515625 0.2013888888888889 0.016666666666666666 0.010185185185185186
3 0.37083333333333335 0.20046296296296298 0.015625 0.010185185185185186
3 0.3893229166666667 0.19861111111111113 0.0171875 0.010185185185185186
3 0.40729166666666666 0.19814814814814816 0.0125 0.009259259259259259
3 0.41041666666666665 0.18935185185185185 0.014583333333333334 0.010185185185185186
3 0.42578125 0.19768518518518519 0.01614583333333333 0.008333333333333333
3 0.44505208333333335 0.19490740740740742 0.015104166666666667 0.010185185185185186
3 0.44505208333333335 0.18703703703703706 0.015104166666666667 0.009259259259259259
3 0.465625 0.19305555555555556 0.016666666666666666 0.010185185185185186
3 0.471875 0.1925925925925926 0.014583333333333334 0.009259259259259259
3 0.4848958333333333 0.19212962962962965 0.015625 0.010185185185185186
3 0.5096354166666667 0.19074074074074074 0.01614583333333333 0.009259259259259259
3 0.5072916666666667 0.1814814814814815 0.016666666666666666 0.012962962962962964
3 0.5307291666666667 0.18842592592592594 0.015625 0.010185185185185186
3 0.5690104166666666 0.1837962962962963 0.01614583333333333 0.010185185185185186
3 0.5942708333333333 0.18194444444444446 0.014583333333333334 0.010185185185185186
3 0.671875 0.17500000000000002 0.015625 0.011111111111111112
3 0.71796875 0.16944444444444445 0.015104166666666667 0.011111111111111112
0 0.5572916666666666 0.18888888888888888 0.0020833333333333333 0.011111111111111112
0 0.5598958333333334 0.18611111111111112 0.003125 0.011111111111111112
3 0.0140625 0.788425925925926 0.028125 0.06759259259259259
3 0.03619791666666666 0.7356481481481482 0.07239583333333333 0.06944444444444445
3 0.10520833333333333 0.7842592592592593 0.071875 0.08148148148148149
3 0.12473958333333333 0.5990740740740741 0.06510416666666667 0.05
3 0.19479166666666667 0.649537037037037 0.07395833333333333 0.07314814814814816
3 0.27317708333333335 0.650462962962963 0.06510416666666667 0.06944444444444445
3 0.41692708333333334 0.5532407407407408 0.0484375 0.04537037037037037
3 0.46067708333333335 0.5907407407407408 0.057812499999999996 0.053703703703703705
3 0.5190104166666667 0.6027777777777777 0.050520833333333334 0.05185185185185186
3 0.5880208333333333 0.7199074074074074 0.0625 0.06574074074074074
3 0.6572916666666666 0.7550925925925926 0.07395833333333333 0.08055555555555556
4 0.6424479166666667 0.9287037037037037 0.07864583333333333 0.11296296296296297
6 0.3611979166666667 0.5337962962962963 0.0265625 0.02314814814814815
1 0.35625 0.525 0.009375 0.024074074074074074
4 0.5057291666666667 0.5310185185185186 0.04895833333333333 0.058333333333333334
4 0.5768229166666666 0.4476851851851852 0.034895833333333334 0.04537037037037037
4 0.7122395833333334 0.4814814814814815 0.03802083333333333 0.05
4 0.7432291666666666 0.41064814814814815 0.03229166666666666 0.04166666666666667
4 0.78515625 0.3944444444444445 0.03177083333333333 0.040740740740740744
3 0.5471354166666667 0.48935185185185187 0.04114583333333333 0.04166666666666667
3 0.6026041666666666 0.5101851851851852 0.05 0.053703703703703705
3 0.6244791666666667 0.47824074074074074 0.04375 0.03981481481481482
3 0.78125 0.7643518518518518 0.06145833333333333 0.0712962962962963
3 0.6447916666666667 0.5259259259259259 0.04895833333333333 0.053703703703703705
3 0.6958333333333333 0.46851851851851856 0.040625 0.04259259259259259
3 0.9067708333333333 0.7222222222222222 0.05416666666666667 0.06851851851851852
3 0.8875 0.4912037037037037 0.0375 0.04166666666666667
3 0.96484375 0.4444444444444445 0.03802083333333333 0.03518518518518519
3 0.753125 0.46851851851851856 0.03958333333333333 0.03888888888888889
3 0.7432291666666666 0.39351851851851855 0.034375 0.02962962962962963
3 0.6640625 0.4324074074074074 0.041666666666666664 0.037037037037037035
3 0.7958333333333333 0.44074074074074077 0.03854166666666667 0.03888888888888889
3 0.80546875 0.4101851851851852 0.034895833333333334 0.03333333333333333
3 0.8302083333333333 0.4189814814814815 0.0375 0.04166666666666667
9 0.9666666666666667 0.725462962962963 0.0125 0.03981481481481482
1 0.9666666666666667 0.7115740740740741 0.0125 0.03796296296296296
3 0.98046875 0.4810185185185185 0.0390625 0.04166666666666667
5 0.9348958333333334 0.5898148148148148 0.07708333333333334 0.0925925925925926
3 0.98515625 0.7421296296296297 0.0296875 0.06944444444444445
3 0.82578125 0.3703703703703704 0.033854166666666664 0.03518518518518519
3 0.8052083333333333 0.362962962962963 0.030208333333333334 0.031481481481481485
3 0.8700520833333333 0.3523148148148148 0.0265625 0.028703703703703703
3 0.9049479166666666 0.3194444444444445 0.0234375 0.02592592592592593
3 0.9809895833333333 0.2652777777777778 0.0203125 0.019444444444444445
3 0.8572916666666667 0.337037037037037 0.028125 0.02592592592592593
3 0.8473958333333333 0.32083333333333336 0.026041666666666668 0.025
3 0.8796875 0.32175925925925924 0.027083333333333334 0.02314814814814815
3 0.9213541666666667 0.34814814814814815 0.029166666666666667 0.02962962962962963
3 0.9317708333333333 0.3199074074074074 0.028125 0.030555555555555558
3 0.9234375 0.2939814814814815 0.022916666666666665 0.02314814814814815
3 0.9731770833333333 0.3013888888888889 0.022395833333333334 0.02314814814814815
3 0.97421875 0.2888888888888889 0.022395833333333334 0.024074074074074074
3 0.9869791666666666 0.30833333333333335 0.025 0.02962962962962963
5 0.9348958333333334 0.3013888888888889 0.026041666666666668 0.032407407407407406
