0 0.5989583333333334 0.7944444444444445 0.016666666666666666 0.06296296296296297
0 0.5791666666666666 0.8037037037037037 0.008333333333333333 0.037037037037037035
0 0.6453125 0.7046296296296296 0.013541666666666667 0.061111111111111116
0 0.6708333333333333 0.6907407407407408 0.0125 0.05555555555555556
0 0.7171875 0.638888888888889 0.007291666666666667 0.02962962962962963
1 0.68125 0.6222222222222222 0.010416666666666666 0.02592592592592593
1 0.5203125 0.6203703703703703 0.009375 0.02592592592592593
1 0.6109375 0.5972222222222222 0.013541666666666667 0.031481481481481485
0 0.4317708333333333 0.9185185185185185 0.013541666666666667 0.05925925925925926
0 0.42552083333333335 0.8962962962962964 0.009375 0.044444444444444446
0 0.3963541666666667 0.9435185185185185 0.015625 0.053703703703703705
0 0.3807291666666667 0.9472222222222223 0.015625 0.07222222222222223
1 0.3359375 0.9416666666666667 0.019791666666666666 0.06481481481481481
0 0.2796875 0.8027777777777778 0.013541666666666667 0.05740740740740741
0 0.24947916666666667 0.7851851851851852 0.011458333333333333 0.044444444444444446
0 0.12083333333333333 0.9027777777777778 0.016666666666666666 0.053703703703703705
1 0.1265625 0.8916666666666667 0.011458333333333333 0.061111111111111116
0 0.11197916666666667 0.8583333333333334 0.019791666666666666 0.0462962962962963
0 0.3364583333333333 0.7000000000000001 0.00625 0.037037037037037035
1 0.23541666666666666 0.6768518518518519 0.010416666666666666 0.020370370370370372
1 0.2682291666666667 0.6564814814814816 0.011458333333333333 0.02777777777777778
0 0.2994791666666667 0.6435185185185185 0.009375 0.04259259259259259
1 0.2817708333333333 0.6370370370370371 0.007291666666666667 0.022222222222222223
0 0.27708333333333335 0.6268518518518519 0.008333333333333333 0.024074074074074074
1 0.2911458333333333 0.625925925925926 0.005208333333333333 0.022222222222222223
0 0.2890625 0.6138888888888889 0.011458333333333333 0.0462962962962963
0 0.37864583333333335 0.6148148148148148 0.007291666666666667 0.03333333333333333
2 0.4125 0.6287037037037038 0.014583333333333334 0.03518518518518519
9 0.40260416666666665 0.6212962962962963 0.013541666666666667 0.031481481481481485
1 0.0484375 0.7518518518518519 0.017708333333333333 0.03333333333333333
1 0.013020833333333334 0.7833333333333333 0.017708333333333333 0.037037037037037035
1 0.0125 0.7703703703703704 0.010416666666666666 0.037037037037037035
0 0.10208333333333333 0.6685185185185185 0.010416666666666666 0.022222222222222223
1 0.11458333333333333 0.6592592592592593 0.0125 0.03333333333333333
0 0.4036458333333333 0.5944444444444444 0.007291666666666667 0.037037037037037035
0 0.3953125 0.587037037037037 0.007291666666666667 0.03333333333333333
0 0.4125 0.5861111111111111 0.00625 0.03888888888888889
0 0.41770833333333335 0.5796296296296296 0.00625 0.044444444444444446
0 0.4244791666666667 0.5675925925925926 0.009375 0.04259259259259259
0 0.44947916666666665 0.549074074074074 0.007291666666666667 0.0462962962962963
0 0.5109375 0.5259259259259259 0.007291666666666667 0.02592592592592593
0 0.5515625 0.5064814814814815 0.009375 0.03518518518518519
0 0.49583333333333335 0.48055555555555557 0.008333333333333333 0.031481481481481485
0 0.4197916666666667 0.4740740740740741 0.00625 0.037037037037037035
0 0.15052083333333333 0.5537037037037037 0.007291666666666667 0.02592592592592593
0 0.15 0.5398148148148149 0.008333333333333333 0.03518518518518519
0 0.12864583333333332 0.5453703703703704 0.009375 0.03888888888888889
0 0.08645833333333333 0.5648148148148149 0.008333333333333333 0.03333333333333333
0 0.103125 0.5277777777777778 0.010416666666666666 0.040740740740740744
1 0.10208333333333333 0.5240740740740741 0.004166666666666667 0.022222222222222223
0 0.8020833333333334 0.6157407407407408 0.008333333333333333 0.05
0 0.37864583333333335 0.4601851851851852 0.007291666666666667 0.03518518518518519
0 0.38385416666666666 0.45833333333333337 0.007291666666666667 0.03518518518518519
0 0.14322916666666666 0.43333333333333335 0.009375 0.02962962962962963
0 0.22135416666666666 0.45555555555555555 0.013541666666666667 0.037037037037037035
0 0.20989583333333334 0.5064814814814815 0.009375 0.03888888888888889
0 0.21979166666666666 0.5074074074074074 0.008333333333333333 0.040740740740740744
0 0.22916666666666666 0.5064814814814815 0.008333333333333333 0.03518518518518519
0 0.22447916666666667 0.5185185185185185 0.005208333333333333 0.022222222222222223
1 0.25625 0.43333333333333335 0.008333333333333333 0.022222222222222223
0 0.45729166666666665 0.4203703703703704 0.00625 0.03333333333333333
0 0.4125 0.47685185185185186 0.008333333333333333 0.031481481481481485
1 0.8536458333333333 0.6222222222222222 0.013541666666666667 0.02592592592592593
1 0.8473958333333333 0.6074074074074074 0.013541666666666667 0.02962962962962963
0 0.6348958333333333 0.5537037037037037 0.007291666666666667 0.02962962962962963
0 0.6786458333333333 0.549074074074074 0.009375 0.0462962962962963
0 0.6875 0.549074074074074 0.008333333333333333 0.03888888888888889
0 0.6395833333333333 0.5046296296296297 0.008333333333333333 0.03518518518518519
0 0.6645833333333333 0.5018518518518519 0.008333333333333333 0.03333333333333333
0 0.740625 0.5546296296296297 0.00625 0.031481481481481485
0 0.7296875 0.5527777777777778 0.005208333333333333 0.02777777777777778
1 0.7494791666666667 0.5444444444444445 0.009375 0.02592592592592593
0 0.40520833333333334 0.8925925925925926 0.016666666666666666 0.07037037037037037
1 0.4140625 0.8444444444444444 0.015625 0.037037037037037035
1 0.75 0.5175925925925926 0.010416666666666666 0.024074074074074074
0 0.6473958333333333 0.48055555555555557 0.007291666666666667 0.031481481481481485
9 0.7703125 0.4962962962962963 0.02395833333333333 0.02962962962962963
0 0.7619791666666667 0.46481481481481485 0.009375 0.037037037037037035
0 0.7729166666666667 0.47222222222222227 0.004166666666666667 0.02592592592592593
0 0.7765625 0.4675925925925926 0.005208333333333333 0.031481481481481485
0 0.8328125 0.5027777777777778 0.009375 0.03888888888888889
1 0.5265625 0.42129629629629634 0.005208333333333333 0.020370370370370372
1 0.51875 0.4240740740740741 0.008333333333333333 0.022222222222222223
0 0.5697916666666667 0.4166666666666667 0.00625 0.03333333333333333
0 0.5880208333333333 0.42314814814814816 0.005208333333333333 0.03518518518518519
1 0.5755208333333334 0.4351851851851852 0.005208333333333333 0.022222222222222223
1 0.5817708333333333 0.43703703703703706 0.005208333333333333 0.022222222222222223
0 0.26666666666666666 0.41944444444444445 0.008333333333333333 0.031481481481481485
1 0.26875 0.4342592592592593 0.0125 0.012962962962962964
7 0.9604166666666667 0.5583333333333333 0.0375 0.06481481481481481
4 0.88125 0.49722222222222223 0.05625 0.05740740740740741
3 0.84375 0.47685185185185186 0.0125 0.03518518518518519
3 0.9786458333333333 0.5212962962962964 0.042708333333333334 0.03888888888888889
0 0.6645833333333333 0.44537037037037036 0.008333333333333333 0.03518518518518519
0 0.0125 0.5592592592592592 0.010416666666666666 0.044444444444444446
0 0.021875 0.5694444444444444 0.00625 0.020370370370370372
