3 0.4577205882352941 0.8078431372549019 0.06544117647058824 0.21176470588235294
3 0.5202205882352942 0.5248366013071895 0.04338235294117647 0.08758169934640522
3 0.5367647058823529 0.3418300653594771 0.032352941176470584 0.05620915032679738
3 0.4944852941176471 0.28627450980392155 0.025735294117647058 0.04444444444444444
3 0.4540441176470588 0.0869281045751634 0.013970588235294117 0.0196078431372549
3 0.6036764705882353 0.8875816993464052 0.07794117647058824 0.17777777777777776
4 0.3492647058823529 0.9464052287581699 0.054411764705882354 0.10718954248366012
3 0.2650735294117647 0.24967320261437906 0.025735294117647058 0.04444444444444444
3 0.4602941176470588 0.06013071895424836 0.011764705882352941 0.01830065359477124
3 0.47205882352941175 0.045098039215686274 0.010294117647058823 0.01699346405228758
3 0.4536764705882353 0.03986928104575163 0.011764705882352941 0.0196078431372549
3 0.4077205882352941 0.05555555555555555 0.0125 0.0196078431372549
3 0.40845588235294117 0.03986928104575163 0.011029411764705881 0.0196078431372549
3 0.5102941176470588 0.01503267973856209 0.008823529411764706 0.01699346405228758
4 0.2797794117647059 0.2091503267973856 0.025735294117647058 0.04444444444444444
0 0.33492647058823527 0.3052287581699346 0.008088235294117646 0.043137254901960784
0 0.5632352941176471 0.08300653594771241 0.004411764705882353 0.0196078431372549
0 0.3952205882352941 0.14705882352941174 0.006617647058823529 0.0196078431372549
9 0.3952205882352941 0.15424836601307187 0.008088235294117646 0.02091503267973856
0 0.3275735294117647 0.09673202614379084 0.003676470588235294 0.02091503267973856
0 0.32279411764705884 0.09607843137254901 0.004411764705882353 0.02483660130718954
0 0.3113970588235294 0.19999999999999998 0.006617647058823529 0.02875816993464052
2 0.3113970588235294 0.20980392156862743 0.008088235294117646 0.02483660130718954
0 0.3981617647058823 0.02091503267973856 0.003676470588235294 0.01045751633986928
9 0.39852941176470585 0.025490196078431372 0.004411764705882353 0.011764705882352941
0 0.46838235294117647 0.011764705882352941 0.0029411764705882353 0.00784313725490196
0 0.47316176470588234 0.02418300653594771 0.0022058823529411764 0.00915032679738562
0 0.4742647058823529 0.02222222222222222 0.0029411764705882353 0.01045751633986928
9 0.47352941176470587 0.0261437908496732 0.004411764705882353 0.01045751633986928
0 0.538235294117647 0.06470588235294117 0.0029411764705882353 0.011764705882352941
2 0.538235294117647 0.06928104575163398 0.004411764705882353 0.0130718954248366
0 0.6036764705882353 0.4895424836601307 0.013235294117647059 0.04836601307189542
9 0.6044117647058823 0.5013071895424837 0.016176470588235292 0.04836601307189542
3 0.29705882352941176 0.12745098039215685 0.03823529411764706 0.03006535947712418
3 0.30330882352941174 0.15424836601307187 0.019852941176470587 0.03137254901960784
5 0.2849264705882353 0.16209150326797384 0.03897058823529412 0.03398692810457516
0 0.22242647058823528 0.14901960784313725 0.008088235294117646 0.03398692810457516
0 0.2286764705882353 0.16732026143790849 0.007352941176470588 0.01830065359477124
3 0.19669117647058823 0.2764705882352941 0.04485294117647059 0.03529411764705882
3 0.23860294117647057 0.31176470588235294 0.03308823529411765 0.04836601307189542
0 0.09595588235294117 0.569281045751634 0.0125 0.06405228758169934
0 0.08088235294117647 0.5660130718954248 0.016176470588235292 0.06797385620915032
0 0.06911764705882353 0.5529411764705882 0.01764705882352941 0.06013071895424836
0 0.06544117647058824 0.5411764705882353 0.016176470588235292 0.06274509803921569
0 0.09375 0.5019607843137255 0.01838235294117647 0.06013071895424836
0 0.10147058823529412 0.47320261437908495 0.011764705882352941 0.0522875816993464
5 0.04632352941176471 0.47581699346405226 0.08676470588235294 0.06013071895424836
5 0.17058823529411765 0.4509803921568627 0.09411764705882353 0.07320261437908496
0 0.060294117647058824 0.49019607843137253 0.011764705882352941 0.05751633986928104
0 0.0801470588235294 0.4888888888888889 0.013235294117647059 0.054901960784313725
0 0.09375 0.47973856209150323 0.0125 0.054901960784313725
0 0.07316176470588236 0.484313725490196 0.013970588235294117 0.058823529411764705
