3 0.8408088235294118 0.8830065359477124 0.12573529411764706 0.13986928104575164
9 0.9805147058823529 0.665359477124183 0.03161764705882353 0.07058823529411765
9 0.9702205882352941 0.6725490196078431 0.03308823529411765 0.06405228758169934
9 0.7658088235294117 0.7686274509803921 0.027205882352941177 0.07058823529411765
9 0.7496323529411765 0.7333333333333333 0.019852941176470587 0.07320261437908496
9 0.7363970588235293 0.7986928104575163 0.04926470588235294 0.05751633986928104
1 0.7382352941176471 0.7869281045751634 0.023529411764705882 0.06274509803921569
2 0.81875 0.5405228758169934 0.022794117647058822 0.058823529411764705
3 0.7091911764705883 0.6490196078431372 0.11985294117647059 0.09281045751633986
3 0.6716911764705882 0.5405228758169934 0.10220588235294117 0.07973856209150326
3 0.5823529411764706 0.5973856209150327 0.058823529411764705 0.12287581699346405
3 0.4919117647058823 0.6026143790849673 0.047058823529411764 0.1045751633986928
3 0.6577205882352941 0.46928104575163393 0.09338235294117647 0.07320261437908496
0 0.6963235294117647 0.2901960784313725 0.008823529411764706 0.047058823529411764
0 0.6636029411764706 0.32941176470588235 0.008088235294117646 0.047058823529411764
0 0.6735294117647058 0.3398692810457516 0.008823529411764706 0.04967320261437908
0 0.6801470588235294 0.330718954248366 0.007352941176470588 0.04967320261437908
9 0.6797794117647059 0.3045751633986928 0.019852941176470587 0.02875816993464052
0 0.6713235294117647 0.2751633986928104 0.008823529411764706 0.043137254901960784
0 0.6602941176470588 0.27908496732026145 0.008823529411764706 0.043137254901960784
0 0.6525735294117647 0.2725490196078431 0.009558823529411765 0.0457516339869281
0 0.6621323529411764 0.25620915032679736 0.011029411764705881 0.047058823529411764
9 0.6389705882352941 0.1699346405228758 0.010294117647058823 0.0261437908496732
9 0.6547794117647059 0.19869281045751633 0.009558823529411765 0.0261437908496732
3 0.5977941176470588 0.3424836601307189 0.06470588235294117 0.06013071895424836
3 0.5893382352941177 0.2954248366013072 0.06544117647058824 0.0522875816993464
9 0.5952205882352941 0.24640522875816992 0.019852941176470587 0.02483660130718954
9 0.5702205882352941 0.2568627450980392 0.01838235294117647 0.027450980392156862
3 0.5566176470588236 0.21437908496732025 0.047058823529411764 0.04444444444444444
3 0.5477941176470588 0.18169934640522875 0.057352941176470586 0.0392156862745098
3 0.5334558823529412 0.1549019607843137 0.05220588235294118 0.03790849673202614
0 0.5860294117647059 0.16470588235294117 0.0058823529411764705 0.02875816993464052
0 0.5797794117647058 0.16209150326797384 0.006617647058823529 0.03137254901960784
0 0.5724264705882353 0.16013071895424835 0.006617647058823529 0.0326797385620915
3 0.5691176470588235 0.12222222222222222 0.026470588235294117 0.043137254901960784
9 0.06948529411764706 0.6241830065359477 0.027205882352941177 0.06405228758169934
2 0.08345588235294117 0.5718954248366013 0.021323529411764706 0.04836601307189542
2 0.18860294117647058 0.5856209150326797 0.0375 0.03398692810457516
9 0.2566176470588235 0.6248366013071895 0.01764705882352941 0.06013071895424836
6 0.2900735294117647 0.515032679738562 0.04044117647058824 0.08627450980392157
1 0.33786764705882355 0.5607843137254902 0.013970588235294117 0.06013071895424836
1 0.3426470588235294 0.55359477124183 0.014705882352941176 0.04836601307189542
9 0.33933823529411766 0.5758169934640522 0.01838235294117647 0.06143790849673202
0 0.09485294117647058 0.4379084967320261 0.014705882352941176 0.06013071895424836
0 0.08897058823529412 0.43202614379084964 0.014705882352941176 0.05620915032679738
9 0.10183823529411765 0.3901960784313725 0.0125 0.04836601307189542
9 0.1724264705882353 0.5333333333333333 0.028676470588235293 0.03660130718954248
9 0.1738970588235294 0.4941176470588235 0.027205882352941177 0.03137254901960784
9 0.15992647058823528 0.48627450980392156 0.022794117647058822 0.04444444444444444
2 0.19044117647058822 0.4633986928104575 0.032352941176470584 0.0457516339869281
2 0.22058823529411764 0.4725490196078431 0.03529411764705882 0.043137254901960784
2 0.2261029411764706 0.4875816993464052 0.03308823529411765 0.04183006535947712
3 0.39338235294117646 0.30849673202614375 0.032352941176470584 0.06797385620915032
1 0.3628676470588235 0.38692810457516336 0.0125 0.04183006535947712
9 0.3625 0.3980392156862745 0.013235294117647059 0.050980392156862744
3 0.29448529411764707 0.37712418300653594 0.04485294117647059 0.09542483660130718
9 0.3136029411764706 0.30653594771241827 0.022794117647058822 0.0326797385620915
3 0.27941176470588236 0.16078431372549018 0.055882352941176466 0.04183006535947712
3 0.3003676470588235 0.1411764705882353 0.05367647058823529 0.0392156862745098
7 0.3518382352941176 0.16732026143790849 0.015441176470588236 0.0522875816993464
3 0.5158088235294117 0.13398692810457516 0.0375 0.03006535947712418
1 0.48566176470588235 0.22026143790849673 0.008088235294117646 0.0326797385620915
2 0.48566176470588235 0.226797385620915 0.008088235294117646 0.0326797385620915
3 0.4253676470588235 0.17516339869281045 0.02426470588235294 0.04444444444444444
4 0.4775735294117647 0.134640522875817 0.019852941176470587 0.04444444444444444
3 0.4415441176470588 0.11568627450980391 0.022794117647058822 0.0326797385620915
1 0.4485294117647059 0.1522875816993464 0.007352941176470588 0.03006535947712418
9 0.44816176470588237 0.15816993464052287 0.008088235294117646 0.0261437908496732
0 0.13713235294117646 0.3333333333333333 0.009558823529411765 0.04444444444444444
4 0.38823529411764707 0.1241830065359477 0.01911764705882353 0.04967320261437908
0 0.24227941176470588 0.08431372549019607 0.003676470588235294 0.02483660130718954
9 0.34375 0.052941176470588235 0.005147058823529412 0.01699346405228758
2 0.3463235294117647 0.04052287581699346 0.004411764705882353 0.01568627450980392
1 0.3599264705882353 0.07973856209150326 0.006617647058823529 0.02091503267973856
9 0.35955882352941176 0.08562091503267973 0.0058823529411764705 0.0196078431372549
1 0.36470588235294116 0.03333333333333333 0.0058823529411764705 0.02222222222222222
9 0.36470588235294116 0.03790849673202614 0.0058823529411764705 0.01830065359477124
3 0.37169117647058825 0.05947712418300653 0.01838235294117647 0.0326797385620915
1 0.40808823529411764 0.07647058823529411 0.0058823529411764705 0.02222222222222222
9 0.40808823529411764 0.08169934640522876 0.007352941176470588 0.02222222222222222
1 0.4294117647058823 0.0869281045751634 0.0058823529411764705 0.02222222222222222
9 0.4294117647058823 0.09281045751633986 0.0058823529411764705 0.02091503267973856
0 0.47941176470588237 0.07973856209150326 0.004411764705882353 0.023529411764705882
6 0.47058823529411764 0.07124183006535947 0.010294117647058823 0.02222222222222222
3 0.4150735294117647 0.01764705882352941 0.013970588235294117 0.02222222222222222
3 0.4176470588235294 0.06209150326797385 0.01764705882352941 0.03006535947712418
3 0.4235294117647059 0.03856209150326797 0.016176470588235292 0.027450980392156862
1 0.4441176470588235 0.06862745098039215 0.004411764705882353 0.01699346405228758
1 0.4430147058823529 0.065359477124183 0.005147058823529412 0.01830065359477124
4 0.45588235294117646 0.02875816993464052 0.01764705882352941 0.03137254901960784
0 0.44816176470588237 0.03529411764705882 0.003676470588235294 0.023529411764705882
1 0.4430147058823529 0.043137254901960784 0.006617647058823529 0.02091503267973856
9 0.4430147058823529 0.047058823529411764 0.006617647058823529 0.023529411764705882
9 0.4849264705882353 0.05555555555555555 0.0125 0.01437908496732026
3 0.49816176470588236 0.07973856209150326 0.03455882352941177 0.03137254901960784
0 0.5209558823529412 0.06143790849673202 0.005147058823529412 0.0261437908496732
0 0.5283088235294118 0.04771241830065359 0.003676470588235294 0.02483660130718954
0 0.5272058823529412 0.08235294117647059 0.004411764705882353 0.0261437908496732
0 0.5367647058823529 0.08039215686274509 0.0058823529411764705 0.02483660130718954
1 0.5764705882352941 0.07712418300653594 0.0058823529411764705 0.023529411764705882
