3 0.6125 0.5633986928104575 0.05 0.08104575163398692
3 0.5683823529411764 0.48235294117647054 0.054411764705882354 0.06274509803921569
3 0.5106617647058823 0.41045751633986927 0.03602941176470588 0.065359477124183
3 0.7106617647058824 0.5281045751633987 0.05808823529411765 0.07581699346405228
3 0.836764705882353 0.5078431372549019 0.06911764705882353 0.06666666666666667
3 0.9613970588235294 0.6627450980392157 0.07720588235294118 0.08366013071895424
3 0.9599264705882353 0.3836601307189542 0.03161764705882353 0.05359477124183006
3 0.961764705882353 0.3281045751633987 0.057352941176470586 0.04444444444444444
3 0.7448529411764706 0.4261437908496732 0.058823529411764705 0.0522875816993464
0 0.6643382352941176 0.49019607843137253 0.013970588235294117 0.047058823529411764
0 0.6459558823529412 0.49084967320261436 0.009558823529411765 0.0457516339869281
3 0.6540441176470588 0.46470588235294114 0.04632352941176471 0.05620915032679738
3 0.6742647058823529 0.3725490196078431 0.047058823529411764 0.047058823529411764
4 0.9022058823529412 0.28823529411764703 0.045588235294117645 0.050980392156862744
3 0.8764705882352941 0.3359477124183006 0.029411764705882353 0.047058823529411764
6 0.9253676470588235 0.19673202614379084 0.016911764705882352 0.0196078431372549
3 0.8338235294117647 0.20980392156862743 0.03823529411764706 0.03006535947712418
3 0.8014705882352942 0.2542483660130719 0.041176470588235294 0.03790849673202614
3 0.7764705882352941 0.25620915032679736 0.03529411764705882 0.03398692810457516
3 0.7099264705882353 0.2372549019607843 0.04485294117647059 0.0326797385620915
4 0.7227941176470588 0.22352941176470587 0.033823529411764704 0.03660130718954248
4 0.3205882352941176 0.4529411764705882 0.047058823529411764 0.09281045751633986
3 0.16727941176470587 0.13202614379084968 0.015441176470588236 0.0261437908496732
0 0.20477941176470588 0.1830065359477124 0.006617647058823529 0.03137254901960784
0 0.1650735294117647 0.17254901960784313 0.005147058823529412 0.023529411764705882
3 0.17573529411764705 0.19019607843137254 0.01911764705882353 0.03006535947712418
9 0.18419117647058822 0.1287581699346405 0.006617647058823529 0.0196078431372549
3 0.1400735294117647 0.13986928104575164 0.027205882352941177 0.02091503267973856
0 0.13676470588235293 0.1437908496732026 0.004411764705882353 0.023529411764705882
3 0.12242647058823529 0.16078431372549018 0.04338235294117647 0.023529411764705882
3 0.15551470588235294 0.18235294117647058 0.030147058823529412 0.02483660130718954
0 0.14080882352941176 0.1830065359477124 0.006617647058823529 0.0261437908496732
4 0.04852941176470588 0.837908496732026 0.054411764705882354 0.1437908496732026
4 0.13455882352941176 0.5568627450980391 0.03676470588235294 0.08104575163398692
5 0.14522058823529413 0.7065359477124182 0.09926470588235294 0.3281045751633987
4 0.01875 0.684313725490196 0.0375 0.10849673202614378
2 0.046691176470588236 0.6313725490196078 0.025735294117647058 0.04444444444444444
3 0.10220588235294117 0.13594771241830064 0.03823529411764706 0.023529411764705882
0 0.08051470588235295 0.14444444444444443 0.008088235294117646 0.027450980392156862
4 0.02463235294117647 0.4738562091503268 0.04485294117647059 0.08758169934640522
0 0.01213235294117647 0.3915032679738562 0.0125 0.043137254901960784
2 0.02536764705882353 0.6071895424836601 0.0125 0.05359477124183006
2 0.04044117647058824 0.5601307189542484 0.010294117647058823 0.050980392156862744
9 0.026838235294117645 0.5647058823529412 0.015441176470588236 0.04183006535947712
9 0.02389705882352941 0.5372549019607843 0.01838235294117647 0.04444444444444444
3 0.030882352941176472 0.01437908496732026 0.008823529411764706 0.0130718954248366
4 0.030882352941176472 0.04771241830065359 0.020588235294117647 0.02222222222222222
3 0.015808823529411764 0.06143790849673202 0.015441176470588236 0.01568627450980392
3 0.054044117647058826 0.07581699346405228 0.022794117647058822 0.01830065359477124
3 0.055882352941176466 0.0392156862745098 0.020588235294117647 0.01830065359477124
3 0.06360294117647058 0.03464052287581699 0.019852941176470587 0.01699346405228758
3 0.023529411764705882 0.1241830065359477 0.032352941176470584 0.01830065359477124
3 0.02389705882352941 0.11372549019607843 0.03308823529411765 0.01830065359477124
3 0.026838235294117645 0.10522875816993463 0.016911764705882352 0.0196078431372549
3 0.014338235294117646 0.09673202614379084 0.015441176470588236 0.01568627450980392
0 0.011397058823529411 0.10588235294117647 0.005147058823529412 0.023529411764705882
0 0.005147058823529412 0.08823529411764705 0.0058823529411764705 0.02222222222222222
3 0.02389705882352941 0.09215686274509803 0.027205882352941177 0.01699346405228758
0 0.02536764705882353 0.09346405228758169 0.003676470588235294 0.01699346405228758
3 0.02536764705882353 0.08431372549019607 0.028676470588235293 0.01699346405228758
3 0.03272058823529412 0.07320261437908496 0.01838235294117647 0.01830065359477124
0 0.009926470588235294 0.134640522875817 0.005147058823529412 0.023529411764705882
0 0.022058823529411763 0.13594771241830064 0.0058823529411764705 0.0261437908496732
0 0.01764705882352941 0.19869281045751633 0.007352941176470588 0.02875816993464052
0 0.02022058823529412 0.19215686274509802 0.005147058823529412 0.0261437908496732
0 0.033455882352941176 0.18823529411764706 0.006617647058823529 0.03137254901960784
0 0.030147058823529412 0.1895424836601307 0.007352941176470588 0.0261437908496732
1 0.04595588235294117 0.19673202614379084 0.006617647058823529 0.0196078431372549
1 0.05330882352941176 0.19673202614379084 0.008088235294117646 0.01437908496732026
0 0.055882352941176466 0.18888888888888888 0.0058823529411764705 0.03006535947712418
0 0.06838235294117646 0.19281045751633985 0.0058823529411764705 0.03006535947712418
0 0.075 0.19019607843137254 0.004411764705882353 0.027450980392156862
1 0.07242647058823529 0.19999999999999998 0.006617647058823529 0.01568627450980392
1 0.09522058823529411 0.19215686274509802 0.006617647058823529 0.01568627450980392
1 0.08419117647058823 0.19869281045751633 0.006617647058823529 0.01568627450980392
1 0.10551470588235294 0.18888888888888888 0.006617647058823529 0.0196078431372549
1 0.12279411764705882 0.19019607843137254 0.007352941176470588 0.0196078431372549
1 0.11727941176470588 0.19019607843137254 0.006617647058823529 0.0196078431372549
1 0.11176470588235293 0.18888888888888888 0.0058823529411764705 0.01437908496732026
