4 0.2889705882352941 0.6660130718954248 0.19705882352941176 0.27843137254901956
3 0.6992647058823529 0.5013071895424837 0.11176470588235293 0.134640522875817
3 0.8220588235294117 0.4398692810457516 0.09411764705882353 0.12679738562091503
3 0.8772058823529412 0.3156862745098039 0.07352941176470588 0.09542483660130718
3 0.8963235294117647 0.18627450980392155 0.058823529411764705 0.07450980392156863
3 0.9511029411764705 0.0784313725490196 0.06397058823529411 0.054901960784313725
3 0.9838235294117647 0.09999999999999999 0.032352941176470584 0.06143790849673202
3 0.7606617647058823 0.13594771241830064 0.06985294117647059 0.065359477124183
4 0.7970588235294117 0.11830065359477124 0.060294117647058824 0.06405228758169934
3 0.8676470588235294 0.06666666666666667 0.060294117647058824 0.05751633986928104
3 0.5209558823529412 0.26405228758169935 0.08602941176470588 0.06797385620915032
4 0.6488970588235294 0.20326797385620915 0.07573529411764705 0.0849673202614379
3 0.4415441176470588 0.30849673202614375 0.09338235294117647 0.11241830065359476
3 0.028676470588235293 0.08823529411764705 0.057352941176470586 0.05620915032679738
3 0.04852941176470588 0.11699346405228757 0.06764705882352941 0.06143790849673202
3 0.0801470588235294 0.12156862745098039 0.06911764705882353 0.054901960784313725
3 0.13125 0.13529411764705881 0.08161764705882353 0.043137254901960784
3 0.12867647058823528 0.16274509803921566 0.08088235294117647 0.06928104575163398
4 0.14669117647058824 0.21045751633986925 0.0625 0.08104575163398692
0 0.175 0.261437908496732 0.01911764705882353 0.07320261437908496
0 0.2959558823529412 0.3222222222222222 0.01838235294117647 0.07450980392156863
0 0.3040441176470588 0.3281045751633987 0.016911764705882352 0.065359477124183
0 0.37720588235294117 0.4287581699346405 0.01911764705882353 0.0784313725490196
6 0.8621323529411764 0.1241830065359477 0.03161764705882353 0.04183006535947712
9 0.7886029411764706 0.1699346405228758 0.022794117647058822 0.03398692810457516
2 0.8757352941176471 0.7594771241830065 0.033823529411764704 0.08366013071895424
1 0.9121323529411764 0.130718954248366 0.011029411764705881 0.03660130718954248
9 0.9106617647058823 0.1437908496732026 0.021323529411764706 0.03137254901960784
9 0.9058823529411765 0.08888888888888888 0.016176470588235292 0.03398692810457516
3 0.9014705882352941 0.03986928104575163 0.04852941176470588 0.03790849673202614
3 0.9319852941176471 0.03464052287581699 0.04044117647058824 0.03790849673202614
9 0.9621323529411765 0.02287581699346405 0.02426470588235294 0.02483660130718954
9 0.6794117647058824 0.15359477124183005 0.026470588235294117 0.043137254901960784
0 0.7805147058823529 0.08888888888888888 0.009558823529411765 0.03398692810457516
0 0.7625 0.09346405228758169 0.010294117647058823 0.050980392156862744
0 0.45698529411764705 0.24313725490196078 0.009558823529411765 0.04183006535947712
0 0.058823529411764705 0.054901960784313725 0.010294117647058823 0.0392156862745098
