0 0.95 0.22875816993464052 0.013235294117647059 0.04967320261437908
9 0.9231617647058823 0.23464052287581696 0.019852941176470587 0.03006535947712418
2 0.9588235294117647 0.21045751633986925 0.016176470588235292 0.03137254901960784
9 0.8974264705882353 0.24705882352941175 0.013970588235294117 0.0261437908496732
9 0.7794117647058824 0.2647058823529412 0.016176470588235292 0.03790849673202614
9 0.76875 0.25359477124183005 0.015441176470588236 0.03398692810457516
0 0.6893382352941176 0.30588235294117644 0.011029411764705881 0.04967320261437908
3 0.7279411764705882 0.38692810457516336 0.0838235294117647 0.07320261437908496
9 0.6981617647058823 0.40980392156862744 0.019852941176470587 0.0457516339869281
9 0.6919117647058823 0.4392156862745098 0.032352941176470584 0.04444444444444444
0 0.7113970588235294 0.4542483660130719 0.022794117647058822 0.06143790849673202
3 0.9481617647058823 0.28888888888888886 0.05367647058823529 0.06274509803921569
3 0.8985294117647059 0.32941176470588235 0.06911764705882353 0.07581699346405228
3 0.8525735294117647 0.38431372549019605 0.06691176470588235 0.08104575163398692
3 0.9216911764705882 0.4771241830065359 0.07279411764705883 0.09411764705882353
4 0.9830882352941176 0.388235294117647 0.033823529411764704 0.08888888888888888
3 0.8389705882352941 0.5875816993464051 0.09117647058823529 0.11633986928104574
3 0.6966911764705882 0.5366013071895425 0.09191176470588235 0.10588235294117647
3 0.7819852941176471 0.8941176470588235 0.12573529411764706 0.21176470588235294
4 0.7044117647058823 0.7503267973856209 0.1 0.1830065359477124
0 0.59375 0.37385620915032675 0.009558823529411765 0.05751633986928104
0 0.6088235294117647 0.39934640522875814 0.014705882352941176 0.05359477124183006
9 0.6290441176470588 0.3784313725490196 0.022794117647058822 0.04052287581699346
9 0.5860294117647059 0.4437908496732026 0.025 0.05359477124183006
9 0.600735294117647 0.49803921568627446 0.039705882352941174 0.054901960784313725
9 0.58125 0.5366013071895425 0.025735294117647058 0.05620915032679738
9 0.5352941176470588 0.4875816993464052 0.013235294117647059 0.06013071895424836
4 0.5702205882352941 0.6379084967320261 0.09779411764705882 0.15424836601307187
0 0.5496323529411765 0.596078431372549 0.011029411764705881 0.065359477124183
0 0.5198529411764706 0.6058823529411764 0.016176470588235292 0.0718954248366013
0 0.5077205882352941 0.6294117647058823 0.015441176470588236 0.07712418300653594
2 0.5036764705882353 0.4163398692810457 0.030882352941176472 0.03529411764705882
0 0.4948529411764706 0.4379084967320261 0.011764705882352941 0.04444444444444444
0 0.4613970588235294 0.3758169934640523 0.009558823529411765 0.04836601307189542
0 0.45294117647058824 0.41241830065359475 0.008823529411764706 0.05620915032679738
0 0.45808823529411763 0.4202614379084967 0.008823529411764706 0.050980392156862744
0 0.4202205882352941 0.4457516339869281 0.008088235294117646 0.04183006535947712
9 0.4386029411764706 0.45228758169934635 0.027205882352941177 0.04444444444444444
1 0.43786764705882353 0.4437908496732026 0.013970588235294117 0.058823529411764705
2 0.4724264705882353 0.45816993464052286 0.013970588235294117 0.058823529411764705
2 0.45808823529411763 0.4686274509803921 0.01764705882352941 0.05359477124183006
9 0.4672794117647059 0.49999999999999994 0.013970588235294117 0.06143790849673202
0 0.45625 0.5261437908496732 0.0125 0.06666666666666667
0 0.4455882352941176 0.538562091503268 0.013235294117647059 0.07320261437908496
0 0.4345588235294118 0.5235294117647058 0.014705882352941176 0.0718954248366013
0 0.43124999999999997 0.5398692810457516 0.013970588235294117 0.065359477124183
2 0.4235294117647059 0.6183006535947712 0.032352941176470584 0.065359477124183
9 0.47610294117647056 0.5699346405228758 0.02426470588235294 0.06013071895424836
2 0.4713235294117647 0.596078431372549 0.020588235294117647 0.05751633986928104
2 0.3981617647058823 0.430718954248366 0.0125 0.050980392156862744
9 0.38676470588235295 0.42549019607843136 0.014705882352941176 0.04836601307189542
9 0.3801470588235294 0.4660130718954248 0.014705882352941176 0.04836601307189542
0 0.3272058823529412 0.4686274509803921 0.014705882352941176 0.05620915032679738
9 0.36875 0.46470588235294114 0.015441176470588236 0.05620915032679738
1 0.3628676470588235 0.7039215686274509 0.025735294117647058 0.050980392156862744
9 0.275 0.580392156862745 0.032352941176470584 0.054901960784313725
9 0.18235294117647058 0.6862745098039216 0.033823529411764704 0.07320261437908496
3 0.1738970588235294 0.822875816993464 0.14338235294117646 0.14509803921568626
0 0.2867647058823529 0.49019607843137253 0.010294117647058823 0.03660130718954248
0 0.2665441176470588 0.5065359477124183 0.019852941176470587 0.06143790849673202
0 0.27683823529411766 0.503921568627451 0.013970588235294117 0.058823529411764705
0 0.2639705882352941 0.492156862745098 0.011764705882352941 0.06405228758169934
0 0.27095588235294116 0.4784313725490196 0.0125 0.06274509803921569
0 0.2426470588235294 0.4032679738562091 0.014705882352941176 0.058823529411764705
0 0.2338235294117647 0.4052287581699346 0.013235294117647059 0.05751633986928104
0 0.11985294117647059 0.4993464052287581 0.020588235294117647 0.07058823529411765
0 0.16948529411764707 0.30849673202614375 0.0125 0.0522875816993464
0 0.1838235294117647 0.330718954248366 0.013235294117647059 0.04967320261437908
0 0.11176470588235293 0.3078431372549019 0.011764705882352941 0.050980392156862744
3 0.1338235294117647 0.3986928104575163 0.06764705882352941 0.08366013071895424
9 0.14852941176470588 0.46928104575163393 0.032352941176470584 0.047058823529411764
9 0.1547794117647059 0.4856209150326797 0.03602941176470588 0.050980392156862744
9 0.16875 0.4993464052287581 0.03161764705882353 0.06274509803921569
9 0.05110294117647059 0.322875816993464 0.03161764705882353 0.03660130718954248
9 0.01948529411764706 0.28431372549019607 0.015441176470588236 0.03006535947712418
0 0.04779411764705882 0.2673202614379085 0.014705882352941176 0.05620915032679738
0 0.06875 0.2196078431372549 0.016911764705882352 0.04967320261437908
9 0.11470588235294117 0.22287581699346404 0.026470588235294117 0.03529411764705882
0 0.09448529411764706 0.23529411764705882 0.011029411764705881 0.04967320261437908
9 0.0400735294117647 0.14836601307189543 0.01838235294117647 0.03006535947712418
3 0.013970588235294117 0.17581699346405227 0.027941176470588233 0.04836601307189542
1 0.4588235294117647 0.18627450980392155 0.014705882352941176 0.04052287581699346
1 0.5161764705882352 0.19084967320261437 0.013235294117647059 0.04183006535947712
1 0.43419117647058825 0.18692810457516337 0.011029411764705881 0.0392156862745098
1 0.34411764705882353 0.18104575163398692 0.013235294117647059 0.027450980392156862
1 0.3246323529411765 0.1790849673202614 0.009558823529411765 0.03660130718954248
1 0.3044117647058823 0.1764705882352941 0.013235294117647059 0.03398692810457516
