3 0.2875 0.9091503267973856 0.07941176470588235 0.18169934640522875
3 0.4275735294117647 0.14836601307189543 0.028676470588235293 0.06405228758169934
3 0.4724264705882353 0.04836601307189542 0.027205882352941177 0.03660130718954248
4 0.5238970588235294 0.13137254901960782 0.022794117647058822 0.058823529411764705
5 0.6661764705882353 0.4464052287581699 0.06911764705882353 0.1477124183006536
5 0.8779411764705882 0.47058823529411764 0.12352941176470589 0.1830065359477124
0 0.8977941176470589 0.6071895424836601 0.023529411764705882 0.07712418300653594
0 0.8375 0.492156862745098 0.022058823529411763 0.06666666666666667
0 0.7275735294117647 0.07777777777777778 0.011029411764705881 0.03529411764705882
0 0.7540441176470588 0.025490196078431372 0.011029411764705881 0.03529411764705882
1 0.8073529411764706 0.5967320261437908 0.01911764705882353 0.05359477124183006
9 0.8080882352941177 0.6104575163398692 0.01911764705882353 0.06797385620915032
5 0.6908088235294118 0.17712418300653593 0.04485294117647059 0.058823529411764705
3 0.4970588235294118 0.013725490196078431 0.020588235294117647 0.027450980392156862
1 0.6459558823529412 0.1503267973856209 0.009558823529411765 0.0261437908496732
1 0.6466911764705883 0.15947712418300652 0.008088235294117646 0.023529411764705882
9 0.6444852941176471 0.16078431372549018 0.013970588235294117 0.03137254901960784
3 0.18161764705882352 0.3464052287581699 0.051470588235294115 0.09411764705882353
4 0.03161764705882353 0.3503267973856209 0.06323529411764706 0.07320261437908496
3 0.041176470588235294 0.31895424836601305 0.08235294117647059 0.04967320261437908
3 0.058823529411764705 0.28104575163398693 0.08823529411764705 0.06013071895424836
3 0.07279411764705883 0.2457516339869281 0.09411764705882353 0.05751633986928104
3 0.08676470588235294 0.2196078431372549 0.08235294117647059 0.04967320261437908
3 0.11286764705882353 0.18562091503267972 0.08308823529411764 0.054901960784313725
9 0.19338235294117648 0.18235294117647058 0.029411764705882353 0.03529411764705882
0 0.06323529411764706 0.17450980392156862 0.013235294117647059 0.0457516339869281
0 0.08088235294117647 0.1790849673202614 0.007352941176470588 0.023529411764705882
0 0.0801470588235294 0.16601307189542483 0.011764705882352941 0.03137254901960784
4 0.04779411764705882 0.10522875816993463 0.057352941176470586 0.050980392156862744
3 0.20404411764705882 0.12222222222222222 0.05220588235294118 0.043137254901960784
3 0.2742647058823529 0.043137254901960784 0.025 0.04444444444444444
3 0.1536764705882353 0.10261437908496732 0.061764705882352944 0.0457516339869281
3 0.16139705882352942 0.08104575163398692 0.0625 0.047058823529411764
3 0.18345588235294116 0.0457516339869281 0.04485294117647059 0.03660130718954248
3 0.12426470588235294 0.013725490196078431 0.054411764705882354 0.027450980392156862
9 0.07242647058823529 0.07320261437908496 0.025735294117647058 0.0261437908496732
3 0.3044117647058823 0.00849673202614379 0.032352941176470584 0.01699346405228758
0 0.9014705882352941 0.9385620915032679 0.026470588235294117 0.08627450980392157
