3 0.15729166666666666 0.9717592592592593 0.128125 0.05648148148148149
4 0.3953125 0.9638888888888889 0.103125 0.07222222222222223
3 0.42916666666666664 0.8120370370370371 0.09270833333333334 0.13518518518518519
3 0.76484375 0.6365740740740741 0.059895833333333336 0.09166666666666667
3 0.9434895833333333 0.5925925925925926 0.04635416666666667 0.06296296296296297
3 0.5658854166666667 0.9287037037037037 0.07239583333333333 0.1425925925925926
3 0.57421875 0.7300925925925926 0.0984375 0.09722222222222222
3 0.62109375 0.45555555555555555 0.0703125 0.05185185185185186
0 0.6734375 0.3662037037037037 0.007291666666666667 0.03425925925925926
1 0.6841145833333333 0.40231481481481485 0.0109375 0.03425925925925926
9 0.6838541666666667 0.41064814814814815 0.0125 0.032407407407407406
3 0.8697916666666666 0.4532407407407408 0.040625 0.05648148148148149
8 0.8596354166666667 0.23472222222222222 0.057812499999999996 0.0787037037037037
0 0.7994791666666666 0.24629629629629632 0.005208333333333333 0.03333333333333333
1 0.8033854166666666 0.24027777777777778 0.0036458333333333334 0.025
1 0.8059895833333334 0.2388888888888889 0.005729166666666666 0.016666666666666666
0 0.81484375 0.2476851851851852 0.0067708333333333336 0.026851851851851852
0 0.8153645833333333 0.23333333333333334 0.0067708333333333336 0.031481481481481485
0 0.8236979166666667 0.2490740740740741 0.005729166666666666 0.02777777777777778
0 0.82890625 0.2476851851851852 0.005729166666666666 0.030555555555555558
3 0.9151041666666666 0.2587962962962963 0.026041666666666668 0.03425925925925926
3 0.8953125 0.18796296296296297 0.022916666666666665 0.02777777777777778
3 0.90703125 0.1763888888888889 0.021354166666666667 0.025
3 0.9255208333333333 0.16481481481481483 0.020833333333333332 0.024074074074074074
3 0.93515625 0.1513888888888889 0.018229166666666668 0.02314814814814815
4 0.95703125 0.17685185185185187 0.0234375 0.02962962962962963
3 0.9533854166666667 0.13518518518518519 0.0171875 0.022222222222222223
3 0.98125 0.13657407407407407 0.019791666666666666 0.021296296296296296
3 0.99375 0.16064814814814815 0.0125 0.02314814814814815
3 0.9703125 0.11851851851851852 0.019791666666666666 0.020370370370370372
3 0.9955729166666667 0.10601851851851853 0.008854166666666666 0.015740740740740743
0 0.9880208333333333 0.11666666666666667 0.003125 0.012962962962962964
1 0.01171875 0.09212962962962963 0.005729166666666666 0.017592592592592594
2 0.011197916666666667 0.0962962962962963 0.013020833333333334 0.016666666666666666
3 0.03359375 0.3902777777777778 0.0671875 0.05648148148148149
4 0.024479166666666666 0.3763888888888889 0.04895833333333333 0.05462962962962963
3 0.01796875 0.35185185185185186 0.0359375 0.04259259259259259
3 0.07395833333333333 0.3125 0.06666666666666667 0.04351851851851852
4 0.08515625 0.3277777777777778 0.06302083333333333 0.05185185185185186
3 0.09817708333333333 0.3472222222222222 0.06302083333333333 0.04814814814814815
4 0.11380208333333333 0.3597222222222222 0.05572916666666666 0.04537037037037037
0 0.23906249999999998 0.19074074074074074 0.005208333333333333 0.02777777777777778
3 0.25416666666666665 0.20972222222222223 0.035416666666666666 0.032407407407407406
0 0.2734375 0.2013888888888889 0.004166666666666667 0.025
3 0.20651041666666667 0.2662037037037037 0.0546875 0.03981481481481482
4 0.22734374999999998 0.2800925925925926 0.049479166666666664 0.03796296296296296
4 0.24088541666666666 0.28703703703703703 0.0484375 0.03888888888888889
4 0.2559895833333333 0.3013888888888889 0.0515625 0.04722222222222222
0 0.2950520833333333 0.13240740740740742 0.005729166666666666 0.018518518518518517
2 0.28515625 0.12453703703703704 0.0078125 0.017592592592592594
9 0.31484375 0.1175925925925926 0.008854166666666666 0.018518518518518517
2 0.30755208333333334 0.11990740740740741 0.008854166666666666 0.017592592592592594
1 0.32760416666666664 0.11481481481481481 0.00625 0.016666666666666666
0 0.3463541666666667 0.10925925925925926 0.004166666666666667 0.022222222222222223
3 0.29375 0.17824074074074076 0.03854166666666667 0.030555555555555558
4 0.3104166666666667 0.18472222222222223 0.026041666666666668 0.028703703703703703
4 0.3268229166666667 0.19074074074074074 0.0359375 0.03518518518518519
3 0.3385416666666667 0.20370370370370372 0.03958333333333333 0.03333333333333333
3 0.3520833333333333 0.20925925925925926 0.040625 0.031481481481481485
3 0.365625 0.21666666666666667 0.03854166666666667 0.03518518518518519
4 0.33932291666666664 0.16435185185185186 0.033854166666666664 0.026851851851851852
3 0.35390625 0.17314814814814816 0.0328125 0.02592592592592593
3 0.38046875 0.18472222222222223 0.0359375 0.03425925925925926
3 0.3963541666666667 0.19583333333333333 0.035416666666666666 0.026851851851851852
4 0.4002604166666667 0.16944444444444445 0.0359375 0.02777777777777778
3 0.4080729166666667 0.14074074074074075 0.0328125 0.024074074074074074
4 0.4203125 0.14722222222222223 0.029166666666666667 0.02962962962962963
3 0.43697916666666664 0.1550925925925926 0.03854166666666667 0.026851851851851852
3 0.48984374999999997 0.15601851851851853 0.0359375 0.028703703703703703
3 0.5098958333333333 0.16574074074074074 0.035416666666666666 0.02592592592592593
3 0.4947916666666667 0.1875 0.03125 0.03425925925925926
3 0.4427083333333333 0.13194444444444445 0.035416666666666666 0.025
3 0.45208333333333334 0.13842592592592592 0.03125 0.025
3 0.4979166666666667 0.11527777777777778 0.021875 0.021296296296296296
4 0.5088541666666666 0.11990740740740741 0.027083333333333334 0.028703703703703703
3 0.52578125 0.12824074074074074 0.030729166666666665 0.026851851851851852
3 0.5421875 0.13425925925925927 0.027083333333333334 0.024074074074074074
3 0.5294270833333333 0.11064814814814815 0.0265625 0.021296296296296296
3 0.5385416666666667 0.11666666666666667 0.026041666666666668 0.024074074074074074
3 0.5528645833333333 0.12175925925925926 0.028645833333333332 0.021296296296296296
3 0.56484375 0.12962962962962962 0.027604166666666666 0.020370370370370372
1 0.5361979166666666 0.07175925925925926 0.0036458333333333334 0.01388888888888889
1 0.5388020833333333 0.0699074074074074 0.0046875 0.012037037037037037
1 0.5526041666666667 0.07592592592592592 0.003125 0.009259259259259259
4 0.5752604166666666 0.09722222222222222 0.022395833333333334 0.02592592592592593
3 0.5864583333333333 0.10231481481481482 0.021875 0.021296296296296296
3 0.6010416666666667 0.10787037037037038 0.025 0.021296296296296296
3 0.6 0.09166666666666667 0.019791666666666666 0.018518518518518517
0 0.5895833333333333 0.0587962962962963 0.003125 0.019444444444444445
0 0.5950520833333334 0.06157407407407408 0.0036458333333333334 0.019444444444444445
3 0.6236979166666666 0.10231481481481482 0.027604166666666666 0.021296296296296296
0 0.6494791666666666 0.04953703703703704 0.003125 0.01388888888888889
4 0.65234375 0.08518518518518518 0.019270833333333334 0.022222222222222223
3 0.6661458333333333 0.08888888888888889 0.02395833333333333 0.018518518518518517
