3 0.7200520833333334 0.7847222222222222 0.05260416666666667 0.11203703703703705
3 0.84375 0.8138888888888889 0.05416666666666667 0.11296296296296297
3 0.8356770833333333 0.600462962962963 0.0390625 0.06574074074074074
4 0.9481770833333333 0.6972222222222223 0.04010416666666666 0.08888888888888889
3 0.7544270833333333 0.5791666666666667 0.04114583333333333 0.06944444444444445
3 0.6669270833333333 0.700925925925926 0.05572916666666666 0.08148148148148149
3 0.7471354166666666 0.5018518518518519 0.03177083333333333 0.05740740740740741
3 0.8786458333333333 0.5291666666666667 0.034375 0.05462962962962963
3 0.8065104166666667 0.4935185185185185 0.027604166666666666 0.05185185185185186
3 0.778125 0.42962962962962964 0.027083333333333334 0.040740740740740744
3 0.8184895833333333 0.43703703703703706 0.025520833333333333 0.03888888888888889
4 0.8651041666666667 0.43703703703703706 0.02395833333333333 0.05
3 0.9151041666666666 0.4361111111111111 0.030208333333333334 0.044444444444444446
3 0.8716145833333333 0.36435185185185187 0.019270833333333334 0.02314814814814815
3 0.8468749999999999 0.3263888888888889 0.015625 0.02314814814814815
3 0.8234374999999999 0.35000000000000003 0.016666666666666666 0.02777777777777778
3 0.78046875 0.3736111111111111 0.021354166666666667 0.030555555555555558
3 0.79375 0.34490740740740744 0.01875 0.032407407407407406
3 0.75625 0.3175925925925926 0.016666666666666666 0.02962962962962963
5 0.8171875 0.3180555555555556 0.019791666666666666 0.032407407407407406
3 0.7830729166666667 0.31203703703703706 0.01614583333333333 0.024074074074074074
3 0.7981770833333334 0.3050925925925926 0.013020833333333334 0.02314814814814815
3 0.8033854166666666 0.2865740740740741 0.0140625 0.017592592592592594
3 0.77734375 0.27685185185185185 0.011979166666666666 0.022222222222222223
8 0.87734375 0.3050925925925926 0.033854166666666664 0.062037037037037036
3 0.9880208333333333 0.5837962962962964 0.020833333333333332 0.0638888888888889
5 0.5578125 0.4638888888888889 0.041666666666666664 0.05185185185185186
3 0.48385416666666664 0.4412037037037037 0.03333333333333333 0.04166666666666667
3 0.5203125 0.36388888888888893 0.027083333333333334 0.031481481481481485
3 0.6893229166666667 0.34120370370370373 0.0296875 0.032407407407407406
3 0.64921875 0.3101851851851852 0.019270833333333334 0.02777777777777778
5 0.6591145833333333 0.2675925925925926 0.0171875 0.040740740740740744
3 0.8049479166666667 0.26944444444444443 0.013020833333333334 0.016666666666666666
2 0.5809895833333333 0.7449074074074075 0.0140625 0.03981481481481482
0 0.5796875 0.7273148148148149 0.014583333333333334 0.04537037037037037
2 0.55859375 0.7402777777777778 0.018229166666666668 0.03425925925925926
0 0.5583333333333333 0.7240740740740741 0.011458333333333333 0.04814814814814815
9 0.4627604166666667 0.9046296296296297 0.0203125 0.05
0 0.4635416666666667 0.8796296296296297 0.016666666666666666 0.05740740740740741
8 0.2513020833333333 0.17592592592592593 0.018229166666666668 0.02777777777777778
