3 0.26948529411764705 0.8718954248366012 0.10514705882352941 0.10980392156862745
3 0.12389705882352942 0.8339869281045751 0.12867647058823528 0.1045751633986928
3 0.40551470588235294 0.7437908496732025 0.04779411764705882 0.12810457516339868
3 0.41911764705882354 0.5607843137254902 0.03529411764705882 0.08104575163398692
3 0.33492647058823527 0.5522875816993463 0.04044117647058824 0.09019607843137255
3 0.41213235294117645 0.426797385620915 0.028676470588235293 0.07973856209150326
3 0.4786764705882353 0.4875816993464052 0.030882352941176472 0.07058823529411765
3 0.42683823529411763 0.3326797385620915 0.02426470588235294 0.06143790849673202
3 0.43161764705882355 0.24901960784313723 0.023529411764705882 0.04836601307189542
3 0.43970588235294117 0.22026143790849673 0.023529411764705882 0.04836601307189542
3 0.47941176470588237 0.22483660130718952 0.023529411764705882 0.04967320261437908
3 0.10955882352941176 0.9712418300653594 0.06764705882352941 0.05751633986928104
4 0.036397058823529414 0.6941176470588235 0.04485294117647059 0.10980392156862745
4 0.17352941176470588 0.7294117647058823 0.09705882352941177 0.08104575163398692
3 0.18933823529411764 0.6751633986928104 0.09338235294117647 0.05620915032679738
3 0.19595588235294117 0.6235294117647059 0.10220588235294117 0.054901960784313725
3 0.25625 0.5130718954248366 0.08308823529411764 0.06143790849673202
3 0.28455882352941175 0.46928104575163393 0.08676470588235294 0.054901960784313725
3 0.2841911764705882 0.43660130718954243 0.06985294117647059 0.04967320261437908
3 0.3099264705882353 0.41437908496732023 0.06985294117647059 0.04967320261437908
3 0.33345588235294116 0.396078431372549 0.06985294117647059 0.04967320261437908
3 0.31286764705882353 0.36732026143790847 0.06985294117647059 0.04967320261437908
3 0.33125 0.3529411764705882 0.06985294117647059 0.04967320261437908
3 0.2731617647058823 0.35163398692810455 0.06985294117647059 0.04967320261437908
3 0.3136029411764706 0.3660130718954248 0.06985294117647059 0.04967320261437908
3 0.35698529411764707 0.29934640522875816 0.05073529411764706 0.047058823529411764
3 0.3382352941176471 0.2797385620915033 0.06911764705882353 0.04967320261437908
4 0.3246323529411765 0.31045751633986923 0.0625 0.04836601307189542
3 0.34411764705882353 0.269281045751634 0.0661764705882353 0.04183006535947712
3 0.3514705882352941 0.2457516339869281 0.06911764705882353 0.04967320261437908
3 0.34816176470588234 0.2483660130718954 0.05367647058823529 0.04444444444444444
3 0.2363970588235294 0.2771241830065359 0.027205882352941177 0.04183006535947712
1 0.10992647058823529 0.6424836601307189 0.013970588235294117 0.04052287581699346
1 0.10551470588235294 0.6339869281045751 0.013970588235294117 0.0392156862745098
9 0.10845588235294118 0.6333333333333333 0.022794117647058822 0.06143790849673202
9 0.5665441176470588 0.6993464052287581 0.021323529411764706 0.05751633986928104
0 0.5779411764705882 0.8999999999999999 0.014705882352941176 0.058823529411764705
0 0.5838235294117647 0.8875816993464052 0.014705882352941176 0.06013071895424836
0 0.5735294117647058 0.884313725490196 0.014705882352941176 0.058823529411764705
4 0.5360294117647059 0.3908496732026144 0.03529411764705882 0.08627450980392157
3 0.5665441176470588 0.3581699346405228 0.05661764705882353 0.054901960784313725
3 0.5308823529411765 0.31437908496732025 0.025 0.0457516339869281
3 0.5709558823529411 0.29934640522875816 0.04779411764705882 0.04183006535947712
3 0.5621323529411765 0.269281045751634 0.04632352941176471 0.04183006535947712
1 0.7408088235294118 0.9065359477124182 0.02426470588235294 0.06143790849673202
0 0.7227941176470588 0.9771241830065359 0.022058823529411763 0.04052287581699346
1 0.3966911764705882 0.2699346405228758 0.009558823529411765 0.03006535947712418
9 0.3963235294117647 0.28104575163398693 0.007352941176470588 0.02091503267973856
0 0.5113970588235294 0.23594771241830065 0.009558823529411765 0.0326797385620915
0 0.5080882352941176 0.19215686274509802 0.010294117647058823 0.02875816993464052
6 0.544485294117647 0.2065359477124183 0.015441176470588236 0.03660130718954248
3 0.44595588235294115 0.16078431372549018 0.016911764705882352 0.02875816993464052
3 0.4742647058823529 0.11633986928104574 0.016176470588235292 0.0261437908496732
3 0.46801470588235294 0.0784313725490196 0.011029411764705881 0.023529411764705882
4 0.4463235294117647 0.08169934640522876 0.014705882352941176 0.03529411764705882
5 0.43272058823529413 0.11699346405228757 0.019852941176470587 0.0457516339869281
5 0.3952205882352941 0.1588235294117647 0.025735294117647058 0.06143790849673202
5 0.40183823529411766 0.11241830065359476 0.02426470588235294 0.03398692810457516
5 0.5169117647058823 0.09084967320261438 0.033823529411764704 0.050980392156862744
5 0.5095588235294117 0.07647058823529411 0.033823529411764704 0.050980392156862744
5 0.4970588235294118 0.06601307189542484 0.033823529411764704 0.050980392156862744
2 0.6599264705882353 0.6084967320261437 0.03161764705882353 0.04052287581699346
5 0.3841911764705882 0.9098039215686274 0.08602941176470588 0.1803921568627451
