3 0.40130208333333334 0.9092592592592593 0.07864583333333333 0.13518518518518519
3 0.2755208333333333 0.8643518518518519 0.0875 0.1175925925925926
3 0.3888020833333333 0.7893518518518519 0.05677083333333333 0.09537037037037037
3 0.40234375 0.7050925925925926 0.04010416666666666 0.06574074074074074
3 0.46979166666666666 0.6865740740740741 0.036458333333333336 0.0638888888888889
3 0.38515625 0.6472222222222223 0.028645833333333332 0.04259259259259259
3 0.27708333333333335 0.7236111111111111 0.096875 0.06944444444444445
3 0.5791666666666666 0.9722222222222222 0.10208333333333333 0.05
3 0.56015625 0.9032407407407408 0.08177083333333333 0.11574074074074074
3 0.5377604166666666 0.8143518518518519 0.06197916666666667 0.09166666666666667
3 0.5294270833333333 0.7555555555555555 0.050520833333333334 0.06666666666666667
3 0.5231770833333333 0.7125 0.0390625 0.058333333333333334
3 0.5078125 0.6462962962962964 0.026041666666666668 0.040740740740740744
3 0.47760416666666666 0.6032407407407407 0.019791666666666666 0.028703703703703703
3 0.42994791666666665 0.6722222222222223 0.033854166666666664 0.04814814814814815
3 0.4341145833333333 0.6407407407407407 0.030729166666666665 0.03888888888888889
3 0.44244791666666666 0.6162037037037037 0.0234375 0.03425925925925926
3 0.44895833333333335 0.5953703703703704 0.016666666666666666 0.02962962962962963
3 0.4578125 0.5791666666666667 0.0125 0.02314814814814815
3 0.45390625 0.5662037037037038 0.013020833333333334 0.02314814814814815
3 0.4744791666666667 0.5601851851851852 0.0125 0.018518518518518517
3 0.40078125 0.6212962962962963 0.024479166666666666 0.031481481481481485
3 0.4236979166666667 0.575925925925926 0.01614583333333333 0.02592592592592593
3 0.43203125 0.5615740740740741 0.0140625 0.021296296296296296
0 0.59921875 0.6944444444444444 0.0109375 0.05740740740740741
2 0.5002604166666667 0.9157407407407407 0.018229166666666668 0.08148148148148149
2 0.4713541666666667 0.8055555555555556 0.014583333333333334 0.07222222222222223
2 0.4825520833333333 0.6481481481481481 0.0109375 0.020370370370370372
2 0.4942708333333333 0.7939814814814815 0.0125 0.03425925925925926
2 0.4908854166666667 0.7643518518518518 0.015104166666666667 0.036111111111111115
0 0.49973958333333335 0.8921296296296297 0.018229166666666668 0.08611111111111111
0 0.49322916666666666 0.8342592592592593 0.016666666666666666 0.07222222222222223
0 0.471875 0.7833333333333333 0.016666666666666666 0.07222222222222223
0 0.496875 0.7796296296296297 0.014583333333333334 0.04814814814814815
0 0.4908854166666667 0.7486111111111111 0.013020833333333334 0.05092592592592593
0 0.42604166666666665 0.5976851851851852 0.004166666666666667 0.017592592592592594
2 0.42526041666666664 0.6069444444444445 0.005729166666666666 0.017592592592592594
2 0.4921875 0.5837962962962964 0.004166666666666667 0.019444444444444445
2 0.4734375 0.5768518518518518 0.003125 0.014814814814814815
0 0.49192708333333335 0.5750000000000001 0.0046875 0.014814814814814815
0 0.4731770833333333 0.5712962962962963 0.0046875 0.016666666666666666
0 0.48203124999999997 0.6361111111111112 0.0067708333333333336 0.02592592592592593
0 0.4947916666666667 0.6472222222222223 0.008333333333333333 0.02962962962962963
2 0.4942708333333333 0.6648148148148149 0.0125 0.03518518518518519
3 0.40546875 0.6074074074074074 0.024479166666666666 0.031481481481481485
0 0.4864583333333333 0.5745370370370371 0.003125 0.019444444444444445
2 0.48671875 0.5791666666666667 0.0078125 0.019444444444444445
