0 0.09191176470588235 0.3633986928104575 0.032352941176470584 0.10196078431372549
0 0.06911764705882353 0.3405228758169934 0.03529411764705882 0.08758169934640522
3 0.04742647058823529 0.2849673202614379 0.09485294117647058 0.19084967320261437
3 0.15588235294117647 0.08039215686274509 0.09117647058823529 0.16078431372549018
0 0.029044117647058824 0.03006535947712418 0.030147058823529412 0.06013071895424836
9 0.5941176470588235 0.14509803921568626 0.020588235294117647 0.09411764705882353
9 0.9764705882352941 0.692156862745098 0.047058823529411764 0.06928104575163398
4 0.94375 0.5215686274509803 0.1125 0.15424836601307187
1 0.8904411764705882 0.6183006535947712 0.027941176470588233 0.0915032679738562
9 0.881985294117647 0.611111111111111 0.06838235294117646 0.06143790849673202
0 0.9654411764705882 0.4261437908496732 0.027941176470588233 0.07581699346405228
0 0.981985294117647 0.46470588235294114 0.016911764705882352 0.0718954248366013
0 0.9246323529411764 0.41503267973856206 0.04191176470588235 0.0849673202614379
0 0.9091911764705882 0.3732026143790849 0.03602941176470588 0.07973856209150326
0 0.868014705882353 0.230718954248366 0.028676470588235293 0.07973856209150326
0 0.8893382352941176 0.2549019607843137 0.03455882352941177 0.08627450980392157
0 0.8893382352941176 0.22156862745098038 0.03897058823529412 0.08758169934640522
0 0.9073529411764706 0.2392156862745098 0.030882352941176472 0.09411764705882353
0 0.919485294117647 0.18104575163398692 0.03455882352941177 0.09542483660130718
0 0.9338235294117647 0.21241830065359477 0.029411764705882353 0.07973856209150326
2 0.9856617647058823 0.19607843137254902 0.028676470588235293 0.07058823529411765
2 0.9647058823529412 0.19084967320261437 0.041176470588235294 0.054901960784313725
2 0.95 0.23529411764705882 0.041176470588235294 0.0784313725490196
2 0.9191176470588235 0.08235294117647059 0.03529411764705882 0.065359477124183
2 0.9106617647058823 0.07124183006535947 0.03897058823529412 0.05620915032679738
9 0.8772058823529412 0.09869281045751634 0.03676470588235294 0.058823529411764705
9 0.8639705882352942 0.09019607843137255 0.03529411764705882 0.065359477124183
9 0.8584558823529411 0.07777777777777778 0.03455882352941177 0.06405228758169934
0 0.7533088235294118 0.08823529411764705 0.019852941176470587 0.08235294117647059
0 0.7764705882352941 0.07647058823529411 0.01764705882352941 0.06405228758169934
0 0.7878676470588235 0.0849673202614379 0.021323529411764706 0.0784313725490196
0 0.7797794117647059 0.09542483660130718 0.015441176470588236 0.065359477124183
0 0.7625 0.11503267973856209 0.029411764705882353 0.08104575163398692
9 0.8253676470588235 0.07124183006535947 0.04191176470588235 0.06666666666666667
9 0.8227941176470588 0.09803921568627451 0.044117647058823525 0.06013071895424836
2 0.8213235294117647 0.3196078431372549 0.025 0.08758169934640522
2 0.8871323529411764 0.3418300653594771 0.028676470588235293 0.08235294117647059
9 0.7058823529411764 0.12287581699346405 0.052941176470588235 0.06274509803921569
1 0.7786764705882353 0.9784313725490196 0.04264705882352941 0.043137254901960784
9 0.7691176470588236 0.9751633986928104 0.032352941176470584 0.04967320261437908
