3 0.8408088235294118 0.7908496732026143 0.31838235294117645 0.4156862745098039
0 0.4455882352941176 0.596078431372549 0.11323529411764706 0.33202614379084966
0 0.35808823529411765 0.5875816993464051 0.1 0.41960784313725485
9 0.08455882352941177 0.4549019607843137 0.1661764705882353 0.2483660130718954
1 0.09485294117647058 0.16339869281045752 0.04264705882352941 0.11503267973856209
1 0.039705882352941174 0.14901960784313725 0.044117647058823525 0.12810457516339868
1 0.02022058823529412 0.12222222222222222 0.030147058823529412 0.0718954248366013
3 0.03051470588235294 0.08758169934640522 0.06102941176470588 0.09673202614379084
1 0.015808823529411764 0.23594771241830065 0.03161764705882353 0.13986928104575164
1 0.0125 0.30849673202614375 0.025 0.16209150326797384
2 0.3952205882352941 0.2915032679738562 0.0801470588235294 0.19084967320261437
0 0.3323529411764706 0.2542483660130719 0.041176470588235294 0.2392156862745098
0 0.3863970588235294 0.15816993464052287 0.027205882352941177 0.18823529411764706
0 0.3375 0.15098039215686274 0.030882352941176472 0.19477124183006533
1 0.3088235294117647 0.04836601307189542 0.014705882352941176 0.04183006535947712
1 0.32941176470588235 0.01503267973856209 0.016176470588235292 0.03006535947712418
0 0.2639705882352941 0.01830065359477124 0.01764705882352941 0.03660130718954248
0 0.2823529411764706 0.023529411764705882 0.013235294117647059 0.047058823529411764
0 0.2911764705882353 0.01633986928104575 0.0058823529411764705 0.0326797385620915
9 0.17352941176470588 0.05359477124183006 0.051470588235294115 0.06274509803921569
2 0.17426470588235293 0.04771241830065359 0.020588235294117647 0.04052287581699346
3 0.12022058823529412 0.02483660130718954 0.06397058823529411 0.04967320261437908
