4 0.14485294117647057 0.761437908496732 0.12352941176470589 0.18692810457516337
3 0.3625 0.9385620915032679 0.13088235294117648 0.12287581699346405
3 0.40661764705882353 0.6751633986928104 0.07941176470588235 0.10326797385620914
3 0.49816176470588236 0.7594771241830065 0.09338235294117647 0.130718954248366
3 0.5125 0.6392156862745098 0.09264705882352942 0.11764705882352941
1 0.4661764705882353 0.5019607843137255 0.01764705882352941 0.04444444444444444
2 0.46654411764705883 0.526797385620915 0.022794117647058822 0.03398692810457516
3 0.4213235294117647 0.4359477124183006 0.061764705882352944 0.07712418300653594
5 0.6147058823529412 0.5137254901960784 0.09264705882352942 0.16209150326797384
5 0.6878676470588235 0.40784313725490196 0.0625 0.10718954248366012
3 0.7268382352941176 0.3418300653594771 0.04044117647058824 0.050980392156862744
3 0.7055147058823529 0.27777777777777773 0.0375 0.03529411764705882
3 0.7573529411764706 0.2875816993464052 0.033823529411764704 0.0522875816993464
3 0.8080882352941177 0.2895424836601307 0.033823529411764704 0.0457516339869281
3 0.7867647058823529 0.2372549019607843 0.022058823529411763 0.04052287581699346
3 0.8308823529411764 0.22156862745098038 0.027941176470588233 0.03790849673202614
3 0.8014705882352942 0.21372549019607842 0.022058823529411763 0.0326797385620915
3 0.8397058823529412 0.04444444444444444 0.010294117647058823 0.02091503267973856
9 0.819485294117647 0.03137254901960784 0.008088235294117646 0.01045751633986928
1 0.8191176470588235 0.02875816993464052 0.004411764705882353 0.01045751633986928
3 0.8183823529411764 0.17712418300653593 0.022058823529411763 0.0326797385620915
3 0.8518382352941176 0.18235294117647058 0.021323529411764706 0.03529411764705882
4 0.8639705882352942 0.14901960784313725 0.020588235294117647 0.03398692810457516
3 0.8327205882352942 0.1522875816993464 0.01838235294117647 0.027450980392156862
3 0.8011029411764706 0.14313725490196078 0.019852941176470587 0.02483660130718954
3 0.8154411764705882 0.12679738562091503 0.01911764705882353 0.02091503267973856
3 0.8268382352941176 0.10718954248366012 0.015441176470588236 0.023529411764705882
3 0.8775735294117647 0.12810457516339868 0.016911764705882352 0.023529411764705882
3 0.8411764705882353 0.1372549019607843 0.016176470588235292 0.023529411764705882
3 0.8474264705882353 0.12352941176470587 0.016911764705882352 0.0196078431372549
3 0.8632352941176471 0.10980392156862745 0.016176470588235292 0.01830065359477124
3 0.8525735294117647 0.10065359477124182 0.013970588235294117 0.02091503267973856
3 0.8658088235294118 0.09215686274509803 0.0125 0.01699346405228758
3 0.8915441176470588 0.09346405228758169 0.015441176470588236 0.02222222222222222
4 0.9022058823529412 0.07581699346405228 0.011764705882352941 0.01830065359477124
3 0.9106617647058823 0.04967320261437908 0.006617647058823529 0.01568627450980392
3 0.9191176470588235 0.043137254901960784 0.008823529411764706 0.0130718954248366
3 0.8746323529411765 0.08562091503267973 0.0125 0.01699346405228758
3 0.8518382352941176 0.07712418300653594 0.013970588235294117 0.01830065359477124
4 0.8555147058823529 0.0673202614379085 0.011029411764705881 0.0196078431372549
4 0.8727941176470588 0.0718954248366013 0.011764705882352941 0.02091503267973856
3 0.8654411764705883 0.056862745098039215 0.008823529411764706 0.01437908496732026
3 0.8738970588235294 0.04771241830065359 0.009558823529411765 0.01437908496732026
3 0.8786764705882353 0.045098039215686274 0.010294117647058823 0.01437908496732026
4 0.888235294117647 0.0718954248366013 0.011764705882352941 0.02091503267973856
5 0.8863970588235294 0.06143790849673202 0.013970588235294117 0.0261437908496732
3 0.8937499999999999 0.05424836601307189 0.008088235294117646 0.01699346405228758
3 0.8974264705882353 0.047058823529411764 0.009558823529411765 0.01568627450980392
3 0.8610294117647058 0.01045751633986928 0.007352941176470588 0.01045751633986928
3 0.8488970588235294 0.00915032679738562 0.008088235294117646 0.01568627450980392
3 0.8341911764705883 0.00915032679738562 0.008088235294117646 0.01045751633986928
