5 0.25036764705882353 0.26013071895424833 0.09191176470588235 0.13333333333333333
3 0.2952205882352941 0.9503267973856209 0.09338235294117647 0.09673202614379084
3 0.44485294117647056 0.837908496732026 0.06911764705882353 0.130718954248366
3 0.5621323529411765 0.8431372549019607 0.05955882352941176 0.12287581699346405
3 0.3988970588235294 0.430718954248366 0.04926470588235294 0.07450980392156863
3 0.6147058823529412 0.01568627450980392 0.01911764705882353 0.0261437908496732
3 0.40551470588235294 0.5967320261437908 0.04632352941176471 0.0718954248366013
3 0.45808823529411763 0.6431372549019607 0.060294117647058824 0.0915032679738562
3 0.5283088235294118 0.6738562091503267 0.05808823529411765 0.10065359477124182
4 0.6091911764705882 0.6647058823529411 0.05220588235294118 0.08758169934640522
3 0.5386029411764706 0.5732026143790849 0.05955882352941176 0.0849673202614379
4 0.6308823529411764 0.5366013071895425 0.055882352941176466 0.08758169934640522
3 0.6922794117647059 0.5509803921568627 0.04044117647058824 0.0718954248366013
3 0.6595588235294118 0.44052287581699345 0.039705882352941174 0.06013071895424836
3 0.7102941176470589 0.44705882352941173 0.03823529411764706 0.06274509803921569
3 0.6573529411764706 0.357516339869281 0.03823529411764706 0.05359477124183006
3 0.7003676470588235 0.2947712418300653 0.028676470588235293 0.043137254901960784
3 0.7261029411764706 0.37124183006535943 0.04191176470588235 0.054901960784313725
3 0.7143382352941177 0.33921568627450976 0.03308823529411765 0.050980392156862744
8 0.5966911764705882 0.42222222222222217 0.08161764705882353 0.14640522875816991
8 0.675 0.2549019607843137 0.061764705882352944 0.0915032679738562
3 0.775 0.32156862745098036 0.03529411764705882 0.0522875816993464
3 0.731985294117647 0.22875816993464052 0.03161764705882353 0.04183006535947712
4 0.7371323529411764 0.2803921568627451 0.0375 0.06405228758169934
3 0.7974264705882352 0.2588235294117647 0.028676470588235293 0.04183006535947712
3 0.7716911764705883 0.24901960784313723 0.030147058823529412 0.0457516339869281
3 0.7761029411764706 0.15947712418300652 0.027205882352941177 0.03660130718954248
3 0.7650735294117647 0.20849673202614377 0.02426470588235294 0.03790849673202614
3 0.7919117647058823 0.21503267973856208 0.026470588235294117 0.03790849673202614
3 0.7952205882352941 0.1803921568627451 0.02426470588235294 0.03660130718954248
3 0.8264705882352941 0.21111111111111108 0.026470588235294117 0.043137254901960784
3 0.8143382352941176 0.14836601307189543 0.02426470588235294 0.03529411764705882
3 0.8136029411764706 0.1261437908496732 0.025735294117647058 0.03006535947712418
3 0.8378676470588236 0.10522875816993463 0.025735294117647058 0.03529411764705882
3 0.8463235294117647 0.06405228758169934 0.022058823529411763 0.02875816993464052
3 0.8533088235294117 0.08300653594771241 0.02426470588235294 0.0326797385620915
3 0.8705882352941177 0.09346405228758169 0.022058823529411763 0.03006535947712418
3 0.8547794117647058 0.12941176470588234 0.021323529411764706 0.02875816993464052
5 0.8529411764705882 0.16013071895424835 0.03823529411764706 0.0718954248366013
3 0.8834558823529411 0.1196078431372549 0.021323529411764706 0.0326797385620915
3 0.8966911764705883 0.08235294117647059 0.019852941176470587 0.03137254901960784
3 0.9055147058823529 0.06013071895424836 0.01838235294117647 0.0261437908496732
5 0.9202205882352941 0.0261437908496732 0.030147058823529412 0.0522875816993464
0 0.856985294117647 0.01830065359477124 0.0022058823529411764 0.02091503267973856
0 0.8606617647058823 0.01568627450980392 0.005147058823529412 0.02091503267973856
3 0.86875 0.02091503267973856 0.019852941176470587 0.0261437908496732
8 0.8849264705882353 0.03790849673202614 0.03897058823529412 0.07058823529411765
