3 0.7419117647058824 0.08104575163398692 0.0838235294117647 0.07058823529411765
3 0.7584558823529411 0.14313725490196078 0.09485294117647058 0.09019607843137255
4 0.8720588235294118 0.1941176470588235 0.08823529411764705 0.11895424836601307
3 0.850735294117647 0.24705882352941175 0.11176470588235293 0.10196078431372549
1 0.8220588235294117 0.2673202614379085 0.01911764705882353 0.0718954248366013
2 0.8209558823529411 0.28823529411764703 0.04191176470588235 0.058823529411764705
1 0.9886029411764706 0.37124183006535943 0.022794117647058822 0.08888888888888888
1 0.8691176470588236 0.3359477124183006 0.011764705882352941 0.05751633986928104
1 0.88125 0.3372549019607843 0.019852941176470587 0.06797385620915032
9 0.8805147058823529 0.3555555555555555 0.04926470588235294 0.065359477124183
0 0.7272058823529411 0.503921568627451 0.023529411764705882 0.09542483660130718
0 0.74375 0.518954248366013 0.021323529411764706 0.09411764705882353
0 0.7823529411764706 0.6640522875816993 0.029411764705882353 0.10718954248366012
9 0.8492647058823529 0.6300653594771242 0.06470588235294117 0.08366013071895424
0 0.9106617647058823 0.7692810457516339 0.030147058823529412 0.10065359477124182
0 0.9161764705882353 0.7954248366013071 0.029411764705882353 0.07973856209150326
0 0.8624999999999999 0.7130718954248365 0.033823529411764704 0.09803921568627451
9 0.8503676470588235 0.7294117647058823 0.03897058823529412 0.11503267973856209
9 0.6621323529411764 0.830718954248366 0.07279411764705883 0.11895424836601307
0 0.6 0.8156862745098039 0.022058823529411763 0.12287581699346405
0 0.5452205882352941 0.7836601307189542 0.025735294117647058 0.11895424836601307
0 0.5588235294117647 0.7784313725490195 0.01764705882352941 0.07973856209150326
0 0.6165441176470589 0.7065359477124182 0.030147058823529412 0.12156862745098039
0 0.2261029411764706 0.9294117647058823 0.027205882352941177 0.12287581699346405
0 0.25441176470588234 0.9196078431372549 0.03823529411764706 0.12941176470588234
9 0.0400735294117647 0.6718954248366013 0.0801470588235294 0.10980392156862745
1 0.03566176470588235 0.6549019607843137 0.05220588235294118 0.10718954248366012
0 0.22904411764705881 0.6241830065359477 0.03308823529411765 0.11633986928104574
2 0.24191176470588235 0.6300653594771242 0.020588235294117647 0.10718954248366012
0 0.2139705882352941 0.46928104575163393 0.01764705882352941 0.09934640522875816
0 0.22205882352941175 0.49803921568627446 0.022058823529411763 0.08627450980392157
0 0.3180147058823529 0.7928104575163398 0.04044117647058824 0.1241830065359477
0 0.3327205882352941 0.7751633986928104 0.03455882352941177 0.11503267973856209
0 0.37536764705882353 0.7320261437908496 0.027205882352941177 0.1045751633986928
0 0.3977941176470588 0.7470588235294117 0.025 0.12679738562091503
1 0.39595588235294116 0.7379084967320261 0.02426470588235294 0.06666666666666667
0 0.4323529411764706 0.7542483660130719 0.020588235294117647 0.12287581699346405
0 0.4161764705882353 0.7359477124183006 0.01911764705882353 0.11241830065359476
0 0.7033088235294117 0.6941176470588235 0.025735294117647058 0.10980392156862745
1 0.7143382352941177 0.6732026143790849 0.019852941176470587 0.07058823529411765
0 0.6625 0.6568627450980392 0.030882352941176472 0.11372549019607843
3 0.6327205882352941 0.46928104575163393 0.12426470588235294 0.16209150326797384
9 0.6779411764705883 0.5797385620915032 0.057352941176470586 0.07450980392156863
0 0.5613970588235294 0.6882352941176471 0.021323529411764706 0.10588235294117647
0 0.5143382352941176 0.6640522875816993 0.02426470588235294 0.10196078431372549
0 0.45992647058823527 0.6738562091503267 0.021323529411764706 0.11895424836601307
0 0.4926470588235294 0.6444444444444444 0.016176470588235292 0.1045751633986928
0 0.47720588235294115 0.649673202614379 0.022058823529411763 0.09934640522875816
0 0.5404411764705882 0.6359477124183006 0.026470588235294117 0.1111111111111111
0 0.375 0.665359477124183 0.023529411764705882 0.08366013071895424
0 0.3922794117647059 0.6771241830065359 0.021323529411764706 0.08366013071895424
0 0.4158088235294118 0.6849673202614378 0.02426470588235294 0.0784313725490196
0 0.2823529411764706 0.5509803921568627 0.027941176470588233 0.1111111111111111
2 0.28455882352941175 0.5732026143790849 0.01911764705882353 0.0849673202614379
0 0.30625 0.5633986928104575 0.025735294117647058 0.10196078431372549
0 0.31727941176470587 0.6013071895424836 0.02426470588235294 0.1045751633986928
0 0.34191176470588236 0.5816993464052287 0.022058823529411763 0.09673202614379084
0 0.3669117647058823 0.584313725490196 0.020588235294117647 0.1045751633986928
0 0.3875 0.5666666666666667 0.01764705882352941 0.09019607843137255
1 0.23933823529411766 0.24444444444444444 0.021323529411764706 0.05751633986928104
1 0.2485294117647059 0.23267973856209148 0.020588235294117647 0.06013071895424836
1 0.26029411764705884 0.2333333333333333 0.020588235294117647 0.05359477124183006
0 0.2610294117647059 0.20849673202614377 0.016176470588235292 0.0457516339869281
0 0.2731617647058823 0.2241830065359477 0.019852941176470587 0.06405228758169934
2 0.28566176470588234 0.22483660130718952 0.025735294117647058 0.06274509803921569
3 0.4128676470588235 0.22352941176470587 0.09632352941176471 0.10718954248366012
3 0.5099264705882353 0.23267973856209148 0.09485294117647058 0.12810457516339868
0 0.3977941176470588 0.5633986928104575 0.016176470588235292 0.0784313725490196
0 0.4143382352941176 0.6385620915032679 0.019852941176470587 0.07712418300653594
0 0.39705882352941174 0.6274509803921569 0.01911764705882353 0.08627450980392157
0 0.42830882352941174 0.6006535947712418 0.01838235294117647 0.09281045751633986
0 0.41323529411764703 0.5908496732026144 0.022058823529411763 0.08104575163398692
1 0.4154411764705882 0.5601307189542484 0.023529411764705882 0.05359477124183006
1 0.4514705882352941 0.5411764705882353 0.023529411764705882 0.054901960784313725
1 0.4474264705882353 0.5483660130718954 0.013970588235294117 0.04052287581699346
1 0.5029411764705882 0.569281045751634 0.023529411764705882 0.06143790849673202
1 0.5227941176470589 0.5013071895424837 0.032352941176470584 0.06143790849673202
0 0.49926470588235294 0.5294117647058824 0.026470588235294117 0.06797385620915032
0 0.43823529411764706 0.618954248366013 0.022058823529411763 0.09281045751633986
0 0.4551470588235294 0.6333333333333333 0.022058823529411763 0.11372549019607843
0 0.5827205882352942 0.6444444444444444 0.02426470588235294 0.1045751633986928
0 0.6261029411764706 0.6359477124183006 0.025735294117647058 0.10065359477124182
0 0.6029411764705882 0.6405228758169934 0.023529411764705882 0.1045751633986928
0 0.6452205882352942 0.6039215686274509 0.016911764705882352 0.1045751633986928
0 0.6194852941176471 0.5947712418300654 0.019852941176470587 0.09934640522875816
0 0.5897058823529412 0.5915032679738562 0.01911764705882353 0.09803921568627451
0 0.5731617647058823 0.6 0.019852941176470587 0.10980392156862745
0 0.5518382352941177 0.5954248366013072 0.019852941176470587 0.10065359477124182
0 0.5345588235294118 0.5967320261437908 0.01764705882352941 0.08758169934640522
0 0.5224264705882353 0.6281045751633987 0.016911764705882352 0.09542483660130718
0 0.56875 0.5235294117647058 0.019852941176470587 0.0718954248366013
0 0.5955882352941176 0.5326797385620915 0.01911764705882353 0.0718954248366013
0 0.5981617647058823 0.5542483660130718 0.01838235294117647 0.06274509803921569
0 0.5900735294117647 0.4549019607843137 0.013970588235294117 0.07320261437908496
0 0.6301470588235294 0.5222222222222221 0.01764705882352941 0.07450980392156863
0 0.6176470588235294 0.5013071895424837 0.01764705882352941 0.07450980392156863
0 0.580514705882353 0.4947712418300653 0.016911764705882352 0.08758169934640522
0 0.5599264705882353 0.4745098039215686 0.015441176470588236 0.0784313725490196
0 0.5672794117647059 0.48823529411764705 0.016911764705882352 0.07712418300653594
0 0.5738970588235294 0.43202614379084964 0.015441176470588236 0.06143790849673202
0 0.6419117647058823 0.49738562091503263 0.014705882352941176 0.08235294117647059
0 0.524264705882353 0.5771241830065359 0.016176470588235292 0.07450980392156863
1 0.4738970588235294 0.5679738562091503 0.016911764705882352 0.043137254901960784
0 0.4974264705882353 0.3875816993464052 0.015441176470588236 0.09281045751633986
0 0.5316176470588235 0.40457516339869276 0.022058823529411763 0.07973856209150326
0 0.4838235294117647 0.3503267973856209 0.01764705882352941 0.08366013071895424
0 0.38566176470588237 0.3078431372549019 0.013970588235294117 0.07712418300653594
0 0.39595588235294116 0.2973856209150327 0.016911764705882352 0.07973856209150326
0 0.42867647058823527 0.2947712418300653 0.014705882352941176 0.08235294117647059
0 0.44375 0.2947712418300653 0.013970588235294117 0.07712418300653594
0 0.4488970588235294 0.3196078431372549 0.0125 0.07973856209150326
0 0.4051470588235294 0.25359477124183005 0.013235294117647059 0.06797385620915032
0 0.4591911764705882 0.30849673202614375 0.013970588235294117 0.08888888888888888
0 0.4650735294117647 0.3176470588235294 0.0125 0.07581699346405228
0 0.47352941176470587 0.330718954248366 0.01764705882352941 0.08104575163398692
0 0.4915441176470588 0.33137254901960783 0.015441176470588236 0.07973856209150326
0 0.5025735294117647 0.33202614379084966 0.016911764705882352 0.065359477124183
0 0.5011029411764706 0.34509803921568627 0.013970588235294117 0.065359477124183
0 0.5125 0.36732026143790847 0.013235294117647059 0.08888888888888888
0 0.5231617647058824 0.34901960784313724 0.021323529411764706 0.07320261437908496
0 0.5279411764705882 0.34901960784313724 0.016176470588235292 0.054901960784313725
0 0.5011029411764706 0.30130718954248364 0.013970588235294117 0.05359477124183006
0 0.6360294117647058 0.39477124183006534 0.016176470588235292 0.065359477124183
0 0.6213235294117647 0.3725490196078431 0.013235294117647059 0.06274509803921569
0 0.6018382352941176 0.36013071895424836 0.013970588235294117 0.06666666666666667
0 0.5860294117647059 0.3352941176470588 0.01764705882352941 0.06405228758169934
9 0.5794117647058823 0.3137254901960784 0.039705882352941174 0.0522875816993464
0 0.5658088235294118 0.3359477124183006 0.019852941176470587 0.054901960784313725
0 0.5591911764705882 0.4071895424836601 0.013970588235294117 0.0718954248366013
0 0.5481617647058823 0.37516339869281046 0.015441176470588236 0.08366013071895424
0 0.5279411764705882 0.33137254901960783 0.016176470588235292 0.06666666666666667
1 0.5878676470588236 0.3764705882352941 0.011029411764705881 0.04967320261437908
0 0.580514705882353 0.38627450980392153 0.0125 0.05359477124183006
0 0.5948529411764706 0.48300653594771237 0.014705882352941176 0.06405228758169934
0 0.5650735294117647 0.36666666666666664 0.015441176470588236 0.06143790849673202
1 0.021323529411764706 0.8562091503267973 0.04264705882352941 0.12287581699346405
