3 0.28098958333333335 0.8430555555555556 0.03802083333333333 0.03425925925925926
3 0.290625 0.6944444444444444 0.035416666666666666 0.031481481481481485
3 0.29921875 0.5967592592592593 0.033854166666666664 0.026851851851851852
3 0.2986979166666667 0.563425925925926 0.030729166666666665 0.026851851851851852
3 0.31171875 0.4689814814814815 0.033854166666666664 0.028703703703703703
3 0.3736979166666667 0.7930555555555556 0.033854166666666664 0.028703703703703703
3 0.48802083333333335 0.9518518518518518 0.016666666666666666 0.06851851851851852
3 0.4869791666666667 0.8680555555555556 0.016666666666666666 0.0712962962962963
3 0.546875 0.9023148148148149 0.016666666666666666 0.058333333333333334
3 0.4669270833333333 0.5833333333333334 0.01614583333333333 0.05740740740740741
3 0.46249999999999997 0.5157407407407407 0.016666666666666666 0.053703703703703705
3 0.45598958333333334 0.4393518518518519 0.01614583333333333 0.05648148148148149
3 0.45468749999999997 0.38287037037037036 0.014583333333333334 0.05092592592592593
3 0.6877604166666667 0.6736111111111112 0.018229166666666668 0.06018518518518519
3 0.68203125 0.6078703703703704 0.019270833333333334 0.0638888888888889
3 0.67109375 0.5263888888888889 0.018229166666666668 0.05648148148148149
3 0.6619791666666667 0.4444444444444445 0.017708333333333333 0.05555555555555556
3 0.6544270833333333 0.375 0.01614583333333333 0.05
3 0.6486979166666667 0.3175925925925926 0.018229166666666668 0.04814814814814815
3 0.64140625 0.25833333333333336 0.015104166666666667 0.0462962962962963
3 0.6346354166666667 0.20046296296296298 0.01614583333333333 0.049074074074074076
3 0.628125 0.13425925925925927 0.016666666666666666 0.05
3 0.62265625 0.08750000000000001 0.013020833333333334 0.04166666666666667
3 0.615625 0.02592592592592593 0.016666666666666666 0.04259259259259259
3 0.48541666666666666 0.049074074074074076 0.016666666666666666 0.05185185185185186
3 0.4471354166666667 0.1449074074074074 0.011979166666666666 0.05092592592592593
3 0.42604166666666665 0.19166666666666668 0.02395833333333333 0.03888888888888889
3 0.40651041666666665 0.16712962962962963 0.030729166666666665 0.02314814814814815
3 0.3484375 0.20277777777777778 0.03333333333333333 0.02777777777777778
3 0.3723958333333333 0.1726851851851852 0.03125 0.026851851851851852
3 0.39036458333333335 0.14027777777777778 0.0234375 0.021296296296296296
3 0.4192708333333333 0.13935185185185187 0.029166666666666667 0.026851851851851852
3 0.41640625 0.11342592592592593 0.0296875 0.025
3 0.38515625 0.11944444444444445 0.028645833333333332 0.02592592592592593
3 0.35442708333333334 0.0912037037037037 0.027604166666666666 0.02314814814814815
3 0.43359375 0.06342592592592593 0.013020833333333334 0.04722222222222222
4 0.3846354166666667 0.5685185185185185 0.025520833333333333 0.02777777777777778
4 0.5296875 0.5574074074074075 0.015625 0.05185185185185186
4 0.3658854166666667 0.06157407407407408 0.03177083333333333 0.036111111111111115
4 0.3328125 0.0712962962962963 0.0125 0.05185185185185186
4 0.35833333333333334 0.024537037037037038 0.025 0.026851851851851852
3 0.45234375 0.01898148148148148 0.0140625 0.03796296296296296
3 0.4315104166666667 0.017592592592592594 0.011979166666666666 0.03518518518518519
8 0.6583333333333333 0.8805555555555555 0.0375 0.16481481481481483
0 0.71875 0.7402777777777778 0.00625 0.012037037037037037
0 0.7033854166666667 0.7032407407407407 0.0046875 0.010185185185185186
0 0.63671875 0.5236111111111111 0.0046875 0.012037037037037037
0 0.6372395833333333 0.5282407407407408 0.0046875 0.008333333333333333
9 0.6364583333333333 0.5236111111111111 0.00625 0.025
0 0.6309895833333333 0.27546296296296297 0.0046875 0.015740740740740743
0 0.4583333333333333 0.17777777777777778 0.005208333333333333 0.012962962962962964
0 0.4380208333333333 0.11157407407407408 0.004166666666666667 0.01388888888888889
0 0.434375 0.11064814814814815 0.003125 0.010185185185185186
0 0.3182291666666667 0.14583333333333334 0.005208333333333333 0.01388888888888889
0 0.325 0.11388888888888889 0.005208333333333333 0.012962962962962964
0 0.32057291666666665 0.11481481481481481 0.0046875 0.014814814814814815
0 0.3190104166666667 0.04166666666666667 0.0046875 0.014814814814814815
0 0.28229166666666666 0.22222222222222224 0.004166666666666667 0.012962962962962964
0 0.3419270833333333 0.2939814814814815 0.0067708333333333336 0.015740740740740743
0 0.353125 0.27546296296296297 0.00625 0.008333333333333333
0 0.35182291666666665 0.2657407407407408 0.005729166666666666 0.012962962962962964
0 0.39401041666666664 0.23611111111111113 0.0046875 0.012962962962962964
0 0.39088541666666665 0.23750000000000002 0.0046875 0.012037037037037037
0 0.40729166666666666 0.3 0.005208333333333333 0.012962962962962964
0 0.4635416666666667 0.36944444444444446 0.003125 0.014814814814814815
0 0.4200520833333333 0.09814814814814815 0.0036458333333333334 0.016666666666666666
0 0.4427083333333333 0.4953703703703704 0.005208333333333333 0.012962962962962964
0 0.5908854166666666 0.48888888888888893 0.005729166666666666 0.014814814814814815
9 0.590625 0.48935185185185187 0.007291666666666667 0.021296296296296296
0 0.47942708333333334 0.7337962962962963 0.005729166666666666 0.012037037037037037
0 0.46484375 0.7490740740740741 0.0046875 0.009259259259259259
0 0.45677083333333335 0.7425925925925926 0.005208333333333333 0.011111111111111112
0 0.4666666666666667 0.7759259259259259 0.004166666666666667 0.011111111111111112
0 0.4708333333333333 0.8791666666666667 0.004166666666666667 0.012037037037037037
0 0.465625 0.8763888888888889 0.005208333333333333 0.010185185185185186
0 0.4596354166666667 0.8824074074074074 0.0046875 0.012962962962962964
2 0.5010416666666666 0.8555555555555556 0.00625 0.02592592592592593
2 0.5098958333333333 0.8587962962962963 0.004166666666666667 0.025
0 0.5106770833333333 0.8578703703703704 0.0046875 0.015740740740740743
0 0.50078125 0.8546296296296296 0.0067708333333333336 0.014814814814814815
0 0.46979166666666666 0.6930555555555555 0.00625 0.012037037037037037
9 0.46875 0.6930555555555555 0.005208333333333333 0.025
0 0.46015625 0.6953703703703704 0.005729166666666666 0.012962962962962964
0 0.50078125 0.9328703703703705 0.0046875 0.01388888888888889
9 0.309375 0.2851851851851852 0.009375 0.009259259259259259
9 0.3125 0.2949074074074074 0.010416666666666666 0.012037037037037037
9 0.30572916666666666 0.17453703703703705 0.00625 0.021296296296296296
9 0.17786458333333333 0.20370370370370372 0.011979166666666666 0.011111111111111112
9 0.16510416666666666 0.1912037037037037 0.005208333333333333 0.019444444444444445
2 0.20781249999999998 0.20185185185185187 0.010416666666666666 0.009259259259259259
0 0.20598958333333334 0.20185185185185187 0.005729166666666666 0.016666666666666666
0 0.17682291666666666 0.20185185185185187 0.0046875 0.016666666666666666
0 0.16197916666666667 0.18981481481481483 0.00625 0.014814814814814815
0 0.15703125 0.1787037037037037 0.0036458333333333334 0.012962962962962964
0 0.17526041666666667 0.125 0.0067708333333333336 0.018518518518518517
0 0.14401041666666667 0.22685185185185186 0.0046875 0.012962962962962964
0 0.13984375 0.22685185185185186 0.0036458333333333334 0.011111111111111112
0 0.109375 0.2050925925925926 0.00625 0.015740740740740743
0 0.07083333333333333 0.20555555555555557 0.010416666666666666 0.014814814814814815
0 0.061718749999999996 0.2199074074074074 0.0046875 0.01388888888888889
0 0.0609375 0.22546296296296298 0.005208333333333333 0.010185185185185186
0 0.038802083333333334 0.21296296296296297 0.009895833333333333 0.016666666666666666
0 0.09765625 0.10601851851851853 0.005729166666666666 0.015740740740740743
0 0.19348958333333333 0.04583333333333334 0.005729166666666666 0.017592592592592594
0 0.030208333333333334 0.044444444444444446 0.007291666666666667 0.014814814814814815
0 0.057291666666666664 0.09537037037037037 0.00625 0.012962962962962964
0 0.08098958333333334 0.11111111111111112 0.0078125 0.014814814814814815
1 0.049479166666666664 0.10694444444444445 0.004166666666666667 0.012037037037037037
1 0.0546875 0.10925925925925926 0.00625 0.009259259259259259
0 0.1734375 0.14722222222222223 0.007291666666666667 0.012962962962962964
9 0.17317708333333334 0.1527777777777778 0.0067708333333333336 0.020370370370370372
0 0.17604166666666665 0.018518518518518517 0.004166666666666667 0.018518518518518517
1 0.057812499999999996 0.12407407407407407 0.005208333333333333 0.011111111111111112
1 0.0625 0.1212962962962963 0.005208333333333333 0.011111111111111112
1 0.06640625 0.12731481481481483 0.0036458333333333334 0.012037037037037037
1 0.057812499999999996 0.1375 0.00625 0.010185185185185186
0 0.12473958333333333 0.15416666666666667 0.0067708333333333336 0.015740740740740743
0 0.2828125 0.21435185185185185 0.003125 0.01388888888888889
