3 0.6897058823529412 0.6169934640522875 0.060294117647058824 0.15163398692810456
3 0.743014705882353 0.27320261437908494 0.0625 0.06274509803921569
3 0.7514705882352941 0.07516339869281045 0.016176470588235292 0.0326797385620915
3 0.7988970588235293 0.11568627450980391 0.021323529411764706 0.03790849673202614
3 0.756985294117647 0.02810457516339869 0.016911764705882352 0.03006535947712418
3 0.09705882352941177 0.3679738562091503 0.04264705882352941 0.07450980392156863
3 0.36433823529411763 0.5366013071895425 0.11838235294117647 0.1241830065359477
3 0.4338235294117647 0.43006535947712415 0.058823529411764705 0.08888888888888888
3 0.4724264705882353 0.3522875816993464 0.05514705882352941 0.09542483660130718
3 0.3382352941176471 0.3372549019607843 0.08676470588235294 0.08104575163398692
3 0.2988970588235294 0.3830065359477124 0.0875 0.08627450980392157
3 0.28566176470588234 0.47973856209150323 0.10661764705882353 0.08366013071895424
3 0.2878676470588235 0.426797385620915 0.09779411764705882 0.07450980392156863
3 0.21580882352941178 0.5209150326797385 0.10514705882352941 0.09542483660130718
3 0.19080882352941175 0.8124183006535947 0.14926470588235294 0.134640522875817
3 0.1738970588235294 0.9241830065359476 0.10073529411764706 0.13594771241830064
3 0.2761029411764706 0.0869281045751634 0.04779411764705882 0.03790849673202614
4 0.3514705882352941 0.2856209150326797 0.055882352941176466 0.05359477124183006
4 0.021323529411764706 0.3849673202614379 0.04264705882352941 0.07450980392156863
4 0.2959558823529412 0.14509803921568626 0.05514705882352941 0.0522875816993464
4 0.36727941176470585 0.1261437908496732 0.04485294117647059 0.043137254901960784
4 0.4305147058823529 0.13921568627450978 0.05514705882352941 0.03790849673202614
4 0.4319852941176471 0.2797385620915033 0.06838235294117646 0.06013071895424836
3 0.4319852941176471 0.24967320261437906 0.0713235294117647 0.04444444444444444
3 0.054044117647058826 0.7784313725490195 0.10367647058823529 0.1111111111111111
1 0.836764705882353 0.06209150326797385 0.008823529411764706 0.027450980392156862
0 0.975 0.18627450980392155 0.0058823529411764705 0.0326797385620915
0 0.9838235294117647 0.18692810457516337 0.007352941176470588 0.03398692810457516
3 0.5775735294117647 0.18235294117647058 0.05808823529411765 0.03529411764705882
3 0.5400735294117647 0.11045751633986928 0.027205882352941177 0.0457516339869281
3 0.6055147058823529 0.10326797385620914 0.022794117647058822 0.04967320261437908
3 0.6183823529411765 0.08169934640522876 0.01911764705882353 0.03790849673202614
3 0.6330882352941176 0.047058823529411764 0.014705882352941176 0.03398692810457516
3 0.6444852941176471 0.03071895424836601 0.015441176470588236 0.027450980392156862
3 0.6547794117647059 0.00980392156862745 0.021323529411764706 0.01699346405228758
0 0.46691176470588236 0.8398692810457515 0.01764705882352941 0.08758169934640522
0 0.48419117647058824 0.8758169934640522 0.01838235294117647 0.08627450980392157
0 0.1297794117647059 0.3248366013071895 0.015441176470588236 0.06405228758169934
0 0.14558823529411766 0.3130718954248366 0.016176470588235292 0.050980392156862744
0 0.2988970588235294 0.257516339869281 0.008088235294117646 0.04444444444444444
0 0.30625 0.2588235294117647 0.008088235294117646 0.0392156862745098
0 0.3202205882352941 0.25816993464052285 0.011029411764705881 0.043137254901960784
1 0.2702205882352941 0.25555555555555554 0.008088235294117646 0.0326797385620915
2 0.2698529411764706 0.27320261437908494 0.01911764705882353 0.0261437908496732
2 0.3775735294117647 0.7281045751633987 0.01838235294117647 0.03398692810457516
1 0.37720588235294117 0.6934640522875817 0.010294117647058823 0.043137254901960784
1 0.38786764705882354 0.692156862745098 0.008088235294117646 0.050980392156862744
1 0.6330882352941176 0.10326797385620914 0.004411764705882353 0.03137254901960784
1 0.6422794117647058 0.09934640522875816 0.008088235294117646 0.023529411764705882
