0 0.36041666666666666 0.7101851851851853 0.05 0.2240740740740741
0 0.4296875 0.5666666666666667 0.028125 0.17407407407407408
0 0.64375 0.6333333333333333 0.058333333333333334 0.17407407407407408
0 0.8682291666666666 0.587037037037037 0.06770833333333333 0.2
0 0.7875 0.5370370370370371 0.0375 0.1962962962962963
0 0.6822916666666666 0.5194444444444445 0.041666666666666664 0.1685185185185185
0 0.546875 0.5583333333333333 0.041666666666666664 0.1574074074074074
0 0.4869791666666667 0.49259259259259264 0.053125 0.15925925925925927
0 0.5125 0.47870370370370374 0.05 0.16111111111111112
0 0.615625 0.46944444444444444 0.035416666666666666 0.15
0 0.7171875 0.37592592592592594 0.028125 0.13703703703703704
0 0.018229166666666668 0.5314814814814816 0.036458333333333336 0.13703703703703704
0 0.3734375 0.3425925925925926 0.03229166666666666 0.12222222222222223
2 0.43124999999999997 0.3787037037037037 0.03958333333333333 0.08333333333333334
1 0.5171875 0.33981481481481485 0.030208333333333334 0.06851851851851852
1 0.5505208333333333 0.35370370370370374 0.026041666666666668 0.07037037037037037
0 0.590625 0.31666666666666665 0.020833333333333332 0.11481481481481481
0 0.6234375 0.2962962962962963 0.019791666666666666 0.12222222222222223
0 0.6447916666666667 0.3111111111111111 0.025 0.10740740740740741
1 0.6447916666666667 0.28703703703703703 0.014583333333333334 0.05185185185185186
1 0.044270833333333336 0.36388888888888893 0.034375 0.06481481481481481
0 0.13072916666666667 0.362962962962963 0.017708333333333333 0.07037037037037037
1 0.8078124999999999 0.2851851851851852 0.021875 0.0925925925925926
1 0.8296875 0.2796296296296296 0.028125 0.08888888888888889
0 0.9260416666666667 0.2935185185185185 0.035416666666666666 0.10555555555555556
0 0.9739583333333334 0.32592592592592595 0.03125 0.12222222222222223
1 0.9057291666666667 0.27685185185185185 0.028125 0.053703703703703705
0 0.9791666666666666 0.2898148148148148 0.022916666666666665 0.10185185185185186
0 0.9541666666666666 0.1787037037037037 0.016666666666666666 0.07222222222222223
1 0.9255208333333333 0.19074074074074074 0.017708333333333333 0.03333333333333333
1 0.9010416666666666 0.1851851851851852 0.020833333333333332 0.037037037037037035
0 0.8015625 0.19074074074074074 0.015625 0.05555555555555556
0 0.8135416666666666 0.17592592592592593 0.010416666666666666 0.05185185185185186
0 0.6822916666666666 0.2351851851851852 0.025 0.08518518518518518
1 0.7244791666666667 0.2425925925925926 0.028125 0.05555555555555556
1 0.7104166666666667 0.24537037037037038 0.016666666666666666 0.03888888888888889
0 0.634375 0.19444444444444445 0.01875 0.07407407407407407
0 0.6020833333333333 0.15 0.0125 0.07037037037037037
0 0.6744791666666666 0.15 0.011458333333333333 0.05185185185185186
0 0.7322916666666667 0.13703703703703704 0.0125 0.05925925925925926
1 0.7479166666666667 0.13333333333333333 0.014583333333333334 0.03333333333333333
0 0.7072916666666667 0.1212962962962963 0.010416666666666666 0.04259259259259259
0 0.6921875 0.11111111111111112 0.013541666666666667 0.05185185185185186
0 0.4640625 0.16944444444444445 0.019791666666666666 0.06481481481481481
0 0.5546875 0.10185185185185186 0.007291666666666667 0.040740740740740744
0 0.5307291666666667 0.08981481481481482 0.007291666666666667 0.03518518518518519
0 0.3921875 0.12314814814814816 0.013541666666666667 0.053703703703703705
0 0.3536458333333333 0.09814814814814815 0.011458333333333333 0.044444444444444446
0 0.2786458333333333 0.1462962962962963 0.009375 0.037037037037037035
0 0.2661458333333333 0.14074074074074075 0.017708333333333333 0.05185185185185186
0 0.2661458333333333 0.12685185185185185 0.011458333333333333 0.053703703703703705
0 0.24895833333333334 0.14444444444444446 0.008333333333333333 0.03333333333333333
0 0.184375 0.1398148148148148 0.0125 0.04259259259259259
0 0.1328125 0.1574074074074074 0.015625 0.05925925925925926
0 0.13229166666666667 0.11388888888888889 0.010416666666666666 0.0462962962962963
1 0.08020833333333333 0.13055555555555556 0.010416666666666666 0.02777777777777778
1 0.06041666666666667 0.13333333333333333 0.014583333333333334 0.022222222222222223
1 0.09375 0.125 0.008333333333333333 0.024074074074074074
0 0.09427083333333333 0.10462962962962963 0.015625 0.05
0 0.6453125 0.062037037037037036 0.009375 0.0462962962962963
9 0.578125 0.06759259259259259 0.022916666666666665 0.03518518518518519
9 0.6072916666666667 0.07962962962962963 0.014583333333333334 0.02592592592592593
9 0.6130208333333333 0.07592592592592592 0.015625 0.02592592592592593
9 0.6369791666666667 0.07777777777777778 0.02395833333333333 0.02962962962962963
9 0.64375 0.08518518518518518 0.025 0.02962962962962963
9 0.6489583333333333 0.08703703703703704 0.029166666666666667 0.02962962962962963
9 0.6619791666666667 0.09074074074074075 0.021875 0.03333333333333333
9 0.6723958333333333 0.0925925925925926 0.030208333333333334 0.03333333333333333
9 0.7057291666666666 0.10185185185185186 0.026041666666666668 0.040740740740740744
9 0.6963541666666666 0.10277777777777779 0.026041666666666668 0.031481481481481485
9 0.7177083333333333 0.11203703703703705 0.027083333333333334 0.031481481481481485
9 0.76875 0.11944444444444445 0.035416666666666666 0.03888888888888889
9 0.8276041666666667 0.13796296296296298 0.019791666666666666 0.03888888888888889
9 0.8109375 0.13425925925925927 0.019791666666666666 0.03518518518518519
9 0.796875 0.125 0.027083333333333334 0.031481481481481485
9 0.8494791666666667 0.13611111111111113 0.021875 0.03518518518518519
9 0.8729166666666667 0.14074074074074075 0.025 0.05185185185185186
9 0.8885416666666667 0.1527777777777778 0.025 0.03888888888888889
9 0.9088541666666666 0.15833333333333333 0.019791666666666666 0.031481481481481485
9 0.9125 0.14166666666666666 0.01875 0.0462962962962963
9 0.9364583333333333 0.11481481481481481 0.022916666666666665 0.037037037037037035
9 0.9885416666666667 0.17037037037037037 0.020833333333333332 0.037037037037037035
2 0.9755208333333333 0.1675925925925926 0.028125 0.03888888888888889
0 0.7395833333333334 0.11574074074074074 0.010416666666666666 0.0462962962962963
0 0.7447916666666666 0.09814814814814815 0.00625 0.03333333333333333
