0 0.8005208333333333 0.44907407407407407 0.015625 0.0462962962962963
3 0.8171875 0.7601851851851852 0.06354166666666666 0.1537037037037037
9 0.9307291666666666 0.6314814814814815 0.036458333333333336 0.06296296296296297
2 0.7828125 0.34814814814814815 0.011458333333333333 0.03333333333333333
3 0.6369791666666667 0.04722222222222222 0.019791666666666666 0.03518518518518519
9 0.6489583333333333 0.015740740740740743 0.0125 0.024074074074074074
3 0.634375 0.007407407407407408 0.014583333333333334 0.014814814814814815
3 0.5765625 0.09444444444444444 0.015625 0.02962962962962963
4 0.5369791666666667 0.04814814814814815 0.013541666666666667 0.02962962962962963
3 0.6046875 0.32222222222222224 0.026041666666666668 0.05185185185185186
1 0.5708333333333333 0.3111111111111111 0.008333333333333333 0.037037037037037035
2 0.5697916666666667 0.3175925925925926 0.008333333333333333 0.031481481481481485
3 0.6822916666666666 0.9407407407407408 0.058333333333333334 0.11851851851851852
6 0.12291666666666666 0.8851851851851852 0.052083333333333336 0.10740740740740741
3 0.28020833333333334 0.6898148148148149 0.0625 0.1277777777777778
6 0.18645833333333334 0.8527777777777779 0.05625 0.12407407407407407
6 0.21666666666666667 0.7472222222222222 0.05 0.10925925925925926
6 0.24427083333333333 0.6703703703703704 0.046875 0.0962962962962963
4 0.14895833333333333 0.9611111111111111 0.06875 0.07777777777777778
0 0.5677083333333334 0.05740740740740741 0.00625 0.022222222222222223
7 0.4244791666666667 0.08333333333333334 0.011458333333333333 0.02962962962962963
9 0.4166666666666667 0.11574074074074074 0.008333333333333333 0.024074074074074074
0 0.44947916666666665 0.1953703703703704 0.007291666666666667 0.024074074074074074
9 0.44895833333333335 0.20185185185185187 0.008333333333333333 0.02592592592592593
3 0.47760416666666666 0.20833333333333334 0.021875 0.0462962962962963
1 0.4244791666666667 0.24814814814814815 0.009375 0.02592592592592593
6 0.4270833333333333 0.2537037037037037 0.014583333333333334 0.037037037037037035
1 0.428125 0.2851851851851852 0.008333333333333333 0.02962962962962963
1 0.4302083333333333 0.28055555555555556 0.00625 0.024074074074074074
9 0.42916666666666664 0.2925925925925926 0.010416666666666666 0.02962962962962963
3 0.38385416666666666 0.24074074074074076 0.021875 0.04814814814814815
6 0.2817708333333333 0.14537037037037037 0.028125 0.02777777777777778
6 0.2838541666666667 0.13796296296296298 0.030208333333333334 0.024074074074074074
6 0.26197916666666665 0.13703703703703704 0.015625 0.02592592592592593
3 0.3046875 0.21296296296296297 0.051041666666666666 0.037037037037037035
3 0.29375 0.25277777777777777 0.05625 0.03888888888888889
3 0.2796875 0.2814814814814815 0.053125 0.040740740740740744
3 0.30104166666666665 0.500925925925926 0.03333333333333333 0.07592592592592592
7 0.31666666666666665 0.45462962962962966 0.027083333333333334 0.06481481481481481
3 0.3453125 0.39722222222222225 0.028125 0.061111111111111116
0 0.34375 0.42685185185185187 0.014583333333333334 0.03888888888888889
0 0.3520833333333333 0.41481481481481486 0.0125 0.040740740740740744
6 0.15885416666666666 0.3462962962962963 0.053125 0.040740740740740744
6 0.15364583333333334 0.36574074074074076 0.046875 0.03888888888888889
6 0.14739583333333334 0.38333333333333336 0.04895833333333333 0.037037037037037035
6 0.057812499999999996 0.5259259259259259 0.057291666666666664 0.044444444444444446
6 0.065625 0.4962962962962963 0.05625 0.05185185185185186
6 0.07604166666666666 0.47222222222222227 0.06041666666666667 0.05185185185185186
6 0.10260416666666666 0.4324074074074074 0.065625 0.0462962962962963
6 0.12291666666666666 0.4185185185185185 0.04375 0.044444444444444446
6 0.1484375 0.4351851851851852 0.040625 0.05185185185185186
6 0.01875 0.950925925925926 0.0375 0.06481481481481481
6 0.028645833333333332 0.9046296296296297 0.057291666666666664 0.06481481481481481
6 0.0375 0.8648148148148148 0.075 0.05925925925925926
6 0.05520833333333333 0.8287037037037037 0.075 0.05740740740740741
2 0.0734375 0.7898148148148149 0.07604166666666666 0.05
6 0.0890625 0.7537037037037038 0.071875 0.05185185185185186
6 0.025 0.637962962962963 0.05 0.06851851851851852
6 0.01614583333333333 0.6851851851851852 0.03229166666666666 0.044444444444444446
3 0.4942708333333333 0.5666666666666667 0.03854166666666667 0.10370370370370371
