3 0.9636029411764706 0.42483660130718953 0.07279411764705883 0.10196078431372549
0 0.9514705882352941 0.5470588235294117 0.023529411764705882 0.06405228758169934
0 0.9356617647058824 0.5490196078431372 0.02426470588235294 0.06013071895424836
3 0.8397058823529412 0.5477124183006535 0.10147058823529412 0.12810457516339868
9 0.8069852941176471 0.492156862745098 0.03897058823529412 0.04836601307189542
1 0.8106617647058824 0.4790849673202614 0.019852941176470587 0.05359477124183006
9 0.7033088235294117 0.48627450980392156 0.04044117647058824 0.0522875816993464
1 0.700735294117647 0.4764705882352941 0.020588235294117647 0.06405228758169934
3 0.663235294117647 0.3686274509803921 0.07352941176470588 0.0915032679738562
4 0.6022058823529411 0.296078431372549 0.07205882352941176 0.0849673202614379
3 0.5246323529411765 0.24901960784313723 0.06985294117647059 0.08758169934640522
3 0.48125 0.19084967320261437 0.05808823529411765 0.07581699346405228
3 0.4452205882352941 0.14836601307189543 0.06102941176470588 0.06143790849673202
3 0.42683823529411763 0.11764705882352941 0.05661764705882353 0.05751633986928104
3 0.3698529411764706 0.14640522875816991 0.04852941176470588 0.06274509803921569
9 0.33933823529411766 0.09281045751633986 0.011029411764705881 0.04183006535947712
9 0.2551470588235294 0.05816993464052287 0.013235294117647059 0.03529411764705882
1 0.25477941176470587 0.04640522875816993 0.008088235294117646 0.0326797385620915
3 0.27647058823529413 0.03986928104575163 0.045588235294117645 0.05359477124183006
6 0.30330882352941174 0.15620915032679739 0.05073529411764706 0.07973856209150326
3 0.35955882352941176 0.060784313725490195 0.058823529411764705 0.05620915032679738
4 0.39191176470588235 0.07254901960784313 0.061764705882352944 0.07712418300653594
3 0.24669117647058822 0.2392156862745098 0.05955882352941176 0.08627450980392157
3 0.375 0.4287581699346405 0.07647058823529412 0.130718954248366
3 0.5209558823529412 0.6568627450980392 0.10514705882352941 0.16078431372549018
0 0.4988970588235294 0.7699346405228757 0.022794117647058822 0.08888888888888888
0 0.506985294117647 0.8176470588235294 0.02426470588235294 0.07712418300653594
1 0.5117647058823529 0.7836601307189542 0.016176470588235292 0.050980392156862744
2 0.5022058823529412 0.8078431372549019 0.033823529411764704 0.0915032679738562
2 0.43419117647058825 0.9555555555555555 0.03308823529411765 0.08888888888888888
1 0.4349264705882353 0.9333333333333332 0.022794117647058822 0.065359477124183
9 0.38786764705882354 0.8222222222222222 0.03308823529411765 0.08104575163398692
1 0.3889705882352941 0.8052287581699346 0.023529411764705882 0.07581699346405228
3 0.26176470588235295 0.4071895424836601 0.07647058823529412 0.11372549019607843
3 0.14375 0.07712418300653594 0.04632352941176471 0.065359477124183
3 0.06875 0.03986928104575163 0.04044117647058824 0.06143790849673202
3 0.13161764705882353 0.5202614379084967 0.06911764705882353 0.130718954248366
4 0.09595588235294117 0.3725490196078431 0.05955882352941176 0.13856209150326795
6 0.09191176470588235 0.11307189542483659 0.023529411764705882 0.05359477124183006
1 0.09375 0.10718954248366012 0.013970588235294117 0.0392156862745098
0 0.04742647058823529 0.2797385620915033 0.013970588235294117 0.04967320261437908
0 0.03713235294117647 0.27777777777777773 0.019852941176470587 0.06143790849673202
9 0.013970588235294117 0.19084967320261437 0.027941176470588233 0.0392156862745098
3 0.02463235294117647 0.16013071895424835 0.04926470588235294 0.07712418300653594
4 0.020588235294117647 0.10522875816993463 0.041176470588235294 0.06928104575163398
9 0.08786764705882352 0.7522875816993464 0.027205882352941177 0.07973856209150326
0 0.14926470588235294 0.7320261437908496 0.022058823529411763 0.07320261437908496
2 0.3827205882352941 0.645751633986928 0.03161764705882353 0.065359477124183
1 0.38198529411764703 0.6248366013071895 0.01838235294117647 0.05751633986928104
9 0.3845588235294118 0.7300653594771241 0.023529411764705882 0.07973856209150326
1 0.38566176470588237 0.7183006535947712 0.021323529411764706 0.07973856209150326
2 0.3503676470588235 0.7039215686274509 0.015441176470588236 0.07973856209150326
1 0.35220588235294115 0.6836601307189542 0.01911764705882353 0.06274509803921569
