5 0.12426470588235294 0.5751633986928104 0.05 0.07581699346405228
5 0.19963235294117646 0.30196078431372547 0.05220588235294118 0.09411764705882353
4 0.20661764705882352 0.16013071895424835 0.020588235294117647 0.07712418300653594
3 0.4386029411764706 0.8202614379084967 0.028676470588235293 0.07450980392156863
3 0.4591911764705882 0.6450980392156862 0.016911764705882352 0.06666666666666667
3 0.48566176470588235 0.6529411764705881 0.016911764705882352 0.06666666666666667
3 0.4930147058823529 0.5104575163398692 0.016911764705882352 0.06666666666666667
4 0.4602941176470588 0.22941176470588234 0.016176470588235292 0.06143790849673202
3 0.5202205882352942 0.49738562091503263 0.016911764705882352 0.06666666666666667
3 0.5261029411764706 0.6581699346405229 0.019852941176470587 0.06405228758169934
3 0.5558823529411765 0.7339869281045751 0.03676470588235294 0.043137254901960784
3 0.5591911764705882 0.7993464052287581 0.03897058823529412 0.04836601307189542
1 0.5136029411764705 0.745751633986928 0.006617647058823529 0.02483660130718954
3 0.5525735294117647 0.44967320261437904 0.04338235294117647 0.04967320261437908
3 0.5588235294117647 0.588235294117647 0.044117647058823525 0.03398692810457516
3 0.5227941176470589 0.32418300653594767 0.025 0.065359477124183
3 0.3897058823529412 0.269281045751634 0.03823529411764706 0.03398692810457516
3 0.55 0.22614379084967318 0.03823529411764706 0.03660130718954248
3 0.49227941176470585 0.04183006535947712 0.015441176470588236 0.05751633986928104
4 0.5235294117647059 0.08300653594771241 0.016176470588235292 0.06143790849673202
3 0.4566176470588235 0.03660130718954248 0.016176470588235292 0.05751633986928104
3 0.3889705882352941 0.592156862745098 0.04264705882352941 0.03398692810457516
3 0.763235294117647 0.47320261437908495 0.039705882352941174 0.03660130718954248
3 0.7599264705882353 0.515032679738562 0.0375 0.03660130718954248
3 0.7584558823529411 0.6287581699346405 0.03897058823529412 0.03398692810457516
3 0.8161764705882353 0.4810457516339869 0.020588235294117647 0.065359477124183
3 0.8378676470588236 0.48235294117647054 0.021323529411764706 0.065359477124183
3 0.8808823529411764 0.49346405228758167 0.022058823529411763 0.0718954248366013
3 0.9014705882352941 0.48627450980392156 0.01911764705882353 0.065359477124183
3 0.9253676470588235 0.4816993464052287 0.019852941176470587 0.0718954248366013
3 0.9764705882352941 0.48823529411764705 0.020588235294117647 0.06666666666666667
3 0.8036764705882353 0.6679738562091503 0.020588235294117647 0.06274509803921569
3 0.8286764705882352 0.6620915032679738 0.020588235294117647 0.06143790849673202
3 0.8702205882352941 0.6522875816993463 0.019852941176470587 0.06274509803921569
9 0.9308823529411765 0.6673202614379085 0.010294117647058823 0.0326797385620915
5 0.8955882352941177 0.6509803921568627 0.020588235294117647 0.06797385620915032
4 0.8033088235294118 0.5771241830065359 0.03455882352941177 0.03006535947712418
4 0.8511029411764706 0.6588235294117647 0.019852941176470587 0.054901960784313725
0 0.4404411764705882 0.90718954248366 0.008823529411764706 0.023529411764705882
0 0.3665441176470588 0.530718954248366 0.005147058823529412 0.01830065359477124
0 0.36176470588235293 0.42810457516339867 0.008823529411764706 0.011764705882352941
0 0.36433823529411763 0.3954248366013072 0.006617647058823529 0.011764705882352941
0 0.37316176470588236 0.4065359477124183 0.006617647058823529 0.01045751633986928
0 0.36911764705882355 0.3790849673202614 0.007352941176470588 0.0130718954248366
0 0.37830882352941175 0.3901960784313725 0.006617647058823529 0.011764705882352941
0 0.3738970588235294 0.39673202614379083 0.006617647058823529 0.011764705882352941
2 0.4150735294117647 0.8261437908496732 0.009558823529411765 0.023529411764705882
0 0.35955882352941176 0.9692810457516339 0.008823529411764706 0.0196078431372549
1 0.5077205882352941 0.8052287581699346 0.003676470588235294 0.023529411764705882
1 0.5139705882352941 0.8477124183006536 0.0058823529411764705 0.02222222222222222
1 0.50625 0.6503267973856208 0.006617647058823529 0.01437908496732026
1 0.43823529411764706 0.17058823529411762 0.007352941176470588 0.01699346405228758
0 0.4261029411764706 0.30130718954248364 0.003676470588235294 0.0196078431372549
0 0.43272058823529413 0.3078431372549019 0.005147058823529412 0.01699346405228758
0 0.38088235294117645 0.20588235294117646 0.0058823529411764705 0.01699346405228758
0 0.5003676470588235 0.3071895424836601 0.005147058823529412 0.023529411764705882
0 0.5073529411764706 0.06666666666666667 0.007352941176470588 0.02091503267973856
0 0.37463235294117647 0.20588235294117646 0.005147058823529412 0.01699346405228758
0 0.3665441176470588 0.20522875816993463 0.005147058823529412 0.01830065359477124
0 0.4209558823529412 0.29934640522875816 0.005147058823529412 0.01830065359477124
3 0.5536764705882353 0.11045751633986928 0.032352941176470584 0.03790849673202614
1 0.5014705882352941 0.16601307189542483 0.0058823529411764705 0.01568627450980392
9 0.43786764705882353 0.17581699346405227 0.008088235294117646 0.01699346405228758
9 0.5011029411764706 0.17320261437908496 0.008088235294117646 0.01699346405228758
9 0.50625 0.6549019607843137 0.008088235294117646 0.01568627450980392
9 0.5143382352941176 0.745751633986928 0.008088235294117646 0.01699346405228758
9 0.5084558823529411 0.8039215686274509 0.008088235294117646 0.01568627450980392
9 0.5136029411764705 0.8437908496732025 0.008088235294117646 0.01699346405228758
9 0.5338235294117647 0.811111111111111 0.007352941176470588 0.0326797385620915
8 0.5136029411764705 0.9777777777777777 0.027205882352941177 0.04444444444444444
