3 0.041176470588235294 0.9111111111111111 0.08235294117647059 0.08366013071895424
3 0.0849264705882353 0.8235294117647058 0.10808823529411765 0.0784313725490196
3 0.09632352941176471 0.7816993464052288 0.09264705882352942 0.05751633986928104
3 0.12830882352941175 0.6895424836601307 0.07720588235294118 0.06143790849673202
3 0.1514705882352941 0.661437908496732 0.07794117647058824 0.05751633986928104
6 0.21066176470588235 0.6732026143790849 0.04632352941176471 0.03660130718954248
3 0.3889705882352941 0.6588235294117647 0.030882352941176472 0.065359477124183
3 0.8231617647058823 0.7411764705882352 0.0375 0.065359477124183
3 0.9393382352941176 0.822875816993464 0.09044117647058823 0.06928104575163398
6 0.9018382352941177 0.7235294117647059 0.030147058823529412 0.058823529411764705
6 0.6669117647058823 0.7326797385620915 0.029411764705882353 0.050980392156862744
1 0.663235294117647 0.7176470588235294 0.016176470588235292 0.03398692810457516
3 0.7838235294117647 0.6790849673202614 0.07352941176470588 0.058823529411764705
0 0.850735294117647 0.661437908496732 0.011764705882352941 0.047058823529411764
0 0.8639705882352942 0.649673202614379 0.013235294117647059 0.047058823529411764
0 0.8713235294117647 0.6320261437908496 0.008823529411764706 0.043137254901960784
5 0.7477941176470588 0.5647058823529412 0.052941176470588235 0.08104575163398692
3 0.7294117647058823 0.5509803921568627 0.054411764705882354 0.03529411764705882
0 0.7900735294117647 0.5562091503267973 0.008088235294117646 0.0326797385620915
0 0.8011029411764706 0.5555555555555555 0.008088235294117646 0.03660130718954248
2 0.6595588235294118 0.6666666666666666 0.011764705882352941 0.0392156862745098
1 0.6591911764705882 0.6588235294117647 0.011029411764705881 0.03660130718954248
3 0.6455882352941177 0.5444444444444444 0.030882352941176472 0.043137254901960784
3 0.7040441176470588 0.5058823529411764 0.05073529411764706 0.03137254901960784
0 0.7191176470588235 0.48039215686274506 0.004411764705882353 0.02222222222222222
9 0.8227941176470588 0.5379084967320261 0.016176470588235292 0.02222222222222222
2 0.7897058823529411 0.5045751633986928 0.016176470588235292 0.02091503267973856
0 0.7628676470588235 0.47973856209150323 0.006617647058823529 0.02875816993464052
9 0.7636029411764705 0.47777777777777775 0.013970588235294117 0.01699346405228758
9 0.7573529411764706 0.47320261437908495 0.014705882352941176 0.01830065359477124
3 0.6882352941176471 0.49346405228758167 0.05 0.03006535947712418
0 0.6819852941176471 0.4686274509803921 0.005147058823529412 0.01699346405228758
3 0.5948529411764706 0.48039215686274506 0.020588235294117647 0.03006535947712418
0 0.5977941176470588 0.4594771241830065 0.0058823529411764705 0.02222222222222222
4 0.6297794117647059 0.4464052287581699 0.03308823529411765 0.0326797385620915
6 0.6025735294117647 0.4411764705882353 0.016911764705882352 0.0326797385620915
3 0.5724264705882353 0.4483660130718954 0.01838235294117647 0.02875816993464052
3 0.5911764705882353 0.41764705882352937 0.032352941176470584 0.0196078431372549
6 0.6202205882352941 0.4071895424836601 0.028676470588235293 0.02483660130718954
6 0.6628676470588235 0.42156862745098034 0.019852941176470587 0.0326797385620915
6 0.6786764705882353 0.42222222222222217 0.01764705882352941 0.03137254901960784
6 0.7209558823529412 0.4156862745098039 0.03161764705882353 0.0261437908496732
6 0.6551470588235294 0.3980392156862745 0.027941176470588233 0.02222222222222222
6 0.6735294117647058 0.3986928104575163 0.025 0.01830065359477124
0 0.6680147058823529 0.3954248366013072 0.003676470588235294 0.0196078431372549
3 0.6066176470588235 0.4013071895424836 0.026470588235294117 0.02091503267973856
3 0.5713235294117647 0.4026143790849673 0.014705882352941176 0.02091503267973856
6 0.5841911764705883 0.3980392156862745 0.011029411764705881 0.02483660130718954
1 0.5863970588235294 0.39999999999999997 0.006617647058823529 0.01830065359477124
0 0.5893382352941177 0.39999999999999997 0.005147058823529412 0.02091503267973856
6 0.6066176470588235 0.38888888888888884 0.025 0.02222222222222222
0 0.6176470588235294 0.36209150326797385 0.004411764705882353 0.02091503267973856
0 0.6290441176470588 0.3633986928104575 0.003676470588235294 0.01830065359477124
0 0.6338235294117647 0.3633986928104575 0.004411764705882353 0.02091503267973856
0 0.6400735294117647 0.36470588235294116 0.005147058823529412 0.02091503267973856
3 0.6338235294117647 0.3483660130718954 0.014705882352941176 0.0196078431372549
3 0.6091911764705882 0.3379084967320261 0.0125 0.01699346405228758
9 0.5433823529411764 0.42222222222222217 0.0058823529411764705 0.01830065359477124
9 0.5544117647058824 0.39738562091503266 0.0058823529411764705 0.01830065359477124
1 0.54375 0.4183006535947712 0.005147058823529412 0.01830065359477124
1 0.5547794117647059 0.39215686274509803 0.005147058823529412 0.02091503267973856
3 0.5294117647058824 0.3483660130718954 0.011764705882352941 0.01699346405228758
4 0.6003676470588235 0.2869281045751634 0.01838235294117647 0.01699346405228758
0 0.5827205882352942 0.3 0.003676470588235294 0.01437908496732026
0 0.5720588235294117 0.30130718954248364 0.0029411764705882353 0.01437908496732026
0 0.5768382352941176 0.3006535947712418 0.0022058823529411764 0.01568627450980392
0 0.5735294117647058 0.2973856209150327 0.0029411764705882353 0.01437908496732026
3 0.5588235294117647 0.2980392156862745 0.01911764705882353 0.0130718954248366
8 0.5639705882352941 0.27385620915032677 0.010294117647058823 0.0196078431372549
0 0.5988970588235294 0.27581699346405225 0.0022058823529411764 0.0130718954248366
3 0.5922794117647059 0.2699346405228758 0.009558823529411765 0.011764705882352941
3 0.5738970588235294 0.2718954248366013 0.008088235294117646 0.0130718954248366
3 0.5426470588235294 0.27581699346405225 0.008823529411764706 0.01045751633986928
4 0.51875 0.30653594771241827 0.008088235294117646 0.01699346405228758
3 0.5055147058823529 0.3196078431372549 0.009558823529411765 0.01699346405228758
3 0.5011029411764706 0.3483660130718954 0.011029411764705881 0.0196078431372549
5 0.4930147058823529 0.37124183006535943 0.015441176470588236 0.03398692810457516
3 0.5110294117647058 0.2771241830065359 0.007352941176470588 0.01045751633986928
8 0.513235294117647 0.2418300653594771 0.007352941176470588 0.02091503267973856
3 0.5040441176470588 0.2457516339869281 0.005147058823529412 0.00784313725490196
3 0.4904411764705882 0.2457516339869281 0.0058823529411764705 0.00784313725490196
3 0.4974264705882353 0.27843137254901956 0.008088235294117646 0.01045751633986928
3 0.4985294117647059 0.2745098039215686 0.007352941176470588 0.01045751633986928
3 0.4863970588235294 0.2869281045751634 0.008088235294117646 0.01437908496732026
3 0.48419117647058824 0.28169934640522876 0.006617647058823529 0.011764705882352941
4 0.4838235294117647 0.27843137254901956 0.0058823529411764705 0.0130718954248366
3 0.48676470588235293 0.26405228758169935 0.014705882352941176 0.0130718954248366
3 0.45625 0.27777777777777773 0.008088235294117646 0.011764705882352941
4 0.4827205882352941 0.24117647058823527 0.005147058823529412 0.00915032679738562
3 0.47058823529411764 0.24640522875816992 0.0058823529411764705 0.00915032679738562
3 0.45955882352941174 0.24771241830065358 0.0058823529411764705 0.00915032679738562
3 0.44779411764705884 0.24640522875816992 0.0058823529411764705 0.00915032679738562
3 0.43676470588235294 0.24509803921568626 0.0058823529411764705 0.00915032679738562
3 0.4294117647058823 0.27124183006535946 0.008823529411764706 0.01437908496732026
6 0.5294117647058824 0.27843137254901956 0.004411764705882353 0.01045751633986928
0 0.5161764705882352 0.27124183006535946 0.0029411764705882353 0.011764705882352941
0 0.5297794117647059 0.2725490196078431 0.0022058823529411764 0.00915032679738562
3 0.42426470588235293 0.25359477124183005 0.011764705882352941 0.01045751633986928
0 0.42426470588235293 0.2797385620915033 0.0029411764705882353 0.0130718954248366
0 0.4261029411764706 0.2803921568627451 0.0022058823529411764 0.00915032679738562
3 0.41654411764705884 0.2947712418300653 0.008088235294117646 0.01437908496732026
3 0.41323529411764703 0.30196078431372547 0.008823529411764706 0.01568627450980392
3 0.4091911764705882 0.31045751633986923 0.011029411764705881 0.01699346405228758
3 0.37573529411764706 0.3300653594771242 0.011764705882352941 0.0196078431372549
5 0.3713235294117647 0.30588235294117644 0.01911764705882353 0.01830065359477124
3 0.375 0.30392156862745096 0.01911764705882353 0.01437908496732026
3 0.3529411764705882 0.31699346405228757 0.026470588235294117 0.01699346405228758
2 0.4227941176470588 0.3183006535947712 0.0029411764705882353 0.011764705882352941
2 0.4033088235294118 0.3529411764705882 0.003676470588235294 0.01568627450980392
1 0.40294117647058825 0.3503267973856209 0.0029411764705882353 0.01568627450980392
1 0.4224264705882353 0.3150326797385621 0.003676470588235294 0.0130718954248366
3 0.3602941176470588 0.29869281045751633 0.014705882352941176 0.01437908496732026
3 0.36176470588235293 0.2901960784313725 0.014705882352941176 0.0130718954248366
3 0.35 0.27581699346405225 0.01764705882352941 0.0130718954248366
3 0.3720588235294118 0.2549019607843137 0.016176470588235292 0.01045751633986928
3 0.3952205882352941 0.24640522875816992 0.008088235294117646 0.00915032679738562
4 0.41102941176470587 0.24509803921568626 0.0058823529411764705 0.011764705882352941
4 0.40404411764705883 0.2418300653594771 0.008088235294117646 0.01568627450980392
3 0.39963235294117644 0.27581699346405225 0.016911764705882352 0.0130718954248366
0 0.43529411764705883 0.2751633986928104 0.0029411764705882353 0.011764705882352941
0 0.39044117647058824 0.365359477124183 0.004411764705882353 0.0196078431372549
0 0.38529411764705884 0.3581699346405228 0.0029411764705882353 0.01830065359477124
3 0.3547794117647059 0.269281045751634 0.016911764705882352 0.0130718954248366
3 0.3724264705882353 0.28823529411764703 0.016911764705882352 0.01437908496732026
3 0.37426470588235294 0.2764705882352941 0.01764705882352941 0.011764705882352941
0 0.38088235294117645 0.4241830065359477 0.0058823529411764705 0.027450980392156862
0 0.3775735294117647 0.42287581699346405 0.003676470588235294 0.02483660130718954
6 0.3669117647058823 0.4111111111111111 0.007352941176470588 0.01699346405228758
0 0.3724264705882353 0.4052287581699346 0.005147058823529412 0.02091503267973856
3 0.3323529411764706 0.3856209150326797 0.033823529411764704 0.01830065359477124
3 0.32573529411764707 0.39934640522875814 0.030882352941176472 0.02483660130718954
5 0.3191176470588235 0.41503267973856206 0.032352941176470584 0.027450980392156862
3 0.30220588235294116 0.45555555555555555 0.044117647058823525 0.02483660130718954
3 0.2952205882352941 0.5235294117647058 0.04779411764705882 0.04052287581699346
3 0.24485294117647058 0.5196078431372548 0.05 0.03790849673202614
9 0.2555147058823529 0.48300653594771237 0.0125 0.02222222222222222
3 0.2 0.6052287581699346 0.060294117647058824 0.04444444444444444
3 0.21029411764705883 0.5875816993464051 0.06470588235294117 0.04052287581699346
0 0.3044117647058823 0.5660130718954248 0.008823529411764706 0.03137254901960784
3 0.33455882352941174 0.4941176470588235 0.022058823529411763 0.04183006535947712
9 0.28970588235294115 0.7294117647058823 0.010294117647058823 0.03660130718954248
9 0.3386029411764706 0.5967320261437908 0.009558823529411765 0.0326797385620915
1 0.29044117647058826 0.7124183006535947 0.011764705882352941 0.03660130718954248
1 0.33933823529411766 0.5888888888888888 0.008088235294117646 0.03529411764705882
9 0.34191176470588236 0.46993464052287576 0.007352941176470588 0.02222222222222222
0 0.34411764705882353 0.46470588235294114 0.007352941176470588 0.02483660130718954
2 0.2125 0.5274509803921569 0.008823529411764706 0.027450980392156862
9 0.21985294117647058 0.5084967320261438 0.016176470588235292 0.01830065359477124
