1 0.9011029411764706 0.41437908496732023 0.008088235294117646 0.023529411764705882
0 0.9669117647058824 0.503921568627451 0.011764705882352941 0.027450980392156862
3 0.9533088235294117 0.47777777777777775 0.05367647058823529 0.043137254901960784
0 0.9926470588235294 0.6895424836601307 0.010294117647058823 0.03529411764705882
0 0.9808823529411764 0.6647058823529411 0.011764705882352941 0.03790849673202614
6 0.9878676470588235 0.6699346405228758 0.013970588235294117 0.04052287581699346
3 0.9147058823529411 0.5568627450980391 0.032352941176470584 0.07058823529411765
0 0.8944852941176471 0.5215686274509803 0.011029411764705881 0.03137254901960784
0 0.78125 0.4679738562091503 0.009558823529411765 0.02875816993464052
3 0.9272058823529412 0.680392156862745 0.06911764705882353 0.06666666666666667
0 0.8838235294117647 0.49281045751633984 0.010294117647058823 0.03137254901960784
0 0.8761029411764706 0.4810457516339869 0.011029411764705881 0.02875816993464052
2 0.8547794117647058 0.45816993464052286 0.0125 0.03006535947712418
9 0.8286764705882352 0.4568627450980392 0.010294117647058823 0.02222222222222222
3 0.8415441176470588 0.5444444444444444 0.030147058823529412 0.0718954248366013
0 0.7926470588235294 0.4294117647058823 0.008823529411764706 0.03006535947712418
0 0.8908088235294117 0.6986928104575163 0.011029411764705881 0.0326797385620915
0 0.8698529411764706 0.6882352941176471 0.013235294117647059 0.027450980392156862
0 0.8536764705882353 0.6718954248366013 0.013235294117647059 0.02875816993464052
7 0.8577205882352941 0.6320261437908496 0.03308823529411765 0.050980392156862744
0 0.8253676470588235 0.6738562091503267 0.009558823529411765 0.03006535947712418
0 0.8047794117647059 0.6660130718954248 0.011029411764705881 0.0326797385620915
0 0.8099264705882353 0.6581699346405229 0.008088235294117646 0.03006535947712418
0 0.819485294117647 0.6542483660130719 0.011029411764705881 0.0326797385620915
7 0.8158088235294118 0.5888888888888888 0.027205882352941177 0.050980392156862744
6 0.7466911764705882 0.3627450980392157 0.01838235294117647 0.04052287581699346
5 0.7827205882352941 0.5326797385620915 0.03602941176470588 0.07973856209150326
3 0.7540441176470588 0.5163398692810457 0.03602941176470588 0.06274509803921569
3 0.7404411764705883 0.4790849673202614 0.05 0.0457516339869281
9 0.7261029411764706 0.5124183006535947 0.011029411764705881 0.0261437908496732
3 0.6900735294117647 0.3830065359477124 0.0375 0.054901960784313725
0 0.6422794117647058 0.36013071895424836 0.008088235294117646 0.03006535947712418
0 0.6305147058823529 0.40196078431372545 0.005147058823529412 0.03006535947712418
0 0.5893382352941177 0.29673202614379085 0.006617647058823529 0.02875816993464052
3 0.6676470588235294 0.3418300653594771 0.025 0.050980392156862744
1 0.6955882352941176 0.18431372549019606 0.008823529411764706 0.01830065359477124
0 0.6926470588235294 0.12287581699346405 0.004411764705882353 0.023529411764705882
3 0.6654411764705882 0.26013071895424833 0.029411764705882353 0.04183006535947712
3 0.6444852941176471 0.23856209150326796 0.019852941176470587 0.04052287581699346
4 0.638235294117647 0.19738562091503267 0.016176470588235292 0.0392156862745098
3 0.6235294117647059 0.12810457516339868 0.01764705882352941 0.03137254901960784
9 0.6430147058823529 0.09346405228758169 0.009558823529411765 0.0196078431372549
3 0.6161764705882353 0.09281045751633986 0.01764705882352941 0.03398692810457516
2 0.5963235294117647 0.09346405228758169 0.004411764705882353 0.02222222222222222
1 0.5970588235294118 0.08888888888888888 0.004411764705882353 0.01830065359477124
4 0.544485294117647 0.15751633986928104 0.0125 0.0326797385620915
3 0.6066176470588235 0.05947712418300653 0.013235294117647059 0.02222222222222222
3 0.611764705882353 0.03986928104575163 0.029411764705882353 0.02222222222222222
0 0.6051470588235294 0.021568627450980392 0.0058823529411764705 0.02222222222222222
0 0.5536764705882353 0.02287581699346405 0.004411764705882353 0.0196078431372549
6 0.5393382352941176 0.04444444444444444 0.008088235294117646 0.02091503267973856
1 0.5397058823529411 0.03594771241830065 0.0029411764705882353 0.011764705882352941
9 0.53125 0.025490196078431372 0.005147058823529412 0.0196078431372549
1 0.53125 0.0196078431372549 0.005147058823529412 0.01568627450980392
8 0.5474264705882352 0.40457516339869276 0.0375 0.12679738562091503
0 0.6294117647058823 0.6594771241830065 0.010294117647058823 0.03006535947712418
9 0.6988970588235294 0.818954248366013 0.022794117647058822 0.0326797385620915
1 0.700735294117647 0.8183006535947712 0.008823529411764706 0.02875816993464052
1 0.694485294117647 0.818954248366013 0.011029411764705881 0.02483660130718954
0 0.6147058823529412 0.696078431372549 0.0058823529411764705 0.0326797385620915
0 0.6080882352941176 0.6908496732026144 0.004411764705882353 0.03006535947712418
9 0.6294117647058823 0.7359477124183006 0.022058823529411763 0.0261437908496732
1 0.6323529411764706 0.7379084967320261 0.008823529411764706 0.03529411764705882
1 0.6389705882352941 0.7372549019607842 0.008823529411764706 0.03137254901960784
3 0.5459558823529411 0.7346405228758169 0.0375 0.08888888888888888
9 0.5165441176470588 0.6137254901960784 0.006617647058823529 0.03529411764705882
1 0.5169117647058823 0.6052287581699346 0.008823529411764706 0.03398692810457516
3 0.5014705882352941 0.5679738562091503 0.025 0.07973856209150326
0 0.4334558823529412 0.6797385620915032 0.008088235294117646 0.03137254901960784
0 0.4349264705882353 0.6725490196078431 0.006617647058823529 0.0326797385620915
0 0.44448529411764703 0.5411764705882353 0.008088235294117646 0.03137254901960784
0 0.42463235294117646 0.534640522875817 0.008088235294117646 0.03137254901960784
3 0.41213235294117645 0.9183006535947712 0.0625 0.09019607843137255
3 0.4930147058823529 0.4562091503267974 0.022794117647058822 0.07058823529411765
3 0.45698529411764705 0.37712418300653594 0.022794117647058822 0.06143790849673202
3 0.45698529411764705 0.25816993464052285 0.016911764705882352 0.050980392156862744
3 0.4540441176470588 0.13986928104575164 0.015441176470588236 0.0392156862745098
3 0.46249999999999997 0.07777777777777778 0.014705882352941176 0.0326797385620915
0 0.4176470588235294 0.35424836601307186 0.004411764705882353 0.0261437908496732
0 0.4301470588235294 0.33398692810457514 0.0058823529411764705 0.02222222222222222
3 0.4007352941176471 0.3784313725490196 0.04264705882352941 0.050980392156862744
3 0.3860294117647059 0.00980392156862745 0.01764705882352941 0.0196078431372549
3 0.3926470588235294 0.04836601307189542 0.013235294117647059 0.02875816993464052
3 0.37536764705882353 0.07777777777777778 0.03308823529411765 0.027450980392156862
4 0.3827205882352941 0.10980392156862745 0.016911764705882352 0.04183006535947712
3 0.38198529411764703 0.14901960784313725 0.016911764705882352 0.03660130718954248
3 0.3764705882352941 0.18692810457516337 0.01764705882352941 0.04183006535947712
3 0.36875 0.23790849673202613 0.019852941176470587 0.04444444444444444
3 0.36323529411764705 0.296078431372549 0.01911764705882353 0.05359477124183006
0 0.3952205882352941 0.09673202614379084 0.005147058823529412 0.023529411764705882
0 0.40036764705882355 0.0895424836601307 0.005147058823529412 0.02222222222222222
0 0.40588235294117647 0.08823529411764705 0.004411764705882353 0.0196078431372549
0 0.3992647058823529 0.08235294117647059 0.004411764705882353 0.023529411764705882
9 0.38933823529411765 0.7699346405228757 0.009558823529411765 0.03398692810457516
1 0.3897058823529412 0.7601307189542483 0.008823529411764706 0.0326797385620915
9 0.37720588235294117 0.7679738562091503 0.010294117647058823 0.03790849673202614
1 0.37830882352941175 0.7594771241830065 0.011029411764705881 0.03398692810457516
9 0.3411764705882353 0.6980392156862745 0.008823529411764706 0.04183006535947712
1 0.3408088235294118 0.6869281045751634 0.009558823529411765 0.03006535947712418
0 0.2077205882352941 0.7999999999999999 0.009558823529411765 0.03137254901960784
0 0.2088235294117647 0.7830065359477124 0.014705882352941176 0.03398692810457516
3 0.032352941176470584 0.8143790849673203 0.06470588235294117 0.06274509803921569
0 0.06875 0.8196078431372549 0.011029411764705881 0.04183006535947712
9 0.08419117647058823 0.8287581699346405 0.025735294117647058 0.03398692810457516
0 0.08419117647058823 0.822875816993464 0.0125 0.04052287581699346
3 0.08639705882352941 0.7673202614379084 0.0713235294117647 0.05751633986928104
3 0.18198529411764705 0.680392156862745 0.05514705882352941 0.06666666666666667
6 0.04191176470588235 0.7254901960784313 0.03529411764705882 0.02875816993464052
9 0.3860294117647059 0.43267973856209146 0.008823529411764706 0.03398692810457516
1 0.3860294117647059 0.43006535947712415 0.008823529411764706 0.0261437908496732
3 0.3514705882352941 0.43006535947712415 0.027941176470588233 0.06797385620915032
9 0.31948529411764703 0.48627450980392156 0.022794117647058822 0.03137254901960784
1 0.31580882352941175 0.4516339869281045 0.009558823529411765 0.02222222222222222
1 0.3408088235294118 0.3581699346405228 0.008088235294117646 0.02091503267973856
7 0.3150735294117647 0.0130718954248366 0.009558823529411765 0.0261437908496732
0 0.32536764705882354 0.045098039215686274 0.003676470588235294 0.02222222222222222
0 0.32941176470588235 0.03398692810457516 0.004411764705882353 0.02091503267973856
0 0.3327205882352941 0.0457516339869281 0.003676470588235294 0.02091503267973856
0 0.29963235294117646 0.07124183006535947 0.005147058823529412 0.02222222222222222
0 0.29558823529411765 0.08235294117647059 0.004411764705882353 0.023529411764705882
0 0.3025735294117647 0.1261437908496732 0.005147058823529412 0.02222222222222222
0 0.3 0.1522875816993464 0.0058823529411764705 0.02483660130718954
9 0.29375 0.13006535947712417 0.006617647058823529 0.0196078431372549
9 0.26691176470588235 0.1111111111111111 0.011764705882352941 0.01568627450980392
0 0.26875 0.13921568627450978 0.005147058823529412 0.02222222222222222
6 0.2801470588235294 0.12745098039215685 0.014705882352941176 0.0326797385620915
0 0.2452205882352941 0.16666666666666666 0.006617647058823529 0.02222222222222222
0 0.31286764705882353 0.21830065359477122 0.005147058823529412 0.02875816993464052
0 0.21691176470588236 0.2006535947712418 0.004411764705882353 0.02483660130718954
0 0.1974264705882353 0.2457516339869281 0.005147058823529412 0.02875816993464052
0 0.26948529411764705 0.1549019607843137 0.005147058823529412 0.02483660130718954
0 0.24411764705882352 0.34509803921568627 0.0058823529411764705 0.02875816993464052
9 0.25477941176470587 0.3549019607843137 0.013970588235294117 0.02222222222222222
1 0.3125 0.33464052287581697 0.007352941176470588 0.0261437908496732
7 0.3095588235294118 0.3111111111111111 0.033823529411764704 0.04444444444444444
1 0.30330882352941174 0.3352941176470588 0.005147058823529412 0.0196078431372549
0 0.3099264705882353 0.38235294117647056 0.005147058823529412 0.0326797385620915
9 0.30772058823529413 0.36470588235294116 0.015441176470588236 0.023529411764705882
9 0.3051470588235294 0.3732026143790849 0.014705882352941176 0.0196078431372549
2 0.24411764705882352 0.37712418300653594 0.013235294117647059 0.027450980392156862
0 0.15698529411764706 0.3980392156862745 0.008088235294117646 0.0326797385620915
2 0.26801470588235293 0.4457516339869281 0.01838235294117647 0.023529411764705882
6 0.1786764705882353 0.41045751633986927 0.025 0.03660130718954248
9 0.27683823529411766 0.49019607843137253 0.013970588235294117 0.02875816993464052
9 0.26286764705882354 0.5052287581699346 0.022794117647058822 0.02222222222222222
0 0.26323529411764707 0.4967320261437908 0.007352941176470588 0.02875816993464052
9 0.26544117647058824 0.4660130718954248 0.014705882352941176 0.02483660130718954
6 0.2867647058823529 0.5594771241830065 0.033823529411764704 0.03398692810457516
7 0.26580882352941176 0.584313725490196 0.03161764705882353 0.05751633986928104
9 0.2338235294117647 0.49542483660130715 0.014705882352941176 0.03137254901960784
9 0.2411764705882353 0.4790849673202614 0.014705882352941176 0.02222222222222222
9 0.24669117647058822 0.47058823529411764 0.016911764705882352 0.0261437908496732
9 0.24926470588235294 0.4594771241830065 0.014705882352941176 0.027450980392156862
9 0.24191176470588235 0.4183006535947712 0.014705882352941176 0.01830065359477124
9 0.25183823529411764 0.43006535947712415 0.016911764705882352 0.01830065359477124
0 0.22352941176470587 0.49346405228758167 0.007352941176470588 0.0326797385620915
9 0.22095588235294117 0.5130718954248366 0.006617647058823529 0.0326797385620915
9 0.2077205882352941 0.5104575163398692 0.008088235294117646 0.03006535947712418
9 0.21323529411764705 0.5359477124183006 0.0058823529411764705 0.03137254901960784
0 0.21323529411764705 0.48235294117647054 0.008823529411764706 0.03137254901960784
9 0.2536764705882353 0.5202614379084967 0.010294117647058823 0.03137254901960784
6 0.23345588235294118 0.6202614379084966 0.03897058823529412 0.058823529411764705
6 0.24154411764705883 0.6052287581699346 0.025735294117647058 0.04444444444444444
9 0.2286764705882353 0.5581699346405229 0.01911764705882353 0.02875816993464052
0 0.17463235294117646 0.5045751633986928 0.008088235294117646 0.03137254901960784
9 0.17830882352941177 0.49281045751633984 0.006617647058823529 0.03137254901960784
0 0.15294117647058825 0.55359477124183 0.007352941176470588 0.02483660130718954
0 0.14448529411764705 0.5542483660130718 0.009558823529411765 0.03398692810457516
0 0.14044117647058824 0.580392156862745 0.011764705882352941 0.03137254901960784
0 0.12463235294117647 0.39281045751633986 0.0125 0.027450980392156862
0 0.11544117647058823 0.38627450980392153 0.008823529411764706 0.027450980392156862
0 0.09889705882352941 0.3555555555555555 0.008088235294117646 0.03137254901960784
0 0.10919117647058824 0.35620915032679734 0.006617647058823529 0.027450980392156862
0 0.12610294117647058 0.35686274509803917 0.009558823529411765 0.02875816993464052
0 0.12536764705882353 0.3758169934640523 0.011029411764705881 0.027450980392156862
0 0.11875 0.36013071895424836 0.006617647058823529 0.0326797385620915
0 0.05808823529411765 0.4562091503267974 0.011764705882352941 0.03137254901960784
0 0.059926470588235296 0.4202614379084967 0.006617647058823529 0.03006535947712418
0 0.047058823529411764 0.4058823529411764 0.011764705882352941 0.0326797385620915
0 0.04154411764705882 0.41045751633986927 0.006617647058823529 0.02091503267973856
1 0.015808823529411764 0.4359477124183006 0.009558823529411765 0.01699346405228758
0 0.09117647058823529 0.4986928104575163 0.008823529411764706 0.03006535947712418
1 0.09191176470588235 0.4183006535947712 0.010294117647058823 0.023529411764705882
9 0.2286764705882353 0.4529411764705882 0.013235294117647059 0.0326797385620915
9 0.20698529411764705 0.4261437908496732 0.009558823529411765 0.0261437908496732
9 0.20588235294117646 0.4594771241830065 0.008823529411764706 0.03006535947712418
9 0.18566176470588236 0.4790849673202614 0.006617647058823529 0.03006535947712418
9 0.17022058823529412 0.4398692810457516 0.006617647058823529 0.027450980392156862
9 0.17610294117647057 0.46013071895424834 0.011029411764705881 0.03398692810457516
9 0.1602941176470588 0.4437908496732026 0.007352941176470588 0.03006535947712418
9 0.15330882352941178 0.44313725490196076 0.006617647058823529 0.03137254901960784
9 0.14522058823529413 0.4718954248366013 0.011029411764705881 0.02875816993464052
9 0.1588235294117647 0.47516339869281043 0.008823529411764706 0.03006535947712418
9 0.1525735294117647 0.47516339869281043 0.009558823529411765 0.03006535947712418
2 0.2125 0.584313725490196 0.011764705882352941 0.03398692810457516
0 0.1213235294117647 0.46928104575163393 0.007352941176470588 0.0261437908496732
9 0.0400735294117647 0.6516339869281045 0.013970588235294117 0.027450980392156862
9 0.08602941176470588 0.6248366013071895 0.016176470588235292 0.02875816993464052
9 0.09926470588235294 0.6156862745098038 0.013235294117647059 0.03398692810457516
9 0.11176470588235293 0.6104575163398692 0.013235294117647059 0.03398692810457516
9 0.12169117647058823 0.6058823529411764 0.0125 0.027450980392156862
2 0.11544117647058823 0.5705882352941176 0.011764705882352941 0.03529411764705882
2 0.10367647058823529 0.5405228758169934 0.011764705882352941 0.03006535947712418
9 0.09485294117647058 0.5437908496732026 0.011764705882352941 0.03137254901960784
9 0.10477941176470588 0.5745098039215686 0.011029411764705881 0.03790849673202614
9 0.09375 0.5915032679738562 0.013970588235294117 0.027450980392156862
9 0.08198529411764706 0.5973856209150327 0.011029411764705881 0.03137254901960784
9 0.07352941176470588 0.6013071895424836 0.013235294117647059 0.03660130718954248
9 0.06544117647058824 0.6071895424836601 0.011764705882352941 0.03790849673202614
9 0.06433823529411764 0.6339869281045751 0.006617647058823529 0.03660130718954248
9 0.05514705882352941 0.6124183006535947 0.007352941176470588 0.04052287581699346
9 0.04595588235294117 0.6169934640522875 0.011029411764705881 0.04183006535947712
9 0.0375 0.6235294117647059 0.010294117647058823 0.0392156862745098
9 0.03051470588235294 0.626797385620915 0.011029411764705881 0.03529411764705882
9 0.022426470588235294 0.6287581699346405 0.009558823529411765 0.04183006535947712
9 0.013970588235294117 0.634640522875817 0.008823529411764706 0.04052287581699346
9 0.007352941176470588 0.6392156862745098 0.008823529411764706 0.04444444444444444
9 0.08529411764705883 0.5490196078431372 0.011764705882352941 0.03398692810457516
2 0.07757352941176471 0.557516339869281 0.0125 0.0326797385620915
9 0.06470588235294117 0.5751633986928104 0.011764705882352941 0.0261437908496732
9 0.07757352941176471 0.5209150326797385 0.0125 0.03006535947712418
9 0.06727941176470588 0.5222222222222221 0.013970588235294117 0.0326797385620915
9 0.06580882352941177 0.4967320261437908 0.009558823529411765 0.02875816993464052
9 0.05845588235294118 0.49738562091503263 0.009558823529411765 0.0326797385620915
9 0.04926470588235294 0.49738562091503263 0.010294117647058823 0.0326797385620915
9 0.041176470588235294 0.49738562091503263 0.010294117647058823 0.043137254901960784
9 0.03566176470588235 0.5019607843137255 0.011029411764705881 0.04444444444444444
9 0.042279411764705885 0.45555555555555555 0.008088235294117646 0.03006535947712418
9 0.034926470588235295 0.46274509803921565 0.011029411764705881 0.02875816993464052
9 0.027205882352941177 0.46470588235294114 0.008823529411764706 0.027450980392156862
9 0.020955882352941175 0.4666666666666666 0.006617647058823529 0.02875816993464052
2 0.011029411764705881 0.4686274509803921 0.007352941176470588 0.0326797385620915
9 0.0058823529411764705 0.4738562091503268 0.0058823529411764705 0.0326797385620915
9 0.006617647058823529 0.5980392156862745 0.010294117647058823 0.0326797385620915
9 0.015808823529411764 0.5954248366013072 0.011029411764705881 0.0326797385620915
9 0.022058823529411763 0.5888888888888888 0.008823529411764706 0.03529411764705882
9 0.02977941176470588 0.5823529411764705 0.009558823529411765 0.03529411764705882
9 0.0375 0.5784313725490196 0.010294117647058823 0.03529411764705882
9 0.057720588235294114 0.5281045751633987 0.011029411764705881 0.02875816993464052
9 0.05073529411764706 0.5333333333333333 0.011764705882352941 0.02875816993464052
9 0.04191176470588235 0.5366013071895425 0.011764705882352941 0.0326797385620915
9 0.03455882352941177 0.5437908496732026 0.013235294117647059 0.03137254901960784
9 0.027941176470588233 0.5464052287581699 0.010294117647058823 0.03137254901960784
9 0.013602941176470588 0.5549019607843136 0.009558823529411765 0.0326797385620915
9 0.006617647058823529 0.5555555555555555 0.010294117647058823 0.03398692810457516
