0 0.029166666666666667 0.8055555555555556 0.011458333333333333 0.05
9 0.022916666666666665 0.7740740740740741 0.016666666666666666 0.03888888888888889
1 0.021875 0.7555555555555555 0.0125 0.04814814814814815
3 0.08489583333333334 0.875 0.07083333333333333 0.11851851851851852
4 0.16354166666666667 0.9319444444444445 0.08958333333333333 0.125
8 0.18333333333333332 0.750462962962963 0.11354166666666667 0.2601851851851852
3 0.28151041666666665 0.7430555555555556 0.0421875 0.08981481481481482
3 0.35078125 0.7902777777777779 0.0390625 0.09722222222222222
3 0.43854166666666666 0.9625 0.04791666666666666 0.0712962962962963
3 0.51171875 0.9282407407407408 0.0515625 0.11574074074074074
3 0.44427083333333334 0.8601851851851852 0.04479166666666667 0.10740740740740741
4 0.5065104166666666 0.8055555555555556 0.049479166666666664 0.10925925925925926
3 0.4401041666666667 0.7458333333333333 0.040625 0.07314814814814816
3 0.55078125 0.7300925925925926 0.0453125 0.08425925925925926
3 0.490625 0.6972222222222223 0.03854166666666667 0.08333333333333334
3 0.43515624999999997 0.6685185185185185 0.034895833333333334 0.06296296296296297
3 0.5307291666666667 0.6435185185185185 0.041666666666666664 0.07037037037037037
3 0.4830729166666667 0.6231481481481481 0.0328125 0.05185185185185186
3 0.4309895833333333 0.6078703703703704 0.0296875 0.05277777777777778
3 0.521875 0.587037037037037 0.03125 0.04814814814814815
3 0.471875 0.5699074074074074 0.03229166666666666 0.049074074074074076
3 0.4270833333333333 0.562962962962963 0.028125 0.04259259259259259
3 0.3533854166666667 0.612037037037037 0.0328125 0.05925925925925926
3 0.23776041666666667 0.524537037037037 0.030729166666666665 0.05092592592592593
8 0.5731770833333333 0.5935185185185186 0.0671875 0.14814814814814814
3 0.5015625 0.5356481481481482 0.026041666666666668 0.04166666666666667
8 0.5270833333333333 0.4842592592592593 0.05520833333333333 0.11296296296296297
3 0.42291666666666666 0.5185185185185185 0.025 0.037037037037037035
0 0.76875 0.9652777777777778 0.015625 0.06574074074074074
0 0.7744791666666666 0.9435185185185185 0.0125 0.06296296296296297
2 0.83203125 0.8902777777777778 0.0140625 0.05648148148148149
1 0.8356770833333333 0.875 0.0140625 0.04814814814814815
0 0.8669270833333333 0.8518518518518519 0.0140625 0.06481481481481481
0 0.8791666666666667 0.8462962962962963 0.011458333333333333 0.06481481481481481
3 0.7856770833333333 0.725 0.050520833333333334 0.07777777777777778
1 0.6744791666666666 0.7351851851851852 0.014583333333333334 0.0462962962962963
2 0.6739583333333333 0.737037037037037 0.014583333333333334 0.02962962962962963
0 0.13333333333333333 0.5087962962962963 0.009375 0.026851851851851852
3 0.08984375 0.5203703703703704 0.03802083333333333 0.03888888888888889
0 0.10416666666666667 0.5115740740740741 0.009375 0.021296296296296296
3 0.09921875 0.4615740740740741 0.027604166666666666 0.03796296296296296
4 0.128125 0.4375 0.03854166666666667 0.05462962962962963
0 0.15130208333333334 0.44537037037037036 0.0078125 0.02962962962962963
3 0.21510416666666665 0.4356481481481482 0.028125 0.03796296296296296
3 0.32708333333333334 0.3837962962962963 0.015625 0.028703703703703703
2 0.22057291666666667 0.44953703703703707 0.009895833333333333 0.021296296296296296
1 0.17317708333333334 0.4365740740740741 0.005729166666666666 0.025
1 0.19244791666666666 0.43472222222222223 0.0067708333333333336 0.021296296296296296
2 0.17369791666666667 0.4449074074074074 0.005729166666666666 0.017592592592592594
3 0.08671875 0.3995370370370371 0.030729166666666665 0.04351851851851852
9 0.21380208333333334 0.3768518518518519 0.008854166666666666 0.012962962962962964
1 0.21380208333333334 0.3685185185185185 0.005729166666666666 0.016666666666666666
0 0.21432291666666667 0.35879629629629634 0.0046875 0.019444444444444445
0 0.19348958333333333 0.2990740740740741 0.0036458333333333334 0.016666666666666666
9 0.18802083333333333 0.30092592592592593 0.008333333333333333 0.009259259259259259
1 0.18802083333333333 0.2972222222222222 0.004166666666666667 0.011111111111111112
9 0.21640625 0.2884259259259259 0.005729166666666666 0.010185185185185186
1 0.21640625 0.2833333333333333 0.0036458333333333334 0.011111111111111112
2 0.28203125 0.32962962962962966 0.009895833333333333 0.011111111111111112
1 0.2817708333333333 0.3226851851851852 0.005208333333333333 0.017592592592592594
0 0.27317708333333335 0.3148148148148148 0.0036458333333333334 0.018518518518518517
2 0.2981770833333333 0.32407407407407407 0.009895833333333333 0.011111111111111112
1 0.2989583333333333 0.31851851851851853 0.004166666666666667 0.016666666666666666
9 0.31145833333333334 0.3263888888888889 0.010416666666666666 0.010185185185185186
1 0.31145833333333334 0.32083333333333336 0.004166666666666667 0.015740740740740743
1 0.3140625 0.32037037037037036 0.003125 0.012962962962962964
9 0.33125 0.29444444444444445 0.010416666666666666 0.009259259259259259
1 0.33098958333333334 0.29120370370370374 0.0036458333333333334 0.012037037037037037
9 0.35546875 0.3226851851851852 0.009895833333333333 0.012037037037037037
1 0.3546875 0.3175925925925926 0.005208333333333333 0.014814814814814815
3 0.3247395833333333 0.287962962962963 0.025520833333333333 0.014814814814814815
3 0.35572916666666665 0.28935185185185186 0.025 0.015740740740740743
3 0.35260416666666666 0.2828703703703704 0.02395833333333333 0.01388888888888889
2 0.42083333333333334 0.3175925925925926 0.009375 0.011111111111111112
1 0.42083333333333334 0.3106481481481482 0.004166666666666667 0.015740740740740743
2 0.42578125 0.3148148148148148 0.008854166666666666 0.011111111111111112
1 0.42421875 0.30972222222222223 0.0046875 0.015740740740740743
9 0.44114583333333335 0.3277777777777778 0.005208333333333333 0.012962962962962964
1 0.44036458333333334 0.32546296296296295 0.005729166666666666 0.015740740740740743
2 0.2625 0.29305555555555557 0.009375 0.010185185185185186
1 0.26197916666666665 0.287962962962963 0.004166666666666667 0.012962962962962964
8 0.4578125 0.48564814814814816 0.042708333333333334 0.11018518518518519
3 0.4458333333333333 0.45740740740740743 0.027083333333333334 0.03333333333333333
3 0.4901041666666667 0.5023148148148149 0.02395833333333333 0.03981481481481482
3 0.4817708333333333 0.4703703703703704 0.020833333333333332 0.03333333333333333
3 0.41510416666666666 0.487962962962963 0.022916666666666665 0.03518518518518519
3 0.41119791666666666 0.4564814814814815 0.0203125 0.03333333333333333
3 0.40651041666666665 0.42685185185185187 0.019270833333333334 0.02592592592592593
3 0.4015625 0.4083333333333333 0.017708333333333333 0.02962962962962963
3 0.39479166666666665 0.3902777777777778 0.01875 0.025
3 0.39348958333333334 0.3736111111111111 0.0171875 0.02314814814814815
3 0.3890625 0.36064814814814816 0.015625 0.02314814814814815
3 0.38515625 0.3476851851851852 0.0140625 0.021296296296296296
3 0.38125 0.33564814814814814 0.013541666666666667 0.019444444444444445
3 0.434375 0.43333333333333335 0.021875 0.02962962962962963
3 0.428125 0.41111111111111115 0.01875 0.02592592592592593
3 0.42135416666666664 0.3944444444444445 0.016666666666666666 0.022222222222222223
3 0.41822916666666665 0.37777777777777777 0.015625 0.022222222222222223
3 0.4109375 0.36203703703703705 0.016666666666666666 0.022222222222222223
3 0.40338541666666666 0.3458333333333333 0.01614583333333333 0.02314814814814815
3 0.47161458333333334 0.4481481481481482 0.018229166666666668 0.02592592592592593
3 0.46328125 0.4314814814814815 0.0203125 0.02592592592592593
3 0.453125 0.4115740740740741 0.019791666666666666 0.026851851851851852
3 0.44635416666666666 0.39537037037037037 0.016666666666666666 0.02592592592592593
3 0.43906249999999997 0.37824074074074077 0.01875 0.02314814814814815
3 0.43463541666666666 0.3615740740740741 0.0171875 0.017592592592592594
3 0.42473958333333334 0.3458333333333333 0.015104166666666667 0.021296296296296296
3 0.49713541666666666 0.44212962962962965 0.0234375 0.030555555555555558
8 0.484375 0.4013888888888889 0.034375 0.06574074074074074
3 0.4692708333333333 0.3893518518518519 0.016666666666666666 0.02314814814814815
3 0.45989583333333334 0.3726851851851852 0.016666666666666666 0.02314814814814815
3 0.4513020833333333 0.3574074074074074 0.0140625 0.022222222222222223
3 0.4427083333333333 0.34490740740740744 0.015625 0.021296296296296296
3 0.38515625 0.2763888888888889 0.011979166666666666 0.015740740740740743
3 0.3697916666666667 0.26944444444444443 0.009375 0.012962962962962964
4 0.38359375 0.26481481481481484 0.0109375 0.014814814814814815
3 0.38671875 0.25972222222222224 0.0078125 0.01388888888888889
3 0.37890625 0.2490740740740741 0.008854166666666666 0.009259259259259259
3 0.36666666666666664 0.24305555555555555 0.008333333333333333 0.010185185185185186
3 0.36432291666666666 0.23333333333333334 0.0067708333333333336 0.011111111111111112
