3 0.03713235294117647 0.7333333333333333 0.07426470588235294 0.13333333333333333
3 0.48198529411764707 0.46470588235294114 0.10367647058823529 0.15294117647058822
3 0.5209558823529412 0.3071895424836601 0.08897058823529412 0.10196078431372549
3 0.5404411764705882 0.2392156862745098 0.0838235294117647 0.07058823529411765
3 0.7985294117647058 0.21372549019607842 0.075 0.07973856209150326
3 0.8948529411764706 0.07254901960784313 0.060294117647058824 0.0718954248366013
3 0.020588235294117647 0.10718954248366012 0.041176470588235294 0.0784313725490196
0 0.17610294117647057 0.27908496732026145 0.016911764705882352 0.06666666666666667
1 0.2400735294117647 0.396078431372549 0.01838235294117647 0.0522875816993464
2 0.24044117647058824 0.41241830065359475 0.04264705882352941 0.05359477124183006
4 0.6639705882352941 0.04379084967320261 0.057352941176470586 0.06928104575163398
3 0.7724264705882353 0.01241830065359477 0.04191176470588235 0.02483660130718954
1 0.7463235294117647 0.5862745098039215 0.020588235294117647 0.05620915032679738
9 0.7452205882352941 0.6006535947712418 0.03455882352941177 0.06143790849673202
