9 0.0838235294117647 0.9516339869281045 0.03823529411764706 0.09673202614379084
0 0.07316176470588236 0.7869281045751634 0.04191176470588235 0.11764705882352941
0 0.25220588235294117 0.818954248366013 0.032352941176470584 0.10849673202614378
0 0.28051470588235294 0.8039215686274509 0.030147058823529412 0.1045751633986928
0 0.33933823529411766 0.8039215686274509 0.02426470588235294 0.10718954248366012
9 0.2426470588235294 0.7039215686274509 0.0661764705882353 0.09542483660130718
0 0.4547794117647059 0.730718954248366 0.027205882352941177 0.10980392156862745
0 0.4948529411764706 0.665359477124183 0.022058823529411763 0.1045751633986928
0 0.5720588235294117 0.7130718954248365 0.014705882352941176 0.10588235294117647
0 0.5496323529411765 0.7143790849673202 0.021323529411764706 0.10849673202614378
1 0.5658088235294118 0.6483660130718953 0.022794117647058822 0.0915032679738562
0 0.5900735294117647 0.6352941176470588 0.015441176470588236 0.08627450980392157
1 0.5786764705882352 0.6281045751633987 0.007352941176470588 0.0457516339869281
9 0.5676470588235294 0.6797385620915032 0.03529411764705882 0.06797385620915032
3 0.3889705882352941 0.6784313725490195 0.18676470588235294 0.21699346405228756
3 0.85625 0.6339869281045751 0.1698529411764706 0.23006535947712417
3 0.8246323529411764 0.4509803921568627 0.14485294117647057 0.16470588235294117
0 0.8474264705882353 0.2222222222222222 0.028676470588235293 0.10196078431372549
1 0.7963235294117647 0.2633986928104575 0.013235294117647059 0.07450980392156863
1 0.7544117647058823 0.257516339869281 0.011764705882352941 0.06797385620915032
1 0.7389705882352942 0.23660130718954248 0.011764705882352941 0.047058823529411764
0 0.7128676470588236 0.21045751633986925 0.016911764705882352 0.08366013071895424
0 0.7415441176470589 0.1980392156862745 0.019852941176470587 0.07973856209150326
2 0.7735294117647059 0.292156862745098 0.04852941176470588 0.05359477124183006
0 0.5731617647058823 0.2333333333333333 0.015441176470588236 0.0849673202614379
0 0.5117647058823529 0.20849673202614377 0.01911764705882353 0.07712418300653594
0 0.5216911764705883 0.18888888888888888 0.019852941176470587 0.0849673202614379
0 0.45551470588235293 0.19673202614379084 0.01838235294117647 0.07973856209150326
0 0.44448529411764703 0.21045751633986925 0.013970588235294117 0.08627450980392157
0 0.42169117647058824 0.2418300653594771 0.013970588235294117 0.07320261437908496
0 0.40698529411764706 0.2156862745098039 0.015441176470588236 0.08888888888888888
1 0.3352941176470588 0.14509803921568626 0.01764705882352941 0.08627450980392157
9 0.3363970588235294 0.16274509803921566 0.030147058823529412 0.058823529411764705
1 0.21875 0.13856209150326795 0.015441176470588236 0.06013071895424836
1 0.2389705882352941 0.16209150326797384 0.016176470588235292 0.06274509803921569
1 0.2551470588235294 0.1568627450980392 0.01764705882352941 0.07581699346405228
1 0.2716911764705882 0.14509803921568626 0.0125 0.06013071895424836
0 0.21654411764705883 0.04052287581699346 0.009558823529411765 0.03137254901960784
0 0.20735294117647057 0.04771241830065359 0.016176470588235292 0.06928104575163398
1 0.20220588235294118 0.03660130718954248 0.007352941176470588 0.0261437908496732
1 0.20220588235294118 0.03660130718954248 0.007352941176470588 0.023529411764705882
0 0.22352941176470587 0.21633986928104573 0.01764705882352941 0.06666666666666667
0 0.15625 0.21699346405228756 0.01838235294117647 0.0915032679738562
0 0.16213235294117648 0.17843137254901958 0.01838235294117647 0.06928104575163398
0 0.09375 0.3509803921568627 0.028676470588235293 0.09281045751633986
9 0.05551470588235294 0.5647058823529412 0.06838235294117646 0.09673202614379084
0 0.1650735294117647 0.6019607843137255 0.03308823529411765 0.10849673202614378
0 0.13676470588235293 0.5359477124183006 0.029411764705882353 0.09411764705882353
0 0.6205882352941177 0.5679738562091503 0.020588235294117647 0.11372549019607843
0 0.6393382352941176 0.5333333333333333 0.021323529411764706 0.10196078431372549
0 0.6606617647058823 0.45359477124183 0.0125 0.09411764705882353
0 0.669485294117647 0.4411764705882353 0.0125 0.10065359477124182
0 0.6753676470588236 0.43660130718954243 0.0125 0.11241830065359476
0 0.6738970588235293 0.42156862745098034 0.011029411764705881 0.10588235294117647
0 0.6503676470588236 0.4052287581699346 0.01838235294117647 0.08627450980392157
0 0.6261029411764706 0.46078431372549017 0.0125 0.07712418300653594
0 0.6327205882352941 0.47973856209150323 0.013970588235294117 0.07320261437908496
0 0.600735294117647 0.48235294117647054 0.013235294117647059 0.0915032679738562
0 0.6055147058823529 0.5176470588235293 0.016911764705882352 0.09934640522875816
0 0.5930147058823529 0.5313725490196078 0.01838235294117647 0.10849673202614378
0 0.575 0.5562091503267973 0.014705882352941176 0.09281045751633986
0 0.5768382352941176 0.4941176470588235 0.01838235294117647 0.08627450980392157
0 0.5584558823529412 0.5163398692810457 0.013970588235294117 0.09411764705882353
0 0.54375 0.5163398692810457 0.021323529411764706 0.09673202614379084
0 0.5419117647058823 0.5725490196078431 0.020588235294117647 0.10196078431372549
0 0.5128676470588235 0.6281045751633987 0.01838235294117647 0.1111111111111111
0 0.5257352941176471 0.6052287581699346 0.022058823529411763 0.10718954248366012
0 0.5102941176470588 0.5712418300653594 0.020588235294117647 0.1045751633986928
0 0.5227941176470589 0.5470588235294117 0.013235294117647059 0.07712418300653594
0 0.5150735294117647 0.49019607843137253 0.019852941176470587 0.08888888888888888
0 0.48676470588235293 0.6052287581699346 0.022058823529411763 0.09411764705882353
0 0.4875 0.5823529411764705 0.01911764705882353 0.09019607843137255
0 0.4875 0.5352941176470588 0.01764705882352941 0.09019607843137255
0 0.4676470588235294 0.5758169934640522 0.016176470588235292 0.0849673202614379
0 0.4349264705882353 0.5738562091503268 0.01838235294117647 0.065359477124183
0 0.4176470588235294 0.5771241830065359 0.01764705882352941 0.07712418300653594
0 0.3915441176470588 0.5888888888888888 0.016911764705882352 0.06666666666666667
0 0.20735294117647057 0.5816993464052287 0.025 0.10196078431372549
0 0.2025735294117647 0.5261437908496732 0.021323529411764706 0.07712418300653594
0 0.19301470588235295 0.5045751633986928 0.025735294117647058 0.10196078431372549
0 0.16397058823529412 0.4738562091503268 0.027941176470588233 0.09803921568627451
0 0.14080882352941176 0.39477124183006534 0.021323529411764706 0.07320261437908496
0 0.16066176470588234 0.37385620915032675 0.019852941176470587 0.08366013071895424
0 0.17683823529411766 0.3803921568627451 0.0125 0.054901960784313725
0 0.37426470588235294 0.24901960784313723 0.01764705882352941 0.09281045751633986
0 0.35625 0.24771241830065358 0.015441176470588236 0.07973856209150326
0 0.3547794117647059 0.28169934640522876 0.022794117647058822 0.08758169934640522
0 0.33345588235294116 0.31437908496732025 0.027205882352941177 0.07973856209150326
0 0.31433823529411764 0.3222222222222222 0.021323529411764706 0.08758169934640522
0 0.3205882352941176 0.3522875816993464 0.014705882352941176 0.0718954248366013
1 0.31286764705882353 0.3503267973856209 0.0125 0.03137254901960784
0 0.3161764705882353 0.36928104575163395 0.020588235294117647 0.07973856209150326
0 0.2202205882352941 0.28627450980392155 0.025735294117647058 0.07058823529411765
0 0.19669117647058823 0.3 0.028676470588235293 0.09019607843137255
0 0.2025735294117647 0.3431372549019608 0.02426470588235294 0.09019607843137255
0 0.2738970588235294 0.388235294117647 0.01838235294117647 0.08366013071895424
0 0.20404411764705882 0.37124183006535943 0.01838235294117647 0.08366013071895424
0 0.19816176470588234 0.4032679738562091 0.019852941176470587 0.0849673202614379
0 0.20330882352941176 0.46013071895424834 0.022794117647058822 0.10196078431372549
0 0.3003676470588235 0.4888888888888889 0.022794117647058822 0.06797385620915032
0 0.33051470588235293 0.45032679738562087 0.013970588235294117 0.05620915032679738
1 0.29669117647058824 0.4294117647058823 0.0125 0.04836601307189542
1 0.29963235294117646 0.4529411764705882 0.016911764705882352 0.050980392156862744
0 0.2889705882352941 0.31895424836601305 0.020588235294117647 0.08888888888888888
0 0.2948529411764706 0.3764705882352941 0.01911764705882353 0.07581699346405228
0 0.2988970588235294 0.34705882352941175 0.009558823529411765 0.06666666666666667
0 0.2761029411764706 0.3333333333333333 0.019852941176470587 0.08104575163398692
0 0.24191176470588235 0.31241830065359477 0.01911764705882353 0.08366013071895424
0 0.25330882352941175 0.3437908496732026 0.015441176470588236 0.07320261437908496
0 0.25625 0.3875816993464052 0.021323529411764706 0.09281045751633986
0 0.3235294117647059 0.6137254901960784 0.025 0.10065359477124182
0 0.34375 0.5934640522875817 0.019852941176470587 0.09934640522875816
0 0.3602941176470588 0.5764705882352941 0.01911764705882353 0.0915032679738562
0 0.3805147058823529 0.5581699346405229 0.01838235294117647 0.09673202614379084
0 0.3764705882352941 0.4993464052287581 0.01764705882352941 0.08104575163398692
1 0.3599264705882353 0.503921568627451 0.019852941176470587 0.08235294117647059
0 0.33897058823529413 0.5464052287581699 0.020588235294117647 0.0915032679738562
1 0.3246323529411765 0.518954248366013 0.015441176470588236 0.065359477124183
1 0.3613970588235294 0.45555555555555555 0.01838235294117647 0.050980392156862744
1 0.3363970588235294 0.3849673202614379 0.016911764705882352 0.05359477124183006
1 0.34191176470588236 0.4156862745098039 0.013235294117647059 0.047058823529411764
1 0.3547794117647059 0.4235294117647059 0.021323529411764706 0.047058823529411764
0 0.28602941176470587 0.6 0.01911764705882353 0.09934640522875816
0 0.2900735294117647 0.5627450980392157 0.021323529411764706 0.09803921568627451
0 0.25330882352941175 0.6169934640522875 0.02426470588235294 0.08627450980392157
0 0.23455882352941176 0.3372549019607843 0.01764705882352941 0.065359477124183
0 0.7297794117647058 0.903267973856209 0.025735294117647058 0.10980392156862745
0 0.7220588235294118 0.8771241830065359 0.033823529411764704 0.10718954248366012
9 0.6860294117647059 0.7274509803921568 0.04264705882352941 0.09803921568627451
2 0.731985294117647 0.6699346405228758 0.04485294117647059 0.0849673202614379
0 0.22647058823529412 0.3555555555555555 0.016176470588235292 0.065359477124183
1 0.033823529411764704 0.20588235294117646 0.033823529411764704 0.04836601307189542
