0 0.8275735294117647 0.19738562091503267 0.0125 0.05751633986928104
0 0.8363970588235294 0.1895424836601307 0.0125 0.04967320261437908
0 0.6830882352941177 0.18104575163398692 0.013235294117647059 0.05359477124183006
1 0.6371323529411764 0.1895424836601307 0.0125 0.04967320261437908
1 0.6235294117647059 0.19215686274509802 0.013235294117647059 0.04444444444444444
1 0.6084558823529411 0.18627450980392155 0.011029411764705881 0.043137254901960784
1 0.5959558823529412 0.1830065359477124 0.015441176470588236 0.047058823529411764
3 0.6790441176470589 0.2830065359477124 0.0801470588235294 0.09803921568627451
3 0.7176470588235294 0.3607843137254902 0.08970588235294118 0.130718954248366
2 0.6238970588235294 0.2091503267973856 0.03308823529411765 0.0392156862745098
2 0.6522058823529412 0.3986928104575163 0.026470588235294117 0.06274509803921569
9 0.6389705882352941 0.4294117647058823 0.029411764705882353 0.06405228758169934
0 0.6172794117647059 0.4633986928104575 0.022794117647058822 0.08235294117647059
0 0.6165441176470589 0.3934640522875817 0.016911764705882352 0.06797385620915032
0 0.6051470588235294 0.3398692810457516 0.011764705882352941 0.08104575163398692
0 0.5963235294117647 0.43464052287581695 0.016176470588235292 0.06405228758169934
0 0.5838235294117647 0.42156862745098034 0.010294117647058823 0.05620915032679738
0 0.5727941176470588 0.4313725490196078 0.016176470588235292 0.08104575163398692
1 0.575 0.4130718954248366 0.014705882352941176 0.0392156862745098
0 0.5569852941176471 0.426797385620915 0.0125 0.06143790849673202
1 0.5551470588235294 0.418954248366013 0.014705882352941176 0.03790849673202614
0 0.5617647058823529 0.4032679738562091 0.013235294117647059 0.07450980392156863
1 0.5639705882352941 0.3810457516339869 0.013235294117647059 0.06666666666666667
9 0.5584558823529412 0.4006535947712418 0.03897058823529412 0.05620915032679738
0 0.5636029411764706 0.265359477124183 0.013970588235294117 0.065359477124183
0 0.5779411764705882 0.2764705882352941 0.013235294117647059 0.06666666666666667
0 0.5819852941176471 0.3156862745098039 0.0125 0.0718954248366013
0 0.5863970588235294 0.30130718954248364 0.013970588235294117 0.0718954248366013
0 0.5841911764705883 0.2895424836601307 0.011029411764705881 0.06666666666666667
0 0.5639705882352941 0.3071895424836601 0.010294117647058823 0.06013071895424836
0 0.5698529411764706 0.3196078431372549 0.010294117647058823 0.0718954248366013
0 0.5514705882352942 0.31699346405228757 0.010294117647058823 0.06143790849673202
0 0.5602941176470588 0.3333333333333333 0.007352941176470588 0.06013071895424836
0 0.555514705882353 0.3503267973856209 0.008088235294117646 0.0784313725490196
0 0.5474264705882352 0.35947712418300654 0.009558823529411765 0.065359477124183
0 0.5404411764705882 0.33137254901960783 0.013235294117647059 0.05620915032679738
0 0.53125 0.34444444444444444 0.0125 0.06928104575163398
0 0.5404411764705882 0.37189542483660126 0.011764705882352941 0.0849673202614379
0 0.5209558823529412 0.3483660130718954 0.009558823529411765 0.06666666666666667
0 0.5235294117647059 0.3941176470588235 0.014705882352941176 0.07712418300653594
0 0.5128676470588235 0.36732026143790847 0.0125 0.06013071895424836
0 0.5080882352941176 0.34509803921568627 0.014705882352941176 0.07581699346405228
0 0.5117647058823529 0.42745098039215684 0.014705882352941176 0.08104575163398692
0 0.4985294117647059 0.3856209150326797 0.011764705882352941 0.065359477124183
0 0.49080882352941174 0.361437908496732 0.011029411764705881 0.05620915032679738
0 0.4823529411764706 0.38235294117647056 0.013235294117647059 0.058823529411764705
0 0.4661764705882353 0.3908496732026144 0.013235294117647059 0.054901960784313725
0 0.4514705882352941 0.3901960784313725 0.011764705882352941 0.05620915032679738
0 0.4389705882352941 0.4032679738562091 0.013235294117647059 0.050980392156862744
0 0.42169117647058824 0.39281045751633986 0.0125 0.06143790849673202
0 0.41102941176470587 0.4013071895424836 0.011764705882352941 0.054901960784313725
0 0.40698529411764706 0.4352941176470588 0.0125 0.06274509803921569
0 0.4007352941176471 0.42287581699346405 0.010294117647058823 0.06143790849673202
0 0.3922794117647059 0.42222222222222217 0.009558823529411765 0.07320261437908496
1 0.4073529411764706 0.361437908496732 0.013235294117647059 0.0457516339869281
0 0.39558823529411763 0.38692810457516336 0.013235294117647059 0.06013071895424836
0 0.3816176470588235 0.38954248366013067 0.011764705882352941 0.054901960784313725
0 0.375 0.4294117647058823 0.01764705882352941 0.07973856209150326
0 0.36580882352941174 0.4084967320261438 0.013970588235294117 0.07712418300653594
0 0.6356617647058823 0.872549019607843 0.027205882352941177 0.11895424836601307
0 0.45 0.8477124183006536 0.025 0.1111111111111111
0 0.4647058823529412 0.8209150326797385 0.022058823529411763 0.11241830065359476
0 0.43529411764705883 0.6483660130718953 0.026470588235294117 0.09411764705882353
0 0.40441176470588236 0.6568627450980392 0.025 0.11372549019607843
0 0.5558823529411765 0.47124183006535947 0.016176470588235292 0.08235294117647059
0 0.41102941176470587 0.5241830065359476 0.014705882352941176 0.08627450980392157
0 0.39448529411764705 0.5352941176470588 0.015441176470588236 0.07712418300653594
0 0.3735294117647059 0.4986928104575163 0.013235294117647059 0.08758169934640522
3 0.45073529411764707 0.45228758169934635 0.11029411764705882 0.13333333333333333
9 0.35808823529411765 0.4895424836601307 0.030882352941176472 0.07712418300653594
9 0.31029411764705883 0.6372549019607843 0.022058823529411763 0.1111111111111111
3 0.11985294117647059 0.75359477124183 0.19264705882352942 0.20522875816993463
0 0.14375 0.6973856209150326 0.03455882352941177 0.06666666666666667
0 0.4202205882352941 0.19346405228758168 0.015441176470588236 0.05751633986928104
0 0.3801470588235294 0.21830065359477122 0.011764705882352941 0.05751633986928104
0 0.36875 0.2176470588235294 0.0125 0.06143790849673202
0 0.36727941176470585 0.23856209150326796 0.009558823529411765 0.05359477124183006
0 0.35110294117647056 0.230718954248366 0.013970588235294117 0.06928104575163398
0 0.34816176470588234 0.24771241830065358 0.013970588235294117 0.06928104575163398
0 0.34411764705882353 0.26274509803921564 0.014705882352941176 0.065359477124183
0 0.3316176470588235 0.23594771241830065 0.011764705882352941 0.06928104575163398
1 0.3841911764705882 0.3424836601307189 0.015441176470588236 0.047058823529411764
1 0.3738970588235294 0.330718954248366 0.0125 0.04183006535947712
1 0.36433823529411763 0.32745098039215687 0.008088235294117646 0.02483660130718954
1 0.35955882352941176 0.32614379084967315 0.010294117647058823 0.02222222222222222
1 0.35404411764705884 0.3137254901960784 0.015441176470588236 0.04444444444444444
0 0.1161764705882353 0.08300653594771241 0.010294117647058823 0.043137254901960784
0 0.07794117647058824 0.11307189542483659 0.010294117647058823 0.058823529411764705
0 0.1602941176470588 0.12091503267973855 0.014705882352941176 0.06143790849673202
0 0.12352941176470589 0.1326797385620915 0.01764705882352941 0.06405228758169934
0 0.08529411764705883 0.20849673202614377 0.01764705882352941 0.06143790849673202
1 0.05514705882352941 0.25620915032679736 0.016176470588235292 0.047058823529411764
0 0.3029411764705882 0.4986928104575163 0.014705882352941176 0.09019607843137255
2 0.10845588235294118 0.4457516339869281 0.02426470588235294 0.08366013071895424
0 0.175 0.47973856209150323 0.016176470588235292 0.0915032679738562
9 0.19191176470588234 0.4549019607843137 0.030882352941176472 0.07058823529411765
0 0.1463235294117647 0.3026143790849673 0.01764705882352941 0.0849673202614379
0 0.1547794117647059 0.28627450980392155 0.013970588235294117 0.05751633986928104
0 0.1676470588235294 0.27385620915032677 0.013235294117647059 0.05620915032679738
0 0.17941176470588235 0.2764705882352941 0.011764705882352941 0.06666666666666667
1 0.1915441176470588 0.18888888888888888 0.015441176470588236 0.050980392156862744
1 0.2948529411764706 0.17581699346405227 0.014705882352941176 0.06405228758169934
9 0.2948529411764706 0.18692810457516337 0.030882352941176472 0.047058823529411764
0 0.31838235294117645 0.26601307189542484 0.013235294117647059 0.0718954248366013
0 0.21433823529411763 0.38888888888888884 0.01838235294117647 0.0849673202614379
0 0.2286764705882353 0.4032679738562091 0.01911764705882353 0.050980392156862744
0 0.24301470588235294 0.4052287581699346 0.015441176470588236 0.08104575163398692
0 0.22389705882352942 0.2823529411764706 0.019852941176470587 0.07320261437908496
0 0.24448529411764705 0.2483660130718954 0.01838235294117647 0.065359477124183
0 0.24816176470588236 0.27581699346405225 0.0125 0.06274509803921569
0 0.28455882352941175 0.4313725490196078 0.014705882352941176 0.08104575163398692
1 0.21544117647058822 0.19934640522875816 0.013235294117647059 0.05359477124183006
1 0.2275735294117647 0.1941176470588235 0.015441176470588236 0.050980392156862744
1 0.23823529411764705 0.1849673202614379 0.013235294117647059 0.0457516339869281
0 0.3 0.2973856209150327 0.014705882352941176 0.07973856209150326
0 0.2867647058823529 0.3032679738562091 0.01764705882352941 0.06797385620915032
0 0.28713235294117645 0.4091503267973856 0.021323529411764706 0.08627450980392157
0 0.27352941176470585 0.3908496732026144 0.014705882352941176 0.07058823529411765
0 0.26066176470588237 0.39281045751633986 0.01838235294117647 0.04836601307189542
1 0.26433823529411765 0.38888888888888884 0.011029411764705881 0.03006535947712418
0 0.3518382352941176 0.430718954248366 0.01838235294117647 0.0718954248366013
0 0.3363970588235294 0.4163398692810457 0.016911764705882352 0.07712418300653594
0 0.3205882352941176 0.42287581699346405 0.025 0.08235294117647059
0 0.3202205882352941 0.3980392156862745 0.016911764705882352 0.06928104575163398
0 0.3154411764705882 0.3686274509803921 0.014705882352941176 0.06013071895424836
0 0.31691176470588234 0.38169934640522873 0.014705882352941176 0.065359477124183
0 0.3055147058823529 0.3875816993464052 0.011029411764705881 0.07712418300653594
0 0.3297794117647059 0.34509803921568627 0.013970588235294117 0.03137254901960784
1 0.34852941176470587 0.35424836601307186 0.011764705882352941 0.03660130718954248
0 0.28161764705882353 0.361437908496732 0.013235294117647059 0.05359477124183006
0 0.2761029411764706 0.3457516339869281 0.009558823529411765 0.050980392156862744
0 0.2757352941176471 0.3222222222222222 0.010294117647058823 0.04836601307189542
0 0.2588235294117647 0.3287581699346405 0.011764705882352941 0.07450980392156863
0 0.2529411764705882 0.3156862745098039 0.011764705882352941 0.06405228758169934
0 0.2691176470588235 0.3156862745098039 0.010294117647058823 0.05359477124183006
0 0.2713235294117647 0.29934640522875816 0.011764705882352941 0.054901960784313725
0 0.2639705882352941 0.2980392156862745 0.011764705882352941 0.054901960784313725
0 0.28713235294117645 0.29346405228758166 0.011029411764705881 0.05620915032679738
