9 0.9893382352941177 0.4562091503267974 0.021323529411764706 0.03660130718954248
9 0.9099264705882353 0.43856209150326797 0.03308823529411765 0.03790849673202614
1 0.9125 0.430718954248366 0.014705882352941176 0.050980392156862744
0 0.8757352941176471 0.37712418300653594 0.016176470588235292 0.04836601307189542
5 0.8411764705882353 0.526797385620915 0.11323529411764706 0.10196078431372549
0 0.8408088235294118 0.5124183006535947 0.021323529411764706 0.04444444444444444
0 0.819485294117647 0.5013071895424837 0.016911764705882352 0.04836601307189542
0 0.7841911764705882 0.5078431372549019 0.0125 0.050980392156862744
0 0.7621323529411764 0.5666666666666667 0.013970588235294117 0.05359477124183006
1 0.7720588235294118 0.5542483660130718 0.013235294117647059 0.03660130718954248
0 0.7860294117647059 0.5509803921568627 0.016176470588235292 0.043137254901960784
4 0.7827205882352941 0.3790849673202614 0.09926470588235294 0.08888888888888888
4 0.6904411764705882 0.3836601307189542 0.08970588235294118 0.07973856209150326
0 0.649264705882353 0.39281045751633986 0.013235294117647059 0.058823529411764705
6 0.6602941176470588 0.5549019607843136 0.07794117647058824 0.06666666666666667
1 0.6507352941176471 0.5326797385620915 0.016176470588235292 0.0457516339869281
1 0.6253676470588235 0.5156862745098039 0.015441176470588236 0.03529411764705882
1 0.5893382352941177 0.4261437908496732 0.015441176470588236 0.03137254901960784
0 0.5643382352941176 0.4084967320261438 0.0125 0.058823529411764705
0 0.5533088235294118 0.4137254901960784 0.0125 0.05620915032679738
0 0.5400735294117647 0.4130718954248366 0.013970588235294117 0.06274509803921569
0 0.5522058823529412 0.4941176470588235 0.01911764705882353 0.06013071895424836
0 0.5518382352941177 0.4816993464052287 0.01838235294117647 0.06405228758169934
1 0.53125 0.5771241830065359 0.016911764705882352 0.03790849673202614
0 0.45845588235294116 0.5431372549019607 0.016911764705882352 0.06666666666666667
0 0.44816176470588237 0.5745098039215686 0.015441176470588236 0.06666666666666667
3 0.4183823529411765 0.6666666666666666 0.12794117647058822 0.11764705882352941
0 0.27794117647058825 0.5830065359477123 0.01911764705882353 0.07058823529411765
0 0.2088235294117647 0.6078431372549019 0.01911764705882353 0.065359477124183
6 0.1650735294117647 0.6300653594771242 0.08455882352941177 0.09934640522875816
6 0.28860294117647056 0.565359477124183 0.08308823529411764 0.0849673202614379
6 0.4514705882352941 0.39673202614379083 0.06764705882352941 0.0718954248366013
0 0.40588235294117647 0.4117647058823529 0.013235294117647059 0.05751633986928104
1 0.38933823529411765 0.45032679738562087 0.021323529411764706 0.058823529411764705
1 0.38125 0.46078431372549017 0.013970588235294117 0.03790849673202614
9 0.3900735294117647 0.4516339869281045 0.03308823529411765 0.06405228758169934
9 0.34595588235294117 0.5052287581699346 0.04338235294117647 0.04836601307189542
1 0.34558823529411764 0.49738562091503263 0.020588235294117647 0.050980392156862744
0 0.3503676470588235 0.45555555555555555 0.013970588235294117 0.06405228758169934
0 0.3474264705882353 0.4287581699346405 0.0125 0.06013071895424836
6 0.3680147058823529 0.4065359477124183 0.07426470588235294 0.08366013071895424
2 0.32794117647058824 0.43267973856209146 0.029411764705882353 0.06013071895424836
7 0.2555147058823529 0.41764705882352937 0.11397058823529412 0.09803921568627451
0 0.19338235294117648 0.42810457516339867 0.014705882352941176 0.06666666666666667
1 0.17941176470588235 0.4686274509803921 0.016176470588235292 0.06143790849673202
9 0.17977941176470588 0.47777777777777775 0.0375 0.050980392156862744
0 0.07867647058823529 0.396078431372549 0.016176470588235292 0.06013071895424836
0 0.052941176470588235 0.34509803921568627 0.01911764705882353 0.06013071895424836
0 0.0661764705882353 0.32614379084967315 0.01764705882352941 0.058823529411764705
1 0.01948529411764706 0.24117647058823527 0.021323529411764706 0.04052287581699346
9 0.01875 0.2503267973856209 0.028676470588235293 0.050980392156862744
4 0.21691176470588236 0.2418300653594771 0.0838235294117647 0.07320261437908496
3 0.6003676470588235 0.28888888888888886 0.07573529411764705 0.07581699346405228
3 0.10808823529411765 0.11372549019607843 0.061764705882352944 0.05751633986928104
3 0.2411764705882353 0.1915032679738562 0.08235294117647059 0.0718954248366013
4 0.3650735294117647 0.18431372549019606 0.06397058823529411 0.07581699346405228
0 0.04375 0.02026143790849673 0.009558823529411765 0.03790849673202614
1 0.19264705882352942 0.06339869281045751 0.010294117647058823 0.03529411764705882
1 0.1988970588235294 0.0673202614379085 0.009558823529411765 0.03006535947712418
9 0.19264705882352942 0.06993464052287582 0.025 0.027450980392156862
1 0.26433823529411765 0.11437908496732026 0.0125 0.043137254901960784
2 0.2647058823529412 0.12287581699346405 0.026470588235294117 0.03137254901960784
1 0.33492647058823527 0.0738562091503268 0.011029411764705881 0.0326797385620915
1 0.34375 0.060784313725490195 0.011029411764705881 0.02483660130718954
1 0.3551470588235294 0.06862745098039215 0.010294117647058823 0.0196078431372549
6 0.34191176470588236 0.08039215686274509 0.039705882352941174 0.0326797385620915
3 0.43419117647058825 0.01437908496732026 0.05808823529411765 0.02875816993464052
1 0.4117647058823529 0.07581699346405228 0.008823529411764706 0.03398692810457516
1 0.40625 0.07777777777777778 0.008088235294117646 0.0326797385620915
9 0.40661764705882353 0.08366013071895424 0.025 0.02875816993464052
3 0.5808823529411765 0.1326797385620915 0.07352941176470588 0.06143790849673202
9 0.5485294117647058 0.065359477124183 0.026470588235294117 0.0261437908496732
3 0.8448529411764706 0.13137254901960782 0.07352941176470588 0.050980392156862744
3 0.9235294117647058 0.1679738562091503 0.07794117647058824 0.05620915032679738
3 0.6886029411764706 0.00784313725490196 0.05220588235294118 0.01568627450980392
3 0.6330882352941176 0.01045751633986928 0.045588235294117645 0.02091503267973856
