3 0.9723958333333333 0.9222222222222223 0.05520833333333333 0.07777777777777778
5 0.9406249999999999 0.7611111111111112 0.11875 0.11851851851851852
9 0.39479166666666665 0.8185185185185185 0.0125 0.040740740740740744
9 0.4166666666666667 0.8314814814814815 0.0125 0.04814814814814815
9 0.5020833333333333 0.825925925925926 0.014583333333333334 0.04814814814814815
9 0.5380208333333333 0.6694444444444445 0.009375 0.03518518518518519
9 0.4296875 0.6722222222222223 0.017708333333333333 0.02962962962962963
9 0.5359375 0.4101851851851852 0.005208333333333333 0.016666666666666666
9 0.4973958333333333 0.45462962962962966 0.005208333333333333 0.012962962962962964
9 0.5239583333333333 0.34814814814814815 0.004166666666666667 0.011111111111111112
1 0.3953125 0.8009259259259259 0.011458333333333333 0.03518518518518519
1 0.4166666666666667 0.8138888888888889 0.0125 0.04259259259259259
1 0.5015625 0.825925925925926 0.009375 0.037037037037037035
1 0.5015625 0.8120370370370371 0.011458333333333333 0.03888888888888889
1 0.5380208333333333 0.6611111111111111 0.007291666666666667 0.037037037037037035
1 0.428125 0.662962962962963 0.008333333333333333 0.03333333333333333
1 0.4973958333333333 0.44907407407407407 0.005208333333333333 0.016666666666666666
1 0.5359375 0.40555555555555556 0.005208333333333333 0.014814814814814815
1 0.5239583333333333 0.34444444444444444 0.004166666666666667 0.011111111111111112
3 0.5151041666666667 0.5787037037037037 0.02395833333333333 0.03888888888888889
6 0.5552083333333333 0.5620370370370371 0.010416666666666666 0.024074074074074074
1 0.5578125 0.5555555555555556 0.007291666666666667 0.02592592592592593
0 0.49635416666666665 0.46944444444444444 0.005208333333333333 0.02777777777777778
3 0.3098958333333333 0.788888888888889 0.05520833333333333 0.05185185185185186
3 0.46458333333333335 0.5018518518518519 0.01875 0.037037037037037035
3 0.4421875 0.4620370370370371 0.030208333333333334 0.02777777777777778
3 0.525 0.4564814814814815 0.016666666666666666 0.02777777777777778
0 0.46979166666666666 0.48055555555555557 0.004166666666666667 0.012962962962962964
0 0.4734375 0.4759259259259259 0.005208333333333333 0.02592592592592593
0 0.47812499999999997 0.412962962962963 0.004166666666666667 0.022222222222222223
1 0.5494791666666666 0.4324074074074074 0.005208333333333333 0.016666666666666666
3 0.5208333333333334 0.38703703703703707 0.010416666666666666 0.018518518518518517
0 0.5463541666666667 0.37962962962962965 0.003125 0.014814814814814815
6 0.54375 0.40092592592592596 0.00625 0.016666666666666666
1 0.54375 0.39814814814814814 0.004166666666666667 0.011111111111111112
0 0.47239583333333335 0.41203703703703703 0.005208333333333333 0.020370370370370372
0 0.5390625 0.3768518518518519 0.003125 0.016666666666666666
2 0.5390625 0.37962962962962965 0.005208333333333333 0.011111111111111112
9 0.5166666666666666 0.3453703703703704 0.0020833333333333333 0.009259259259259259
1 0.5171875 0.3416666666666667 0.003125 0.009259259259259259
