4 0.18198529411764705 0.30588235294117644 0.02426470588235294 0.01568627450980392
5 0.2172794117647059 0.3300653594771242 0.06397058823529411 0.0457516339869281
3 0.26066176470588237 0.31045751633986923 0.027205882352941177 0.01699346405228758
3 0.24889705882352942 0.3254901960784313 0.025735294117647058 0.01830065359477124
3 0.4823529411764706 0.4117647058823529 0.01911764705882353 0.0261437908496732
3 0.4617647058823529 0.2620915032679738 0.008823529411764706 0.011764705882352941
3 0.47610294117647056 0.3045751633986928 0.009558823529411765 0.01568627450980392
3 0.5058823529411764 0.2869281045751634 0.008823529411764706 0.01437908496732026
3 0.4617647058823529 0.2437908496732026 0.0058823529411764705 0.00915032679738562
3 0.6860294117647059 0.5026143790849673 0.027941176470588233 0.03790849673202614
4 0.7613970588235294 0.4895424836601307 0.028676470588235293 0.04052287581699346
3 0.4647058823529412 0.2196078431372549 0.0058823529411764705 0.00784313725490196
3 0.45955882352941174 0.22026143790849673 0.007352941176470588 0.00915032679738562
5 0.47830882352941173 0.21503267973856208 0.016911764705882352 0.0196078431372549
5 0.49963235294117647 0.23202614379084965 0.009558823529411765 0.0196078431372549
5 0.569485294117647 0.3137254901960784 0.027205882352941177 0.06274509803921569
3 0.600735294117647 0.30849673202614375 0.011764705882352941 0.01568627450980392
3 0.6625 0.3052287581699346 0.008823529411764706 0.01437908496732026
3 0.5272058823529412 0.2130718954248366 0.010294117647058823 0.00784313725490196
3 0.5172794117647058 0.21176470588235294 0.011029411764705881 0.00784313725490196
3 0.5220588235294118 0.21699346405228756 0.0058823529411764705 0.00784313725490196
5 0.5018382352941176 0.21176470588235294 0.009558823529411765 0.0130718954248366
5 0.5136029411764705 0.22287581699346404 0.011029411764705881 0.02483660130718954
4 0.51875 0.23660130718954248 0.008088235294117646 0.01830065359477124
3 0.5463235294117647 0.21830065359477122 0.0058823529411764705 0.00784313725490196
3 0.5511029411764706 0.22287581699346404 0.005147058823529412 0.00915032679738562
3 0.631985294117647 0.31895424836601305 0.0125 0.01830065359477124
3 0.6198529411764706 0.3091503267973856 0.010294117647058823 0.01437908496732026
3 0.6165441176470589 0.3006535947712418 0.011029411764705881 0.01568627450980392
5 0.6772058823529412 0.27385620915032677 0.020588235294117647 0.03790849673202614
5 0.6650735294117647 0.2503267973856209 0.019852941176470587 0.03006535947712418
5 0.6613970588235294 0.27581699346405225 0.015441176470588236 0.03137254901960784
5 0.6514705882352941 0.24705882352941175 0.01911764705882353 0.02875816993464052
3 0.638235294117647 0.3098039215686274 0.011764705882352941 0.01568627450980392
3 0.6455882352941177 0.3026143790849673 0.013235294117647059 0.01437908496732026
3 0.6397058823529411 0.2954248366013072 0.008823529411764706 0.01568627450980392
3 0.6305147058823529 0.3032679738562091 0.009558823529411765 0.0130718954248366
3 0.6264705882352941 0.2980392156862745 0.010294117647058823 0.01568627450980392
3 0.6323529411764706 0.28888888888888886 0.008823529411764706 0.01568627450980392
3 0.6088235294117647 0.2954248366013072 0.010294117647058823 0.0130718954248366
3 0.6051470588235294 0.2895424836601307 0.010294117647058823 0.01699346405228758
3 0.6191176470588236 0.29084967320261434 0.010294117647058823 0.01437908496732026
3 0.6165441176470589 0.28431372549019607 0.008088235294117646 0.011764705882352941
3 0.6 0.28431372549019607 0.010294117647058823 0.011764705882352941
3 0.6261029411764706 0.28169934640522876 0.008088235294117646 0.011764705882352941
3 0.6213235294117647 0.2771241830065359 0.007352941176470588 0.0130718954248366
3 0.6136029411764706 0.28104575163398693 0.009558823529411765 0.01830065359477124
5 0.6470588235294118 0.27777777777777773 0.014705882352941176 0.02483660130718954
3 0.6375 0.2745098039215686 0.008823529411764706 0.01045751633986928
3 0.6327205882352941 0.27058823529411763 0.006617647058823529 0.00784313725490196
3 0.6356617647058823 0.25555555555555554 0.008088235294117646 0.01437908496732026
5 0.6220588235294118 0.2522875816993464 0.022058823529411763 0.02875816993464052
