3 0.19963235294117646 0.23856209150326796 0.04191176470588235 0.06666666666666667
3 0.6301470588235294 0.9398692810457515 0.13823529411764707 0.12026143790849672
3 0.4724264705882353 0.2633986928104575 0.03897058823529412 0.06666666666666667
3 0.19963235294117646 0.18758169934640523 0.03897058823529412 0.06666666666666667
3 0.18823529411764706 0.02026143790849673 0.020588235294117647 0.03529411764705882
3 0.40845588235294117 0.19607843137254902 0.07573529411764705 0.05751633986928104
4 0.4466911764705882 0.21699346405228756 0.04632352941176471 0.065359477124183
3 0.40294117647058825 0.17320261437908496 0.07205882352941176 0.05620915032679738
3 0.3966911764705882 0.1437908496732026 0.06691176470588235 0.047058823529411764
3 0.37279411764705883 0.10588235294117647 0.06764705882352941 0.047058823529411764
4 0.38198529411764703 0.11241830065359476 0.06691176470588235 0.047058823529411764
1 0.20625 0.6640522875816993 0.03455882352941177 0.08627450980392157
1 0.1875 0.6856209150326797 0.030882352941176472 0.07973856209150326
1 0.17463235294117646 0.3660130718954248 0.019852941176470587 0.065359477124183
1 0.13419117647058823 0.3607843137254902 0.019852941176470587 0.065359477124183
1 0.2613970588235294 0.6091503267973856 0.027205882352941177 0.0784313725490196
1 0.27095588235294116 0.5908496732026144 0.027205882352941177 0.0784313725490196
1 0.42720588235294116 0.7235294117647059 0.027941176470588233 0.1111111111111111
1 0.5036764705882353 0.6777777777777777 0.027941176470588233 0.1111111111111111
1 0.4985294117647059 0.5810457516339869 0.020588235294117647 0.06666666666666667
1 0.45551470588235293 0.5117647058823529 0.021323529411764706 0.0718954248366013
1 0.5786764705882352 0.6555555555555556 0.026470588235294117 0.07450980392156863
1 0.6871323529411765 0.8516339869281045 0.0375 0.09542483660130718
1 0.6970588235294117 0.8699346405228757 0.023529411764705882 0.0718954248366013
1 0.5025735294117647 0.5620915032679739 0.022794117647058822 0.0784313725490196
1 0.2801470588235294 0.588235294117647 0.01911764705882353 0.065359477124183
0 0.35625 0.5967320261437908 0.019852941176470587 0.09281045751633986
0 0.3761029411764706 0.5836601307189542 0.019852941176470587 0.10065359477124182
0 0.4613970588235294 0.7509803921568627 0.02426470588235294 0.12156862745098039
9 0.20955882352941177 0.6862745098039216 0.075 0.08888888888888888
9 0.27242647058823527 0.6124183006535947 0.04485294117647059 0.0849673202614379
9 0.38345588235294115 0.5986928104575163 0.04044117647058824 0.07581699346405228
9 0.4588235294117647 0.5313725490196078 0.04264705882352941 0.06143790849673202
9 0.5014705882352941 0.5784313725490196 0.03676470588235294 0.06928104575163398
9 0.5768382352941176 0.6777777777777777 0.03308823529411765 0.09019607843137255
6 0.5106617647058823 0.7169934640522875 0.04779411764705882 0.1372549019607843
9 0.6900735294117647 0.8751633986928103 0.0375 0.1111111111111111
1 0.7783088235294118 0.5320261437908497 0.025735294117647058 0.08888888888888888
2 0.7783088235294118 0.5490196078431372 0.05661764705882353 0.06013071895424836
4 0.6691176470588235 0.4686274509803921 0.1264705882352941 0.1111111111111111
1 0.8970588235294118 0.4640522875816993 0.020588235294117647 0.07320261437908496
9 0.8911764705882352 0.48300653594771237 0.045588235294117645 0.043137254901960784
0 0.5143382352941176 0.32614379084967315 0.01838235294117647 0.07712418300653594
0 0.5400735294117647 0.31241830065359477 0.01838235294117647 0.0784313725490196
0 0.5838235294117647 0.31176470588235294 0.014705882352941176 0.06666666666666667
1 0.13345588235294117 0.35947712418300654 0.019852941176470587 0.065359477124183
1 0.05073529411764706 0.4209150326797385 0.027941176470588233 0.04444444444444444
6 0.054044117647058826 0.4287581699346405 0.05073529411764706 0.11503267973856209
0 0.45 0.32418300653594767 0.016176470588235292 0.06797385620915032
2 0.4426470588235294 0.3398692810457516 0.023529411764705882 0.0522875816993464
0 0.5977941176470588 0.3287581699346405 0.014705882352941176 0.06666666666666667
6 0.6198529411764706 0.2980392156862745 0.023529411764705882 0.04967320261437908
0 0.6106617647058823 0.2764705882352941 0.0125 0.043137254901960784
1 0.6433823529411765 0.2764705882352941 0.011764705882352941 0.03006535947712418
1 0.6455882352941177 0.2620915032679738 0.011764705882352941 0.03006535947712418
0 0.6588235294117647 0.2503267973856209 0.013235294117647059 0.050980392156862744
6 0.6014705882352941 0.24967320261437906 0.06323529411764706 0.07581699346405228
2 0.6308823529411764 0.2522875816993464 0.01764705882352941 0.023529411764705882
6 0.7628676470588235 0.32352941176470584 0.05073529411764706 0.05359477124183006
6 0.7261029411764706 0.24640522875816992 0.06397058823529411 0.06666666666666667
1 0.75 0.26405228758169935 0.01911764705882353 0.04183006535947712
2 0.8040441176470589 0.2549019607843137 0.027205882352941177 0.04183006535947712
0 0.8830882352941176 0.23202614379084965 0.014705882352941176 0.04836601307189542
0 0.8937499999999999 0.23398692810457514 0.015441176470588236 0.04967320261437908
1 0.9742647058823529 0.29934640522875816 0.013235294117647059 0.0522875816993464
6 0.9753676470588235 0.31176470588235294 0.04779411764705882 0.04836601307189542
3 0.9691176470588235 0.24705882352941175 0.061764705882352944 0.054901960784313725
9 0.9654411764705882 0.20849673202614377 0.032352941176470584 0.0326797385620915
4 0.9849264705882352 0.44509803921568625 0.030147058823529412 0.12156862745098039
3 0.0838235294117647 0.10392156862745097 0.06470588235294117 0.043137254901960784
4 0.09301470588235294 0.08562091503267973 0.05220588235294118 0.03790849673202614
3 0.08676470588235294 0.07516339869281045 0.06323529411764706 0.03790849673202614
9 0.13566176470588234 0.06274509803921569 0.009558823529411765 0.0261437908496732
1 0.15073529411764705 0.060784313725490195 0.010294117647058823 0.027450980392156862
9 0.15073529411764705 0.06928104575163398 0.008823529411764706 0.023529411764705882
0 0.05698529411764706 0.052941176470588235 0.008088235294117646 0.03006535947712418
3 0.09816176470588235 0.03137254901960784 0.04485294117647059 0.0261437908496732
3 0.12573529411764706 0.01895424836601307 0.032352941176470584 0.02483660130718954
0 0.14779411764705883 0.013725490196078431 0.004411764705882353 0.02483660130718954
0 0.15330882352941178 0.01503267973856209 0.005147058823529412 0.02483660130718954
0 0.34705882352941175 0.16013071895424835 0.010294117647058823 0.0457516339869281
9 0.33492647058823527 0.1196078431372549 0.006617647058823529 0.027450980392156862
0 0.3290441176470588 0.09803921568627451 0.009558823529411765 0.03398692810457516
6 0.3452205882352941 0.1503267973856209 0.015441176470588236 0.0392156862745098
1 0.3025735294117647 0.07058823529411765 0.008088235294117646 0.023529411764705882
6 0.30330882352941174 0.0849673202614379 0.0125 0.03398692810457516
0 0.28051470588235294 0.01895424836601307 0.008088235294117646 0.027450980392156862
3 0.27904411764705883 0.01437908496732026 0.03897058823529412 0.0261437908496732
3 0.45808823529411763 0.14836601307189543 0.010294117647058823 0.02483660130718954
3 0.46948529411764706 0.15098039215686274 0.009558823529411765 0.02483660130718954
3 0.48198529411764707 0.16732026143790849 0.009558823529411765 0.03137254901960784
3 0.49411764705882355 0.17516339869281045 0.013235294117647059 0.03137254901960784
