5 0.4322916666666667 0.537962962962963 0.053125 0.12037037037037038
3 0.67734375 0.5236111111111111 0.04010416666666666 0.04537037037037037
1 0.8619791666666666 0.5800925925925926 0.011458333333333333 0.030555555555555558
0 0.8841145833333334 0.5750000000000001 0.013020833333333334 0.05925925925925926
0 0.8752604166666667 0.5708333333333333 0.011979166666666666 0.05462962962962963
0 0.33567708333333335 0.4518518518518519 0.009895833333333333 0.037037037037037035
0 0.3697916666666667 0.4625 0.007291666666666667 0.04166666666666667
0 0.37734375 0.4615740740740741 0.0067708333333333336 0.04166666666666667
0 0.38255208333333335 0.45972222222222225 0.0067708333333333336 0.04166666666666667
3 0.46901041666666665 0.4287037037037037 0.01614583333333333 0.022222222222222223
3 0.59453125 0.4356481481481482 0.0234375 0.025
3 0.5697916666666667 0.4273148148148148 0.019791666666666666 0.019444444444444445
3 0.5536458333333333 0.425462962962963 0.019791666666666666 0.019444444444444445
3 0.5416666666666666 0.4189814814814815 0.019791666666666666 0.019444444444444445
3 0.5072916666666667 0.412962962962963 0.028125 0.020370370370370372
3 0.48723958333333334 0.41712962962962963 0.015104166666666667 0.021296296296296296
3 0.440625 0.41435185185185186 0.019791666666666666 0.025
5 0.4671875 0.40925925925925927 0.035416666666666666 0.03518518518518519
6 0.4434895833333333 0.42638888888888893 0.0203125 0.02314814814814815
1 0.44765625 0.4217592592592593 0.0067708333333333336 0.02314814814814815
