5 0.8265625 0.5893518518518519 0.203125 0.14722222222222223
3 0.33880208333333334 0.5013888888888889 0.0421875 0.08055555555555556
3 0.3716145833333333 0.41435185185185186 0.0390625 0.06018518518518519
3 0.43828125 0.3226851851851852 0.027604166666666666 0.049074074074074076
3 0.37734375 0.35833333333333334 0.03177083333333333 0.0462962962962963
3 0.39010416666666664 0.300462962962963 0.03125 0.049074074074074076
3 0.4361979166666667 0.23981481481481481 0.0234375 0.037037037037037035
3 0.39791666666666664 0.24305555555555555 0.022916666666666665 0.03796296296296296
3 0.40703125 0.19675925925925927 0.021354166666666667 0.03796296296296296
3 0.44557291666666665 0.18842592592592594 0.0203125 0.03796296296296296
3 0.47265625 0.16296296296296298 0.0171875 0.02962962962962963
3 0.3536458333333333 0.25925925925925924 0.026041666666666668 0.0462962962962963
3 0.27890625 0.19444444444444445 0.0265625 0.040740740740740744
3 0.303125 0.1425925925925926 0.020833333333333332 0.031481481481481485
3 0.41562499999999997 0.16064814814814815 0.019791666666666666 0.030555555555555558
3 0.475 0.11203703703703705 0.014583333333333334 0.02592592592592593
3 0.4515625 0.10277777777777779 0.014583333333333334 0.02592592592592593
3 0.3455729166666667 0.0625 0.0171875 0.025
3 0.3572916666666667 0.08425925925925926 0.017708333333333333 0.02962962962962963
3 0.39166666666666666 0.06805555555555556 0.013541666666666667 0.025
3 0.45208333333333334 0.05925925925925926 0.013541666666666667 0.024074074074074074
3 0.4622395833333333 0.030092592592592594 0.011979166666666666 0.019444444444444445
3 0.46432291666666664 0.011111111111111112 0.009895833333333333 0.014814814814814815
3 0.3966145833333333 0.006944444444444445 0.009895833333333333 0.012037037037037037
3 0.33307291666666666 0.1087962962962963 0.028645833333333332 0.026851851851851852
3 0.4203125 0.10046296296296296 0.01875 0.02314814814814815
3 0.4270833333333333 0.11388888888888889 0.016666666666666666 0.020370370370370372
3 0.4236979166666667 0.13518518518518519 0.019270833333333334 0.02592592592592593
3 0.4200520833333333 0.055092592592592596 0.021354166666666667 0.021296296296296296
3 0.5065104166666666 0.06342592592592593 0.0140625 0.017592592592592594
3 0.49166666666666664 0.07546296296296297 0.014583333333333334 0.02314814814814815
3 0.50703125 0.037037037037037035 0.011979166666666666 0.018518518518518517
3 0.6375 0.7574074074074074 0.1 0.1
0 0.5729166666666666 0.8939814814814815 0.01875 0.07314814814814816
0 0.19479166666666667 0.2111111111111111 0.007291666666666667 0.037037037037037035
0 0.05651041666666667 0.3078703703703704 0.0109375 0.04351851851851852
0 0.07057291666666667 0.3 0.0109375 0.037037037037037035
0 0.01614583333333333 0.31851851851851853 0.009375 0.040740740740740744
0 0.01796875 0.31157407407407406 0.013020833333333334 0.03981481481481482
4 0.9229166666666666 0.5856481481481481 0.08645833333333333 0.08240740740740742
3 0.80625 0.5574074074074075 0.07395833333333333 0.05185185185185186
9 0.5770833333333333 0.5092592592592593 0.034375 0.03518518518518519
6 0.134375 0.3861111111111111 0.026041666666666668 0.05185185185185186
9 0.16380208333333332 0.28703703703703703 0.009895833333333333 0.02777777777777778
9 0.18177083333333333 0.26805555555555555 0.0125 0.025
9 0.5231770833333333 0.2796296296296296 0.0067708333333333336 0.024074074074074074
9 0.40520833333333334 0.11157407407407408 0.011458333333333333 0.015740740740740743
4 0.3442708333333333 0.12222222222222223 0.021875 0.037037037037037035
4 0.3640625 0.21574074074074076 0.022916666666666665 0.05
1 0.16484375 0.28101851851851856 0.009895833333333333 0.03981481481481482
1 0.1796875 0.2606481481481482 0.00625 0.021296296296296296
1 0.18072916666666666 0.2569444444444445 0.008333333333333333 0.032407407407407406
1 0.184375 0.25787037037037036 0.008333333333333333 0.026851851851851852
1 0.12734375 0.38333333333333336 0.011979166666666666 0.03333333333333333
1 0.578125 0.5037037037037038 0.013541666666666667 0.05185185185185186
1 0.5229166666666667 0.27037037037037037 0.00625 0.02777777777777778
1 0.4015625 0.11018518518518519 0.004166666666666667 0.018518518518518517
1 0.4041666666666667 0.10601851851851853 0.004166666666666667 0.021296296296296296
1 0.4044270833333333 0.1050925925925926 0.0026041666666666665 0.010185185185185186
0 0.42682291666666666 0.05925925925925926 0.0036458333333333334 0.020370370370370372
0 0.496875 0.033796296296296297 0.004166666666666667 0.019444444444444445
0 0.5 0.03564814814814815 0.003125 0.017592592592592594
0 0.50703125 0.028240740740740743 0.0026041666666666665 0.015740740740740743
3 0.9078125 0.08518518518518518 0.021875 0.02777777777777778
3 0.8877604166666666 0.08425925925925926 0.0171875 0.02962962962962963
3 0.86953125 0.0837962962962963 0.0171875 0.025
3 0.8513020833333333 0.08009259259259259 0.015104166666666667 0.021296296296296296
3 0.9143229166666667 0.05787037037037037 0.030729166666666665 0.02314814814814815
1 0.6229166666666667 0.05648148148148149 0.005208333333333333 0.011111111111111112
0 0.6091145833333333 0.0712962962962963 0.0036458333333333334 0.018518518518518517
0 0.7598958333333333 0.022222222222222223 0.00625 0.020370370370370372
0 0.5190104166666667 0.02638888888888889 0.0015625 0.017592592592592594
0 0.5138020833333333 0.01388888888888889 0.0026041666666666665 0.012962962962962964
