8 0.75703125 0.6356481481481482 0.05364583333333333 0.1175925925925926
3 0.66171875 0.7462962962962963 0.050520833333333334 0.08148148148148149
5 0.56015625 0.5740740740740741 0.03177083333333333 0.05185185185185186
0 0.6005208333333333 0.5740740740740741 0.0125 0.04259259259259259
2 0.5841145833333333 0.6277777777777778 0.027604166666666666 0.03333333333333333
2 0.6239583333333333 0.6861111111111111 0.0125 0.04259259259259259
2 0.5260416666666666 0.6675925925925926 0.016666666666666666 0.04814814814814815
2 0.5356770833333333 0.6226851851851852 0.015104166666666667 0.03425925925925926
3 0.4591145833333333 0.899537037037037 0.1515625 0.13796296296296298
0 0.6153645833333333 0.6675925925925926 0.0140625 0.07592592592592592
1 0.5611979166666666 0.6898148148148149 0.024479166666666666 0.04814814814814815
1 0.57421875 0.6828703703703703 0.011979166666666666 0.06018518518518519
1 0.5895833333333333 0.6800925925925926 0.011458333333333333 0.03796296296296296
1 0.5888020833333333 0.6759259259259259 0.0140625 0.05740740740740741
6 0.5901041666666667 0.7074074074074075 0.03333333333333333 0.07962962962962963
3 0.9289062499999999 0.6365740740740741 0.0515625 0.06574074074074074
3 0.9692708333333333 0.6810185185185186 0.06145833333333333 0.06574074074074074
