3 0.3919270833333333 0.8768518518518519 0.0546875 0.1277777777777778
3 0.4947916666666667 0.9453703703703704 0.058333333333333334 0.10925925925925926
3 0.49453125 0.8171296296296297 0.04635416666666667 0.11018518518518519
3 0.56171875 0.8319444444444445 0.0546875 0.12314814814814816
8 0.63828125 0.7787037037037038 0.10989583333333333 0.3111111111111111
3 0.5473958333333333 0.7138888888888889 0.042708333333333334 0.0925925925925926
3 0.5020833333333333 0.7078703703703704 0.040625 0.08425925925925926
3 0.4549479166666667 0.6949074074074074 0.04635416666666667 0.08425925925925926
3 0.4825520833333333 0.6277777777777778 0.0359375 0.06666666666666667
8 0.578125 0.5050925925925926 0.057291666666666664 0.14166666666666666
3 0.5388020833333333 0.5962962962962963 0.03697916666666667 0.06851851851851852
3 0.49140625 0.5666666666666667 0.03177083333333333 0.05925925925925926
3 0.53125 0.524537037037037 0.029166666666666667 0.05092592592592593
3 0.4888020833333333 0.5101851851851852 0.0296875 0.05185185185185186
4 0.5893229166666667 0.6166666666666667 0.03802083333333333 0.07407407407407407
3 0.4875 0.4620370370370371 0.025 0.04259259259259259
3 0.5276041666666667 0.48333333333333334 0.027083333333333334 0.044444444444444446
3 0.5208333333333334 0.4412037037037037 0.026041666666666668 0.03981481481481482
3 0.4864583333333333 0.4300925925925926 0.02395833333333333 0.03981481481481482
3 0.18307291666666667 0.7111111111111111 0.044270833333333336 0.10185185185185186
3 0.1015625 0.763425925925926 0.071875 0.10833333333333334
3 0.03828125 0.8796296296296297 0.0765625 0.14814814814814814
3 0.8015625 0.5060185185185185 0.04375 0.062037037037037036
3 0.8463541666666666 0.5851851851851853 0.06041666666666667 0.08703703703703704
3 0.8424479166666666 0.5111111111111112 0.0453125 0.05925925925925926
3 0.83828125 0.47685185185185186 0.0546875 0.03888888888888889
3 0.5549479166666667 0.40972222222222227 0.022395833333333334 0.03796296296296296
3 0.5158854166666667 0.4115740740740741 0.0203125 0.032407407407407406
8 0.51953125 0.32175925925925924 0.033854166666666664 0.062037037037037036
3 0.4739583333333333 0.30648148148148147 0.016666666666666666 0.02777777777777778
3 0.46796875 0.25925925925925924 0.011979166666666666 0.020370370370370372
3 0.54296875 0.32916666666666666 0.0171875 0.02314814814814815
3 0.5440104166666666 0.30694444444444446 0.015104166666666667 0.02314814814814815
4 0.5557291666666666 0.2555555555555556 0.029166666666666667 0.022222222222222223
3 0.575 0.30462962962962964 0.028125 0.02592592592592593
8 0.46901041666666665 0.22777777777777777 0.015104166666666667 0.04259259259259259
8 0.47291666666666665 0.19722222222222224 0.013541666666666667 0.03333333333333333
3 0.49166666666666664 0.3351851851851852 0.016666666666666666 0.02962962962962963
3 0.4903645833333333 0.3212962962962963 0.015104166666666667 0.024074074074074074
3 0.49114583333333334 0.3050925925925926 0.014583333333333334 0.02314814814814815
3 0.4890625 0.2902777777777778 0.013541666666666667 0.021296296296296296
3 0.49192708333333335 0.28101851851851856 0.013020833333333334 0.019444444444444445
3 0.5723958333333333 0.2925925925925926 0.026041666666666668 0.018518518518518517
3 0.57265625 0.28564814814814815 0.030729166666666665 0.019444444444444445
4 0.5713541666666666 0.27592592592592596 0.03125 0.022222222222222223
3 0.57109375 0.2675925925925926 0.0296875 0.018518518518518517
3 0.4119791666666667 0.2439814814814815 0.0125 0.021296296296296296
3 0.42890625 0.21435185185185185 0.009895833333333333 0.017592592592592594
3 0.4434895833333333 0.19953703703703704 0.008854166666666666 0.015740740740740743
3 0.4197916666666667 0.20046296296296298 0.009375 0.015740740740740743
3 0.42421875 0.18287037037037038 0.0067708333333333336 0.01388888888888889
3 0.440625 0.18333333333333335 0.008333333333333333 0.012962962962962964
4 0.43046875 0.1875 0.0078125 0.015740740740740743
3 0.48723958333333334 0.26944444444444443 0.0109375 0.014814814814814815
3 0.4888020833333333 0.2476851851851852 0.0109375 0.017592592592592594
3 0.48828125 0.2388888888888889 0.0109375 0.014814814814814815
3 0.4890625 0.23148148148148148 0.010416666666666666 0.014814814814814815
3 0.48802083333333335 0.225 0.010416666666666666 0.012962962962962964
3 0.48723958333333334 0.21574074074074076 0.008854166666666666 0.012962962962962964
3 0.4875 0.20694444444444446 0.009375 0.01388888888888889
3 0.4848958333333333 0.19166666666666668 0.008333333333333333 0.012962962962962964
3 0.48333333333333334 0.1824074074074074 0.008333333333333333 0.012962962962962964
3 0.47994791666666664 0.17685185185185187 0.0078125 0.011111111111111112
3 0.48151041666666666 0.16944444444444445 0.0078125 0.011111111111111112
3 0.4895833333333333 0.25972222222222224 0.011458333333333333 0.019444444444444445
3 0.5083333333333333 0.2884259259259259 0.013541666666666667 0.017592592592592594
3 0.5096354166666667 0.27824074074074073 0.013020833333333334 0.017592592592592594
3 0.50703125 0.2657407407407408 0.013020833333333334 0.020370370370370372
3 0.5052083333333334 0.2574074074074074 0.011458333333333333 0.018518518518518517
3 0.5041666666666667 0.2490740740740741 0.010416666666666666 0.014814814814814815
3 0.503125 0.23842592592592593 0.010416666666666666 0.01388888888888889
3 0.5018229166666667 0.22268518518518518 0.008854166666666666 0.017592592592592594
3 0.5005208333333333 0.2125 0.009375 0.015740740740740743
3 0.4981770833333333 0.20277777777777778 0.008854166666666666 0.012962962962962964
3 0.49921875 0.1962962962962963 0.008854166666666666 0.014814814814814815
3 0.49635416666666665 0.18611111111111112 0.008333333333333333 0.014814814814814815
3 0.4908854166666667 0.1787037037037037 0.0067708333333333336 0.011111111111111112
3 0.4908854166666667 0.17175925925925928 0.0067708333333333336 0.008333333333333333
3 0.5434895833333333 0.2898148148148148 0.0140625 0.020370370370370372
3 0.5276041666666667 0.2865740740740741 0.0125 0.021296296296296296
3 0.525 0.27824074074074073 0.0125 0.019444444444444445
3 0.5229166666666667 0.26666666666666666 0.0125 0.018518518518518517
3 0.5216145833333333 0.25833333333333336 0.011979166666666666 0.016666666666666666
3 0.5208333333333334 0.24953703703703706 0.011458333333333333 0.01388888888888889
3 0.51796875 0.24120370370370373 0.0109375 0.017592592592592594
3 0.5182291666666666 0.22731481481481483 0.010416666666666666 0.015740740740740743
3 0.51484375 0.2101851851851852 0.008854166666666666 0.014814814814814815
3 0.5125 0.20370370370370372 0.008333333333333333 0.014814814814814815
3 0.51015625 0.1912037037037037 0.0078125 0.01388888888888889
3 0.50703125 0.18564814814814815 0.0078125 0.012037037037037037
3 0.50703125 0.18055555555555555 0.0078125 0.009259259259259259
3 0.5044270833333333 0.17546296296296296 0.008854166666666666 0.012037037037037037
3 0.5145833333333333 0.1736111111111111 0.014583333333333334 0.012037037037037037
3 0.5166666666666666 0.16805555555555557 0.013541666666666667 0.010185185185185186
3 0.5302083333333333 0.17175925925925928 0.013541666666666667 0.010185185185185186
3 0.5403645833333334 0.275 0.013020833333333334 0.020370370370370372
3 0.53671875 0.26481481481481484 0.011979166666666666 0.022222222222222223
3 0.5348958333333333 0.25 0.011458333333333333 0.020370370370370372
3 0.53203125 0.24074074074074076 0.009895833333333333 0.018518518518518517
3 0.5309895833333333 0.23287037037037037 0.008854166666666666 0.01388888888888889
3 0.528125 0.2101851851851852 0.008333333333333333 0.014814814814814815
3 0.52578125 0.20370370370370372 0.008854166666666666 0.012962962962962964
3 0.5236979166666667 0.19814814814814816 0.008854166666666666 0.012962962962962964
8 0.5216145833333333 0.18611111111111112 0.0140625 0.02592592592592593
0 0.7182291666666667 0.8856481481481482 0.019791666666666666 0.06944444444444445
0 0.7255208333333333 0.9430555555555556 0.019791666666666666 0.08240740740740742
0 0.7359375 0.9462962962962963 0.011458333333333333 0.05925925925925926
0 0.8606770833333334 0.9708333333333333 0.0171875 0.05648148148148149
0 0.83984375 0.8356481481481481 0.0203125 0.0638888888888889
0 0.8171875 0.8458333333333333 0.017708333333333333 0.06574074074074074
0 0.8080729166666667 0.900462962962963 0.025520833333333333 0.075
0 0.7895833333333333 0.8324074074074075 0.014583333333333334 0.07222222222222223
0 0.7703125 0.837037037037037 0.015625 0.06481481481481481
0 0.79765625 0.8745370370370371 0.019270833333333334 0.06018518518518519
0 0.7677083333333333 0.8444444444444444 0.016666666666666666 0.061111111111111116
0 0.19583333333333333 0.5268518518518519 0.008333333333333333 0.044444444444444446
0 0.18385416666666665 0.5462962962962963 0.007291666666666667 0.0462962962962963
0 0.1875 0.5435185185185185 0.007291666666666667 0.04259259259259259
2 0.20651041666666667 0.5074074074074074 0.021354166666666667 0.024074074074074074
2 0.234375 0.44722222222222224 0.009375 0.024074074074074074
0 0.7018229166666666 0.7518518518518519 0.0078125 0.03888888888888889
0 0.71640625 0.7402777777777778 0.015104166666666667 0.058333333333333334
0 0.7677083333333333 0.6930555555555555 0.015625 0.05648148148148149
0 0.7046875 0.7078703703703704 0.008333333333333333 0.05648148148148149
0 0.7184895833333333 0.687962962962963 0.0109375 0.05555555555555556
0 0.7263020833333333 0.7324074074074074 0.011979166666666666 0.05740740740740741
0 0.7221354166666667 0.7111111111111111 0.011979166666666666 0.044444444444444446
0 0.7260416666666667 0.6694444444444445 0.009375 0.05185185185185186
0 0.7104166666666667 0.6125 0.015625 0.05092592592592593
0 0.6994791666666667 0.5560185185185186 0.011458333333333333 0.04537037037037037
0 0.8432291666666667 0.6546296296296297 0.0125 0.05555555555555556
0 0.8598958333333333 0.6685185185185185 0.013541666666666667 0.05555555555555556
0 0.8653645833333333 0.6606481481481482 0.013020833333333334 0.05092592592592593
0 0.8820312499999999 0.6476851851851853 0.018229166666666668 0.05462962962962963
0 0.87265625 0.5662037037037038 0.0067708333333333336 0.03796296296296296
0 0.8822916666666667 0.5675925925925926 0.009375 0.040740740740740744
0 0.8794270833333333 0.5240740740740741 0.0109375 0.044444444444444446
0 0.88359375 0.5337962962962963 0.009895833333333333 0.04166666666666667
0 0.7903645833333334 0.5652777777777778 0.0109375 0.04351851851851852
0 0.7763020833333333 0.6273148148148149 0.008854166666666666 0.05462962962962963
1 0.7919270833333333 0.6162037037037037 0.013020833333333334 0.032407407407407406
1 0.7658854166666667 0.5527777777777778 0.008854166666666666 0.02777777777777778
9 0.7955729166666666 0.6291666666666667 0.0203125 0.032407407407407406
1 0.7942708333333334 0.45555555555555555 0.008333333333333333 0.02592592592592593
9 0.7940104166666666 0.46342592592592596 0.011979166666666666 0.021296296296296296
0 0.7708333333333334 0.44722222222222224 0.007291666666666667 0.03888888888888889
0 0.7669270833333334 0.45092592592592595 0.0067708333333333336 0.03518518518518519
0 0.7614583333333333 0.4537037037037037 0.007291666666666667 0.03518518518518519
0 0.7111979166666667 0.42638888888888893 0.011979166666666666 0.04537037037037037
0 0.7286458333333333 0.4842592592592593 0.009375 0.05
0 0.7205729166666667 0.48750000000000004 0.009895833333333333 0.04537037037037037
0 0.71796875 0.46944444444444444 0.011979166666666666 0.040740740740740744
0 0.7497395833333333 0.4935185185185185 0.0078125 0.037037037037037035
0 0.6984375 0.5060185185185185 0.008333333333333333 0.04351851851851852
0 0.6895833333333333 0.5083333333333333 0.009375 0.03888888888888889
0 0.69765625 0.4828703703703704 0.011979166666666666 0.036111111111111115
0 0.6497395833333334 0.33842592592592596 0.0067708333333333336 0.03981481481481482
0 0.6565104166666667 0.33796296296296297 0.008854166666666666 0.044444444444444446
0 0.6869791666666667 0.3263888888888889 0.005208333333333333 0.026851851851851852
0 0.6986979166666667 0.32592592592592595 0.005729166666666666 0.02777777777777778
0 0.6317708333333333 0.3263888888888889 0.005208333333333333 0.026851851851851852
0 0.6122395833333333 0.3050925925925926 0.005729166666666666 0.025
0 0.6346354166666667 0.25787037037037036 0.0046875 0.019444444444444445
0 0.6408854166666667 0.2625 0.0046875 0.019444444444444445
0 0.54140625 0.3574074074074074 0.009895833333333333 0.02962962962962963
0 0.5559895833333334 0.3592592592592593 0.008854166666666666 0.031481481481481485
0 0.5567708333333333 0.3523148148148148 0.010416666666666666 0.03425925925925926
0 0.61328125 0.2884259259259259 0.0036458333333333334 0.019444444444444445
0 0.6169270833333333 0.2898148148148148 0.0046875 0.022222222222222223
0 0.6744791666666666 0.29212962962962963 0.005208333333333333 0.021296296296296296
0 0.6614583333333334 0.2953703703703704 0.005208333333333333 0.024074074074074074
0 0.66171875 0.287962962962963 0.0046875 0.022222222222222223
0 0.6372395833333333 0.29212962962962963 0.0046875 0.021296296296296296
0 0.6229166666666667 0.2902777777777778 0.004166666666666667 0.021296296296296296
0 0.6268229166666667 0.29120370370370374 0.0046875 0.019444444444444445
0 0.63203125 0.2925925925925926 0.0046875 0.024074074074074074
0 0.6393229166666666 0.3092592592592593 0.0046875 0.022222222222222223
0 0.6442708333333333 0.3055555555555556 0.005208333333333333 0.022222222222222223
0 0.4809895833333333 0.3564814814814815 0.0078125 0.02592592592592593
0 0.49765624999999997 0.35324074074074074 0.0078125 0.03425925925925926
1 0.04635416666666667 0.7462962962962963 0.014583333333333334 0.03888888888888889
1 0.007552083333333333 0.7967592592592593 0.015104166666666667 0.04722222222222222
0 0.036458333333333336 0.6694444444444445 0.016666666666666666 0.05555555555555556
0 0.019010416666666665 0.7018518518518518 0.013020833333333334 0.0462962962962963
0 0.011197916666666667 0.6953703703703704 0.0140625 0.05740740740740741
0 0.16171875 0.3263888888888889 0.009895833333333333 0.036111111111111115
0 0.17239583333333333 0.32685185185185184 0.008333333333333333 0.037037037037037035
0 0.10546875 0.4166666666666667 0.008854166666666666 0.044444444444444446
0 0.09348958333333333 0.4203703703703704 0.009895833333333333 0.04814814814814815
0 0.07604166666666666 0.4481481481481482 0.009375 0.04259259259259259
0 0.08333333333333333 0.4601851851851852 0.010416666666666666 0.04814814814814815
0 0.05911458333333333 0.48194444444444445 0.013020833333333334 0.04537037037037037
0 0.12578125 0.4013888888888889 0.0078125 0.049074074074074076
0 0.13255208333333332 0.40046296296296297 0.009895833333333333 0.049074074074074076
0 0.13255208333333332 0.3564814814814815 0.009895833333333333 0.03888888888888889
0 0.11380208333333333 0.4462962962962963 0.008854166666666666 0.044444444444444446
0 0.12083333333333333 0.4486111111111111 0.010416666666666666 0.04722222222222222
0 0.11223958333333334 0.47222222222222227 0.009895833333333333 0.04814814814814815
0 0.10026041666666667 0.4981481481481482 0.0140625 0.04814814814814815
0 0.07630208333333333 0.5671296296296297 0.0109375 0.04166666666666667
0 0.08385416666666666 0.5745370370370371 0.009375 0.03796296296296296
0 0.08098958333333334 0.549074074074074 0.008854166666666666 0.04259259259259259
0 0.08880208333333334 0.5541666666666667 0.009895833333333333 0.04166666666666667
0 0.09505208333333333 0.5282407407407408 0.0109375 0.04537037037037037
0 0.09270833333333334 0.5162037037037037 0.009375 0.03796296296296296
0 0.0953125 0.5476851851851852 0.008333333333333333 0.036111111111111115
0 0.40572916666666664 0.3453703703703704 0.008333333333333333 0.040740740740740744
0 0.3893229166666667 0.3541666666666667 0.0078125 0.03796296296296296
0 0.3872395833333333 0.34861111111111115 0.0078125 0.03796296296296296
0 0.36354166666666665 0.34953703703703703 0.007291666666666667 0.036111111111111115
0 0.3658854166666667 0.3439814814814815 0.0067708333333333336 0.036111111111111115
0 0.34765625 0.3458333333333333 0.009895833333333333 0.03981481481481482
0 0.346875 0.34120370370370373 0.009375 0.03981481481481482
0 0.3216145833333333 0.3421296296296296 0.0109375 0.03981481481481482
0 0.26510416666666664 0.35000000000000003 0.007291666666666667 0.031481481481481485
0 0.2721354166666667 0.350462962962963 0.0067708333333333336 0.036111111111111115
0 0.2604166666666667 0.3074074074074074 0.005208333333333333 0.024074074074074074
0 0.26588541666666665 0.3055555555555556 0.005729166666666666 0.024074074074074074
0 0.2713541666666667 0.3060185185185185 0.005208333333333333 0.021296296296296296
0 0.2755208333333333 0.3 0.005208333333333333 0.020370370370370372
0 0.2895833333333333 0.2791666666666667 0.005208333333333333 0.025
0 0.2700520833333333 0.2976851851851852 0.005729166666666666 0.021296296296296296
0 0.27630208333333334 0.3212962962962963 0.0067708333333333336 0.024074074074074074
0 0.2838541666666667 0.3212962962962963 0.005208333333333333 0.020370370370370372
0 0.284375 0.3092592592592593 0.005208333333333333 0.020370370370370372
0 0.2869791666666667 0.3199074074074074 0.00625 0.02314814814814815
0 0.2903645833333333 0.31666666666666665 0.005729166666666666 0.02592592592592593
0 0.2947916666666667 0.3143518518518519 0.004166666666666667 0.021296296296296296
0 0.2973958333333333 0.3212962962962963 0.004166666666666667 0.020370370370370372
0 0.31171875 0.32037037037037036 0.0046875 0.016666666666666666
0 0.34739583333333335 0.28194444444444444 0.005208333333333333 0.02314814814814815
0 0.6236979166666666 0.5898148148148148 0.009895833333333333 0.05
0 0.625 0.5361111111111111 0.00625 0.040740740740740744
0 0.6208333333333333 0.5324074074074074 0.010416666666666666 0.044444444444444446
0 0.6325520833333333 0.5365740740740741 0.0078125 0.04166666666666667
0 0.3614583333333333 0.22916666666666669 0.003125 0.015740740740740743
0 0.36354166666666665 0.22870370370370371 0.003125 0.018518518518518517
0 0.3690104166666667 0.21342592592592594 0.0036458333333333334 0.015740740740740743
0 0.3932291666666667 0.20277777777777778 0.003125 0.014814814814814815
1 0.3614583333333333 0.21064814814814817 0.003125 0.006481481481481482
9 0.3614583333333333 0.2162037037037037 0.003125 0.008333333333333333
9 0.3997395833333333 0.2162037037037037 0.0036458333333333334 0.010185185185185186
3 0.4393229166666667 0.17500000000000002 0.0078125 0.011111111111111112
3 0.440625 0.16712962962962963 0.007291666666666667 0.010185185185185186
3 0.42421875 0.16527777777777777 0.0067708333333333336 0.010185185185185186
