3 0.16875 0.8797385620915033 0.09632352941176471 0.19084967320261437
0 0.09338235294117647 0.7908496732026143 0.01764705882352941 0.07058823529411765
0 0.10882352941176471 0.7836601307189542 0.025 0.07973856209150326
3 0.04154411764705882 0.826797385620915 0.08308823529411764 0.16339869281045752
3 0.06360294117647058 0.7084967320261437 0.12279411764705882 0.14901960784313725
3 0.6507352941176471 0.9346405228758169 0.07205882352941176 0.130718954248366
3 0.5147058823529411 0.7124183006535947 0.052941176470588235 0.11764705882352941
3 0.5889705882352941 0.45816993464052286 0.03823529411764706 0.0718954248366013
3 0.34375 0.5117647058823529 0.04779411764705882 0.09803921568627451
3 0.4613970588235294 0.5045751633986928 0.06985294117647059 0.07581699346405228
3 0.5205882352941177 0.42810457516339867 0.03529411764705882 0.06405228758169934
3 0.5720588235294117 0.37516339869281046 0.032352941176470584 0.04967320261437908
3 0.774264705882353 0.6405228758169934 0.07647058823529412 0.12026143790849672
9 0.7150735294117647 0.4542483660130719 0.03161764705882353 0.03529411764705882
9 0.7683823529411764 0.42483660130718953 0.030882352941176472 0.03398692810457516
3 0.6882352941176471 0.42287581699346405 0.04264705882352941 0.06405228758169934
5 0.7316176470588235 0.37385620915032675 0.07352941176470588 0.05751633986928104
0 0.7783088235294118 0.35359477124183003 0.008088235294117646 0.0457516339869281
6 0.6448529411764706 0.37189542483660126 0.01911764705882353 0.04836601307189542
0 0.6470588235294118 0.37189542483660126 0.010294117647058823 0.0457516339869281
4 0.8727941176470588 0.9169934640522875 0.08088235294117647 0.16601307189542483
0 0.9253676470588235 0.8274509803921568 0.021323529411764706 0.07581699346405228
4 0.8647058823529412 0.6366013071895424 0.061764705882352944 0.11503267973856209
3 0.7191176470588235 0.32614379084967315 0.057352941176470586 0.04052287581699346
9 0.7268382352941176 0.30130718954248364 0.022794117647058822 0.02483660130718954
3 0.7 0.2823529411764706 0.054411764705882354 0.0392156862745098
4 0.6735294117647058 0.261437908496732 0.05 0.047058823529411764
2 0.6863970588235294 0.2156862745098039 0.015441176470588236 0.023529411764705882
3 0.6709558823529411 0.19673202614379084 0.04191176470588235 0.03529411764705882
6 0.6088235294117647 0.19084967320261437 0.011764705882352941 0.0261437908496732
9 0.5893382352941177 0.21437908496732025 0.006617647058823529 0.02875816993464052
1 0.5893382352941177 0.21372549019607842 0.005147058823529412 0.02222222222222222
1 0.5893382352941177 0.20784313725490194 0.006617647058823529 0.0261437908496732
2 0.5963235294117647 0.19999999999999998 0.008823529411764706 0.02091503267973856
1 0.5970588235294118 0.1915032679738562 0.004411764705882353 0.02222222222222222
4 0.6411764705882352 0.1549019607843137 0.03676470588235294 0.0326797385620915
3 0.5985294117647059 0.15294117647058822 0.020588235294117647 0.02875816993464052
4 0.5786764705882352 0.15424836601307187 0.01764705882352941 0.0392156862745098
3 0.6378676470588235 0.1522875816993464 0.03897058823529412 0.02222222222222222
3 0.6323529411764706 0.14183006535947712 0.033823529411764704 0.027450980392156862
4 0.6327205882352941 0.130718954248366 0.04485294117647059 0.02875816993464052
0 0.663235294117647 0.1372549019607843 0.004411764705882353 0.02875816993464052
0 0.65625 0.12745098039215685 0.005147058823529412 0.03006535947712418
1 0.6613970588235294 0.13006535947712417 0.005147058823529412 0.01699346405228758
0 0.5852941176470589 0.1411764705882353 0.0058823529411764705 0.023529411764705882
3 0.5349264705882353 0.18888888888888888 0.02426470588235294 0.03790849673202614
3 0.5334558823529412 0.1522875816993464 0.016911764705882352 0.03006535947712418
3 0.6191176470588236 0.10522875816993463 0.033823529411764704 0.02483660130718954
0 0.6397058823529411 0.10784313725490195 0.004411764705882353 0.0196078431372549
3 0.6198529411764706 0.09542483660130718 0.033823529411764704 0.02091503267973856
4 0.6066176470588235 0.09019607843137255 0.023529411764705882 0.0261437908496732
6 0.5808823529411765 0.07908496732026143 0.016176470588235292 0.03006535947712418
6 0.5625 0.06405228758169934 0.010294117647058823 0.0261437908496732
4 0.5963235294117647 0.060784313725490195 0.016176470588235292 0.027450980392156862
3 0.6 0.02810457516339869 0.020588235294117647 0.02222222222222222
3 0.5875 0.00915032679738562 0.023529411764705882 0.01830065359477124
0 0.5915441176470588 0.0130718954248366 0.003676470588235294 0.01568627450980392
0 0.5797794117647058 0.03398692810457516 0.003676470588235294 0.0261437908496732
0 0.5720588235294117 0.06013071895424836 0.004411764705882353 0.02091503267973856
6 0.5386029411764706 0.060784313725490195 0.0125 0.02222222222222222
9 0.5522058823529412 0.00849673202614379 0.0029411764705882353 0.011764705882352941
1 0.5522058823529412 0.0065359477124183 0.0029411764705882353 0.01045751633986928
9 0.19816176470588234 0.5823529411764705 0.016911764705882352 0.05620915032679738
1 0.1974264705882353 0.5738562091503268 0.015441176470588236 0.047058823529411764
3 0.24485294117647058 0.4915032679738562 0.044117647058823525 0.0915032679738562
3 0.20955882352941177 0.4660130718954248 0.05 0.08235294117647059
3 0.2801470588235294 0.4163398692810457 0.04264705882352941 0.07450980392156863
0 0.29926470588235293 0.4065359477124183 0.010294117647058823 0.04967320261437908
0 0.24779411764705883 0.4294117647058823 0.008823529411764706 0.0457516339869281
0 0.25735294117647056 0.3901960784313725 0.011764705882352941 0.04836601307189542
0 0.2702205882352941 0.3830065359477124 0.009558823529411765 0.04444444444444444
0 0.26838235294117646 0.365359477124183 0.008823529411764706 0.0457516339869281
3 0.1547794117647059 0.4562091503267974 0.08308823529411764 0.07581699346405228
3 0.21029411764705883 0.32614379084967315 0.06764705882352941 0.04836601307189542
3 0.2323529411764706 0.29281045751633983 0.06470588235294117 0.04444444444444444
3 0.26801470588235293 0.2568627450980392 0.05808823529411765 0.03790849673202614
0 0.30661764705882355 0.296078431372549 0.007352941176470588 0.04052287581699346
0 0.31286764705882353 0.2954248366013072 0.008088235294117646 0.04183006535947712
0 0.3180147058823529 0.296078431372549 0.008088235294117646 0.03529411764705882
3 0.31286764705882353 0.26405228758169935 0.03161764705882353 0.047058823529411764
0 0.3110294117647059 0.23137254901960783 0.007352941176470588 0.03398692810457516
4 0.26691176470588235 0.2176470588235294 0.044117647058823525 0.043137254901960784
3 0.3235294117647059 0.21111111111111108 0.052941176470588235 0.04052287581699346
8 0.3915441176470588 0.21372549019607842 0.05514705882352941 0.10849673202614378
3 0.34375 0.1895424836601307 0.02426470588235294 0.03660130718954248
4 0.31948529411764703 0.15294117647058822 0.0375 0.03660130718954248
4 0.31066176470588236 0.13790849673202613 0.019852941176470587 0.0326797385620915
0 0.3628676470588235 0.1588235294117647 0.005147058823529412 0.03006535947712418
0 0.36727941176470585 0.16274509803921566 0.005147058823529412 0.02222222222222222
3 0.3525735294117647 0.11699346405228757 0.03602941176470588 0.0326797385620915
0 0.36727941176470585 0.1326797385620915 0.005147058823529412 0.02222222222222222
0 0.375 0.13006535947712417 0.007352941176470588 0.03006535947712418
3 0.38125 0.09869281045751634 0.028676470588235293 0.027450980392156862
3 0.43970588235294117 0.13006535947712417 0.01911764705882353 0.03529411764705882
3 0.36580882352941174 0.08039215686274509 0.03308823529411765 0.0196078431372549
3 0.36213235294117646 0.07058823529411765 0.03308823529411765 0.02091503267973856
3 0.3720588235294118 0.065359477124183 0.030882352941176472 0.023529411764705882
3 0.37169117647058825 0.06013071895424836 0.030147058823529412 0.02091503267973856
9 0.39080882352941176 0.07320261437908496 0.005147058823529412 0.01830065359477124
1 0.3915441176470588 0.07124183006535947 0.005147058823529412 0.02483660130718954
0 0.4022058823529412 0.06470588235294117 0.004411764705882353 0.02222222222222222
0 0.40955882352941175 0.065359477124183 0.004411764705882353 0.023529411764705882
0 0.38823529411764707 0.06143790849673202 0.004411764705882353 0.02091503267973856
