3 0.015104166666666667 0.4615740740740741 0.030208333333333334 0.03425925925925926
2 0.00546875 0.4810185185185185 0.0109375 0.017592592592592594
3 0.071875 0.45 0.053125 0.02962962962962963
9 0.18151041666666667 0.39305555555555555 0.0046875 0.015740740740740743
1 0.18125 0.38796296296296295 0.005208333333333333 0.018518518518518517
0 0.22161458333333334 0.39305555555555555 0.0036458333333333334 0.02314814814814815
3 0.203125 0.40740740740740744 0.03229166666666666 0.024074074074074074
3 0.19244791666666666 0.4351851851851852 0.04739583333333333 0.02962962962962963
2 0.18359375 0.4569444444444445 0.0140625 0.019444444444444445
1 0.18333333333333332 0.44953703703703707 0.009375 0.025
9 0.209375 0.4486111111111111 0.016666666666666666 0.019444444444444445
1 0.20989583333333334 0.4412037037037037 0.010416666666666666 0.02314814814814815
2 0.05546875 0.8939814814814815 0.034895833333333334 0.05277777777777778
2 0.11041666666666666 0.7967592592592593 0.03958333333333333 0.05277777777777778
2 0.13046875 0.7583333333333334 0.030729166666666665 0.05
2 0.16510416666666666 0.725925925925926 0.029166666666666667 0.044444444444444446
2 0.16927083333333334 0.7212962962962963 0.035416666666666666 0.040740740740740744
2 0.16770833333333332 0.7115740740740741 0.03125 0.03796296296296296
2 0.17291666666666666 0.7055555555555556 0.03125 0.03518518518518519
2 0.209375 0.6527777777777778 0.028125 0.03518518518518519
2 0.21015625 0.6490740740740741 0.022395833333333334 0.02962962962962963
2 0.23697916666666666 0.638888888888889 0.027083333333333334 0.03518518518518519
2 0.24635416666666665 0.6337962962962963 0.027083333333333334 0.032407407407407406
2 0.24479166666666666 0.6245370370370371 0.026041666666666668 0.030555555555555558
0 0.2638020833333333 0.6194444444444445 0.0109375 0.05
2 0.3098958333333333 0.563425925925926 0.01875 0.017592592592592594
2 0.31979166666666664 0.5435185185185185 0.020833333333333332 0.024074074074074074
2 0.32109375 0.5388888888888889 0.0203125 0.024074074074074074
2 0.321875 0.5333333333333333 0.017708333333333333 0.020370370370370372
2 0.32135416666666666 0.524537037037037 0.01875 0.021296296296296296
2 0.34765625 0.5162037037037037 0.019270833333333334 0.019444444444444445
2 0.33541666666666664 0.5226851851851853 0.014583333333333334 0.017592592592592594
0 0.053385416666666664 0.875462962962963 0.018229166666666668 0.06574074074074074
0 0.16588541666666667 0.962037037037037 0.0171875 0.07592592592592592
1 0.19036458333333334 0.9648148148148149 0.0265625 0.07037037037037037
2 0.19010416666666666 0.9819444444444445 0.026041666666666668 0.036111111111111115
9 0.25286458333333334 0.8592592592592593 0.0234375 0.05185185185185186
1 0.2520833333333333 0.837962962962963 0.019791666666666666 0.06296296296296297
3 0.14088541666666665 0.9356481481481482 0.08697916666666666 0.1287037037037037
1 0.2869791666666667 0.925462962962963 0.021875 0.05648148148148149
6 0.14140625 0.7398148148148148 0.024479166666666666 0.061111111111111116
3 0.22291666666666665 0.7939814814814815 0.07083333333333333 0.11018518518518519
3 0.2778645833333333 0.9226851851851853 0.08489583333333334 0.15462962962962964
3 0.34791666666666665 0.763425925925926 0.057291666666666664 0.09907407407407408
3 0.32578125 0.6962962962962963 0.0453125 0.07777777777777778
4 0.3138020833333333 0.6074074074074074 0.04739583333333333 0.08148148148148149
9 0.3059895833333333 0.6787037037037037 0.0203125 0.040740740740740744
1 0.30572916666666666 0.6694444444444445 0.013541666666666667 0.040740740740740744
3 0.25390625 0.41620370370370374 0.03802083333333333 0.028703703703703703
0 0.26510416666666664 0.4222222222222222 0.005208333333333333 0.02592592592592593
3 0.24895833333333334 0.4337962962962963 0.042708333333333334 0.028703703703703703
3 0.25755208333333335 0.4439814814814815 0.049479166666666664 0.030555555555555558
3 0.3 0.4412037037037037 0.04791666666666666 0.030555555555555558
3 0.3703125 0.5449074074074074 0.03333333333333333 0.049074074074074076
3 0.35963541666666665 0.6050925925925926 0.043229166666666666 0.0712962962962963
3 0.41692708333333334 0.6717592592592593 0.03802083333333333 0.07314814814814816
9 0.24244791666666665 0.4513888888888889 0.013020833333333334 0.019444444444444445
1 0.24088541666666666 0.4439814814814815 0.0078125 0.021296296296296296
2 0.27838541666666666 0.4537037037037037 0.0171875 0.018518518518518517
1 0.2778645833333333 0.4467592592592593 0.0078125 0.025
2 0.30442708333333335 0.42453703703703705 0.0140625 0.015740740740740743
0 0.30390625 0.4152777777777778 0.0067708333333333336 0.019444444444444445
2 0.3403645833333333 0.4185185185185185 0.011979166666666666 0.016666666666666666
1 0.3390625 0.41203703703703703 0.008333333333333333 0.022222222222222223
0 0.36484375 0.45046296296296295 0.0067708333333333336 0.030555555555555558
2 0.36276041666666664 0.4828703703703704 0.0109375 0.021296296296296296
1 0.36223958333333334 0.47453703703703703 0.0078125 0.028703703703703703
9 0.3828125 0.48055555555555557 0.015625 0.020370370370370372
1 0.3828125 0.4759259259259259 0.008333333333333333 0.02962962962962963
1 0.37838541666666664 0.4759259259259259 0.0067708333333333336 0.020370370370370372
0 0.3580729166666667 0.5203703703703704 0.0067708333333333336 0.03518518518518519
0 0.37057291666666664 0.4990740740740741 0.0067708333333333336 0.037037037037037035
0 0.378125 0.5018518518518519 0.007291666666666667 0.03518518518518519
9 0.3841145833333333 0.7199074074074074 0.0140625 0.04537037037037037
1 0.3841145833333333 0.7046296296296296 0.013020833333333334 0.05555555555555556
2 0.30416666666666664 0.4689814814814815 0.011458333333333333 0.021296296296296296
1 0.30364583333333334 0.4587962962962963 0.009375 0.025
2 0.3958333333333333 0.5967592592592593 0.009375 0.03425925925925926
2 0.409375 0.5800925925925926 0.008333333333333333 0.030555555555555558
2 0.4231770833333333 0.5805555555555556 0.0078125 0.031481481481481485
2 0.4067708333333333 0.5476851851851852 0.007291666666666667 0.028703703703703703
2 0.3893229166666667 0.5615740740740741 0.0067708333333333336 0.030555555555555558
2 0.39401041666666664 0.575462962962963 0.0078125 0.026851851851851852
1 0.3958333333333333 0.5851851851851853 0.009375 0.03888888888888889
1 0.40989583333333335 0.5675925925925926 0.008333333333333333 0.037037037037037035
1 0.42265625 0.5699074074074074 0.009895833333333333 0.03981481481481482
1 0.40703125 0.5370370370370371 0.008854166666666666 0.03888888888888889
1 0.39401041666666664 0.5638888888888889 0.009895833333333333 0.037037037037037035
1 0.3893229166666667 0.5467592592592593 0.008854166666666666 0.026851851851851852
0 0.371875 0.5643518518518519 0.00625 0.036111111111111115
1 0.346875 0.4550925925925926 0.007291666666666667 0.017592592592592594
3 0.35234375 0.375462962962963 0.027604166666666666 0.02314814814814815
4 0.3572916666666667 0.3675925925925926 0.025 0.024074074074074074
4 0.3770833333333333 0.3763888888888889 0.027083333333333334 0.02314814814814815
3 0.41015625 0.3740740740740741 0.0296875 0.020370370370370372
3 0.47239583333333335 0.2712962962962963 0.011458333333333333 0.007407407407407408
2 0.3950520833333333 0.41250000000000003 0.0109375 0.01388888888888889
2 0.40260416666666665 0.4083333333333333 0.010416666666666666 0.011111111111111112
2 0.42682291666666666 0.4078703703703704 0.0109375 0.015740740740740743
2 0.4083333333333333 0.4310185185185185 0.014583333333333334 0.017592592592592594
9 0.41328125 0.4277777777777778 0.011979166666666666 0.014814814814814815
1 0.41354166666666664 0.42314814814814816 0.007291666666666667 0.020370370370370372
1 0.4075520833333333 0.425 0.005729166666666666 0.022222222222222223
1 0.4028645833333333 0.4 0.0067708333333333336 0.018518518518518517
1 0.3953125 0.40555555555555556 0.007291666666666667 0.016666666666666666
1 0.4984375 0.3625 0.005208333333333333 0.015740740740740743
1 0.4981770833333333 0.3527777777777778 0.0046875 0.011111111111111112
1 0.49374999999999997 0.3578703703703704 0.004166666666666667 0.019444444444444445
1 0.49166666666666664 0.35462962962962963 0.003125 0.014814814814814815
1 0.48411458333333335 0.3837962962962963 0.0046875 0.017592592592592594
1 0.47812499999999997 0.3976851851851852 0.005208333333333333 0.015740740740740743
1 0.46796875 0.4083333333333333 0.0046875 0.020370370370370372
1 0.46015625 0.43472222222222223 0.0078125 0.021296296296296296
1 0.4153645833333333 0.4726851851851852 0.0067708333333333336 0.026851851851851852
1 0.44817708333333334 0.4324074074074074 0.005729166666666666 0.020370370370370372
1 0.5846354166666666 0.3717592592592593 0.0046875 0.017592592592592594
1 0.5971354166666667 0.3851851851851852 0.0046875 0.018518518518518517
1 0.5609375 0.4518518518518519 0.00625 0.02592592592592593
1 0.5955729166666667 0.41805555555555557 0.005729166666666666 0.021296296296296296
1 0.5122395833333333 0.337037037037037 0.0036458333333333334 0.014814814814814815
1 0.5091145833333334 0.34074074074074073 0.0036458333333333334 0.011111111111111112
1 0.5768229166666666 0.48842592592592593 0.008854166666666666 0.026851851851851852
1 0.6088541666666667 0.48750000000000004 0.008333333333333333 0.025
1 0.5890625 0.48703703703703705 0.009375 0.02962962962962963
1 0.59921875 0.47361111111111115 0.0078125 0.025
1 0.6018229166666667 0.4671296296296297 0.008854166666666666 0.02314814814814815
1 0.59609375 0.4620370370370371 0.008854166666666666 0.02592592592592593
1 0.6299479166666666 0.4587962962962963 0.008854166666666666 0.030555555555555558
1 0.66171875 0.5689814814814815 0.0109375 0.04351851851851852
1 0.68671875 0.4962962962962963 0.0067708333333333336 0.02962962962962963
1 0.6830729166666667 0.49074074074074076 0.0078125 0.024074074074074074
1 0.6791666666666667 0.48703703703703705 0.009375 0.02777777777777778
1 0.7408854166666666 0.4967592592592593 0.009895833333333333 0.032407407407407406
1 0.6729166666666666 0.5976851851851852 0.010416666666666666 0.04351851851851852
1 0.7151041666666667 0.6601851851851852 0.013541666666666667 0.0462962962962963
1 0.7658854166666667 0.8106481481481482 0.018229166666666668 0.06018518518518519
1 0.4575520833333333 0.41944444444444445 0.0067708333333333336 0.024074074074074074
1 0.44947916666666665 0.40324074074074073 0.007291666666666667 0.015740740740740743
1 0.4575520833333333 0.4 0.0067708333333333336 0.016666666666666666
1 0.6466145833333333 0.4847222222222222 0.008854166666666666 0.026851851851851852
1 0.6421875 0.4671296296296297 0.00625 0.02314814814814815
0 0.48151041666666666 0.3689814814814815 0.0046875 0.021296296296296296
0 0.47239583333333335 0.3662037037037037 0.004166666666666667 0.017592592592592594
1 0.459375 0.38472222222222224 0.004166666666666667 0.015740740740740743
1 0.4265625 0.40231481481481485 0.007291666666666667 0.021296296296296296
2 0.4479166666666667 0.4388888888888889 0.00625 0.018518518518518517
2 0.45703125 0.42638888888888893 0.008854166666666666 0.01388888888888889
2 0.4671875 0.41250000000000003 0.004166666666666667 0.017592592592592594
2 0.45859374999999997 0.38981481481481484 0.005729166666666666 0.007407407407407408
2 0.4497395833333333 0.4078703703703704 0.008854166666666666 0.008333333333333333
2 0.584375 0.3763888888888889 0.004166666666666667 0.012037037037037037
2 0.5973958333333333 0.3888888888888889 0.003125 0.014814814814814815
2 0.5950520833333334 0.4226851851851852 0.005729166666666666 0.017592592592592594
2 0.5609375 0.4587962962962963 0.00625 0.021296296296296296
2 0.57734375 0.49768518518518523 0.015104166666666667 0.021296296296296296
2 0.5885416666666666 0.4949074074074074 0.014583333333333334 0.021296296296296296
2 0.6296875 0.4652777777777778 0.010416666666666666 0.021296296296296296
2 0.6416666666666666 0.4777777777777778 0.009375 0.020370370370370372
2 0.6682291666666667 0.46481481481481485 0.008333333333333333 0.022222222222222223
2 0.6856770833333333 0.5046296296296297 0.0171875 0.022222222222222223
2 0.6614583333333334 0.5750000000000001 0.01875 0.031481481481481485
2 0.6716145833333333 0.6074074074074074 0.008854166666666666 0.02962962962962963
2 0.7651041666666667 0.8250000000000001 0.015625 0.05555555555555556
2 0.9408854166666667 0.8287037037037037 0.021354166666666667 0.04259259259259259
2 0.9513020833333333 0.8291666666666667 0.021354166666666667 0.05462962962962963
2 0.9033854166666666 0.7666666666666667 0.013020833333333334 0.037037037037037035
9 0.46041666666666664 0.4412037037037037 0.007291666666666667 0.017592592592592594
9 0.4778645833333333 0.40601851851851856 0.0046875 0.017592592592592594
9 0.48385416666666664 0.3893518518518519 0.004166666666666667 0.01388888888888889
9 0.6088541666666667 0.4935185185185185 0.022916666666666665 0.02592592592592593
9 0.6776041666666667 0.49259259259259264 0.016666666666666666 0.02592592592592593
9 0.6458333333333334 0.4898148148148148 0.014583333333333334 0.02592592592592593
9 0.59609375 0.46342592592592596 0.008854166666666666 0.017592592592592594
2 0.60234375 0.47361111111111115 0.0109375 0.017592592592592594
1 0.5934895833333333 0.47500000000000003 0.008854166666666666 0.020370370370370372
2 0.4981770833333333 0.36712962962962964 0.005729166666666666 0.01388888888888889
2 0.4940104166666667 0.36203703703703705 0.0036458333333333334 0.012962962962962964
2 0.5125 0.33935185185185185 0.003125 0.01388888888888889
2 0.5088541666666666 0.3439814814814815 0.004166666666666667 0.012037037037037037
0 0.4453125 0.39166666666666666 0.004166666666666667 0.022222222222222223
0 0.5317708333333333 0.43842592592592594 0.005208333333333333 0.026851851851851852
0 0.57421875 0.325 0.0026041666666666665 0.012962962962962964
0 0.5828125 0.32453703703703707 0.003125 0.01388888888888889
0 0.7393229166666666 0.5773148148148148 0.0078125 0.04351851851851852
0 0.734375 0.5745370370370371 0.009375 0.04351851851851852
0 0.76484375 0.5796296296296296 0.009895833333333333 0.040740740740740744
0 0.7786458333333334 0.5939814814814816 0.010416666666666666 0.04351851851851852
0 0.5888020833333333 0.33055555555555555 0.0036458333333333334 0.014814814814814815
0 0.5947916666666666 0.3300925925925926 0.003125 0.015740740740740743
3 0.51640625 0.3148148148148148 0.0078125 0.012962962962962964
3 0.5190104166666667 0.30648148148148147 0.0078125 0.011111111111111112
3 0.5294270833333333 0.3092592592592593 0.0078125 0.011111111111111112
3 0.5265625 0.3138888888888889 0.007291666666666667 0.011111111111111112
3 0.5270833333333333 0.32037037037037036 0.007291666666666667 0.011111111111111112
3 0.5268229166666667 0.3287037037037037 0.009895833333333333 0.014814814814814815
3 0.525 0.3337962962962963 0.009375 0.01388888888888889
3 0.5216145833333333 0.34120370370370373 0.0109375 0.015740740740740743
3 0.5473958333333333 0.30648148148148147 0.007291666666666667 0.011111111111111112
3 0.5408854166666667 0.3027777777777778 0.0078125 0.011111111111111112
3 0.5416666666666666 0.31527777777777777 0.009375 0.012037037037037037
3 0.5411458333333333 0.32407407407407407 0.010416666666666666 0.016666666666666666
3 0.5401041666666666 0.3388888888888889 0.009375 0.014814814814814815
3 0.5393229166666667 0.3462962962962963 0.0109375 0.016666666666666666
3 0.53984375 0.3541666666666667 0.0109375 0.017592592592592594
3 0.5505208333333333 0.33425925925925926 0.009375 0.014814814814814815
3 0.5575520833333333 0.3425925925925926 0.009895833333333333 0.016666666666666666
3 0.55234375 0.34861111111111115 0.009895833333333333 0.015740740740740743
3 0.5916666666666667 0.3652777777777778 0.013541666666666667 0.021296296296296296
3 0.56171875 0.3560185185185185 0.011979166666666666 0.017592592592592594
3 0.5416666666666666 0.3699074074074074 0.013541666666666667 0.021296296296296296
3 0.57421875 0.4134259259259259 0.0171875 0.02314814814814815
3 0.6192708333333333 0.43194444444444446 0.01875 0.030555555555555558
3 0.5533854166666666 0.47361111111111115 0.0359375 0.03425925925925926
3 0.4864583333333333 0.46620370370370373 0.027083333333333334 0.030555555555555558
3 0.49583333333333335 0.34351851851851856 0.025 0.014814814814814815
3 0.509375 0.3287037037037037 0.008333333333333333 0.014814814814814815
3 0.5080729166666667 0.40185185185185185 0.0171875 0.02592592592592593
3 0.5088541666666666 0.4222222222222222 0.016666666666666666 0.02777777777777778
3 0.50625 0.4444444444444445 0.019791666666666666 0.031481481481481485
3 0.46953125 0.45462962962962966 0.0265625 0.02962962962962963
3 0.44244791666666666 0.4666666666666667 0.0234375 0.03518518518518519
3 0.45546875 0.487962962962963 0.021354166666666667 0.03518518518518519
3 0.45807291666666666 0.5194444444444445 0.0234375 0.04259259259259259
3 0.4453125 0.5467592592592593 0.04791666666666666 0.04166666666666667
3 0.42578125 0.5106481481481482 0.0234375 0.04166666666666667
3 0.5752604166666666 0.5236111111111111 0.025520833333333333 0.03796296296296296
3 0.5919270833333333 0.5685185185185185 0.0296875 0.05
4 0.5549479166666667 0.5990740740740741 0.0296875 0.06666666666666667
4 0.5088541666666666 0.5555555555555556 0.059375 0.05925925925925926
3 0.6630208333333333 0.5087962962962963 0.05416666666666667 0.03981481481481482
3 0.64140625 0.650462962962963 0.034895833333333334 0.05277777777777778
3 0.6098958333333333 0.7166666666666667 0.040625 0.06851851851851852
3 0.5484375 0.6685185185185185 0.036458333333333336 0.061111111111111116
3 0.5606770833333333 0.7537037037037038 0.0421875 0.07777777777777778
3 0.5674479166666666 0.9050925925925927 0.0515625 0.1212962962962963
3 0.6346354166666667 0.9078703703703704 0.05364583333333333 0.10462962962962963
3 0.70859375 0.888888888888889 0.0671875 0.12407407407407407
3 0.82421875 0.8375 0.0765625 0.09722222222222222
3 0.8729166666666667 0.9388888888888889 0.096875 0.12222222222222223
2 0.7151041666666667 0.675 0.0125 0.03888888888888889
9 0.73984375 0.5 0.021354166666666667 0.024074074074074074
9 0.8033854166666666 0.487962962962963 0.018229166666666668 0.022222222222222223
3 0.8403645833333333 0.5222222222222223 0.0484375 0.03518518518518519
