1 0.14270833333333333 0.950462962962963 0.020833333333333332 0.05462962962962963
9 0.14348958333333334 0.9745370370370371 0.027604166666666666 0.05092592592592593
3 0.2778645833333333 0.7592592592592593 0.050520833333333334 0.10555555555555556
3 0.4708333333333333 0.6180555555555556 0.035416666666666666 0.075
3 0.58671875 0.8787037037037038 0.0609375 0.11851851851851852
3 0.5614583333333333 0.7703703703703704 0.04895833333333333 0.09074074074074075
3 0.5421875 0.6722222222222223 0.041666666666666664 0.07592592592592592
3 0.5231770833333333 0.6027777777777777 0.0359375 0.05555555555555556
3 0.5533854166666666 0.5263888888888889 0.034895833333333334 0.049074074074074076
3 0.5546875 0.4412037037037037 0.028125 0.03796296296296296
3 0.5104166666666666 0.5416666666666667 0.03333333333333333 0.04814814814814815
3 0.4479166666666667 0.5115740740740741 0.029166666666666667 0.05462962962962963
3 0.37395833333333334 0.4337962962962963 0.02395833333333333 0.03981481481481482
3 0.40546875 0.3875 0.0203125 0.036111111111111115
3 0.38125 0.3625 0.01875 0.030555555555555558
3 0.40729166666666666 0.3513888888888889 0.019791666666666666 0.030555555555555558
3 0.5005208333333333 0.4935185185185185 0.029166666666666667 0.040740740740740744
3 0.49765624999999997 0.45462962962962966 0.0296875 0.040740740740740744
3 0.48723958333333334 0.4226851851851852 0.0234375 0.03425925925925926
3 0.48203124999999997 0.39861111111111114 0.022395833333333334 0.028703703703703703
3 0.4752604166666667 0.375462962962963 0.022395833333333334 0.028703703703703703
3 0.46848958333333335 0.3550925925925926 0.0171875 0.028703703703703703
3 0.4888020833333333 0.3791666666666667 0.022395833333333334 0.028703703703703703
3 0.4666666666666667 0.33287037037037037 0.01875 0.02314814814814815
3 0.4630208333333333 0.32175925925925924 0.016666666666666666 0.025
3 0.46041666666666664 0.30833333333333335 0.016666666666666666 0.024074074074074074
3 0.4557291666666667 0.2939814814814815 0.016666666666666666 0.025
3 0.5002604166666667 0.3074074074074074 0.0171875 0.024074074074074074
1 0.54375 0.3351851851851852 0.00625 0.014814814814814815
1 0.5466145833333333 0.33796296296296297 0.005729166666666666 0.014814814814814815
9 0.5455729166666666 0.3402777777777778 0.009895833333333333 0.017592592592592594
1 0.3109375 0.362962962962963 0.005208333333333333 0.014814814814814815
1 0.33880208333333334 0.3439814814814815 0.0067708333333333336 0.017592592592592594
9 0.33932291666666664 0.3513888888888889 0.0067708333333333336 0.017592592592592594
3 0.40598958333333335 0.30972222222222223 0.01614583333333333 0.026851851851851852
3 0.4075520833333333 0.28703703703703703 0.0140625 0.018518518518518517
3 0.39375 0.28425925925925927 0.0125 0.018518518518518517
3 0.36953125 0.2865740740740741 0.013020833333333334 0.019444444444444445
3 0.33098958333333334 0.9462962962962963 0.06510416666666667 0.10740740740740741
