0 0.5682291666666667 0.8231481481481482 0.017708333333333333 0.11296296296296297
1 0.5854166666666667 0.8481481481481482 0.027083333333333334 0.05555555555555556
1 0.5958333333333333 0.837037037037037 0.01875 0.04814814814814815
6 0.5890625 0.8453703703703704 0.042708333333333334 0.1277777777777778
0 0.6625 0.7861111111111111 0.01875 0.11296296296296297
0 0.6234375 0.7833333333333333 0.017708333333333333 0.10740740740740741
0 0.6255208333333333 0.7787037037037038 0.013541666666666667 0.09814814814814815
6 0.7442708333333333 0.7583333333333334 0.10520833333333333 0.09444444444444444
1 0.8744791666666667 0.6935185185185185 0.02395833333333333 0.05
0 0.8276041666666667 0.925 0.028125 0.10555555555555556
1 0.7880208333333333 0.9638888888888889 0.02395833333333333 0.07222222222222223
1 0.8036458333333333 0.9601851851851853 0.026041666666666668 0.07962962962962963
9 0.8 0.9657407407407408 0.07083333333333333 0.06851851851851852
4 0.7354166666666666 0.6870370370370371 0.15833333333333333 0.14074074074074075
6 0.8880208333333334 0.712037037037037 0.096875 0.08333333333333334
9 0.8666666666666667 0.6268518518518519 0.04375 0.05740740740740741
9 0.7864583333333334 0.6342592592592593 0.05625 0.05740740740740741
4 0.7546875 0.5898148148148148 0.128125 0.10555555555555556
1 0.9140625 0.6157407407407408 0.017708333333333333 0.053703703703703705
1 0.9348958333333334 0.6240740740740741 0.021875 0.05925925925925926
9 0.8223958333333333 0.5361111111111111 0.034375 0.05
5 0.6859375 0.4398148148148148 0.10104166666666667 0.10555555555555556
0 0.5791666666666666 0.587037037037037 0.014583333333333334 0.07037037037037037
9 0.65625 0.6101851851851852 0.03958333333333333 0.061111111111111116
0 0.625 0.5407407407407407 0.014583333333333334 0.05185185185185186
1 0.6375 0.5407407407407407 0.014583333333333334 0.044444444444444446
1 0.6401041666666667 0.5259259259259259 0.013541666666666667 0.044444444444444446
0 0.6140625 0.5935185185185186 0.015625 0.06851851851851852
6 0.5645833333333333 0.5722222222222223 0.029166666666666667 0.07407407407407407
1 0.5145833333333333 0.6861111111111111 0.022916666666666665 0.07962962962962963
9 0.5151041666666667 0.7111111111111111 0.021875 0.08518518518518518
1 0.43072916666666666 0.6537037037037037 0.015625 0.06666666666666667
9 0.428125 0.6805555555555556 0.01875 0.08333333333333334
1 0.390625 0.5583333333333333 0.016666666666666666 0.053703703703703705
9 0.38958333333333334 0.5731481481481482 0.020833333333333332 0.06851851851851852
0 0.2734375 0.712037037037037 0.017708333333333333 0.10185185185185186
1 0.18802083333333333 0.8712962962962963 0.040625 0.09814814814814815
9 0.18958333333333333 0.8898148148148148 0.05416666666666667 0.10555555555555556
0 0.10416666666666667 0.7759259259259259 0.01875 0.10370370370370371
9 0.2864583333333333 0.5037037037037038 0.03125 0.05185185185185186
9 0.3515625 0.47314814814814815 0.026041666666666668 0.03888888888888889
9 0.6192708333333333 0.4842592592592593 0.03854166666666667 0.04259259259259259
9 0.6083333333333333 0.45462962962962966 0.058333333333333334 0.053703703703703705
0 0.5864583333333333 0.46111111111111114 0.010416666666666666 0.05555555555555556
9 0.5765625 0.42129629629629634 0.026041666666666668 0.03518518518518519
7 0.5677083333333334 0.3731481481481482 0.022916666666666665 0.05
9 0.6791666666666667 0.3712962962962963 0.010416666666666666 0.031481481481481485
0 0.6010416666666667 0.4064814814814815 0.010416666666666666 0.05
6 0.6041666666666666 0.3768518518518519 0.03958333333333333 0.03888888888888889
3 0.6541666666666667 0.34351851851851856 0.05 0.03888888888888889
0 0.6020833333333333 0.32685185185185184 0.008333333333333333 0.03888888888888889
0 0.5921875 0.3231481481481482 0.007291666666666667 0.03888888888888889
0 0.5776041666666667 0.3314814814814815 0.005208333333333333 0.037037037037037035
0 0.5697916666666667 0.33333333333333337 0.008333333333333333 0.03333333333333333
0 0.5380208333333333 0.33611111111111114 0.009375 0.03518518518518519
1 0.5479166666666666 0.3287037037037037 0.008333333333333333 0.024074074074074074
9 0.5494791666666666 0.33425925925925926 0.019791666666666666 0.024074074074074074
0 0.74375 0.40555555555555556 0.010416666666666666 0.04814814814814815
0 0.7255208333333333 0.36944444444444446 0.007291666666666667 0.03888888888888889
9 0.7161458333333334 0.3768518518518519 0.017708333333333333 0.031481481481481485
3 0.6744791666666666 0.32037037037037036 0.04479166666666667 0.03333333333333333
9 0.3411458333333333 0.3907407407407408 0.02395833333333333 0.02962962962962963
1 0.4317708333333333 0.3842592592592593 0.007291666666666667 0.03888888888888889
1 0.4796875 0.36388888888888893 0.009375 0.024074074074074074
1 0.45625 0.3805555555555556 0.010416666666666666 0.03888888888888889
6 0.4791666666666667 0.3731481481481482 0.0125 0.03518518518518519
9 0.45677083333333335 0.3842592592592593 0.019791666666666666 0.031481481481481485
0 0.4458333333333333 0.362962962962963 0.008333333333333333 0.037037037037037035
0 0.44635416666666666 0.3787037037037037 0.007291666666666667 0.031481481481481485
9 0.4317708333333333 0.38703703703703707 0.017708333333333333 0.02962962962962963
0 0.43072916666666666 0.3675925925925926 0.007291666666666667 0.031481481481481485
0 0.4109375 0.3712962962962963 0.007291666666666667 0.03518518518518519
9 0.4458333333333333 0.3685185185185185 0.01875 0.02962962962962963
5 0.4328125 0.32037037037037036 0.019791666666666666 0.040740740740740744
3 0.45208333333333334 0.3055555555555556 0.016666666666666666 0.03333333333333333
6 0.46249999999999997 0.27592592592592596 0.025 0.022222222222222223
1 0.47031249999999997 0.2675925925925926 0.007291666666666667 0.020370370370370372
0 0.48385416666666664 0.28425925925925927 0.005208333333333333 0.02777777777777778
0 0.5286458333333334 0.27592592592592596 0.005208333333333333 0.02592592592592593
0 0.534375 0.27314814814814814 0.00625 0.024074074074074074
0 0.5395833333333333 0.2777777777777778 0.004166666666666667 0.022222222222222223
7 0.490625 0.2638888888888889 0.014583333333333334 0.02777777777777778
6 0.4901041666666667 0.2935185185185185 0.011458333333333333 0.020370370370370372
1 0.5020833333333333 0.2555555555555556 0.00625 0.018518518518518517
9 0.5020833333333333 0.25925925925925924 0.00625 0.018518518518518517
1 0.5223958333333333 0.25925925925925924 0.005208333333333333 0.018518518518518517
1 0.5140625 0.2712962962962963 0.005208333333333333 0.016666666666666666
6 0.5354166666666667 0.28703703703703703 0.010416666666666666 0.02592592592592593
6 0.5213541666666667 0.287962962962963 0.009375 0.024074074074074074
