9 0.53125 0.9359477124183005 0.05661764705882353 0.04967320261437908
0 0.53125 0.9261437908496731 0.022794117647058822 0.09019607843137255
6 0.9816176470588235 0.684313725490196 0.030882352941176472 0.0718954248366013
0 0.98125 0.6797385620915032 0.011029411764705881 0.04183006535947712
5 0.13014705882352942 0.37189542483660126 0.06323529411764706 0.04836601307189542
5 0.17205882352941176 0.32156862745098036 0.045588235294117645 0.04183006535947712
3 0.33492647058823527 0.2745098039215686 0.022794117647058822 0.01830065359477124
3 0.3584558823529412 0.2594771241830065 0.01838235294117647 0.0196078431372549
4 0.2963235294117647 0.25555555555555554 0.01911764705882353 0.01699346405228758
5 0.2625 0.21176470588235294 0.06470588235294117 0.04183006535947712
5 0.25588235294117645 0.19346405228758168 0.07205882352941176 0.0392156862745098
5 0.3584558823529412 0.17712418300653593 0.04191176470588235 0.03006535947712418
3 0.3025735294117647 0.18562091503267972 0.011029411764705881 0.0130718954248366
0 0.18786764705882353 0.21176470588235294 0.005147058823529412 0.01568627450980392
0 0.1849264705882353 0.2091503267973856 0.003676470588235294 0.01830065359477124
0 0.18198529411764705 0.21045751633986925 0.0022058823529411764 0.01568627450980392
0 0.17977941176470588 0.20980392156862743 0.003676470588235294 0.01699346405228758
4 0.35661764705882354 0.22941176470588234 0.013235294117647059 0.0196078431372549
0 0.06691176470588235 0.38888888888888884 0.007352941176470588 0.03790849673202614
