3 0.46822916666666664 0.9361111111111111 0.040625 0.1277777777777778
3 0.5260416666666666 0.8564814814814815 0.03958333333333333 0.13518518518518519
3 0.3796875 0.8250000000000001 0.036458333333333336 0.13148148148148148
3 0.4296875 0.7222222222222222 0.04479166666666667 0.10370370370370371
3 0.3442708333333333 0.587962962962963 0.03229166666666666 0.07592592592592592
3 0.5010416666666666 0.5157407407407407 0.027083333333333334 0.061111111111111116
4 0.0875 0.5240740740740741 0.06041666666666667 0.06296296296296297
0 0.02395833333333333 0.40925925925925927 0.010416666666666666 0.03333333333333333
3 0.29583333333333334 0.4314814814814815 0.04791666666666666 0.05555555555555556
3 0.5010416666666666 0.41574074074074074 0.020833333333333332 0.0462962962962963
3 0.47239583333333335 0.34444444444444444 0.019791666666666666 0.044444444444444446
3 0.5020833333333333 0.2972222222222222 0.01875 0.03888888888888889
3 0.7270833333333333 0.4027777777777778 0.03333333333333333 0.05
3 0.80625 0.3842592592592593 0.04375 0.03888888888888889
3 0.8776041666666666 0.36388888888888893 0.036458333333333336 0.053703703703703705
3 0.90625 0.2990740740740741 0.041666666666666664 0.03518518518518519
3 0.9791666666666666 0.3092592592592593 0.0375 0.03333333333333333
3 0.6729166666666666 0.312962962962963 0.035416666666666666 0.02962962962962963
9 0.8859374999999999 0.5805555555555556 0.02395833333333333 0.02777777777777778
9 0.8536458333333333 0.5435185185185185 0.021875 0.024074074074074074
3 0.8588541666666667 0.4703703703703704 0.036458333333333336 0.06296296296296297
3 0.8057291666666666 0.4666666666666667 0.04895833333333333 0.06296296296296297
4 0.37916666666666665 0.22314814814814815 0.016666666666666666 0.03888888888888889
6 0.3645833333333333 0.21481481481481482 0.0125 0.02592592592592593
4 0.4046875 0.1287037037037037 0.013541666666666667 0.031481481481481485
0 0.49635416666666665 0.17407407407407408 0.005208333333333333 0.014814814814814815
9 0.49635416666666665 0.17962962962962964 0.007291666666666667 0.018518518518518517
0 0.5614583333333333 0.20185185185185187 0.004166666666666667 0.022222222222222223
0 0.5567708333333333 0.20277777777777778 0.003125 0.020370370370370372
6 0.5588541666666667 0.23611111111111113 0.017708333333333333 0.04259259259259259
