3 0.23411458333333332 0.5157407407407407 0.0140625 0.012962962962962964
3 0.20130208333333333 0.5120370370370371 0.008854166666666666 0.014814814814814815
3 0.18776041666666665 0.5078703703703704 0.0078125 0.012037037037037037
3 0.48776041666666664 0.5620370370370371 0.030729166666666665 0.02962962962962963
5 0.80078125 0.6402777777777778 0.10260416666666666 0.09907407407407408
4 0.25546875 0.8203703703703704 0.05364583333333333 0.05
0 0.23723958333333334 0.7861111111111111 0.009895833333333333 0.037037037037037035
0 0.20833333333333334 0.813425925925926 0.009375 0.03796296296296296
0 0.56484375 0.7657407407407407 0.0140625 0.037037037037037035
5 0.6690104166666666 0.9430555555555556 0.08177083333333333 0.11388888888888889
