1 0.6772058823529412 0.9830065359477124 0.010294117647058823 0.0261437908496732
1 0.6875 0.9823529411764705 0.010294117647058823 0.03006535947712418
1 0.6948529411764706 0.9764705882352941 0.007352941176470588 0.03137254901960784
9 0.5613970588235294 0.8640522875816993 0.028676470588235293 0.03137254901960784
5 0.5569852941176471 0.9751633986928104 0.0375 0.04967320261437908
3 0.4363970588235294 0.9803921568627451 0.0375 0.0392156862745098
3 0.4400735294117647 0.8928104575163398 0.03161764705882353 0.07058823529411765
1 0.39301470588235293 0.9856209150326797 0.0125 0.02875816993464052
3 0.37279411764705883 0.8333333333333333 0.027941176470588233 0.058823529411764705
3 0.43970588235294117 0.8137254901960784 0.029411764705882353 0.06143790849673202
3 0.5408088235294117 0.8058823529411764 0.05514705882352941 0.06143790849673202
0 0.6283088235294118 0.7522875816993464 0.009558823529411765 0.043137254901960784
0 0.5904411764705882 0.6313725490196078 0.010294117647058823 0.023529411764705882
9 0.5341911764705882 0.7248366013071895 0.022794117647058822 0.03006535947712418
3 0.5330882352941176 0.7 0.023529411764705882 0.04836601307189542
3 0.26801470588235293 0.9542483660130718 0.04191176470588235 0.0915032679738562
9 0.3963235294117647 0.7594771241830065 0.008823529411764706 0.03398692810457516
9 0.41691176470588237 0.741830065359477 0.008823529411764706 0.03529411764705882
9 0.42573529411764705 0.7196078431372549 0.008823529411764706 0.03006535947712418
9 0.4011029411764706 0.715032679738562 0.008088235294117646 0.03137254901960784
9 0.3841911764705882 0.7006535947712418 0.009558823529411765 0.02875816993464052
9 0.44375 0.6424836601307189 0.008088235294117646 0.027450980392156862
1 0.3963235294117647 0.7483660130718953 0.008823529411764706 0.02483660130718954
1 0.4161764705882353 0.7300653594771241 0.008823529411764706 0.02483660130718954
1 0.425 0.7078431372549019 0.008823529411764706 0.02483660130718954
1 0.40147058823529413 0.7039215686274509 0.008823529411764706 0.0196078431372549
1 0.3841911764705882 0.6908496732026144 0.008088235294117646 0.027450980392156862
3 0.25183823529411764 0.7366013071895424 0.028676470588235293 0.050980392156862744
3 0.3400735294117647 0.634640522875817 0.022794117647058822 0.04052287581699346
3 0.3926470588235294 0.6352941176470588 0.020588235294117647 0.03660130718954248
3 0.3588235294117647 0.5849673202614378 0.020588235294117647 0.03529411764705882
4 0.2772058823529412 0.6516339869281045 0.029411764705882353 0.05620915032679738
3 0.2889705882352941 0.6300653594771242 0.023529411764705882 0.03660130718954248
3 0.3011029411764706 0.6006535947712418 0.021323529411764706 0.03790849673202614
3 0.30772058823529413 0.5790849673202614 0.019852941176470587 0.03137254901960784
3 0.3165441176470588 0.5594771241830065 0.019852941176470587 0.03137254901960784
3 0.3213235294117647 0.5411764705882353 0.020588235294117647 0.03398692810457516
3 0.2647058823529412 0.5366013071895425 0.020588235294117647 0.03006535947712418
3 0.22794117647058823 0.5594771241830065 0.033823529411764704 0.03137254901960784
3 0.24779411764705883 0.5156862745098039 0.03529411764705882 0.02483660130718954
4 0.02426470588235294 0.9516339869281045 0.04852941176470588 0.09411764705882353
3 0.06654411764705882 0.888235294117647 0.05367647058823529 0.09542483660130718
3 0.10404411764705883 0.80718954248366 0.05220588235294118 0.07973856209150326
0 0.16580882352941176 0.6679738562091503 0.008088235294117646 0.03398692810457516
0 0.5797794117647058 0.6934640522875817 0.006617647058823529 0.02483660130718954
3 0.5588235294117647 0.6143790849673202 0.029411764705882353 0.03398692810457516
2 0.59375 0.6032679738562091 0.015441176470588236 0.01699346405228758
3 0.5849264705882353 0.584313725490196 0.02426470588235294 0.03398692810457516
3 0.5511029411764706 0.5745098039215686 0.03161764705882353 0.03529411764705882
3 0.5584558823529412 0.5372549019607843 0.019852941176470587 0.03137254901960784
3 0.5544117647058824 0.5215686274509803 0.030882352941176472 0.0261437908496732
3 0.5202205882352942 0.6522875816993463 0.022794117647058822 0.03660130718954248
3 0.5136029411764705 0.6202614379084966 0.019852941176470587 0.0457516339869281
3 0.5102941176470588 0.588235294117647 0.020588235294117647 0.03398692810457516
3 0.5161764705882352 0.5503267973856208 0.027941176470588233 0.0261437908496732
3 0.5 0.530718954248366 0.01764705882352941 0.02875816993464052
4 0.544485294117647 0.4888888888888889 0.013970588235294117 0.0261437908496732
3 0.48970588235294116 0.49346405228758167 0.014705882352941176 0.02483660130718954
4 0.4900735294117647 0.4725490196078431 0.016911764705882352 0.03006535947712418
3 0.6029411764705882 0.430718954248366 0.013235294117647059 0.01699346405228758
3 0.5941176470588235 0.4156862745098039 0.01764705882352941 0.01568627450980392
3 0.6055147058823529 0.4156862745098039 0.015441176470588236 0.01568627450980392
3 0.5602941176470588 0.41764705882352937 0.013235294117647059 0.01699346405228758
3 0.5474264705882352 0.41699346405228754 0.013970588235294117 0.01568627450980392
3 0.5334558823529412 0.43202614379084964 0.019852941176470587 0.02222222222222222
3 0.5294117647058824 0.4235294117647059 0.020588235294117647 0.01830065359477124
3 0.48566176470588235 0.44967320261437904 0.0125 0.01568627450980392
3 0.4775735294117647 0.42810457516339867 0.009558823529411765 0.01699346405228758
9 0.43786764705882353 0.4816993464052287 0.005147058823529412 0.01437908496732026
9 0.4345588235294118 0.4568627450980392 0.004411764705882353 0.01437908496732026
1 0.43786764705882353 0.47581699346405226 0.005147058823529412 0.0130718954248366
1 0.4345588235294118 0.4509803921568627 0.004411764705882353 0.0130718954248366
3 0.2948529411764706 0.47777777777777775 0.016176470588235292 0.02222222222222222
0 0.3084558823529412 0.48039215686274506 0.006617647058823529 0.02222222222222222
3 0.3095588235294118 0.45228758169934635 0.016176470588235292 0.023529411764705882
3 0.31691176470588234 0.4379084967320261 0.013235294117647059 0.023529411764705882
3 0.3367647058823529 0.5052287581699346 0.01911764705882353 0.027450980392156862
3 0.34375 0.49084967320261436 0.015441176470588236 0.02483660130718954
3 0.3492647058823529 0.4810457516339869 0.016176470588235292 0.023529411764705882
3 0.35073529411764703 0.46928104575163393 0.013235294117647059 0.0261437908496732
3 0.3551470588235294 0.4568627450980392 0.014705882352941176 0.02483660130718954
3 0.3610294117647059 0.4457516339869281 0.013235294117647059 0.02091503267973856
3 0.36323529411764705 0.43006535947712415 0.013235294117647059 0.02091503267973856
3 0.3650735294117647 0.49019607843137253 0.015441176470588236 0.023529411764705882
3 0.38786764705882354 0.4784313725490196 0.0125 0.023529411764705882
3 0.39080882352941176 0.45228758169934635 0.0125 0.02091503267973856
3 0.41360294117647056 0.4562091503267974 0.0125 0.01830065359477124
3 0.3952205882352941 0.4294117647058823 0.011029411764705881 0.01699346405228758
3 0.41801470588235295 0.42156862745098034 0.009558823529411765 0.01699346405228758
3 0.3720588235294118 0.4156862745098039 0.010294117647058823 0.01568627450980392
3 0.37720588235294117 0.3980392156862745 0.010294117647058823 0.01437908496732026
3 0.425 0.3836601307189542 0.008823529411764706 0.01437908496732026
9 0.43823529411764706 0.3784313725490196 0.007352941176470588 0.011764705882352941
1 0.4386029411764706 0.37450980392156863 0.003676470588235294 0.00915032679738562
9 0.4047794117647059 0.3954248366013072 0.003676470588235294 0.00915032679738562
1 0.40441176470588236 0.3915032679738562 0.004411764705882353 0.00915032679738562
4 0.3779411764705882 0.38954248366013067 0.010294117647058823 0.01568627450980392
3 0.41066176470588234 0.36470588235294116 0.008088235294117646 0.0130718954248366
3 0.4011029411764706 0.35686274509803917 0.006617647058823529 0.0130718954248366
3 0.41360294117647056 0.35163398692810455 0.006617647058823529 0.0130718954248366
3 0.4261029411764706 0.3581699346405228 0.008088235294117646 0.01568627450980392
3 0.42977941176470585 0.330718954248366 0.006617647058823529 0.0130718954248366
3 0.4125 0.330718954248366 0.007352941176470588 0.0130718954248366
3 0.41948529411764707 0.32679738562091504 0.005147058823529412 0.01045751633986928
3 0.4198529411764706 0.3196078431372549 0.0058823529411764705 0.00915032679738562
