4 0.5183823529411765 0.8065359477124182 0.052941176470588235 0.19607843137254902
4 0.45 0.7830065359477124 0.058823529411764705 0.2091503267973856
4 0.4183823529411765 0.6254901960784314 0.06911764705882353 0.15555555555555556
4 0.5466911764705882 0.39738562091503266 0.04191176470588235 0.08366013071895424
3 0.6194852941176471 0.3150326797385621 0.04338235294117647 0.08366013071895424
3 0.5955882352941176 0.2222222222222222 0.032352941176470584 0.054901960784313725
3 0.5345588235294118 0.13594771241830064 0.029411764705882353 0.0522875816993464
3 0.44779411764705884 0.16274509803921566 0.027941176470588233 0.06405228758169934
5 0.4176470588235294 0.060784313725490195 0.030882352941176472 0.07973856209150326
1 0.6643382352941176 0.5117647058823529 0.013970588235294117 0.050980392156862744
2 0.6643382352941176 0.5241830065359476 0.016911764705882352 0.04967320261437908
4 0.7018382352941176 0.4026143790849673 0.07426470588235294 0.10980392156862745
3 0.8272058823529411 0.15751633986928104 0.054411764705882354 0.05620915032679738
3 0.8551470588235294 0.20392156862745098 0.060294117647058824 0.04967320261437908
3 0.7639705882352941 0.05947712418300653 0.045588235294117645 0.04052287581699346
3 0.7606617647058823 0.03137254901960784 0.04779411764705882 0.0392156862745098
3 0.7191176470588235 0.01503267973856209 0.030882352941176472 0.03006535947712418
4 0.9529411764705882 0.9202614379084967 0.09411764705882353 0.13333333333333333
3 0.6691176470588235 0.11045751633986928 0.044117647058823525 0.043137254901960784
3 0.6683823529411764 0.09084967320261438 0.04264705882352941 0.0326797385620915
4 0.6613970588235294 0.06274509803921569 0.04632352941176471 0.047058823529411764
3 0.5849264705882353 0.02287581699346405 0.022794117647058822 0.04052287581699346
6 0.8136029411764706 0.6666666666666666 0.030147058823529412 0.09411764705882353
3 0.9827205882352941 0.2895424836601307 0.03161764705882353 0.03529411764705882
3 0.9496323529411764 0.2980392156862745 0.04485294117647059 0.0522875816993464
0 0.8911764705882352 0.9810457516339869 0.01764705882352941 0.03790849673202614
