4 0.18161764705882352 0.7359477124183006 0.11911764705882352 0.17254901960784313
3 0.4716911764705882 0.5660130718954248 0.03602941176470588 0.0784313725490196
3 0.4496323529411765 0.48627450980392156 0.04632352941176471 0.06274509803921569
3 0.5790441176470588 0.5359477124183006 0.04632352941176471 0.07581699346405228
3 0.5356617647058823 0.46928104575163393 0.04779411764705882 0.054901960784313725
3 0.41323529411764703 0.40980392156862744 0.030882352941176472 0.0718954248366013
3 0.8025735294117647 0.6810457516339868 0.09338235294117647 0.08366013071895424
3 0.7125 0.5183006535947712 0.061764705882352944 0.0718954248366013
3 0.6408088235294117 0.4379084967320261 0.05220588235294118 0.05751633986928104
3 0.5827205882352942 0.37777777777777777 0.04338235294117647 0.05751633986928104
4 0.21066176470588235 0.44313725490196076 0.03897058823529412 0.09934640522875816
4 0.016176470588235292 0.5431372549019607 0.032352941176470584 0.08758169934640522
3 0.7985294117647058 0.22026143790849673 0.03529411764705882 0.0326797385620915
4 0.6783088235294118 0.23267973856209148 0.03455882352941177 0.03660130718954248
3 0.7246323529411764 0.2673202614379085 0.03455882352941177 0.03790849673202614
3 0.6636029411764706 0.24444444444444444 0.04485294117647059 0.02875816993464052
3 0.6338235294117647 0.27385620915032677 0.03823529411764706 0.0457516339869281
3 0.6709558823529411 0.3026143790849673 0.04485294117647059 0.043137254901960784
5 0.7238970588235294 0.32091503267973853 0.11544117647058823 0.0849673202614379
3 0.8044117647058824 0.3503267973856209 0.027941176470588233 0.04967320261437908
4 0.8419117647058824 0.30392156862745096 0.045588235294117645 0.05620915032679738
3 0.8941176470588235 0.34444444444444444 0.055882352941176466 0.0457516339869281
3 0.8797794117647059 0.39999999999999997 0.03161764705882353 0.054901960784313725
3 0.9860294117647058 0.38169934640522873 0.027941176470588233 0.04183006535947712
