3 0.41770833333333335 0.5185185185185185 0.07083333333333333 0.07777777777777778
4 0.5315104166666667 0.6018518518518519 0.0640625 0.0962962962962963
3 0.5763020833333333 0.4666666666666667 0.034895833333333334 0.08148148148148149
9 0.84140625 0.5157407407407407 0.013020833333333334 0.03888888888888889
1 0.8427083333333333 0.5152777777777778 0.011458333333333333 0.032407407407407406
1 0.8408854166666666 0.5064814814814815 0.011979166666666666 0.03888888888888889
4 0.7486979166666666 0.3925925925925926 0.0296875 0.05740740740740741
3 0.7369791666666666 0.29814814814814816 0.022916666666666665 0.03518518518518519
3 0.7255208333333333 0.24675925925925926 0.020833333333333332 0.032407407407407406
3 0.6791666666666667 0.4625 0.041666666666666664 0.06018518518518519
8 0.9252604166666667 0.913425925925926 0.1421875 0.1638888888888889
