3 0.9796874999999999 0.7125 0.040625 0.0638888888888889
4 0.8677083333333333 0.6398148148148148 0.08645833333333333 0.09074074074074075
3 0.86875 0.6101851851851852 0.09166666666666666 0.05925925925925926
4 0.6166666666666667 0.9402777777777778 0.071875 0.11944444444444445
3 0.44765625 0.9712962962962963 0.058854166666666666 0.05740740740740741
3 0.22395833333333334 0.9587962962962964 0.06979166666666667 0.08240740740740742
3 0.47161458333333334 0.6995370370370371 0.04114583333333333 0.09537037037037037
4 0.5442708333333334 0.6467592592592593 0.03854166666666667 0.08796296296296297
8 0.32395833333333335 0.5638888888888889 0.0875 0.20740740740740743
1 0.24947916666666667 0.5990740740740741 0.011458333333333333 0.03518518518518519
9 0.24895833333333334 0.6157407407407408 0.014583333333333334 0.040740740740740744
1 0.2552083333333333 0.5402777777777777 0.011458333333333333 0.03796296296296296
2 0.25546875 0.562962962962963 0.011979166666666666 0.03333333333333333
1 0.2752604166666667 0.5370370370370371 0.008854166666666666 0.024074074074074074
2 0.27734375 0.5587962962962963 0.009895833333333333 0.028703703703703703
1 0.6635416666666667 0.575462962962963 0.008333333333333333 0.021296296296296296
1 0.6625 0.5611111111111111 0.010416666666666666 0.02777777777777778
9 0.659375 0.5773148148148148 0.0125 0.03981481481481482
1 0.6309895833333333 0.45787037037037037 0.0078125 0.025
7 0.625 0.46064814814814814 0.027083333333333334 0.05648148148148149
3 0.5901041666666667 0.46481481481481485 0.046875 0.053703703703703705
3 0.058854166666666666 0.3787037037037037 0.03958333333333333 0.03518518518518519
3 0.04583333333333333 0.3490740740740741 0.040625 0.03333333333333333
3 0.13515625 0.3189814814814815 0.030729166666666665 0.030555555555555558
3 0.4783854166666667 0.48935185185185187 0.0328125 0.049074074074074076
3 0.51015625 0.3791666666666667 0.0234375 0.04351851851851852
4 0.46640624999999997 0.3893518518518519 0.0234375 0.04722222222222222
3 0.43697916666666664 0.4240740740740741 0.022916666666666665 0.040740740740740744
3 0.4 0.4527777777777778 0.028125 0.05185185185185186
3 0.36640625 0.41250000000000003 0.025520833333333333 0.04537037037037037
3 0.40651041666666665 0.3712962962962963 0.024479166666666666 0.03888888888888889
3 0.48385416666666664 0.32685185185185184 0.022916666666666665 0.031481481481481485
8 0.48125 0.2490740740740741 0.030208333333333334 0.05740740740740741
1 0.4934895833333333 0.23240740740740742 0.0067708333333333336 0.016666666666666666
3 0.4513020833333333 0.2800925925925926 0.01614583333333333 0.026851851851851852
3 0.421875 0.32685185185185184 0.019791666666666666 0.02777777777777778
3 0.3833333333333333 0.33472222222222225 0.021875 0.030555555555555558
3 0.41692708333333334 0.2935185185185185 0.01614583333333333 0.02777777777777778
3 0.39140625 0.2884259259259259 0.018229166666666668 0.028703703703703703
3 0.4122395833333333 0.26944444444444443 0.01614583333333333 0.02592592592592593
3 0.41692708333333334 0.24212962962962964 0.011979166666666666 0.019444444444444445
3 0.3848958333333333 0.25324074074074077 0.013541666666666667 0.02314814814814815
3 0.3859375 0.23472222222222222 0.013541666666666667 0.021296296296296296
5 0.40651041666666665 0.22083333333333335 0.0171875 0.028703703703703703
3 0.3768229166666667 0.21712962962962964 0.011979166666666666 0.025
3 0.3932291666666667 0.2125 0.0125 0.017592592592592594
3 0.3924479166666667 0.20046296296296298 0.011979166666666666 0.017592592592592594
5 0.39427083333333335 0.19166666666666668 0.009375 0.016666666666666666
6 0.38828125 0.17916666666666667 0.0067708333333333336 0.015740740740740743
4 0.36796875 0.18888888888888888 0.009895833333333333 0.022222222222222223
3 0.3515625 0.20324074074074075 0.0125 0.021296296296296296
3 0.3609375 0.17962962962962964 0.011458333333333333 0.018518518518518517
3 0.34609375 0.1587962962962963 0.008854166666666666 0.01388888888888889
3 0.32265625 0.13425925925925927 0.008854166666666666 0.012962962962962964
5 0.265625 0.20416666666666666 0.019791666666666666 0.03425925925925926
3 0.2559895833333333 0.2300925925925926 0.0140625 0.017592592592592594
3 0.25885416666666666 0.24583333333333335 0.016666666666666666 0.021296296296296296
5 0.2752604166666667 0.19166666666666668 0.013020833333333334 0.018518518518518517
0 0.22578125 0.1824074074074074 0.0046875 0.020370370370370372
4 0.9145833333333333 0.2449074074074074 0.015625 0.026851851851851852
4 0.9658854166666666 0.3199074074074074 0.024479166666666666 0.032407407407407406
3 0.9760416666666667 0.33333333333333337 0.026041666666666668 0.03333333333333333
3 0.9877604166666667 0.35324074074074074 0.024479166666666666 0.036111111111111115
5 0.17005208333333333 0.40092592592592596 0.058854166666666666 0.05925925925925926
