3 0.9145833333333333 0.6458333333333334 0.06041666666666667 0.03425925925925926
3 0.3302083333333333 0.7689814814814815 0.046875 0.06759259259259259
3 0.38958333333333334 0.7708333333333334 0.04479166666666667 0.075
3 0.44453125 0.7824074074074074 0.043229166666666666 0.07592592592592592
3 0.3515625 0.9421296296296297 0.075 0.11203703703703705
3 0.53125 0.9490740740740741 0.07083333333333333 0.1
3 0.5046875 0.7532407407407408 0.03854166666666667 0.06759259259259259
2 0.3375 0.6787037037037037 0.011458333333333333 0.031481481481481485
2 0.3502604166666667 0.6648148148148149 0.019270833333333334 0.022222222222222223
3 0.3653645833333333 0.7046296296296296 0.04010416666666666 0.0462962962962963
3 0.43359375 0.700462962962963 0.0328125 0.049074074074074076
3 0.37838541666666664 0.6800925925925926 0.03177083333333333 0.04351851851851852
2 0.4731770833333333 0.7444444444444445 0.0109375 0.044444444444444446
1 0.4734375 0.7333333333333334 0.014583333333333334 0.053703703703703705
2 0.4809895833333333 0.712962962962963 0.0109375 0.037037037037037035
1 0.48072916666666665 0.7032407407407407 0.010416666666666666 0.036111111111111115
3 0.4510416666666667 0.6597222222222222 0.025 0.03796296296296296
3 0.4302083333333333 0.6375000000000001 0.022916666666666665 0.036111111111111115
3 0.43906249999999997 0.6157407407407408 0.019791666666666666 0.02777777777777778
2 0.3723958333333333 0.6310185185185185 0.015625 0.019444444444444445
2 0.3796875 0.6208333333333333 0.009375 0.02314814814814815
0 0.39401041666666664 0.6435185185185185 0.008854166666666666 0.03518518518518519
3 0.45286458333333335 0.587962962962963 0.01614583333333333 0.020370370370370372
3 0.44453125 0.5750000000000001 0.013020833333333334 0.016666666666666666
3 0.44869791666666664 0.5671296296296297 0.0109375 0.015740740740740743
3 0.41901041666666666 0.5930555555555556 0.0171875 0.021296296296296296
2 0.40130208333333334 0.6856481481481482 0.0078125 0.030555555555555558
1 0.40208333333333335 0.6759259259259259 0.008333333333333333 0.037037037037037035
9 0.40260416666666665 0.650462962962963 0.008333333333333333 0.025
1 0.403125 0.6416666666666667 0.007291666666666667 0.02777777777777778
1 0.48125 0.6837962962962963 0.008333333333333333 0.032407407407407406
2 0.4770833333333333 0.6717592592592593 0.010416666666666666 0.021296296296296296
0 0.47760416666666666 0.6638888888888889 0.008333333333333333 0.03518518518518519
1 0.4869791666666667 0.6657407407407407 0.00625 0.02777777777777778
1 0.4901041666666667 0.6574074074074074 0.007291666666666667 0.031481481481481485
0 0.40703125 0.6291666666666667 0.0067708333333333336 0.028703703703703703
3 0.40625 0.6212962962962963 0.02395833333333333 0.03333333333333333
3 0.40911458333333334 0.6129629629629629 0.0203125 0.024074074074074074
3 0.09322916666666667 0.9634259259259259 0.165625 0.07314814814814816
