3 0.39140625 0.5916666666666667 0.0328125 0.061111111111111116
3 0.5333333333333333 0.6833333333333333 0.07604166666666666 0.09814814814814815
5 0.33098958333333334 0.8472222222222222 0.1203125 0.3055555555555556
4 0.5096354166666667 0.5069444444444444 0.03177083333333333 0.06574074074074074
1 0.24817708333333333 0.5726851851851852 0.0109375 0.021296296296296296
1 0.2721354166666667 0.5689814814814815 0.009895833333333333 0.026851851851851852
1 0.2825520833333333 0.5620370370370371 0.009895833333333333 0.022222222222222223
1 0.278125 0.5555555555555556 0.011458333333333333 0.02777777777777778
1 0.23984375 0.5421296296296296 0.011979166666666666 0.02314814814814815
2 0.24921875 0.5912037037037037 0.01614583333333333 0.032407407407407406
9 0.2752604166666667 0.587037037037037 0.018229166666666668 0.031481481481481485
9 0.28619791666666666 0.576388888888889 0.0203125 0.03425925925925926
9 0.2421875 0.5560185185185186 0.019791666666666666 0.028703703703703703
3 0.34921875 0.28935185185185186 0.0109375 0.021296296296296296
3 0.3307291666666667 0.27592592592592596 0.011458333333333333 0.020370370370370372
3 0.3770833333333333 0.28240740740740744 0.013541666666666667 0.018518518518518517
3 0.3802083333333333 0.3106481481481482 0.015625 0.021296296296296296
3 0.35963541666666665 0.3365740740740741 0.015104166666666667 0.02314814814814815
3 0.3921875 0.34861111111111115 0.016666666666666666 0.030555555555555558
3 0.39140625 0.2796296296296296 0.011979166666666666 0.018518518518518517
3 0.39557291666666666 0.30092592592592593 0.013020833333333334 0.024074074074074074
3 0.41119791666666666 0.31157407407407406 0.011979166666666666 0.02314814814814815
3 0.4161458333333333 0.33564814814814814 0.015625 0.021296296296296296
3 0.4015625 0.39351851851851855 0.01875 0.03333333333333333
3 0.22682291666666665 0.5111111111111112 0.03802083333333333 0.040740740740740744
3 0.24114583333333334 0.4981481481481482 0.042708333333333334 0.04259259259259259
1 0.12838541666666667 0.5050925925925926 0.0109375 0.030555555555555558
2 0.13020833333333334 0.5166666666666667 0.021875 0.024074074074074074
3 0.06770833333333333 0.4638888888888889 0.03854166666666667 0.044444444444444446
3 0.12239583333333333 0.40694444444444444 0.034375 0.03425925925925926
3 0.12760416666666666 0.47731481481481486 0.04375 0.04537037037037037
8 0.0234375 0.4189814814814815 0.046875 0.09907407407407408
3 0.34270833333333334 0.49583333333333335 0.027083333333333334 0.06018518518518519
3 0.36796875 0.4537037037037037 0.0265625 0.0462962962962963
4 0.42213541666666665 0.4564814814814815 0.025520833333333333 0.0462962962962963
3 0.41041666666666665 0.5023148148148149 0.028125 0.05092592592592593
5 0.46458333333333335 0.39305555555555555 0.057291666666666664 0.09166666666666667
1 0.5528645833333333 0.49212962962962964 0.008854166666666666 0.04166666666666667
2 0.5520833333333334 0.4990740740740741 0.022916666666666665 0.03333333333333333
1 0.5958333333333333 0.5259259259259259 0.007291666666666667 0.04259259259259259
9 0.5942708333333333 0.5263888888888889 0.022916666666666665 0.026851851851851852
3 0.7046875 0.850925925925926 0.096875 0.1
1 0.7294270833333333 0.687962962962963 0.013020833333333334 0.04259259259259259
9 0.7260416666666667 0.7064814814814815 0.03333333333333333 0.040740740740740744
5 0.7635416666666667 0.6134259259259259 0.165625 0.13796296296296298
4 0.8986979166666667 0.7180555555555556 0.08385416666666666 0.08796296296296297
3 0.9700520833333334 0.6958333333333334 0.059895833333333336 0.05648148148148149
4 0.8627604166666667 0.33564814814814814 0.015104166666666667 0.026851851851851852
3 0.9078125 0.40092592592592596 0.021875 0.02777777777777778
3 0.9174479166666667 0.412962962962963 0.0234375 0.02962962962962963
3 0.9302083333333333 0.4300925925925926 0.028125 0.030555555555555558
