3 0.38671875 0.7648148148148148 0.06927083333333334 0.12222222222222223
3 0.31197916666666664 0.8 0.06041666666666667 0.11481481481481481
3 0.20260416666666667 0.6800925925925926 0.04895833333333333 0.10648148148148148
3 0.1265625 0.7699074074074075 0.052083333333333336 0.11388888888888889
3 0.04192708333333333 0.9328703703703705 0.0765625 0.13425925925925927
3 0.02395833333333333 0.7824074074074074 0.046875 0.1277777777777778
3 0.03984375 0.6509259259259259 0.050520833333333334 0.09074074074074075
3 0.11770833333333333 0.5856481481481481 0.04479166666666667 0.08796296296296297
3 0.19166666666666665 0.5546296296296297 0.041666666666666664 0.07962962962962963
4 0.2583333333333333 0.513888888888889 0.03958333333333333 0.07222222222222223
3 0.23619791666666667 0.4625 0.0296875 0.05092592592592593
3 0.1734375 0.40925925925925927 0.030208333333333334 0.05185185185185186
3 0.04192708333333333 0.5546296296296297 0.04114583333333333 0.06851851851851852
3 0.0625 0.4847222222222222 0.035416666666666666 0.06018518518518519
3 0.05911458333333333 0.4365740740740741 0.0390625 0.05277777777777778
3 0.12291666666666666 0.4087962962962963 0.03333333333333333 0.05462962962962963
3 0.20911458333333333 0.3402777777777778 0.028645833333333332 0.04722222222222222
3 0.23723958333333334 0.29814814814814816 0.0234375 0.03518518518518519
3 0.1875 0.2351851851851852 0.01875 0.02962962962962963
3 0.16276041666666666 0.32916666666666666 0.0203125 0.03425925925925926
3 0.12343749999999999 0.3175925925925926 0.026041666666666668 0.04259259259259259
3 0.06901041666666667 0.3939814814814815 0.0296875 0.04537037037037037
3 0.0703125 0.35833333333333334 0.026041666666666668 0.03888888888888889
3 0.075 0.32592592592592595 0.026041666666666668 0.03888888888888889
3 0.07864583333333333 0.30092592592592593 0.025 0.02962962962962963
3 0.08619791666666667 0.2740740740740741 0.022395833333333334 0.037037037037037035
3 0.07864583333333333 0.2625 0.021875 0.036111111111111115
3 0.08541666666666667 0.2439814814814815 0.019791666666666666 0.026851851851851852
3 0.08411458333333333 0.22222222222222224 0.019270833333333334 0.02592592592592593
3 0.08958333333333333 0.20972222222222223 0.017708333333333333 0.026851851851851852
3 0.08723958333333333 0.1925925925925926 0.015104166666666667 0.020370370370370372
3 0.0875 0.1814814814814815 0.017708333333333333 0.020370370370370372
3 0.09635416666666667 0.17824074074074076 0.013541666666666667 0.017592592592592594
3 0.09635416666666667 0.1712962962962963 0.013541666666666667 0.016666666666666666
3 0.09583333333333333 0.16620370370370371 0.013541666666666667 0.01388888888888889
3 0.09322916666666667 0.1574074074074074 0.014583333333333334 0.016666666666666666
3 0.09635416666666667 0.15 0.016666666666666666 0.022222222222222223
3 0.09583333333333333 0.14212962962962963 0.014583333333333334 0.017592592592592594
3 0.0953125 0.13611111111111113 0.013541666666666667 0.016666666666666666
3 0.12005208333333334 0.2606481481481482 0.021354166666666667 0.032407407407407406
3 0.15052083333333333 0.23055555555555557 0.01875 0.02962962962962963
3 0.15208333333333332 0.20972222222222223 0.017708333333333333 0.025
3 0.17135416666666667 0.1851851851851852 0.014583333333333334 0.022222222222222223
3 0.20572916666666666 0.2064814814814815 0.019791666666666666 0.02592592592592593
3 0.19453125 0.17037037037037037 0.018229166666666668 0.02777777777777778
3 0.17838541666666666 0.15462962962962964 0.0140625 0.020370370370370372
3 0.18255208333333334 0.13935185185185187 0.011979166666666666 0.017592592592592594
3 0.16302083333333334 0.1587962962962963 0.014583333333333334 0.02314814814814815
3 0.1453125 0.1763888888888889 0.013541666666666667 0.026851851851851852
3 0.11953124999999999 0.20046296296296298 0.018229166666666668 0.026851851851851852
4 0.12265625 0.1726851851851852 0.0140625 0.026851851851851852
3 0.1203125 0.14583333333333334 0.014583333333333334 0.02314814814814815
3 0.17864583333333334 0.12222222222222223 0.011458333333333333 0.016666666666666666
3 0.16041666666666665 0.12546296296296297 0.0125 0.021296296296296296
3 0.13828125 0.1277777777777778 0.011979166666666666 0.018518518518518517
3 0.12213541666666666 0.11898148148148148 0.0109375 0.015740740740740743
3 0.11640625 0.10833333333333334 0.013020833333333334 0.014814814814814815
3 0.13567708333333334 0.1050925925925926 0.011979166666666666 0.015740740740740743
3 0.15416666666666667 0.11111111111111112 0.009375 0.014814814814814815
1 0.19166666666666665 0.12314814814814816 0.004166666666666667 0.012962962962962964
9 0.19140625 0.12685185185185185 0.0036458333333333334 0.012962962962962964
9 0.19739583333333333 0.10694444444444445 0.004166666666666667 0.010185185185185186
1 0.19609375 0.10324074074074074 0.0036458333333333334 0.008333333333333333
3 0.15442708333333333 0.09490740740740741 0.0109375 0.015740740740740743
3 0.13723958333333333 0.09027777777777778 0.009895833333333333 0.015740740740740743
3 0.12005208333333334 0.08564814814814815 0.008854166666666666 0.01388888888888889
3 0.15104166666666666 0.08333333333333334 0.008333333333333333 0.014814814814814815
3 0.16927083333333334 0.07037037037037037 0.008333333333333333 0.012962962962962964
3 0.16588541666666667 0.06527777777777778 0.0078125 0.010185185185185186
3 0.14817708333333332 0.07222222222222223 0.0078125 0.012962962962962964
3 0.13802083333333334 0.07685185185185185 0.008333333333333333 0.014814814814814815
3 0.14192708333333334 0.06481481481481481 0.0067708333333333336 0.012962962962962964
3 0.14401041666666667 0.05694444444444444 0.009895833333333333 0.010185185185185186
3 0.13020833333333334 0.06435185185185185 0.008333333333333333 0.012037037037037037
3 0.11692708333333333 0.0625 0.0067708333333333336 0.012037037037037037
3 0.11666666666666667 0.055092592592592596 0.00625 0.008333333333333333
3 0.11614583333333334 0.0763888888888889 0.007291666666666667 0.010185185185185186
3 0.2635416666666667 0.09027777777777778 0.015625 0.015740740740740743
3 0.2703125 0.08518518518518518 0.011458333333333333 0.011111111111111112
3 0.26197916666666665 0.08611111111111111 0.011458333333333333 0.012962962962962964
3 0.26848958333333334 0.0837962962962963 0.013020833333333334 0.01388888888888889
4 0.2747395833333333 0.08657407407407408 0.015104166666666667 0.017592592592592594
7 0.28463541666666664 0.08703703703703704 0.011979166666666666 0.012962962962962964
3 0.2942708333333333 0.08611111111111111 0.014583333333333334 0.012962962962962964
3 0.3052083333333333 0.08611111111111111 0.013541666666666667 0.012962962962962964
3 0.32005208333333335 0.08333333333333334 0.015104166666666667 0.012962962962962964
5 0.33515625 0.08194444444444444 0.027604166666666666 0.017592592592592594
3 0.359375 0.08240740740740742 0.017708333333333333 0.014814814814814815
3 0.35625 0.08009259259259259 0.015625 0.015740740740740743
3 0.58125 0.06666666666666667 0.011458333333333333 0.011111111111111112
8 0.38307291666666665 0.07731481481481482 0.034895833333333334 0.032407407407407406
0 0.5244791666666666 0.23194444444444445 0.005208333333333333 0.02314814814814815
0 0.6002604166666666 0.2800925925925926 0.0046875 0.02314814814814815
3 0.13098958333333333 0.051388888888888894 0.0067708333333333336 0.010185185185185186
3 0.13958333333333334 0.04722222222222222 0.007291666666666667 0.009259259259259259
3 0.14010416666666667 0.04351851851851852 0.008333333333333333 0.011111111111111112
3 0.13984375 0.03935185185185185 0.0067708333333333336 0.010185185185185186
3 0.14010416666666667 0.03425925925925926 0.005208333333333333 0.009259259259259259
3 0.128125 0.03888888888888889 0.005208333333333333 0.011111111111111112
3 0.12916666666666665 0.037037037037037035 0.00625 0.009259259259259259
3 0.13541666666666666 0.02314814814814815 0.00625 0.009259259259259259
3 0.13333333333333333 0.016203703703703703 0.005208333333333333 0.008333333333333333
3 0.12526041666666665 0.016203703703703703 0.0046875 0.006481481481481482
4 0.128125 0.030092592592592594 0.00625 0.010185185185185186
3 0.1265625 0.02777777777777778 0.005208333333333333 0.009259259259259259
3 0.1265625 0.024074074074074074 0.004166666666666667 0.007407407407407408
3 0.11901041666666666 0.03287037037037037 0.0067708333333333336 0.008333333333333333
3 0.11848958333333333 0.018055555555555557 0.0067708333333333336 0.008333333333333333
3 0.11145833333333333 0.03888888888888889 0.00625 0.011111111111111112
3 0.10781249999999999 0.030555555555555558 0.00625 0.009259259259259259
3 0.11770833333333333 0.04027777777777778 0.00625 0.010185185185185186
3 0.11588541666666667 0.04490740740740741 0.0067708333333333336 0.012037037037037037
3 0.12161458333333333 0.046759259259259264 0.0067708333333333336 0.012037037037037037
3 0.11562499999999999 0.051388888888888894 0.00625 0.008333333333333333
3 0.11588541666666667 0.010648148148148148 0.0046875 0.008333333333333333
3 0.1125 0.007407407407407408 0.004166666666666667 0.007407407407407408
3 0.11328125 0.004166666666666667 0.0046875 0.006481481481481482
3 0.10807291666666667 0.009259259259259259 0.0046875 0.007407407407407408
1 0.15833333333333333 0.044444444444444446 0.0020833333333333333 0.007407407407407408
1 0.15286458333333333 0.03518518518518519 0.0026041666666666665 0.005555555555555556
1 0.14713541666666666 0.029166666666666667 0.0026041666666666665 0.004629629629629629
1 0.15286458333333333 0.027314814814814816 0.0015625 0.004629629629629629
9 0.14739583333333334 0.031481481481481485 0.0020833333333333333 0.005555555555555556
9 0.153125 0.037037037037037035 0.003125 0.005555555555555556
9 0.15338541666666666 0.029166666666666667 0.0026041666666666665 0.004629629629629629
9 0.15859375 0.0462962962962963 0.0026041666666666665 0.005555555555555556
3 0.0609375 0.075 0.010416666666666666 0.014814814814814815
3 0.06432291666666666 0.06851851851851852 0.0078125 0.011111111111111112
3 0.06380208333333333 0.06574074074074074 0.0078125 0.011111111111111112
3 0.06744791666666666 0.06296296296296297 0.0078125 0.011111111111111112
3 0.06744791666666666 0.06018518518518519 0.0078125 0.011111111111111112
3 0.06848958333333333 0.05555555555555556 0.0078125 0.009259259259259259
3 0.06953125 0.05416666666666667 0.0067708333333333336 0.010185185185185186
3 0.0703125 0.05 0.007291666666666667 0.011111111111111112
3 0.04895833333333333 0.06574074074074074 0.009375 0.012962962962962964
3 0.05703125 0.052314814814814814 0.0078125 0.012037037037037037
3 0.059895833333333336 0.046759259259259264 0.007291666666666667 0.010185185185185186
3 0.06536458333333334 0.04259259259259259 0.0078125 0.009259259259259259
3 0.06432291666666666 0.037037037037037035 0.005729166666666666 0.011111111111111112
3 0.06796875 0.033796296296296297 0.0067708333333333336 0.010185185185185186
3 0.07057291666666667 0.029166666666666667 0.005729166666666666 0.008333333333333333
5 0.07239583333333333 0.020833333333333336 0.010416666666666666 0.02314814814814815
3 0.07682291666666667 0.019444444444444445 0.005729166666666666 0.007407407407407408
3 0.07734375 0.012037037037037037 0.0036458333333333334 0.007407407407407408
3 0.06067708333333333 0.004166666666666667 0.0046875 0.006481481481481482
3 0.061718749999999996 0.002777777777777778 0.0036458333333333334 0.005555555555555556
3 0.059895833333333336 0.011574074074074075 0.005208333333333333 0.006481481481481482
3 0.058854166666666666 0.015277777777777779 0.005208333333333333 0.004629629629629629
3 0.057812499999999996 0.017592592592592594 0.004166666666666667 0.005555555555555556
3 0.05130208333333333 0.016666666666666666 0.0067708333333333336 0.009259259259259259
3 0.03958333333333333 0.030092592592592594 0.00625 0.008333333333333333
3 0.046875 0.031481481481481485 0.00625 0.009259259259259259
5 0.05572916666666666 0.03287037037037037 0.011458333333333333 0.017592592592592594
3 0.04921875 0.0462962962962963 0.0078125 0.012962962962962964
3 0.053125 0.043055555555555555 0.00625 0.010185185185185186
3 0.04348958333333333 0.03796296296296296 0.0067708333333333336 0.011111111111111112
4 0.040625 0.04120370370370371 0.007291666666666667 0.01388888888888889
3 0.035416666666666666 0.04583333333333334 0.00625 0.012037037037037037
8 0.029427083333333333 0.04722222222222222 0.015104166666666667 0.022222222222222223
3 0.042708333333333334 0.05555555555555556 0.008333333333333333 0.011111111111111112
3 0.038802083333333334 0.062037037037037036 0.0078125 0.012962962962962964
3 0.025 0.059722222222222225 0.008333333333333333 0.012037037037037037
3 0.021875 0.06481481481481481 0.008333333333333333 0.011111111111111112
3 0.019010416666666665 0.06898148148148149 0.0078125 0.01388888888888889
3 0.00859375 0.06342592592592593 0.008854166666666666 0.012037037037037037
3 0.0125 0.07361111111111111 0.009375 0.015740740740740743
3 0.005208333333333333 0.08425925925925926 0.010416666666666666 0.016666666666666666
3 0.0328125 0.07037037037037037 0.008333333333333333 0.012962962962962964
3 0.043229166666666666 0.07453703703703704 0.009375 0.01388888888888889
3 0.04114583333333333 0.08287037037037037 0.011458333333333333 0.015740740740740743
3 0.0234375 0.08055555555555556 0.010416666666666666 0.014814814814814815
3 0.019010416666666665 0.08888888888888889 0.011979166666666666 0.014814814814814815
3 0.031510416666666666 0.10046296296296296 0.013020833333333334 0.021296296296296296
3 0.01875 0.12037037037037038 0.013541666666666667 0.018518518518518517
3 0.009635416666666667 0.1439814814814815 0.0171875 0.025
3 0.005208333333333333 0.10925925925925926 0.010416666666666666 0.018518518518518517
0 0.052083333333333336 0.12592592592592594 0.004166666666666667 0.016666666666666666
4 0.11119791666666666 0.021296296296296296 0.005729166666666666 0.009259259259259259
