4 0.7955882352941176 0.8568627450980392 0.12205882352941176 0.28627450980392155
3 0.8860294117647058 0.5777777777777777 0.14705882352941177 0.12549019607843137
3 0.9430147058823529 0.6830065359477123 0.11397058823529412 0.1503267973856209
0 0.8944852941176471 0.761437908496732 0.03161764705882353 0.09542483660130718
1 0.663235294117647 0.6660130718954248 0.026470588235294117 0.07450980392156863
1 0.6705882352941176 0.6594771241830065 0.025 0.09542483660130718
9 0.6713235294117647 0.6725490196078431 0.041176470588235294 0.07712418300653594
1 0.6761029411764706 0.7509803921568627 0.028676470588235293 0.08235294117647059
6 0.6823529411764706 0.7967320261437908 0.05 0.1503267973856209
1 0.6029411764705882 0.8196078431372549 0.03676470588235294 0.12287581699346405
9 0.6018382352941176 0.8294117647058823 0.03897058823529412 0.11372549019607843
0 0.5136029411764705 0.6869281045751634 0.019852941176470587 0.09281045751633986
0 0.5378676470588235 0.6784313725490195 0.03308823529411765 0.09411764705882353
9 0.5389705882352941 0.6993464052287581 0.033823529411764704 0.09411764705882353
1 0.3529411764705882 0.6300653594771242 0.029411764705882353 0.08104575163398692
2 0.3558823529411765 0.649673202614379 0.0661764705882353 0.07581699346405228
1 0.3411764705882353 0.6013071895424836 0.020588235294117647 0.06797385620915032
1 0.35698529411764707 0.592156862745098 0.021323529411764706 0.07581699346405228
9 0.3588235294117647 0.6130718954248365 0.060294117647058824 0.07058823529411765
1 0.21764705882352942 0.592156862745098 0.026470588235294117 0.08366013071895424
9 0.21875 0.6104575163398692 0.0625 0.07058823529411765
3 0.08088235294117647 0.5633986928104575 0.16176470588235295 0.12810457516339868
0 0.22095588235294117 0.9202614379084967 0.04779411764705882 0.12026143790849672
1 0.26176470588235295 0.9326797385620914 0.039705882352941174 0.0326797385620915
3 0.32095588235294115 0.31176470588235294 0.05367647058823529 0.0849673202614379
3 0.4073529411764706 0.24705882352941175 0.03676470588235294 0.07058823529411765
3 0.4088235294117647 0.19607843137254902 0.033823529411764704 0.06013071895424836
3 0.6625 0.3052287581699346 0.044117647058823525 0.06666666666666667
4 0.6444852941176471 0.25555555555555554 0.04485294117647059 0.07450980392156863
3 0.6051470588235294 0.22287581699346404 0.07794117647058824 0.06143790849673202
3 0.5992647058823529 0.19084967320261437 0.0661764705882353 0.0522875816993464
3 0.5944852941176471 0.1679738562091503 0.06397058823529411 0.043137254901960784
4 0.5716911764705882 0.134640522875817 0.04338235294117647 0.04183006535947712
3 0.5650735294117647 0.12483660130718953 0.04926470588235294 0.04052287581699346
0 0.6886029411764706 0.26601307189542484 0.015441176470588236 0.058823529411764705
0 0.6018382352941176 0.2718954248366013 0.015441176470588236 0.054901960784313725
0 0.5746323529411764 0.2529411764705882 0.011029411764705881 0.05359477124183006
0 0.6154411764705883 0.3379084967320261 0.013235294117647059 0.06405228758169934
2 0.6099264705882352 0.35424836601307186 0.021323529411764706 0.047058823529411764
1 0.6305147058823529 0.388235294117647 0.01838235294117647 0.06274509803921569
6 0.6220588235294118 0.40196078431372545 0.060294117647058824 0.05359477124183006
9 0.019852941176470587 0.7117647058823529 0.039705882352941174 0.07450980392156863
7 0.20735294117647057 0.3398692810457516 0.03529411764705882 0.065359477124183
1 0.33602941176470585 0.34117647058823525 0.016176470588235292 0.0522875816993464
9 0.3363970588235294 0.357516339869281 0.013970588235294117 0.04836601307189542
1 0.30073529411764705 0.27320261437908494 0.013235294117647059 0.04183006535947712
9 0.3 0.2901960784313725 0.016176470588235292 0.047058823529411764
1 0.37941176470588234 0.26078431372549016 0.011764705882352941 0.04836601307189542
1 0.3790441176470588 0.261437908496732 0.0125 0.04444444444444444
9 0.38125 0.2764705882352941 0.011029411764705881 0.043137254901960784
7 0.37022058823529413 0.17124183006535945 0.01838235294117647 0.0522875816993464
1 0.3698529411764706 0.1699346405228758 0.014705882352941176 0.03398692810457516
0 0.9308823529411765 0.38692810457516336 0.016176470588235292 0.06274509803921569
0 0.9253676470588235 0.3790849673202614 0.016911764705882352 0.06274509803921569
1 0.9720588235294118 0.3405228758169934 0.016176470588235292 0.04836601307189542
7 0.9474264705882353 0.31699346405228757 0.07426470588235294 0.06143790849673202
1 0.8511029411764706 0.3424836601307189 0.015441176470588236 0.03660130718954248
1 0.8602941176470588 0.34444444444444444 0.014705882352941176 0.04052287581699346
0 0.8709558823529412 0.3156862745098039 0.0125 0.04836601307189542
1 0.8555147058823529 0.32614379084967315 0.011029411764705881 0.0326797385620915
0 0.788235294117647 0.3686274509803921 0.01911764705882353 0.07058823529411765
0 0.8139705882352941 0.3398692810457516 0.016176470588235292 0.04444444444444444
1 0.8033088235294118 0.3679738562091503 0.016911764705882352 0.03529411764705882
9 0.8165441176470588 0.36666666666666664 0.021323529411764706 0.0326797385620915
7 0.8058823529411765 0.3045751633986928 0.07352941176470588 0.07058823529411765
6 0.5474264705882352 0.16928104575163397 0.015441176470588236 0.04052287581699346
1 0.5176470588235293 0.12483660130718953 0.010294117647058823 0.027450980392156862
7 0.5183823529411765 0.14052287581699346 0.013235294117647059 0.0326797385620915
3 0.3154411764705882 0.10718954248366012 0.051470588235294115 0.03660130718954248
4 0.3224264705882353 0.0915032679738562 0.04338235294117647 0.0392156862745098
3 0.3205882352941176 0.0784313725490196 0.051470588235294115 0.03398692810457516
0 0.2863970588235294 0.05947712418300653 0.008088235294117646 0.03529411764705882
9 0.3610294117647059 0.07058823529411765 0.007352941176470588 0.023529411764705882
1 0.2977941176470588 0.03398692810457516 0.007352941176470588 0.0261437908496732
9 0.29963235294117646 0.043137254901960784 0.013970588235294117 0.01568627450980392
3 0.3323529411764706 0.03725490196078431 0.039705882352941174 0.02483660130718954
1 0.46654411764705883 0.0196078431372549 0.005147058823529412 0.023529411764705882
2 0.46654411764705883 0.02483660130718954 0.003676470588235294 0.02091503267973856
0 0.49522058823529413 0.04444444444444444 0.006617647058823529 0.02875816993464052
3 0.49963235294117647 0.02287581699346405 0.03455882352941177 0.03006535947712418
3 0.48566176470588235 0.01568627450980392 0.016911764705882352 0.0261437908496732
9 0.5393382352941176 0.13790849673202613 0.008088235294117646 0.03006535947712418
0 0.38235294117647056 0.00980392156862745 0.007352941176470588 0.0196078431372549
