4 0.3492647058823529 0.7346405228758169 0.0838235294117647 0.0784313725490196
3 0.2863970588235294 0.9437908496732026 0.05367647058823529 0.10718954248366012
3 0.1577205882352941 0.9418300653594771 0.0713235294117647 0.11633986928104574
9 0.07720588235294118 0.7261437908496732 0.026470588235294117 0.027450980392156862
1 0.0801470588235294 0.7137254901960783 0.01764705882352941 0.04183006535947712
9 0.05625 0.6823529411764705 0.030147058823529412 0.03398692810457516
1 0.054411764705882354 0.6712418300653594 0.01764705882352941 0.03790849673202614
1 0.03529411764705882 0.6209150326797385 0.011764705882352941 0.0261437908496732
0 0.01948529411764706 0.6071895424836601 0.016911764705882352 0.04836601307189542
3 0.2161764705882353 0.6686274509803921 0.08823529411764705 0.06928104575163398
2 0.24963235294117647 0.611111111111111 0.013970588235294117 0.050980392156862744
2 0.21176470588235294 0.5581699346405229 0.010294117647058823 0.03660130718954248
2 0.2202205882352941 0.5581699346405229 0.011029411764705881 0.04183006535947712
9 0.2555147058823529 0.5627450980392157 0.0125 0.043137254901960784
4 0.2948529411764706 0.6104575163398692 0.03676470588235294 0.09411764705882353
9 0.33492647058823527 0.5967320261437908 0.02426470588235294 0.05359477124183006
3 0.36727941176470585 0.6450980392156862 0.03602941176470588 0.09281045751633986
3 0.40294117647058825 0.6117647058823529 0.033823529411764704 0.08366013071895424
2 0.35919117647058824 0.5856209150326797 0.021323529411764706 0.03137254901960784
9 0.4389705882352941 0.5549019607843136 0.029411764705882353 0.0326797385620915
1 0.4900735294117647 0.5607843137254902 0.013970588235294117 0.0392156862745098
1 0.5121323529411764 0.5098039215686274 0.008088235294117646 0.03137254901960784
4 0.5691176470588235 0.6633986928104575 0.08970588235294118 0.08235294117647059
6 0.5617647058823529 0.6019607843137255 0.041176470588235294 0.04052287581699346
9 0.5738970588235294 0.5705882352941176 0.025735294117647058 0.03529411764705882
2 0.6275735294117647 0.5673202614379085 0.030147058823529412 0.0261437908496732
9 0.6227941176470588 0.5607843137254902 0.025 0.02875816993464052
9 0.6680147058823529 0.5823529411764705 0.009558823529411765 0.043137254901960784
9 0.6988970588235294 0.5875816993464051 0.0125 0.04836601307189542
2 0.6988970588235294 0.569281045751634 0.027205882352941177 0.0326797385620915
3 0.66875 0.6686274509803921 0.0801470588235294 0.06405228758169934
3 0.7680147058823529 0.6751633986928104 0.08455882352941177 0.06405228758169934
0 0.80625 0.592156862745098 0.013970588235294117 0.04183006535947712
1 0.8312499999999999 0.5836601307189542 0.0125 0.027450980392156862
1 0.8099264705882353 0.5333333333333333 0.0125 0.0261437908496732
2 0.9213235294117647 0.5823529411764705 0.027941176470588233 0.0326797385620915
9 0.8816176470588235 0.6359477124183006 0.013235294117647059 0.0457516339869281
3 0.9944852941176471 0.611111111111111 0.009558823529411765 0.0457516339869281
1 0.9665441176470588 0.6418300653594771 0.008088235294117646 0.02875816993464052
1 0.9735294117647059 0.6294117647058823 0.014705882352941176 0.0457516339869281
5 0.9397058823529412 0.6816993464052287 0.10441176470588236 0.0718954248366013
2 0.8886029411764705 0.8496732026143791 0.0375 0.03660130718954248
0 0.8764705882352941 0.8732026143790849 0.016176470588235292 0.054901960784313725
1 0.8930147058823529 0.8764705882352941 0.016911764705882352 0.0326797385620915
3 0.9378676470588235 0.9607843137254901 0.08161764705882353 0.07581699346405228
3 0.8746323529411765 0.9529411764705882 0.0801470588235294 0.08888888888888888
3 0.7139705882352941 0.9660130718954247 0.045588235294117645 0.06797385620915032
6 0.7308823529411764 0.896078431372549 0.07205882352941176 0.058823529411764705
4 0.6363970588235294 0.872549019607843 0.06985294117647059 0.12156862745098039
3 0.8165441176470588 0.7895424836601307 0.09632352941176471 0.0784313725490196
