3 0.2139705882352941 0.4686274509803921 0.03529411764705882 0.027450980392156862
3 0.36727941176470585 0.43856209150326797 0.0375 0.0326797385620915
3 0.4566176470588235 0.5313725490196078 0.03529411764705882 0.027450980392156862
3 0.5503676470588236 0.5320261437908497 0.0375 0.03137254901960784
4 0.32095588235294115 0.47058823529411764 0.030147058823529412 0.0261437908496732
4 0.42573529411764705 0.46928104575163393 0.030882352941176472 0.023529411764705882
6 0.4411764705882353 0.4202614379084967 0.023529411764705882 0.0196078431372549
4 0.5676470588235294 0.4542483660130719 0.032352941176470584 0.03006535947712418
3 0.4988970588235294 0.7647058823529411 0.016911764705882352 0.06797385620915032
3 0.5011029411764706 0.8555555555555555 0.015441176470588236 0.06928104575163398
3 0.5235294117647059 0.7549019607843137 0.016176470588235292 0.06666666666666667
3 0.5268382352941177 0.8509803921568627 0.01838235294117647 0.07581699346405228
3 0.6628676470588235 0.522875816993464 0.0375 0.03137254901960784
3 0.7558823529411764 0.5254901960784313 0.039705882352941174 0.02875816993464052
3 0.788235294117647 0.5647058823529412 0.03823529411764706 0.03137254901960784
3 0.7400735294117647 0.6019607843137255 0.03602941176470588 0.03006535947712418
3 0.8327205882352942 0.5326797385620915 0.03602941176470588 0.03006535947712418
3 0.756985294117647 0.6627450980392157 0.028676470588235293 0.05751633986928104
3 0.7779411764705882 0.6516339869281045 0.027941176470588233 0.06928104575163398
3 0.7286764705882353 0.6549019607843137 0.032352941176470584 0.06013071895424836
4 0.7139705882352941 0.47320261437908495 0.045588235294117645 0.03137254901960784
4 0.8466911764705882 0.47581699346405226 0.03161764705882353 0.023529411764705882
3 0.4375 0.2026143790849673 0.014705882352941176 0.06013071895424836
3 0.45955882352941174 0.2372549019607843 0.016176470588235292 0.06666666666666667
3 0.4577205882352941 0.14183006535947712 0.013970588235294117 0.06405228758169934
4 0.5863970588235294 0.25816993464052285 0.027205882352941177 0.027450980392156862
0 0.5025735294117647 0.39215686274509803 0.005147058823529412 0.01045751633986928
9 0.6308823529411764 0.01895424836601307 0.013235294117647059 0.0196078431372549
3 0.5779411764705882 0.06013071895424836 0.03529411764705882 0.03398692810457516
3 0.6327205882352941 0.1111111111111111 0.013970588235294117 0.054901960784313725
3 0.6400735294117647 0.5666666666666667 0.03897058823529412 0.0326797385620915
3 0.8036764705882353 0.6464052287581699 0.025 0.06143790849673202
3 0.8268382352941176 0.6464052287581699 0.028676470588235293 0.06143790849673202
3 0.8643382352941177 0.6450980392156862 0.03602941176470588 0.05359477124183006
9 0.24411764705882352 0.6758169934640522 0.007352941176470588 0.023529411764705882
3 0.575735294117647 0.8084967320261437 0.016176470588235292 0.06405228758169934
4 0.5738970588235294 0.90718954248366 0.015441176470588236 0.0784313725490196
3 0.5022058823529412 0.9568627450980391 0.014705882352941176 0.06274509803921569
3 0.5323529411764706 0.9333333333333332 0.023529411764705882 0.07058823529411765
3 0.9886029411764706 0.5392156862745098 0.022794117647058822 0.027450980392156862
3 0.9849264705882352 0.4483660130718954 0.027205882352941177 0.02875816993464052
3 0.8757352941176471 0.38692810457516336 0.039705882352941174 0.04444444444444444
3 0.8397058823529412 0.34705882352941175 0.03529411764705882 0.0457516339869281
3 0.8705882352941177 0.3281045751633987 0.029411764705882353 0.06274509803921569
3 0.8007352941176471 0.3836601307189542 0.030882352941176472 0.04836601307189542
3 0.9165441176470588 0.3588235294117647 0.030147058823529412 0.05620915032679738
3 0.9397058823529412 0.33856209150326794 0.029411764705882353 0.06013071895424836
3 0.9731617647058823 0.3509803921568627 0.022794117647058822 0.06405228758169934
9 0.9378676470588235 0.6522875816993463 0.011029411764705881 0.03137254901960784
9 0.7147058823529412 0.6686274509803921 0.010294117647058823 0.0196078431372549
0 0.6900735294117647 0.6143790849673202 0.006617647058823529 0.01045751633986928
9 0.8113970588235294 0.6019607843137255 0.013970588235294117 0.00915032679738562
1 0.8147058823529412 0.6006535947712418 0.0058823529411764705 0.011764705882352941
3 0.40551470588235294 0.8372549019607842 0.0375 0.043137254901960784
3 0.4011029411764706 0.9124183006535947 0.0375 0.04444444444444444
9 0.4488970588235294 0.8764705882352941 0.006617647058823529 0.02483660130718954
1 0.4496323529411765 0.8790849673202614 0.005147058823529412 0.00915032679738562
0 0.7867647058823529 0.6980392156862745 0.007352941176470588 0.01045751633986928
9 0.8242647058823529 0.7045751633986927 0.011764705882352941 0.02091503267973856
9 0.8264705882352941 0.6895424836601307 0.007352941176470588 0.02483660130718954
3 0.05661764705882353 0.6542483660130719 0.027941176470588233 0.05620915032679738
3 0.10404411764705883 0.6588235294117647 0.028676470588235293 0.06013071895424836
0 0.16397058823529412 0.6986928104575163 0.010294117647058823 0.00915032679738562
9 0.1213235294117647 0.7248366013071895 0.01764705882352941 0.01699346405228758
9 0.033455882352941176 0.7281045751633987 0.008088235294117646 0.0261437908496732
9 0.016544117647058824 0.7248366013071895 0.0125 0.01699346405228758
0 0.5955882352941176 0.9117647058823529 0.007352941176470588 0.0065359477124183
0 0.8095588235294118 0.2549019607843137 0.010294117647058823 0.01045751633986928
7 0.49963235294117647 0.5758169934640522 0.021323529411764706 0.01699346405228758
1 0.5058823529411764 0.5771241830065359 0.004411764705882353 0.011764705882352941
3 0.45698529411764705 0.0673202614379085 0.016911764705882352 0.05359477124183006
9 0.6889705882352941 0.2673202614379085 0.010294117647058823 0.02483660130718954
0 0.6389705882352941 0.4065359477124183 0.008823529411764706 0.00784313725490196
0 0.6738970588235293 0.5980392156862745 0.006617647058823529 0.00915032679738562
9 0.4301470588235294 0.5830065359477123 0.013235294117647059 0.01045751633986928
9 0.6555147058823529 0.42483660130718953 0.015441176470588236 0.00784313725490196
1 0.6566176470588235 0.42287581699346405 0.0058823529411764705 0.011764705882352941
9 0.8801470588235294 0.2633986928104575 0.010294117647058823 0.02483660130718954
9 0.8628676470588236 0.4287581699346405 0.013970588235294117 0.01568627450980392
9 0.7055147058823529 0.5705882352941176 0.013970588235294117 0.011764705882352941
1 0.70625 0.5712418300653594 0.006617647058823529 0.0130718954248366
9 0.5511029411764706 0.49999999999999994 0.0125 0.01437908496732026
