0 0.3474264705882353 0.9045751633986927 0.030147058823529412 0.11764705882352941
0 0.3713235294117647 0.9013071895424836 0.022058823529411763 0.11895424836601307
0 0.39448529411764705 0.892156862745098 0.022794117647058822 0.1111111111111111
0 0.1411764705882353 0.826797385620915 0.026470588235294117 0.09542483660130718
0 0.04742647058823529 0.7189542483660131 0.025735294117647058 0.09934640522875816
1 0.21985294117647058 0.6039215686274509 0.020588235294117647 0.05751633986928104
0 0.16911764705882354 0.4784313725490196 0.01911764705882353 0.0784313725490196
9 0.1514705882352941 0.4241830065359477 0.022058823529411763 0.06405228758169934
0 0.06911764705882353 0.48823529411764705 0.020588235294117647 0.0849673202614379
0 0.04522058823529412 0.484313725490196 0.022794117647058822 0.07973856209150326
0 0.29558823529411765 0.31895424836601305 0.011764705882352941 0.06274509803921569
0 0.3044117647058823 0.32156862745098036 0.010294117647058823 0.06274509803921569
1 0.3613970588235294 0.2901960784313725 0.013970588235294117 0.047058823529411764
1 0.3680147058823529 0.2875816993464052 0.013970588235294117 0.04967320261437908
1 0.37941176470588234 0.2823529411764706 0.01911764705882353 0.0522875816993464
1 0.4139705882352941 0.2718954248366013 0.014705882352941176 0.04444444444444444
1 0.4224264705882353 0.26862745098039215 0.0125 0.0457516339869281
1 0.43713235294117647 0.2620915032679738 0.011029411764705881 0.050980392156862744
0 0.40294117647058825 0.4235294117647059 0.013235294117647059 0.07581699346405228
0 0.6474264705882353 0.45816993464052286 0.013970588235294117 0.050980392156862744
0 0.5985294117647059 0.35359477124183003 0.013235294117647059 0.0718954248366013
0 0.5919117647058824 0.3457516339869281 0.011764705882352941 0.0718954248366013
0 0.5871323529411765 0.3045751633986928 0.011029411764705881 0.04967320261437908
0 0.5768382352941176 0.29084967320261434 0.0125 0.06405228758169934
0 0.5573529411764706 0.29346405228758166 0.013235294117647059 0.06143790849673202
0 0.03161764705882353 0.10784313725490195 0.010294117647058823 0.043137254901960784
0 0.01911764705882353 0.10588235294117647 0.010294117647058823 0.04444444444444444
1 0.04154411764705882 0.10784313725490195 0.009558823529411765 0.043137254901960784
0 0.06360294117647058 0.13790849673202613 0.011029411764705881 0.0457516339869281
0 0.10551470588235294 0.12549019607843137 0.015441176470588236 0.047058823529411764
0 0.011029411764705881 0.19346405228758168 0.014705882352941176 0.054901960784313725
0 0.005514705882352941 0.19673202614379084 0.009558823529411765 0.03006535947712418
0 0.051470588235294115 0.10392156862745097 0.011764705882352941 0.043137254901960784
0 0.06507352941176471 0.1045751633986928 0.011029411764705881 0.047058823529411764
2 0.0900735294117647 0.09411764705882353 0.03161764705882353 0.03398692810457516
2 0.1676470588235294 0.12156862745098039 0.025 0.03137254901960784
0 0.008088235294117646 0.12679738562091503 0.013235294117647059 0.047058823529411764
0 0.014705882352941176 0.130718954248366 0.008823529411764706 0.04183006535947712
0 0.020588235294117647 0.14967320261437908 0.011764705882352941 0.04836601307189542
1 0.0058823529411764705 0.08235294117647059 0.007352941176470588 0.03398692810457516
0 0.03455882352941177 0.0738562091503268 0.008823529411764706 0.03790849673202614
1 0.12279411764705882 0.08758169934640522 0.008823529411764706 0.03398692810457516
1 0.10588235294117647 0.0895424836601307 0.010294117647058823 0.03529411764705882
1 0.4808823529411765 0.2503267973856209 0.011764705882352941 0.050980392156862744
1 0.5378676470588235 0.2372549019607843 0.011029411764705881 0.04836601307189542
0 0.2988970588235294 0.161437908496732 0.009558823529411765 0.04052287581699346
1 0.3426470588235294 0.1437908496732026 0.0058823529411764705 0.01830065359477124
0 0.34816176470588234 0.1477124183006536 0.006617647058823529 0.04183006535947712
0 0.3900735294117647 0.12941176470588234 0.009558823529411765 0.04183006535947712
6 0.375 0.17712418300653593 0.04264705882352941 0.03006535947712418
0 0.37830882352941175 0.16078431372549018 0.006617647058823529 0.02875816993464052
0 0.4970588235294118 0.1588235294117647 0.008823529411764706 0.04836601307189542
0 0.4834558823529412 0.1503267973856209 0.009558823529411765 0.04444444444444444
3 0.5511029411764706 0.1477124183006536 0.06691176470588235 0.0522875816993464
0 0.6911764705882353 0.226797385620915 0.016176470588235292 0.050980392156862744
0 0.7529411764705882 0.27385620915032677 0.010294117647058823 0.058823529411764705
9 0.5672794117647059 0.23464052287581696 0.021323529411764706 0.03529411764705882
9 0.569485294117647 0.2241830065359477 0.021323529411764706 0.03006535947712418
9 0.5908088235294118 0.21830065359477122 0.021323529411764706 0.0392156862745098
0 0.6036764705882353 0.18692810457516337 0.008823529411764706 0.0522875816993464
0 0.6481617647058824 0.16078431372549018 0.009558823529411765 0.047058823529411764
1 0.6371323529411764 0.15947712418300652 0.0125 0.02875816993464052
0 0.6242647058823529 0.26013071895424833 0.010294117647058823 0.03398692810457516
0 0.6183823529411765 0.24509803921568626 0.010294117647058823 0.05359477124183006
0 0.6731617647058823 0.17254901960784313 0.008088235294117646 0.0392156862745098
0 0.6875 0.16862745098039214 0.010294117647058823 0.047058823529411764
0 0.7003676470588235 0.16013071895424835 0.009558823529411765 0.03529411764705882
1 0.7180147058823529 0.14183006535947712 0.009558823529411765 0.03006535947712418
0 0.725 0.11895424836601307 0.007352941176470588 0.04183006535947712
0 0.7415441176470589 0.15359477124183005 0.008088235294117646 0.043137254901960784
1 0.7665441176470588 0.14705882352941174 0.009558823529411765 0.027450980392156862
0 0.7816176470588235 0.12679738562091503 0.010294117647058823 0.047058823529411764
0 0.7415441176470589 0.11830065359477124 0.011029411764705881 0.04836601307189542
0 0.7827205882352941 0.09607843137254901 0.009558823529411765 0.04052287581699346
1 0.8238970588235294 0.1372549019607843 0.006617647058823529 0.02091503267973856
0 0.8290441176470588 0.1457516339869281 0.003676470588235294 0.02222222222222222
0 0.7966911764705882 0.21633986928104573 0.013970588235294117 0.05359477124183006
0 0.8084558823529412 0.19477124183006533 0.009558823529411765 0.0392156862745098
0 0.8147058823529412 0.19477124183006533 0.013235294117647059 0.047058823529411764
0 0.8198529411764706 0.22549019607843135 0.011764705882352941 0.050980392156862744
0 0.8334558823529412 0.23137254901960783 0.013970588235294117 0.0522875816993464
0 0.8301470588235293 0.22483660130718952 0.011764705882352941 0.0522875816993464
1 0.8411764705882353 0.6928104575163399 0.025 0.04967320261437908
1 0.8691176470588236 0.7124183006535947 0.022058823529411763 0.054901960784313725
1 0.8786764705882353 0.6901960784313725 0.020588235294117647 0.0522875816993464
0 0.8727941176470588 0.39215686274509803 0.023529411764705882 0.07320261437908496
0 0.9860294117647058 0.28888888888888886 0.014705882352941176 0.054901960784313725
0 0.9897058823529412 0.2797385620915033 0.014705882352941176 0.06013071895424836
0 0.9345588235294118 0.16666666666666666 0.013235294117647059 0.050980392156862744
0 0.9886029411764706 0.17581699346405227 0.013970588235294117 0.0457516339869281
1 0.9562499999999999 0.1790849673202614 0.0125 0.03137254901960784
1 0.9474264705882353 0.17450980392156862 0.0125 0.03006535947712418
0 0.8566176470588235 0.1803921568627451 0.011764705882352941 0.04444444444444444
0 0.8801470588235294 0.17320261437908496 0.014705882352941176 0.04836601307189542
1 0.8610294117647058 0.09019607843137255 0.007352941176470588 0.0261437908496732
0 0.8444852941176471 0.12745098039215685 0.013970588235294117 0.0457516339869281
0 0.8981617647058824 0.161437908496732 0.016911764705882352 0.04836601307189542
1 0.8948529411764706 0.09934640522875816 0.008823529411764706 0.03137254901960784
1 0.8875 0.10196078431372549 0.007352941176470588 0.02875816993464052
0 0.8613970588235293 0.17058823529411762 0.0125 0.04836601307189542
0 0.8514705882352941 0.13660130718954247 0.010294117647058823 0.043137254901960784
0 0.8555147058823529 0.1411764705882353 0.006617647058823529 0.04444444444444444
0 0.8617647058823529 0.14640522875816991 0.011764705882352941 0.04444444444444444
