3 0.75546875 0.3699074074074074 0.10260416666666666 0.075
4 0.48151041666666666 0.40231481481481485 0.09114583333333333 0.20833333333333334
3 0.3932291666666667 0.2796296296296296 0.04479166666666667 0.0462962962962963
3 0.34791666666666665 0.25972222222222224 0.030208333333333334 0.04166666666666667
3 0.32135416666666666 0.2523148148148148 0.03333333333333333 0.04166666666666667
3 0.3013020833333333 0.2425925925925926 0.028645833333333332 0.037037037037037035
3 0.20026041666666666 0.23842592592592593 0.0359375 0.05462962962962963
3 0.08307291666666666 0.17222222222222222 0.011979166666666666 0.016666666666666666
3 0.10286458333333333 0.18842592592592594 0.01614583333333333 0.025
3 0.06015625 0.275 0.10052083333333334 0.07037037037037037
4 0.17447916666666666 0.26157407407407407 0.04583333333333333 0.07314814814814816
1 0.09375 0.21481481481481482 0.011458333333333333 0.022222222222222223
9 0.09453125 0.2337962962962963 0.013020833333333334 0.030555555555555558
0 0.05859375 0.22268518518518518 0.011979166666666666 0.049074074074074076
2 0.06848958333333333 0.23564814814814816 0.011979166666666666 0.032407407407407406
1 0.04244791666666667 0.20925925925925926 0.009895833333333333 0.022222222222222223
