5 0.17573529411764705 0.9196078431372549 0.045588235294117645 0.10849673202614378
4 0.19191176470588234 0.7542483660130719 0.01764705882352941 0.08104575163398692
2 0.5150735294117647 0.06928104575163398 0.005147058823529412 0.02091503267973856
1 0.5154411764705882 0.06862745098039215 0.004411764705882353 0.01437908496732026
9 0.5838235294117647 0.3607843137254902 0.0058823529411764705 0.03137254901960784
0 0.580514705882353 0.11437908496732026 0.003676470588235294 0.011764705882352941
3 0.55625 0.03202614379084967 0.03308823529411765 0.03006535947712418
0 0.5834558823529412 0.01699346405228758 0.003676470588235294 0.0130718954248366
0 0.5797794117647058 0.01503267973856209 0.005147058823529412 0.01437908496732026
3 0.5514705882352942 0.35947712418300654 0.03529411764705882 0.023529411764705882
9 0.5716911764705882 0.36928104575163395 0.013970588235294117 0.01699346405228758
3 0.5511029411764706 0.38692810457516336 0.03308823529411765 0.03137254901960784
3 0.5525735294117647 0.4418300653594771 0.03308823529411765 0.03137254901960784
3 0.5558823529411765 0.4745098039215686 0.03529411764705882 0.02875816993464052
3 0.5558823529411765 0.5222222222222221 0.03823529411764706 0.03790849673202614
3 0.5588235294117647 0.5627450980392157 0.03823529411764706 0.03006535947712418
0 0.5838235294117647 0.5379084967320261 0.004411764705882353 0.0065359477124183
0 0.5797794117647058 0.5934640522875817 0.005147058823529412 0.01045751633986928
3 0.5522058823529412 0.6254901960784314 0.03823529411764706 0.02483660130718954
3 0.5591911764705882 0.7013071895424836 0.03308823529411765 0.027450980392156862
3 0.5544117647058824 0.8235294117647058 0.03676470588235294 0.02875816993464052
4 0.5246323529411765 0.6627450980392157 0.013970588235294117 0.065359477124183
3 0.5183823529411765 0.9274509803921568 0.014705882352941176 0.06928104575163398
0 0.5893382352941177 0.9058823529411764 0.003676470588235294 0.0130718954248366
3 0.4860294117647059 0.7771241830065359 0.016176470588235292 0.06928104575163398
3 0.4551470588235294 0.7326797385620915 0.016176470588235292 0.06928104575163398
3 0.44926470588235295 0.8764705882352941 0.016176470588235292 0.06928104575163398
9 0.4294117647058823 0.7973856209150326 0.0058823529411764705 0.023529411764705882
1 0.42977941176470585 0.7954248366013071 0.006617647058823529 0.01437908496732026
9 0.4088235294117647 0.90718954248366 0.004411764705882353 0.023529411764705882
0 0.4154411764705882 0.9098039215686274 0.004411764705882353 0.01045751633986928
3 0.06911764705882353 0.503921568627451 0.029411764705882353 0.027450980392156862
3 0.3827205882352941 0.9562091503267973 0.030147058823529412 0.058823529411764705
3 0.21801470588235294 0.6398692810457516 0.019852941176470587 0.05620915032679738
4 0.14926470588235294 0.5026143790849673 0.032352941176470584 0.027450980392156862
3 0.22352941176470587 0.4679738562091503 0.014705882352941176 0.05751633986928104
3 0.2286764705882353 0.30196078431372547 0.01764705882352941 0.065359477124183
3 0.10294117647058823 0.32352941176470584 0.016176470588235292 0.0326797385620915
6 0.1801470588235294 0.42810457516339867 0.013235294117647059 0.050980392156862744
3 0.20551470588235293 0.29084967320261434 0.022794117647058822 0.06143790849673202
0 0.07058823529411765 0.3045751633986928 0.008823529411764706 0.0130718954248366
0 0.06911764705882353 0.365359477124183 0.008823529411764706 0.011764705882352941
3 0.05661764705882353 0.2718954248366013 0.020588235294117647 0.06274509803921569
6 0.040808823529411765 0.31045751633986923 0.01838235294117647 0.0326797385620915
0 0.2099264705882353 0.08104575163398692 0.005147058823529412 0.01568627450980392
0 0.19926470588235293 0.023529411764705882 0.0058823529411764705 0.01568627450980392
5 0.20183823529411765 0.14248366013071895 0.022794117647058822 0.0915032679738562
3 0.3830882352941176 0.8732026143790849 0.039705882352941174 0.03137254901960784
9 0.3963235294117647 0.7908496732026143 0.011764705882352941 0.02091503267973856
3 0.5569852941176471 0.11568627450980391 0.028676470588235293 0.02483660130718954
3 0.5599264705882353 0.17450980392156862 0.028676470588235293 0.03006535947712418
3 0.5547794117647059 0.29346405228758166 0.03161764705882353 0.03006535947712418
3 0.3952205882352941 0.07777777777777778 0.030147058823529412 0.03529411764705882
6 0.3636029411764706 0.0849673202614379 0.009558823529411765 0.03137254901960784
0 0.37426470588235294 0.09542483660130718 0.004411764705882353 0.0130718954248366
3 0.3948529411764706 0.12810457516339868 0.030882352941176472 0.03660130718954248
3 0.41948529411764707 0.28823529411764703 0.01838235294117647 0.06666666666666667
0 0.42867647058823527 0.26274509803921564 0.0058823529411764705 0.0130718954248366
3 0.4452205882352941 0.24313725490196078 0.015441176470588236 0.065359477124183
0 0.5305147058823529 0.3372549019607843 0.003676470588235294 0.01568627450980392
0 0.3922794117647059 0.17712418300653593 0.003676470588235294 0.011764705882352941
0 0.3452205882352941 0.18758169934640523 0.003676470588235294 0.011764705882352941
0 0.45955882352941174 0.5588235294117647 0.004411764705882353 0.011764705882352941
6 0.43823529411764706 0.5764705882352941 0.010294117647058823 0.04183006535947712
1 0.43823529411764706 0.5875816993464051 0.0058823529411764705 0.01699346405228758
3 0.3915441176470588 0.5078431372549019 0.03602941176470588 0.04836601307189542
3 0.38676470588235295 0.5660130718954248 0.03823529411764706 0.03660130718954248
9 0.4125 0.5274509803921569 0.004411764705882353 0.02483660130718954
0 0.44485294117647056 0.6176470588235293 0.004411764705882353 0.02222222222222222
9 0.4154411764705882 0.7875816993464052 0.013235294117647059 0.02483660130718954
0 0.3584558823529412 0.7973856209150326 0.005147058823529412 0.0130718954248366
0 0.3558823529411765 0.7464052287581698 0.0058823529411764705 0.0130718954248366
0 0.3650735294117647 0.5006535947712418 0.003676470588235294 0.00784313725490196
0 0.3613970588235294 0.49803921568627446 0.003676470588235294 0.01045751633986928
6 0.4209558823529412 0.6169934640522875 0.009558823529411765 0.03137254901960784
1 0.4227941176470588 0.6261437908496732 0.004411764705882353 0.01045751633986928
0 0.3488970588235294 0.9130718954248366 0.003676470588235294 0.00915032679738562
0 0.36433823529411763 0.8941176470588235 0.005147058823529412 0.00784313725490196
0 0.36066176470588235 0.8986928104575163 0.003676470588235294 0.0065359477124183
0 0.3713235294117647 0.9339869281045751 0.004411764705882353 0.00915032679738562
0 0.35441176470588237 0.9464052287581699 0.0058823529411764705 0.00784313725490196
0 0.35404411764705884 0.9633986928104574 0.005147058823529412 0.01045751633986928
9 0.5323529411764706 0.03986928104575163 0.004411764705882353 0.03006535947712418
9 0.14816176470588235 0.9392156862745097 0.005147058823529412 0.02483660130718954
