1 0.4552083333333333 0.9444444444444445 0.014583333333333334 0.044444444444444446
1 0.4557291666666667 0.9694444444444444 0.019791666666666666 0.053703703703703705
9 0.45625 0.9712962962962963 0.022916666666666665 0.05740740740740741
2 0.42604166666666665 0.8601851851851852 0.01875 0.061111111111111116
1 0.42552083333333335 0.8407407407407408 0.017708333333333333 0.05555555555555556
3 0.5046875 0.5166666666666667 0.034375 0.07037037037037037
4 0.4666666666666667 0.24629629629629632 0.020833333333333332 0.040740740740740744
7 0.4125 0.27685185185185185 0.014583333333333334 0.03888888888888889
3 0.434375 0.18703703703703706 0.014583333333333334 0.02962962962962963
3 0.37135416666666665 0.1925925925925926 0.03854166666666667 0.02962962962962963
3 0.36822916666666666 0.17222222222222222 0.030208333333333334 0.022222222222222223
3 0.9385416666666666 0.9018518518518519 0.11666666666666667 0.14814814814814814
0 0.4192708333333333 0.08703703703703704 0.005208333333333333 0.018518518518518517
3 0.4328125 0.026851851851851852 0.007291666666666667 0.012962962962962964
3 0.4239583333333333 0.03981481481481482 0.004166666666666667 0.012962962962962964
9 0.42291666666666666 0.06481481481481481 0.004166666666666667 0.011111111111111112
9 0.4265625 0.019444444444444445 0.003125 0.009259259259259259
1 0.42291666666666666 0.062037037037037036 0.004166666666666667 0.012962962962962964
1 0.42604166666666665 0.016666666666666666 0.0020833333333333333 0.011111111111111112
3 0.04895833333333333 0.25925925925925924 0.0375 0.037037037037037035
3 0.08125 0.2537037037037037 0.035416666666666666 0.037037037037037035
3 0.06145833333333333 0.2796296296296296 0.06041666666666667 0.040740740740740744
