3 0.06727941176470588 0.1830065359477124 0.0375 0.03137254901960784
3 0.10183823529411765 0.1111111111111111 0.025735294117647058 0.07320261437908496
3 0.2400735294117647 0.18235294117647058 0.025735294117647058 0.06928104575163398
3 0.31727941176470587 0.13594771241830064 0.022794117647058822 0.06797385620915032
3 0.14816176470588235 0.5104575163398692 0.04779411764705882 0.03529411764705882
3 0.17573529411764705 0.6431372549019607 0.025 0.07581699346405228
3 0.10183823529411765 0.5732026143790849 0.04338235294117647 0.03790849673202614
3 0.11654411764705883 0.5379084967320261 0.04191176470588235 0.03790849673202614
3 0.34705882352941175 0.6320261437908496 0.022058823529411763 0.07973856209150326
3 0.3492647058823529 0.418954248366013 0.020588235294117647 0.06928104575163398
3 0.38786764705882354 0.292156862745098 0.021323529411764706 0.07712418300653594
3 0.3889705882352941 0.3732026143790849 0.01764705882352941 0.06928104575163398
3 0.3900735294117647 0.13856209150326795 0.021323529411764706 0.07058823529411765
3 0.46544117647058825 0.02026143790849673 0.016176470588235292 0.04052287581699346
3 0.4617647058823529 0.13594771241830064 0.016176470588235292 0.06797385620915032
3 0.4948529411764706 0.11699346405228757 0.01764705882352941 0.0718954248366013
3 0.45845588235294116 0.31633986928104574 0.019852941176470587 0.06797385620915032
3 0.49117647058823527 0.2823529411764706 0.01764705882352941 0.06797385620915032
3 0.4926470588235294 0.3705882352941176 0.020588235294117647 0.0718954248366013
3 0.46691176470588236 0.4287581699346405 0.01764705882352941 0.07058823529411765
3 0.4948529411764706 0.5045751633986928 0.01764705882352941 0.07058823529411765
3 0.47095588235294117 0.5359477124183006 0.01838235294117647 0.07058823529411765
3 0.4650735294117647 0.692156862745098 0.016911764705882352 0.07450980392156863
3 0.4930147058823529 0.7 0.016911764705882352 0.07712418300653594
3 0.4650735294117647 0.8202614379084967 0.01838235294117647 0.0718954248366013
3 0.49227941176470585 0.8300653594771241 0.019852941176470587 0.07058823529411765
3 0.5275735294117647 0.9620915032679738 0.01838235294117647 0.07581699346405228
3 0.49669117647058825 0.9849673202614379 0.016911764705882352 0.03006535947712418
3 0.56875 0.8973856209150326 0.01838235294117647 0.06928104575163398
3 0.6672794117647058 0.5823529411764705 0.03455882352941177 0.06666666666666667
3 0.6286764705882353 0.3849673202614379 0.023529411764705882 0.0718954248366013
3 0.6349264705882353 0.226797385620915 0.028676470588235293 0.04836601307189542
4 0.6349264705882353 0.27777777777777773 0.030147058823529412 0.05620915032679738
3 0.7790441176470588 0.6431372549019607 0.0375 0.03660130718954248
3 0.8573529411764705 0.7254901960784313 0.03823529411764706 0.0392156862745098
3 0.8143382352941176 0.7326797385620915 0.04191176470588235 0.0457516339869281
4 0.9448529411764706 0.7254901960784313 0.03676470588235294 0.03398692810457516
3 0.888235294117647 0.1980392156862745 0.020588235294117647 0.06928104575163398
4 0.8389705882352941 0.22156862745098038 0.033823529411764704 0.0326797385620915
3 0.8378676470588236 0.2620915032679738 0.03455882352941177 0.03790849673202614
4 0.8352941176470589 0.29673202614379085 0.032352941176470584 0.03137254901960784
3 0.8349264705882353 0.32941176470588235 0.03308823529411765 0.02875816993464052
3 0.8371323529411765 0.36732026143790847 0.030147058823529412 0.02875816993464052
3 0.7216911764705882 0.5130718954248366 0.0375 0.03790849673202614
3 0.7827205882352941 0.5261437908496732 0.04044117647058824 0.0326797385620915
4 0.9441176470588235 0.5130718954248366 0.033823529411764704 0.03790849673202614
3 0.94375 0.47516339869281043 0.04044117647058824 0.03790849673202614
3 0.9455882352941176 0.43464052287581695 0.041176470588235294 0.03529411764705882
4 0.9529411764705882 0.4032679738562091 0.03529411764705882 0.0326797385620915
5 0.16691176470588234 0.06339869281045751 0.01764705882352941 0.0457516339869281
3 0.9533088235294117 0.28888888888888886 0.03897058823529412 0.03398692810457516
3 0.9466911764705882 0.2156862745098039 0.03897058823529412 0.0392156862745098
3 0.9477941176470588 0.17777777777777776 0.039705882352941174 0.03660130718954248
6 0.9040441176470588 0.730718954248366 0.019852941176470587 0.0261437908496732
