3 0.6816176470588236 0.7359477124183006 0.09411764705882353 0.09673202614379084
3 0.5084558823529411 0.4411764705882353 0.03308823529411765 0.07973856209150326
3 0.6209558823529412 0.2457516339869281 0.027205882352941177 0.06013071895424836
9 0.6716911764705882 0.16732026143790849 0.008088235294117646 0.023529411764705882
3 0.6455882352941177 0.1549019607843137 0.023529411764705882 0.04052287581699346
3 0.21580882352941178 0.5673202614379085 0.04632352941176471 0.11764705882352941
0 0.175 0.19607843137254902 0.010294117647058823 0.03398692810457516
0 0.18455882352941178 0.11307189542483659 0.007352941176470588 0.0326797385620915
0 0.18529411764705883 0.0895424836601307 0.007352941176470588 0.02483660130718954
0 0.1948529411764706 0.11307189542483659 0.0058823529411764705 0.03529411764705882
0 0.2025735294117647 0.11307189542483659 0.008088235294117646 0.03006535947712418
3 0.41360294117647056 0.011764705882352941 0.01838235294117647 0.023529411764705882
0 0.5025735294117647 0.01895424836601307 0.005147058823529412 0.027450980392156862
0 0.5077205882352941 0.02026143790849673 0.003676470588235294 0.03006535947712418
0 0.5294117647058824 0.18366013071895423 0.0058823529411764705 0.03006535947712418
0 0.5246323529411765 0.1915032679738562 0.003676470588235294 0.03529411764705882
0 0.5202205882352942 0.18366013071895423 0.006617647058823529 0.03006535947712418
0 0.5091911764705882 0.17320261437908496 0.006617647058823529 0.03529411764705882
0 0.5154411764705882 0.19934640522875816 0.0058823529411764705 0.03006535947712418
0 0.5106617647058823 0.2006535947712418 0.006617647058823529 0.03006535947712418
1 0.4915441176470588 0.20784313725490194 0.008088235294117646 0.02875816993464052
2 0.49117647058823527 0.21111111111111108 0.0058823529411764705 0.03006535947712418
