1 0.4791666666666667 0.6194444444444445 0.008333333333333333 0.02777777777777778
1 0.31927083333333334 0.6796296296296297 0.011458333333333333 0.037037037037037035
1 0.10781249999999999 0.8185185185185185 0.017708333333333333 0.04814814814814815
1 0.22864583333333333 0.6481481481481481 0.007291666666666667 0.03333333333333333
1 0.23072916666666665 0.6435185185185185 0.011458333333333333 0.031481481481481485
1 0.2713541666666667 0.5398148148148149 0.007291666666666667 0.02777777777777778
1 0.4276041666666667 0.5083333333333333 0.009375 0.024074074074074074
1 0.496875 0.4916666666666667 0.004166666666666667 0.024074074074074074
1 0.296875 0.4851851851851852 0.008333333333333333 0.03333333333333333
1 0.3614583333333333 0.3731481481481482 0.004166666666666667 0.016666666666666666
1 0.36614583333333334 0.37962962962962965 0.007291666666666667 0.022222222222222223
1 0.3807291666666667 0.36574074074074076 0.005208333333333333 0.020370370370370372
1 0.4046875 0.2953703703703704 0.005208333333333333 0.020370370370370372
1 0.6401041666666667 0.9407407407407408 0.026041666666666668 0.07037037037037037
9 0.6411458333333333 0.9592592592592593 0.028125 0.07407407407407407
9 0.4791666666666667 0.6324074074074074 0.0125 0.03888888888888889
9 0.31979166666666664 0.7000000000000001 0.014583333333333334 0.044444444444444446
9 0.11041666666666666 0.8388888888888889 0.027083333333333334 0.05555555555555556
9 0.22916666666666666 0.6601851851851852 0.01875 0.03518518518518519
9 0.20520833333333333 0.5703703703703704 0.025 0.037037037037037035
9 0.27239583333333334 0.5537037037037037 0.013541666666666667 0.03333333333333333
9 0.29635416666666664 0.4898148148148148 0.011458333333333333 0.031481481481481485
9 0.24270833333333333 0.513888888888889 0.020833333333333332 0.024074074074074074
9 0.25625 0.4962962962962963 0.020833333333333332 0.02962962962962963
9 0.2630208333333333 0.47962962962962963 0.015625 0.02592592592592593
9 0.6104166666666666 0.7305555555555556 0.01875 0.07222222222222223
0 0.8375 0.9694444444444444 0.016666666666666666 0.061111111111111116
9 0.428125 0.5212962962962964 0.010416666666666666 0.031481481481481485
9 0.4973958333333333 0.5027777777777778 0.007291666666666667 0.024074074074074074
9 0.36666666666666664 0.3851851851851852 0.008333333333333333 0.018518518518518517
9 0.38177083333333334 0.37222222222222223 0.007291666666666667 0.02592592592592593
9 0.4041666666666667 0.30185185185185187 0.00625 0.018518518518518517
9 0.36041666666666666 0.37962962962962965 0.00625 0.022222222222222223
3 0.3546875 0.4675925925925926 0.03229166666666666 0.053703703703703705
3 0.42343749999999997 0.35833333333333334 0.019791666666666666 0.031481481481481485
0 0.32447916666666665 0.41574074074074074 0.005208333333333333 0.02777777777777778
0 0.440625 0.2851851851851852 0.00625 0.022222222222222223
7 0.5010416666666666 0.3490740740740741 0.0125 0.031481481481481485
3 0.4588541666666667 0.24074074074074076 0.009375 0.018518518518518517
3 0.46197916666666666 0.225 0.009375 0.012962962962962964
3 0.4927083333333333 0.20925925925925926 0.008333333333333333 0.014814814814814815
3 0.5005208333333333 0.19351851851851853 0.007291666666666667 0.009259259259259259
3 0.475 0.1814814814814815 0.00625 0.011111111111111112
6 0.5036458333333333 0.28703703703703703 0.017708333333333333 0.018518518518518517
1 0.49947916666666664 0.28240740740740744 0.005208333333333333 0.012962962962962964
