3 0.9088235294117647 0.9633986928104574 0.15 0.07320261437908496
3 0.8720588235294118 0.8954248366013071 0.13970588235294118 0.09934640522875816
1 0.5632352941176471 0.7470588235294117 0.016176470588235292 0.0457516339869281
9 0.5617647058823529 0.765359477124183 0.01764705882352941 0.06666666666666667
3 0.3518382352941176 0.7601307189542483 0.07720588235294118 0.14509803921568626
7 0.33713235294117644 0.6673202614379085 0.05955882352941176 0.06143790849673202
7 0.3426470588235294 0.6359477124183006 0.0661764705882353 0.06666666666666667
9 0.1625 0.7993464052287581 0.060294117647058824 0.05620915032679738
3 0.3588235294117647 0.5856209150326797 0.09705882352941177 0.07320261437908496
9 0.25845588235294115 0.47516339869281043 0.03308823529411765 0.03790849673202614
4 0.3650735294117647 0.4967320261437908 0.07426470588235294 0.09411764705882353
0 0.2878676470588235 0.45359477124183 0.013970588235294117 0.0522875816993464
0 0.3161764705882353 0.4437908496732026 0.013235294117647059 0.050980392156862744
9 0.2963235294117647 0.38692810457516336 0.029411764705882353 0.03398692810457516
3 0.36323529411764705 0.3529411764705882 0.07058823529411765 0.065359477124183
3 0.3966911764705882 0.2973856209150327 0.025735294117647058 0.058823529411764705
9 0.7216911764705882 0.49346405228758167 0.0375 0.04052287581699346
9 0.7231617647058823 0.4679738562091503 0.01838235294117647 0.03660130718954248
0 0.6922794117647059 0.43267973856209146 0.006617647058823529 0.04183006535947712
0 0.6900735294117647 0.41699346405228754 0.009558823529411765 0.0392156862745098
9 0.6926470588235294 0.4235294117647059 0.020588235294117647 0.0392156862745098
6 0.6790441176470589 0.4418300653594771 0.028676470588235293 0.07581699346405228
0 0.6297794117647059 0.39215686274509803 0.011029411764705881 0.04967320261437908
0 0.6205882352941177 0.3908496732026144 0.010294117647058823 0.04444444444444444
0 0.5963235294117647 0.3405228758169934 0.008823529411764706 0.043137254901960784
9 0.6702205882352941 0.33202614379084966 0.02426470588235294 0.02875816993464052
0 0.6647058823529411 0.32091503267973853 0.008823529411764706 0.03790849673202614
0 0.6566176470588235 0.32156862745098036 0.007352941176470588 0.0392156862745098
9 0.6643382352941176 0.29084967320261434 0.021323529411764706 0.02222222222222222
9 0.6628676470588235 0.28104575163398693 0.019852941176470587 0.023529411764705882
9 0.6216911764705882 0.19999999999999998 0.016911764705882352 0.023529411764705882
9 0.6128676470588236 0.14052287581699346 0.0125 0.02222222222222222
2 0.6194852941176471 0.16078431372549018 0.015441176470588236 0.01830065359477124
3 0.575 0.2241830065359477 0.027941176470588233 0.04052287581699346
3 0.5665441176470588 0.14836601307189543 0.021323529411764706 0.03790849673202614
3 0.3680147058823529 0.14183006535947712 0.016911764705882352 0.0326797385620915
3 0.3922794117647059 0.13856209150326795 0.01838235294117647 0.03398692810457516
0 0.39705882352941174 0.16732026143790849 0.0058823529411764705 0.03137254901960784
3 0.4158088235294118 0.14836601307189543 0.019852941176470587 0.0326797385620915
3 0.5463235294117647 0.11307189542483659 0.016176470588235292 0.0326797385620915
3 0.5496323529411765 0.09019607843137255 0.016911764705882352 0.03137254901960784
0 0.5305147058823529 0.10718954248366012 0.008088235294117646 0.02875816993464052
0 0.5819852941176471 0.07777777777777778 0.006617647058823529 0.02483660130718954
3 0.5669117647058823 0.04052287581699346 0.014705882352941176 0.023529411764705882
3 0.5547794117647059 0.0196078431372549 0.013970588235294117 0.02091503267973856
0 0.5566176470588236 0.0065359477124183 0.0029411764705882353 0.0130718954248366
0 0.5496323529411765 0.00849673202614379 0.003676470588235294 0.01699346405228758
3 0.5415441176470588 0.03333333333333333 0.0125 0.02222222222222222
3 0.5036764705882353 0.01699346405228758 0.013235294117647059 0.02091503267973856
3 0.43529411764705883 0.07973856209150326 0.03823529411764706 0.02875816993464052
3 0.3941176470588235 0.0895424836601307 0.03529411764705882 0.03006535947712418
2 0.37977941176470587 0.11045751633986928 0.008088235294117646 0.02222222222222222
7 0.37316176470588236 0.09477124183006536 0.011029411764705881 0.0326797385620915
4 0.4411764705882353 0.04444444444444444 0.025 0.02875816993464052
5 0.44227941176470587 0.01568627450980392 0.028676470588235293 0.0261437908496732
3 0.45 0.00849673202614379 0.023529411764705882 0.01699346405228758
0 0.46838235294117647 0.0065359477124183 0.004411764705882353 0.0130718954248366
1 0.4860294117647059 0.00718954248366013 0.004411764705882353 0.01437908496732026
2 0.4860294117647059 0.01437908496732026 0.0029411764705882353 0.0130718954248366
