3 0.30494791666666665 0.7861111111111111 0.04010416666666666 0.07962962962962963
3 0.4114583333333333 0.7375 0.042708333333333334 0.0787037037037037
3 0.5184895833333333 0.8023148148148148 0.05572916666666666 0.08240740740740742
4 0.62421875 0.9101851851851852 0.07447916666666667 0.10925925925925926
3 0.34479166666666666 0.9625 0.04895833333333333 0.075
3 0.2625 0.9625 0.04479166666666667 0.075
3 0.45468749999999997 0.650462962962963 0.03333333333333333 0.049074074074074076
3 0.3450520833333333 0.6175925925925926 0.0296875 0.05740740740740741
3 0.5143229166666666 0.688425925925926 0.04739583333333333 0.06944444444444445
3 0.5791666666666666 0.7324074074074074 0.053125 0.07407407407407407
4 0.71640625 0.9555555555555556 0.0828125 0.08888888888888889
8 0.6473958333333333 0.7305555555555556 0.12604166666666666 0.20370370370370372
2 0.13203125 0.9222222222222223 0.0109375 0.0462962962962963
1 0.13072916666666667 0.9064814814814816 0.014583333333333334 0.05185185185185186
0 0.030989583333333334 0.6523148148148148 0.013020833333333334 0.03796296296296296
3 0.5171875 0.6143518518518519 0.03333333333333333 0.04537037037037037
8 0.5190104166666667 0.5458333333333334 0.0671875 0.10833333333333334
3 0.4453125 0.5550925925925926 0.029166666666666667 0.03796296296296296
3 0.40572916666666664 0.5328703703703704 0.026041666666666668 0.03425925925925926
3 0.45703125 0.524537037037037 0.027604166666666666 0.036111111111111115
8 0.4591145833333333 0.45925925925925926 0.049479166666666664 0.08148148148148149
3 0.39375 0.4962962962962963 0.022916666666666665 0.031481481481481485
3 0.40234375 0.46851851851851856 0.021354166666666667 0.02962962962962963
3 0.41744791666666664 0.45462962962962966 0.021354166666666667 0.02962962962962963
3 0.37838541666666664 0.46064814814814814 0.0203125 0.026851851851851852
3 0.38046875 0.41111111111111115 0.018229166666666668 0.02592592592592593
8 0.3575520833333333 0.40324074074074073 0.0359375 0.06759259259259259
3 0.3833333333333333 0.3939814814814815 0.015625 0.021296296296296296
3 0.37135416666666665 0.3689814814814815 0.0125 0.017592592592592594
3 0.33880208333333334 0.3824074074074074 0.0140625 0.020370370370370372
8 0.2838541666666667 0.36388888888888893 0.026041666666666668 0.053703703703703705
3 0.33229166666666665 0.3611111111111111 0.013541666666666667 0.018518518518518517
3 0.35390625 0.3472222222222222 0.015104166666666667 0.018518518518518517
8 0.3609375 0.3231481481481482 0.022916666666666665 0.040740740740740744
3 0.33203125 0.33564814814814814 0.011979166666666666 0.017592592592592594
3 0.31796875 0.3402777777777778 0.013020833333333334 0.017592592592592594
3 0.32526041666666666 0.3194444444444445 0.0109375 0.014814814814814815
3 0.30625 0.3175925925925926 0.011458333333333333 0.014814814814814815
3 0.3307291666666667 0.3074074074074074 0.010416666666666666 0.014814814814814815
3 0.3125 0.2986111111111111 0.010416666666666666 0.01388888888888889
3 0.31666666666666665 0.287962962962963 0.010416666666666666 0.012962962962962964
8 0.259375 0.45046296296296295 0.03125 0.08425925925925926
3 0.25390625 0.40370370370370373 0.0140625 0.02962962962962963
3 0.24817708333333333 0.3740740740740741 0.011979166666666666 0.02777777777777778
3 0.32369791666666664 0.2800925925925926 0.008854166666666666 0.012037037037037037
3 0.29791666666666666 0.27592592592592596 0.008333333333333333 0.012962962962962964
2 0.78125 0.7592592592592593 0.021875 0.037037037037037035
1 0.7838541666666666 0.750462962962963 0.010416666666666666 0.03796296296296296
2 0.6609375 0.674074074074074 0.0125 0.02962962962962963
1 0.6622395833333333 0.6638888888888889 0.008854166666666666 0.03333333333333333
9 0.7294270833333333 0.7175925925925927 0.01614583333333333 0.03333333333333333
1 0.7317708333333334 0.7055555555555556 0.007291666666666667 0.031481481481481485
9 0.75625 0.725 0.01875 0.02777777777777778
1 0.7580729166666667 0.712037037037037 0.008854166666666666 0.02592592592592593
2 0.7059895833333333 0.6509259259259259 0.019270833333333334 0.020370370370370372
1 0.70859375 0.6430555555555556 0.009895833333333333 0.04166666666666667
9 0.6075520833333333 0.5675925925925926 0.0109375 0.020370370370370372
1 0.6072916666666667 0.5615740740740741 0.008333333333333333 0.028703703703703703
9 0.6013020833333333 0.5625 0.009895833333333333 0.019444444444444445
1 0.6015625 0.5550925925925926 0.004166666666666667 0.025
2 0.5919270833333333 0.5194444444444445 0.015104166666666667 0.020370370370370372
0 0.5966145833333333 0.5046296296296297 0.0067708333333333336 0.02777777777777778
9 0.5651041666666666 0.4953703703703704 0.013541666666666667 0.018518518518518517
9 0.07916666666666666 0.5675925925925926 0.019791666666666666 0.022222222222222223
1 0.07682291666666667 0.562962962962963 0.005729166666666666 0.03333333333333333
9 0.07005208333333333 0.5597222222222222 0.0140625 0.019444444444444445
0 0.06927083333333334 0.5523148148148148 0.008333333333333333 0.025
3 0.04192708333333333 0.5481481481481482 0.0546875 0.037037037037037035
0 0.04739583333333333 0.4666666666666667 0.005208333333333333 0.024074074074074074
3 0.303125 0.2662037037037037 0.008333333333333333 0.010185185185185186
3 0.3109375 0.2611111111111111 0.007291666666666667 0.011111111111111112
3 0.2903645833333333 0.26342592592592595 0.0078125 0.012037037037037037
3 0.29661458333333335 0.25416666666666665 0.0078125 0.010185185185185186
3 0.275 0.250462962962963 0.007291666666666667 0.010185185185185186
4 0.029947916666666668 0.4810185185185185 0.05260416666666667 0.032407407407407406
9 0.00859375 0.5842592592592593 0.0171875 0.022222222222222223
1 0.005989583333333333 0.5782407407407407 0.008854166666666666 0.026851851851851852
2 0.010677083333333334 0.5703703703703704 0.019270833333333334 0.014814814814814815
1 0.009114583333333334 0.5606481481481481 0.0067708333333333336 0.028703703703703703
3 0.012239583333333333 0.5240740740740741 0.024479166666666666 0.040740740740740744
3 0.01015625 0.4986111111111111 0.0203125 0.028703703703703703
0 0.03567708333333333 0.44722222222222224 0.0067708333333333336 0.024074074074074074
2 0.20729166666666665 0.43703703703703706 0.005208333333333333 0.014814814814814815
1 0.20703125 0.4300925925925926 0.0046875 0.017592592592592594
9 0.1953125 0.4175925925925926 0.00625 0.014814814814814815
1 0.19557291666666665 0.41250000000000003 0.005729166666666666 0.015740740740740743
