3 0.12316176470588235 0.0522875816993464 0.022794117647058822 0.02875816993464052
3 0.2150735294117647 0.12549019607843137 0.027205882352941177 0.03660130718954248
3 0.2665441176470588 0.15098039215686274 0.022794117647058822 0.0326797385620915
3 0.30367647058823527 0.049019607843137254 0.01911764705882353 0.027450980392156862
3 0.33786764705882355 0.00915032679738562 0.015441176470588236 0.01830065359477124
4 0.1213235294117647 0.19673202614379084 0.041176470588235294 0.07450980392156863
8 0.28088235294117647 0.27581699346405225 0.054411764705882354 0.11764705882352941
3 0.3514705882352941 0.9411764705882353 0.0661764705882353 0.11764705882352941
3 0.43933823529411764 0.9294117647058823 0.06544117647058824 0.1411764705882353
3 0.5216911764705883 0.8738562091503267 0.0713235294117647 0.19477124183006533
3 0.3139705882352941 0.7026143790849673 0.08676470588235294 0.14509803921568626
3 0.37426470588235294 0.7542483660130719 0.0661764705882353 0.15163398692810456
3 0.40698529411764706 0.6248366013071895 0.04632352941176471 0.09673202614379084
3 0.5209558823529412 0.6901960784313725 0.05514705882352941 0.14901960784313725
3 0.5066176470588235 0.5562091503267973 0.044117647058823525 0.09281045751633986
3 0.5176470588235293 0.46470588235294114 0.03529411764705882 0.08235294117647059
3 0.45698529411764705 0.5947712418300654 0.04632352941176471 0.10980392156862745
4 0.4488970588235294 0.7294117647058823 0.06102941176470588 0.1830065359477124
3 0.4540441176470588 0.49281045751633984 0.03897058823529412 0.08627450980392157
3 0.4488970588235294 0.4058823529411764 0.03308823529411765 0.07450980392156863
3 0.40441176470588236 0.38235294117647056 0.03529411764705882 0.07450980392156863
8 0.3805147058823529 0.4895424836601307 0.10367647058823529 0.22614379084967318
3 0.45073529411764707 0.3326797385620915 0.032352941176470584 0.06143790849673202
3 0.42169117647058824 0.2771241830065359 0.03308823529411765 0.054901960784313725
3 0.4573529411764706 0.2718954248366013 0.027941176470588233 0.047058823529411764
3 0.49227941176470585 0.28431372549019607 0.028676470588235293 0.05359477124183006
5 0.51875 0.3503267973856209 0.05220588235294118 0.12810457516339868
3 0.49338235294117644 0.1830065359477124 0.026470588235294117 0.04183006535947712
0 0.40588235294117647 0.21241830065359477 0.0058823529411764705 0.03790849673202614
0 0.41691176470588237 0.18692810457516337 0.0058823529411764705 0.03660130718954248
3 0.47830882352941173 0.13398692810457516 0.022794117647058822 0.03790849673202614
3 0.4606617647058823 0.22941176470588234 0.027205882352941177 0.050980392156862744
3 0.4183823529411765 0.17843137254901958 0.023529411764705882 0.04052287581699346
3 0.4224264705882353 0.21503267973856208 0.025735294117647058 0.0457516339869281
3 0.46102941176470585 0.19607843137254902 0.027941176470588233 0.04183006535947712
3 0.4698529411764706 0.08823529411764705 0.01911764705882353 0.03006535947712418
3 0.4400735294117647 0.1437908496732026 0.025735294117647058 0.04444444444444444
8 0.4400735294117647 0.07973856209150326 0.03161764705882353 0.08104575163398692
5 0.4727941176470588 0.03398692810457516 0.026470588235294117 0.06797385620915032
5 0.4415441176470588 0.02483660130718954 0.022794117647058822 0.04967320261437908
3 0.7165441176470588 0.013725490196078431 0.03455882352941177 0.01699346405228758
3 0.7286764705882353 0.02287581699346405 0.03529411764705882 0.027450980392156862
3 0.7588235294117647 0.04640522875816993 0.04264705882352941 0.0326797385620915
3 0.8077205882352941 0.00980392156862745 0.03897058823529412 0.0196078431372549
3 0.8176470588235294 0.025490196078431372 0.029411764705882353 0.0196078431372549
3 0.8242647058823529 0.03202614379084967 0.032352941176470584 0.0196078431372549
3 0.8386029411764706 0.04052287581699346 0.04191176470588235 0.023529411764705882
3 0.8558823529411764 0.05359477124183006 0.044117647058823525 0.0261437908496732
3 0.8297794117647058 0.09542483660130718 0.04044117647058824 0.04183006535947712
3 0.8915441176470588 0.029411764705882353 0.04044117647058824 0.027450980392156862
3 0.9694852941176471 0.04379084967320261 0.03602941176470588 0.0326797385620915
3 0.9808823529411764 0.013725490196078431 0.030882352941176472 0.02222222222222222
3 0.9647058823529412 0.00980392156862745 0.032352941176470584 0.0196078431372549
