3 0.4864583333333333 0.2777777777777778 0.0125 0.02592592592592593
3 0.47812499999999997 0.31574074074074077 0.014583333333333334 0.02777777777777778
3 0.5 0.4342592592592593 0.027083333333333334 0.0462962962962963
1 0.40208333333333335 0.4666666666666667 0.008333333333333333 0.02592592592592593
9 0.40260416666666665 0.4851851851851852 0.009375 0.018518518518518517
7 0.43072916666666666 0.4537037037037037 0.017708333333333333 0.05555555555555556
1 0.5260416666666666 0.5092592592592593 0.008333333333333333 0.02592592592592593
9 0.5265625 0.5259259259259259 0.009375 0.022222222222222223
6 0.5427083333333333 0.5564814814814815 0.01875 0.05
3 0.4979166666666667 0.5740740740740741 0.025 0.05555555555555556
1 0.4401041666666667 0.55 0.011458333333333333 0.02592592592592593
9 0.440625 0.5675925925925926 0.010416666666666666 0.03518518518518519
1 0.42552083333333335 0.5472222222222223 0.015625 0.031481481481481485
9 0.42343749999999997 0.562962962962963 0.011458333333333333 0.037037037037037035
1 0.32916666666666666 0.7185185185185186 0.01875 0.040740740740740744
9 0.3260416666666667 0.7518518518518519 0.01875 0.044444444444444446
7 0.4354166666666667 0.7611111111111112 0.027083333333333334 0.11851851851851852
1 0.5880208333333333 0.8 0.015625 0.044444444444444446
9 0.5864583333333333 0.8175925925925926 0.016666666666666666 0.061111111111111116
1 0.5276041666666667 0.6268518518518519 0.015625 0.03518518518518519
9 0.5276041666666667 0.6490740740740741 0.011458333333333333 0.03518518518518519
1 0.5567708333333333 0.9416666666666667 0.017708333333333333 0.061111111111111116
9 0.5546875 0.9648148148148149 0.019791666666666666 0.06666666666666667
9 0.8624999999999999 0.9398148148148149 0.04791666666666666 0.053703703703703705
9 0.7625 0.9824074074074074 0.05416666666666667 0.03518518518518519
9 0.746875 0.9555555555555556 0.04583333333333333 0.04814814814814815
9 0.8572916666666667 0.9148148148148149 0.04583333333333333 0.044444444444444446
