3 0.140625 0.9217592592592593 0.078125 0.1212962962962963
3 0.22604166666666667 0.8921296296296297 0.06354166666666666 0.1175925925925926
3 0.31640625 0.8282407407407407 0.0484375 0.08796296296296297
3 0.34921875 0.7282407407407407 0.0421875 0.075
3 0.5442708333333334 0.7564814814814815 0.030208333333333334 0.05740740740740741
0 0.51171875 0.7347222222222223 0.005729166666666666 0.03981481481481482
0 0.5231770833333333 0.7222222222222222 0.0078125 0.04814814814814815
3 0.5447916666666667 0.6814814814814815 0.028125 0.06296296296296297
3 0.5458333333333333 0.6189814814814815 0.026041666666666668 0.05092592592592593
4 0.5395833333333333 0.563425925925926 0.019791666666666666 0.04351851851851852
3 0.54140625 0.5240740740740741 0.018229166666666668 0.037037037037037035
3 0.5416666666666666 0.49259259259259264 0.0125 0.024074074074074074
3 0.5385416666666667 0.46481481481481485 0.015625 0.03518518518518519
3 0.5388020833333333 0.4388888888888889 0.0140625 0.022222222222222223
3 0.5388020833333333 0.4240740740740741 0.013020833333333334 0.018518518518518517
3 0.5359375 0.4083333333333333 0.013541666666666667 0.02592592592592593
3 0.53671875 0.3912037037037037 0.0109375 0.019444444444444445
5 0.39166666666666666 0.46805555555555556 0.042708333333333334 0.09907407407407408
3 0.28880208333333335 0.5486111111111112 0.033854166666666664 0.04722222222222222
9 0.259375 0.6041666666666667 0.011458333333333333 0.03796296296296296
1 0.25807291666666665 0.5944444444444444 0.008854166666666666 0.018518518518518517
7 0.54921875 0.9703703703703704 0.0265625 0.05925925925925926
9 0.409375 0.3800925925925926 0.005208333333333333 0.019444444444444445
5 0.4466145833333333 0.3425925925925926 0.021354166666666667 0.05
3 0.48984374999999997 0.39490740740740743 0.013020833333333334 0.019444444444444445
3 0.5283854166666666 0.3175925925925926 0.013020833333333334 0.020370370370370372
3 0.5229166666666667 0.3111111111111111 0.008333333333333333 0.014814814814814815
4 0.5234375 0.30092592592592593 0.007291666666666667 0.012962962962962964
3 0.52109375 0.29074074074074074 0.0078125 0.011111111111111112
3 0.5151041666666667 0.2777777777777778 0.007291666666666667 0.011111111111111112
4 0.51953125 0.2847222222222222 0.005729166666666666 0.012037037037037037
3 0.5158854166666667 0.2657407407407408 0.0067708333333333336 0.011111111111111112
3 0.5145833333333333 0.2606481481481482 0.00625 0.008333333333333333
5 0.46458333333333335 0.3 0.017708333333333333 0.037037037037037035
3 0.4669270833333333 0.2555555555555556 0.008854166666666666 0.014814814814814815
3 0.4713541666666667 0.22916666666666669 0.008333333333333333 0.015740740740740743
9 0.5018229166666667 0.2337962962962963 0.0015625 0.004629629629629629
3 0.4890625 0.18796296296296297 0.004166666666666667 0.005555555555555556
3 0.4828125 0.17685185185185187 0.003125 0.005555555555555556
9 0.5052083333333334 0.2939814814814815 0.0020833333333333333 0.008333333333333333
9 0.5122395833333333 0.300462962962963 0.0015625 0.008333333333333333
