3 0.3011029411764706 0.8542483660130719 0.07573529411764705 0.16339869281045752
9 0.3136029411764706 0.730718954248366 0.03455882352941177 0.05751633986928104
3 0.34705882352941175 0.6901960784313725 0.07058823529411765 0.09934640522875816
3 0.34816176470588234 0.5797385620915032 0.0375 0.0849673202614379
3 0.39705882352941174 0.5967320261437908 0.039705882352941174 0.10065359477124182
5 0.34411764705882353 0.5078431372549019 0.08676470588235294 0.06143790849673202
3 0.3779411764705882 0.46013071895424834 0.06323529411764706 0.07058823529411765
3 0.375 0.40457516339869276 0.032352941176470584 0.06928104575163398
3 0.3191176470588235 0.3725490196078431 0.061764705882352944 0.04444444444444444
0 0.3558823529411765 0.31699346405228757 0.008823529411764706 0.03790849673202614
3 0.34191176470588236 0.296078431372549 0.054411764705882354 0.03790849673202614
3 0.3900735294117647 0.2901960784313725 0.04779411764705882 0.04183006535947712
4 0.4007352941176471 0.24771241830065358 0.023529411764705882 0.05359477124183006
3 0.41066176470588234 0.230718954248366 0.0375 0.03529411764705882
3 0.3625 0.21633986928104573 0.045588235294117645 0.03790849673202614
3 0.41360294117647056 0.20392156862745098 0.021323529411764706 0.03398692810457516
3 0.4139705882352941 0.18169934640522875 0.01911764705882353 0.03137254901960784
1 0.4606617647058823 0.2045751633986928 0.006617647058823529 0.0196078431372549
6 0.4606617647058823 0.21045751633986925 0.009558823529411765 0.03137254901960784
3 0.43124999999999997 0.16666666666666666 0.027205882352941177 0.03006535947712418
3 0.43419117647058825 0.13856209150326795 0.028676470588235293 0.02875816993464052
3 0.44338235294117645 0.1261437908496732 0.030882352941176472 0.0326797385620915
3 0.4319852941176471 0.11437908496732026 0.025735294117647058 0.027450980392156862
3 0.4338235294117647 0.10261437908496732 0.030882352941176472 0.02483660130718954
0 0.45036764705882354 0.10522875816993463 0.005147058823529412 0.01699346405228758
4 0.43786764705882353 0.07712418300653594 0.028676470588235293 0.0261437908496732
9 0.4360294117647059 0.0869281045751634 0.011764705882352941 0.00915032679738562
3 0.43823529411764706 0.0522875816993464 0.011764705882352941 0.0130718954248366
3 0.4411764705882353 0.07124183006535947 0.032352941176470584 0.0196078431372549
3 0.4441176470588235 0.065359477124183 0.026470588235294117 0.02091503267973856
3 0.4566176470588235 0.05751633986928104 0.016176470588235292 0.023529411764705882
3 0.4455882352941176 0.0457516339869281 0.026470588235294117 0.02091503267973856
3 0.41691176470588237 0.0326797385620915 0.025 0.023529411764705882
3 0.4602941176470588 0.03137254901960784 0.013235294117647059 0.02091503267973856
3 0.4713235294117647 0.04379084967320261 0.014705882352941176 0.02483660130718954
3 0.4779411764705882 0.01503267973856209 0.011764705882352941 0.0196078431372549
3 0.47941176470588237 0.03137254901960784 0.011764705882352941 0.02091503267973856
3 0.524264705882353 0.00915032679738562 0.010294117647058823 0.01568627450980392
3 0.5338235294117647 0.01437908496732026 0.023529411764705882 0.01830065359477124
3 0.5481617647058823 0.0065359477124183 0.015441176470588236 0.0130718954248366
3 0.5625 0.0058823529411764705 0.013235294117647059 0.011764705882352941
4 0.5246323529411765 0.02483660130718954 0.016911764705882352 0.023529411764705882
3 0.5319852941176471 0.03529411764705882 0.03161764705882353 0.01568627450980392
3 0.5330882352941176 0.04183006535947712 0.029411764705882353 0.02091503267973856
3 0.5264705882352941 0.04640522875816993 0.027941176470588233 0.02222222222222222
3 0.5025735294117647 0.04183006535947712 0.013970588235294117 0.02091503267973856
3 0.5286764705882353 0.05620915032679738 0.020588235294117647 0.023529411764705882
3 0.5352941176470588 0.06993464052287582 0.013235294117647059 0.02222222222222222
3 0.4963235294117647 0.08627450980392157 0.014705882352941176 0.0261437908496732
3 0.5294117647058824 0.08300653594771241 0.025 0.02222222222222222
3 0.5297794117647059 0.09542483660130718 0.03161764705882353 0.0261437908496732
3 0.53125 0.11045751633986928 0.028676470588235293 0.02483660130718954
3 0.5393382352941176 0.1196078431372549 0.027205882352941177 0.03006535947712418
3 0.5628676470588235 0.12091503267973855 0.027205882352941177 0.02483660130718954
4 0.5709558823529411 0.13137254901960782 0.0375 0.0326797385620915
9 0.580514705882353 0.14509803921568626 0.013970588235294117 0.02091503267973856
3 0.5566176470588236 0.1457516339869281 0.027941176470588233 0.02222222222222222
3 0.5580882352941177 0.15555555555555556 0.03529411764705882 0.0261437908496732
4 0.544485294117647 0.16405228758169935 0.03455882352941177 0.0326797385620915
3 0.5290441176470588 0.17320261437908496 0.04044117647058824 0.03790849673202614
3 0.5419117647058823 0.18627450980392155 0.03529411764705882 0.03006535947712418
3 0.5485294117647058 0.20196078431372547 0.033823529411764704 0.03006535947712418
3 0.544485294117647 0.23398692810457514 0.04485294117647059 0.03660130718954248
3 0.4768382352941176 0.16013071895424835 0.01838235294117647 0.0326797385620915
0 0.5393382352941176 0.38431372549019605 0.009558823529411765 0.04444444444444444
1 0.45551470588235293 0.6758169934640522 0.013970588235294117 0.04967320261437908
9 0.45625 0.6947712418300653 0.011029411764705881 0.058823529411764705
0 0.3977941176470588 0.9869281045751633 0.01764705882352941 0.0261437908496732
3 0.6724264705882352 0.9307189542483659 0.05661764705882353 0.13856209150326795
2 0.7705882352941177 0.9830065359477124 0.045588235294117645 0.03398692810457516
2 0.7661764705882352 0.9405228758169935 0.04264705882352941 0.050980392156862744
9 0.7566176470588235 0.8372549019607842 0.04264705882352941 0.058823529411764705
0 0.7095588235294118 0.7895424836601307 0.016176470588235292 0.07058823529411765
0 0.7238970588235294 0.7915032679738562 0.015441176470588236 0.06143790849673202
9 0.7345588235294117 0.6895424836601307 0.023529411764705882 0.04836601307189542
9 0.7363970588235293 0.6692810457516339 0.019852941176470587 0.047058823529411764
0 0.5878676470588236 0.6993464052287581 0.011029411764705881 0.054901960784313725
0 0.5981617647058823 0.7052287581699346 0.013970588235294117 0.05620915032679738
3 0.6227941176470588 0.6849673202614378 0.04264705882352941 0.1045751633986928
3 0.6165441176470589 0.5875816993464051 0.03897058823529412 0.0849673202614379
0 0.7349264705882352 0.5758169934640522 0.009558823529411765 0.0457516339869281
9 0.711764705882353 0.5647058823529412 0.010294117647058823 0.04444444444444444
9 0.6867647058823529 0.545751633986928 0.025 0.03790849673202614
9 0.7106617647058824 0.534640522875817 0.011029411764705881 0.0392156862745098
9 0.680514705882353 0.5156862745098039 0.016911764705882352 0.043137254901960784
9 0.6882352941176471 0.5078431372549019 0.023529411764705882 0.03529411764705882
9 0.69375 0.4986928104575163 0.015441176470588236 0.03790849673202614
9 0.6698529411764705 0.45751633986928103 0.026470588235294117 0.02875816993464052
3 0.60625 0.5013071895424837 0.03602941176470588 0.06928104575163398
3 0.5683823529411764 0.4679738562091503 0.030882352941176472 0.06274509803921569
3 0.6158088235294118 0.44052287581699345 0.06544117647058824 0.07320261437908496
3 0.575 0.365359477124183 0.05 0.058823529411764705
3 0.5735294117647058 0.330718954248366 0.058823529411764705 0.04183006535947712
3 0.5816176470588236 0.3052287581699346 0.055882352941176466 0.043137254901960784
3 0.5959558823529412 0.29084967320261434 0.05514705882352941 0.03790849673202614
0 0.59375 0.26078431372549016 0.006617647058823529 0.027450980392156862
3 0.5893382352941177 0.257516339869281 0.04485294117647059 0.03660130718954248
3 0.6 0.24509803921568626 0.041176470588235294 0.0326797385620915
3 0.5926470588235294 0.23267973856209148 0.047058823529411764 0.03398692810457516
1 0.5959558823529412 0.20980392156862743 0.008088235294117646 0.01699346405228758
0 0.5904411764705882 0.19999999999999998 0.004411764705882353 0.02875816993464052
2 0.5908088235294118 0.1679738562091503 0.016911764705882352 0.02222222222222222
0 0.5838235294117647 0.10980392156862745 0.0058823529411764705 0.01830065359477124
1 0.5547794117647059 0.10392156862745097 0.005147058823529412 0.01699346405228758
1 0.5647058823529412 0.10392156862745097 0.004411764705882353 0.01437908496732026
4 0.39742647058823527 0.01503267973856209 0.01838235294117647 0.02483660130718954
