2 0.027941176470588233 0.9156862745098039 0.044117647058823525 0.06143790849673202
2 0.047058823529411764 0.8934640522875816 0.033823529411764704 0.05359477124183006
9 0.013602941176470588 0.7712418300653594 0.025735294117647058 0.06797385620915032
1 0.011397058823529411 0.75359477124183 0.021323529411764706 0.0718954248366013
0 0.0974264705882353 0.6830065359477123 0.016911764705882352 0.06928104575163398
0 0.16323529411764706 0.6470588235294117 0.011764705882352941 0.05751633986928104
0 0.1738970588235294 0.6385620915032679 0.0125 0.06143790849673202
0 0.18860294117647058 0.6398692810457516 0.006617647058823529 0.06405228758169934
0 0.18786764705882353 0.6326797385620915 0.009558823529411765 0.054901960784313725
0 0.18860294117647058 0.6359477124183006 0.008088235294117646 0.05620915032679738
2 0.13970588235294118 0.5823529411764705 0.022058823529411763 0.04052287581699346
0 0.14595588235294119 0.5738562091503268 0.009558823529411765 0.047058823529411764
1 0.1400735294117647 0.5640522875816993 0.0125 0.0457516339869281
0 0.21985294117647058 0.46732026143790845 0.010294117647058823 0.043137254901960784
0 0.3025735294117647 0.5052287581699346 0.009558823529411765 0.043137254901960784
0 0.19595588235294117 0.4745098039215686 0.008088235294117646 0.04183006535947712
0 0.20220588235294118 0.4745098039215686 0.008823529411764706 0.047058823529411764
0 0.27242647058823527 0.4084967320261438 0.0125 0.0457516339869281
0 0.28125 0.3588235294117647 0.009558823529411765 0.043137254901960784
0 0.2922794117647059 0.3588235294117647 0.013970588235294117 0.043137254901960784
0 0.2863970588235294 0.3372549019607843 0.008088235294117646 0.0392156862745098
0 0.2948529411764706 0.33464052287581697 0.007352941176470588 0.04183006535947712
0 0.21764705882352942 0.3196078431372549 0.011764705882352941 0.03790849673202614
0 0.1713235294117647 0.33137254901960783 0.010294117647058823 0.04052287581699346
0 0.26838235294117646 0.296078431372549 0.007352941176470588 0.03529411764705882
0 0.3297794117647059 0.322875816993464 0.009558823529411765 0.04183006535947712
0 0.33455882352941174 0.3222222222222222 0.008823529411764706 0.04052287581699346
0 0.38125 0.3222222222222222 0.008088235294117646 0.03790849673202614
0 0.38345588235294115 0.31045751633986923 0.006617647058823529 0.03529411764705882
0 0.42977941176470585 0.3222222222222222 0.006617647058823529 0.03529411764705882
0 0.4319852941176471 0.3196078431372549 0.005147058823529412 0.03790849673202614
0 0.44191176470588234 0.32418300653594767 0.007352941176470588 0.0392156862745098
0 0.513235294117647 0.32091503267973853 0.0058823529411764705 0.03790849673202614
0 0.5231617647058824 0.3202614379084967 0.008088235294117646 0.0392156862745098
0 0.5830882352941177 0.3202614379084967 0.007352941176470588 0.03137254901960784
0 0.5856617647058824 0.3202614379084967 0.005147058823529412 0.03398692810457516
0 0.5970588235294118 0.32745098039215687 0.0058823529411764705 0.027450980392156862
0 0.6224264705882353 0.330718954248366 0.006617647058823529 0.03137254901960784
1 0.6235294117647059 0.32418300653594767 0.004411764705882353 0.01830065359477124
0 0.7051470588235293 0.32614379084967315 0.008823529411764706 0.03790849673202614
0 0.7525735294117647 0.3372549019607843 0.009558823529411765 0.04444444444444444
0 0.7639705882352941 0.3254901960784313 0.010294117647058823 0.03660130718954248
0 0.8290441176470588 0.526797385620915 0.016911764705882352 0.05751633986928104
0 0.8147058823529412 0.484313725490196 0.014705882352941176 0.050980392156862744
0 0.8025735294117647 0.3790849673202614 0.008088235294117646 0.04444444444444444
0 0.8220588235294117 0.38888888888888884 0.008823529411764706 0.04052287581699346
0 0.8323529411764706 0.39477124183006534 0.010294117647058823 0.04444444444444444
0 0.8441176470588235 0.4666666666666666 0.008823529411764706 0.04183006535947712
0 0.8529411764705882 0.45751633986928103 0.010294117647058823 0.04967320261437908
0 0.8632352941176471 0.47320261437908495 0.008823529411764706 0.04444444444444444
0 0.8650735294117647 0.4183006535947712 0.008088235294117646 0.03660130718954248
0 0.8158088235294118 0.5869281045751633 0.0125 0.05751633986928104
2 0.8599264705882352 0.6522875816993463 0.03161764705882353 0.0392156862745098
8 0.7540441176470588 0.8398692810457515 0.19191176470588234 0.3071895424836601
3 0.26691176470588235 0.9326797385620914 0.08235294117647059 0.10065359477124182
3 0.3205882352941176 0.7941176470588235 0.07058823529411765 0.13986928104575164
3 0.4036764705882353 0.80718954248366 0.06323529411764706 0.13986928104575164
3 0.3338235294117647 0.6777777777777777 0.06470588235294117 0.09281045751633986
3 0.45441176470588235 0.6594771241830065 0.05 0.09281045751633986
3 0.49411764705882355 0.5869281045751633 0.03823529411764706 0.07581699346405228
3 0.43786764705882353 0.5797385620915032 0.04338235294117647 0.09281045751633986
3 0.39375 0.5771241830065359 0.04044117647058824 0.06928104575163398
3 0.34558823529411764 0.5006535947712418 0.04264705882352941 0.054901960784313725
3 0.3805147058823529 0.5104575163398692 0.03308823529411765 0.05620915032679738
3 0.4525735294117647 0.5169934640522875 0.028676470588235293 0.06143790849673202
3 0.5014705882352941 0.49999999999999994 0.027941176470588233 0.05620915032679738
3 0.39963235294117644 0.46993464052287576 0.025735294117647058 0.043137254901960784
3 0.4279411764705882 0.4738562091503268 0.027941176470588233 0.04836601307189542
3 0.4661764705882353 0.45555555555555555 0.025 0.043137254901960784
3 0.4349264705882353 0.4313725490196078 0.02426470588235294 0.0392156862745098
3 0.47352941176470587 0.4084967320261438 0.020588235294117647 0.03790849673202614
3 0.49522058823529413 0.3908496732026144 0.019852941176470587 0.03398692810457516
3 0.4488970588235294 0.39673202614379083 0.019852941176470587 0.03529411764705882
3 0.41066176470588234 0.4202614379084967 0.025735294117647058 0.03790849673202614
3 0.4753676470588235 0.3784313725490196 0.016911764705882352 0.0326797385620915
3 0.4474264705882353 0.37189542483660126 0.01838235294117647 0.03006535947712418
3 0.5584558823529412 0.44705882352941173 0.02426470588235294 0.0392156862745098
3 0.6253676470588235 0.5418300653594771 0.030147058823529412 0.050980392156862744
3 0.5919117647058824 0.4418300653594771 0.026470588235294117 0.04183006535947712
3 0.6275735294117647 0.45032679738562087 0.027205882352941177 0.03790849673202614
3 0.6227941176470588 0.41437908496732023 0.023529411764705882 0.03137254901960784
2 0.6400735294117647 0.42156862745098034 0.006617647058823529 0.02483660130718954
1 0.6400735294117647 0.4163398692810457 0.006617647058823529 0.03006535947712418
3 0.6507352941176471 0.41503267973856206 0.01764705882352941 0.0326797385620915
3 0.6441176470588236 0.3941176470588235 0.022058823529411763 0.027450980392156862
3 0.6036764705882353 0.3915032679738562 0.01911764705882353 0.03006535947712418
3 0.5775735294117647 0.40196078431372545 0.02426470588235294 0.03790849673202614
0 0.6746323529411765 0.4065359477124183 0.011029411764705881 0.02875816993464052
0 0.6808823529411765 0.426797385620915 0.008823529411764706 0.03529411764705882
9 0.6808823529411765 0.49084967320261436 0.010294117647058823 0.03006535947712418
1 0.6816176470588236 0.48235294117647054 0.010294117647058823 0.02875816993464052
0 0.7106617647058824 0.4660130718954248 0.008088235294117646 0.03790849673202614
0 0.6966911764705882 0.45032679738562087 0.005147058823529412 0.03529411764705882
0 0.7371323529411764 0.492156862745098 0.009558823529411765 0.043137254901960784
0 0.7397058823529412 0.47973856209150323 0.0058823529411764705 0.03660130718954248
1 0.7294117647058823 0.4594771241830065 0.010294117647058823 0.02222222222222222
0 0.6900735294117647 0.41764705882352937 0.005147058823529412 0.03529411764705882
0 0.6827205882352941 0.4111111111111111 0.006617647058823529 0.03006535947712418
0 0.6863970588235294 0.40196078431372545 0.006617647058823529 0.02483660130718954
9 0.7959558823529411 0.5019607843137255 0.022794117647058822 0.023529411764705882
2 0.7801470588235294 0.49019607843137253 0.011764705882352941 0.03137254901960784
3 0.3136029411764706 0.28104575163398693 0.02426470588235294 0.01568627450980392
0 0.33125 0.29281045751633983 0.003676470588235294 0.02091503267973856
3 0.34448529411764706 0.27058823529411763 0.009558823529411765 0.01568627450980392
3 0.3264705882352941 0.265359477124183 0.010294117647058823 0.01568627450980392
3 0.3338235294117647 0.257516339869281 0.010294117647058823 0.01568627450980392
3 0.31948529411764703 0.2549019607843137 0.011029411764705881 0.01830065359477124
3 0.3573529411764706 0.28169934640522876 0.022058823529411763 0.01699346405228758
8 0.43161764705882355 0.2856209150326797 0.01764705882352941 0.03790849673202614
3 0.5691176470588235 0.3679738562091503 0.01764705882352941 0.027450980392156862
3 0.5470588235294117 0.30588235294117644 0.011764705882352941 0.01568627450980392
2 0.3051470588235294 0.47124183006535947 0.020588235294117647 0.02222222222222222
2 0.29301470588235295 0.47320261437908495 0.016911764705882352 0.023529411764705882
2 0.3058823529411765 0.4660130718954248 0.020588235294117647 0.0196078431372549
2 0.3058823529411765 0.4633986928104575 0.01911764705882353 0.027450980392156862
0 0.3386029411764706 0.4549019607843137 0.006617647058823529 0.02875816993464052
0 0.29558823529411765 0.4483660130718954 0.010294117647058823 0.023529411764705882
9 0.3397058823529412 0.38627450980392153 0.0058823529411764705 0.02222222222222222
1 0.3400735294117647 0.3764705882352941 0.008088235294117646 0.023529411764705882
3 0.6088235294117647 0.29346405228758166 0.020588235294117647 0.02222222222222222
0 0.6238970588235294 0.3111111111111111 0.005147058823529412 0.01568627450980392
3 0.5227941176470589 0.2954248366013072 0.010294117647058823 0.01568627450980392
3 0.5055147058823529 0.2915032679738562 0.0125 0.01568627450980392
3 0.4970588235294118 0.2823529411764706 0.011764705882352941 0.0130718954248366
3 0.5194852941176471 0.2869281045751634 0.011029411764705881 0.01437908496732026
3 0.5227941176470589 0.27908496732026145 0.011764705882352941 0.01437908496732026
3 0.5073529411764706 0.2771241830065359 0.010294117647058823 0.01568627450980392
3 0.49080882352941174 0.27385620915032677 0.011029411764705881 0.011764705882352941
3 0.49669117647058825 0.26862745098039215 0.011029411764705881 0.01437908496732026
3 0.48125 0.26862745098039215 0.009558823529411765 0.011764705882352941
3 0.4900735294117647 0.2647058823529412 0.008088235294117646 0.011764705882352941
3 0.4753676470588235 0.2633986928104575 0.009558823529411765 0.011764705882352941
3 0.5165441176470588 0.265359477124183 0.0125 0.01568627450980392
8 0.49926470588235294 0.24705882352941175 0.020588235294117647 0.02875816993464052
3 0.46875 0.257516339869281 0.009558823529411765 0.01045751633986928
3 0.46433823529411766 0.2542483660130719 0.009558823529411765 0.011764705882352941
3 0.4588235294117647 0.2522875816993464 0.008823529411764706 0.0130718954248366
3 0.4727941176470588 0.2522875816993464 0.008823529411764706 0.01045751633986928
3 0.4926470588235294 0.31045751633986923 0.013235294117647059 0.0196078431372549
3 0.4852941176470588 0.292156862745098 0.013235294117647059 0.0196078431372549
3 0.45441176470588235 0.3111111111111111 0.011764705882352941 0.01830065359477124
3 0.4522058823529412 0.30130718954248364 0.013235294117647059 0.01699346405228758
3 0.45 0.29346405228758166 0.011764705882352941 0.0196078431372549
3 0.4466911764705882 0.2901960784313725 0.011029411764705881 0.01568627450980392
3 0.44448529411764703 0.28169934640522876 0.011029411764705881 0.01437908496732026
3 0.47205882352941175 0.30849673202614375 0.011764705882352941 0.01830065359477124
3 0.46948529411764706 0.30196078431372547 0.011029411764705881 0.01830065359477124
3 0.46544117647058825 0.296078431372549 0.011764705882352941 0.01699346405228758
3 0.46838235294117647 0.28823529411764703 0.010294117647058823 0.01437908496732026
3 0.45808823529411763 0.28366013071895424 0.010294117647058823 0.01568627450980392
3 0.4536764705882353 0.27843137254901956 0.008823529411764706 0.0130718954248366
4 0.4514705882352941 0.27320261437908494 0.010294117647058823 0.0130718954248366
3 0.33125 0.23137254901960783 0.016911764705882352 0.01045751633986928
3 0.38235294117647056 0.23986928104575161 0.013235294117647059 0.011764705882352941
3 0.5845588235294118 0.27124183006535946 0.020588235294117647 0.01437908496732026
3 0.5761029411764705 0.265359477124183 0.01838235294117647 0.01568627450980392
3 0.5669117647058823 0.2633986928104575 0.016176470588235292 0.01437908496732026
3 0.5610294117647059 0.261437908496732 0.016176470588235292 0.0130718954248366
