3 0.6397058823529411 0.8346405228758169 0.051470588235294115 0.10849673202614378
4 0.5970588235294118 0.8339869281045751 0.04852941176470588 0.08888888888888888
3 0.5213235294117647 0.9405228758169935 0.07794117647058824 0.07712418300653594
3 0.5025735294117647 0.8856209150326797 0.0713235294117647 0.07450980392156863
4 0.4904411764705882 0.8326797385620914 0.06470588235294117 0.08104575163398692
3 0.44705882352941173 0.6915032679738562 0.039705882352941174 0.0784313725490196
3 0.49816176470588236 0.6274509803921569 0.04779411764705882 0.07581699346405228
4 0.5558823529411765 0.6032679738562091 0.03823529411764706 0.06928104575163398
3 0.5808823529411765 0.596078431372549 0.039705882352941174 0.05751633986928104
2 0.6172794117647059 0.630718954248366 0.01838235294117647 0.02483660130718954
2 0.5974264705882353 0.6379084967320261 0.016911764705882352 0.02091503267973856
3 0.3676470588235294 0.8986928104575163 0.05 0.11633986928104574
4 0.3161764705882353 0.9346405228758169 0.032352941176470584 0.10196078431372549
3 0.2577205882352941 0.90718954248366 0.03602941176470588 0.11241830065359476
3 0.30625 0.8098039215686273 0.03455882352941177 0.09803921568627451
3 0.30477941176470585 0.6875816993464052 0.030147058823529412 0.06797385620915032
3 0.22647058823529412 0.7104575163398692 0.03676470588235294 0.0849673202614379
3 0.2349264705882353 0.5986928104575163 0.030147058823529412 0.06797385620915032
3 0.28823529411764703 0.545751633986928 0.026470588235294117 0.04836601307189542
4 0.23933823529411766 0.5156862745098039 0.025735294117647058 0.06666666666666667
3 0.27904411764705883 0.46470588235294114 0.02426470588235294 0.050980392156862744
3 0.23786764705882352 0.4490196078431372 0.02426470588235294 0.05359477124183006
3 0.2783088235294118 0.37973856209150325 0.01838235294117647 0.03529411764705882
4 0.3154411764705882 0.38692810457516336 0.023529411764705882 0.04183006535947712
0 0.3095588235294118 0.4065359477124183 0.008823529411764706 0.03137254901960784
3 0.3088235294117647 0.3457516339869281 0.01911764705882353 0.0326797385620915
3 0.2959558823529412 0.3091503267973856 0.016911764705882352 0.03006535947712418
3 0.2580882352941176 0.33856209150326794 0.020588235294117647 0.03398692810457516
3 0.2113970588235294 0.3732026143790849 0.025735294117647058 0.03790849673202614
3 0.1860294117647059 0.44248366013071894 0.01911764705882353 0.0457516339869281
3 0.15036764705882352 0.4725490196078431 0.02426470588235294 0.0457516339869281
4 0.13529411764705881 0.5366013071895425 0.04852941176470588 0.06143790849673202
5 0.1738970588235294 0.5830065359477123 0.03308823529411765 0.10718954248366012
5 0.18161764705882352 0.6666666666666666 0.041176470588235294 0.10196078431372549
3 0.12022058823529412 0.6392156862745098 0.0625 0.04967320261437908
6 0.12610294117647058 0.4869281045751634 0.03308823529411765 0.03790849673202614
3 0.07904411764705882 0.35686274509803917 0.019852941176470587 0.0392156862745098
3 0.1150735294117647 0.3549019607843137 0.022794117647058822 0.04052287581699346
4 0.16654411764705881 0.38431372549019605 0.019852941176470587 0.04967320261437908
5 0.07463235294117647 0.28823529411764703 0.05661764705882353 0.03790849673202614
5 0.13272058823529412 0.27777777777777773 0.05514705882352941 0.03790849673202614
5 0.12941176470588234 0.2620915032679738 0.04852941176470588 0.03790849673202614
4 0.07830882352941176 0.09215686274509803 0.015441176470588236 0.0196078431372549
3 0.1275735294117647 0.22026143790849673 0.016911764705882352 0.03006535947712418
3 0.1338235294117647 0.1849673202614379 0.014705882352941176 0.02222222222222222
3 0.13566176470588234 0.1699346405228758 0.013970588235294117 0.023529411764705882
3 0.1588235294117647 0.22614379084967318 0.014705882352941176 0.02875816993464052
3 0.2577205882352941 0.2941176470588235 0.015441176470588236 0.0261437908496732
3 0.2610294117647059 0.2568627450980392 0.014705882352941176 0.02483660130718954
3 0.2933823529411765 0.2594771241830065 0.016176470588235292 0.03006535947712418
5 0.28860294117647056 0.22614379084967318 0.016911764705882352 0.04444444444444444
3 0.2827205882352941 0.19019607843137254 0.0125 0.0196078431372549
4 0.28125 0.17124183006535945 0.0125 0.0261437908496732
3 0.2514705882352941 0.18366013071895423 0.014705882352941176 0.02483660130718954
3 0.24926470588235294 0.15359477124183005 0.011764705882352941 0.0196078431372549
4 0.1889705882352941 0.23267973856209148 0.023529411764705882 0.03660130718954248
3 0.19411764705882353 0.2091503267973856 0.013235294117647059 0.023529411764705882
3 0.19669117647058823 0.1895424836601307 0.013970588235294117 0.023529411764705882
5 0.1963235294117647 0.15555555555555556 0.01764705882352941 0.04444444444444444
3 0.22426470588235295 0.12156862745098039 0.010294117647058823 0.02091503267973856
5 0.24338235294117647 0.11633986928104574 0.01911764705882353 0.0392156862745098
3 0.22352941176470587 0.08169934640522876 0.008823529411764706 0.01699346405228758
3 0.20441176470588235 0.05424836601307189 0.008823529411764706 0.01699346405228758
3 0.23860294117647057 0.027450980392156862 0.008088235294117646 0.0130718954248366
5 0.2389705882352941 0.050980392156862744 0.010294117647058823 0.0261437908496732
5 0.24779411764705883 0.03006535947712418 0.007352941176470588 0.0130718954248366
5 0.27058823529411763 0.12026143790849672 0.016176470588235292 0.03398692810457516
5 0.2665441176470588 0.07973856209150326 0.013970588235294117 0.03398692810457516
5 0.2636029411764706 0.058823529411764705 0.013970588235294117 0.02875816993464052
5 0.2595588235294118 0.043137254901960784 0.013235294117647059 0.02875816993464052
4 0.25625 0.01699346405228758 0.008088235294117646 0.02091503267973856
3 0.15661764705882353 0.08104575163398692 0.01764705882352941 0.01568627450980392
3 0.16397058823529412 0.0522875816993464 0.010294117647058823 0.01830065359477124
3 0.3492647058823529 0.5581699346405229 0.026470588235294117 0.05751633986928104
3 0.7529411764705882 0.5111111111111111 0.03676470588235294 0.047058823529411764
3 0.7761029411764706 0.5071895424836601 0.03897058823529412 0.0522875816993464
3 0.8018382352941177 0.4967320261437908 0.03897058823529412 0.054901960784313725
3 0.6430147058823529 0.40457516339869276 0.04338235294117647 0.043137254901960784
3 0.3503676470588235 0.24640522875816992 0.015441176470588236 0.027450980392156862
4 0.34301470588235294 0.18627450980392155 0.015441176470588236 0.03790849673202614
3 0.3352941176470588 0.15816993464052287 0.013235294117647059 0.023529411764705882
3 0.3301470588235294 0.13594771241830064 0.013235294117647059 0.01830065359477124
3 0.34448529411764706 0.12091503267973855 0.022794117647058822 0.02222222222222222
3 0.3297794117647059 0.09346405228758169 0.0125 0.0196078431372549
3 0.3411764705882353 0.10915032679738561 0.010294117647058823 0.01699346405228758
3 0.5349264705882353 0.07320261437908496 0.01838235294117647 0.0130718954248366
3 0.5397058823529411 0.08104575163398692 0.020588235294117647 0.01568627450980392
3 0.5496323529411765 0.0915032679738562 0.022794117647058822 0.01830065359477124
3 0.5665441176470588 0.10784313725490195 0.019852941176470587 0.01437908496732026
3 0.5764705882352941 0.11699346405228757 0.023529411764705882 0.01699346405228758
3 0.586764705882353 0.12679738562091503 0.022058823529411763 0.0130718954248366
3 0.5952205882352941 0.13594771241830064 0.016911764705882352 0.0130718954248366
3 0.6040441176470588 0.14183006535947712 0.019852941176470587 0.01437908496732026
3 0.6165441176470589 0.1522875816993464 0.021323529411764706 0.01699346405228758
3 0.6202205882352941 0.1588235294117647 0.022794117647058822 0.01699346405228758
3 0.6279411764705882 0.16732026143790849 0.022058823529411763 0.01830065359477124
3 0.5786764705882352 0.0718954248366013 0.01911764705882353 0.01568627450980392
3 0.6025735294117647 0.07254901960784313 0.01838235294117647 0.01437908496732026
3 0.6058823529411764 0.07908496732026143 0.01911764705882353 0.01437908496732026
3 0.5948529411764706 0.0869281045751634 0.020588235294117647 0.01437908496732026
3 0.5996323529411764 0.09281045751633986 0.021323529411764706 0.01568627450980392
3 0.6084558823529411 0.09934640522875816 0.01838235294117647 0.01568627450980392
3 0.6139705882352942 0.1045751633986928 0.022058823529411763 0.01568627450980392
3 0.6360294117647058 0.12287581699346405 0.022058823529411763 0.01830065359477124
3 0.6404411764705882 0.12745098039215685 0.01764705882352941 0.01699346405228758
3 0.6209558823529412 0.09019607843137255 0.021323529411764706 0.01568627450980392
3 0.6194852941176471 0.10980392156862745 0.021323529411764706 0.01568627450980392
3 0.58125 0.07581699346405228 0.022794117647058822 0.01568627450980392
3 0.6488970588235294 0.1326797385620915 0.02426470588235294 0.01699346405228758
3 0.6661764705882353 0.1241830065359477 0.022058823529411763 0.01568627450980392
3 0.6569852941176471 0.1196078431372549 0.015441176470588236 0.01437908496732026
3 0.6591911764705882 0.14313725490196078 0.02426470588235294 0.0196078431372549
3 0.6797794117647059 0.15947712418300652 0.02426470588235294 0.01830065359477124
3 0.6867647058823529 0.16601307189542483 0.029411764705882353 0.02091503267973856
3 0.6955882352941176 0.17254901960784313 0.026470588235294117 0.01830065359477124
3 0.6996323529411764 0.14313725490196078 0.02426470588235294 0.0196078431372549
3 0.7544117647058823 0.22156862745098038 0.030882352941176472 0.02222222222222222
3 0.7224264705882353 0.1679738562091503 0.025735294117647058 0.0196078431372549
3 0.7176470588235294 0.1915032679738562 0.029411764705882353 0.0196078431372549
3 0.6779411764705883 0.21437908496732025 0.026470588235294117 0.01830065359477124
3 0.7349264705882352 0.18169934640522875 0.025735294117647058 0.01830065359477124
3 0.7334558823529411 0.20588235294117646 0.030147058823529412 0.02483660130718954
3 0.7544117647058823 0.1954248366013072 0.023529411764705882 0.0196078431372549
3 0.7426470588235294 0.21437908496732025 0.027941176470588233 0.023529411764705882
3 0.7823529411764706 0.24705882352941175 0.029411764705882353 0.023529411764705882
3 0.7724264705882353 0.23986928104575161 0.03455882352941177 0.02483660130718954
3 0.78125 0.2176470588235294 0.025735294117647058 0.0196078431372549
3 0.7713235294117647 0.21111111111111108 0.029411764705882353 0.0196078431372549
3 0.8492647058823529 0.21830065359477122 0.032352941176470584 0.023529411764705882
3 0.8360294117647059 0.21045751633986925 0.027941176470588233 0.023529411764705882
3 0.7970588235294117 0.18169934640522875 0.026470588235294117 0.01830065359477124
3 0.8213235294117647 0.17777777777777776 0.026470588235294117 0.01830065359477124
3 0.7709558823529412 0.16078431372549018 0.022794117647058822 0.01830065359477124
3 0.7948529411764705 0.15947712418300652 0.023529411764705882 0.01830065359477124
3 0.8165441176470588 0.14313725490196078 0.021323529411764706 0.02222222222222222
3 0.8 0.13137254901960782 0.020588235294117647 0.0196078431372549
3 0.7705882352941177 0.14248366013071895 0.025 0.01568627450980392
3 0.7610294117647058 0.15555555555555556 0.023529411764705882 0.01830065359477124
3 0.7415441176470589 0.13986928104575164 0.02426470588235294 0.01830065359477124
3 0.75625 0.13137254901960782 0.02426470588235294 0.0196078431372549
3 0.7202205882352941 0.12483660130718953 0.022794117647058822 0.01699346405228758
3 0.6992647058823529 0.11045751633986928 0.023529411764705882 0.01437908496732026
3 0.7205882352941176 0.10915032679738561 0.01911764705882353 0.01437908496732026
3 0.7088235294117647 0.09934640522875816 0.01911764705882353 0.0130718954248366
3 0.6963235294117647 0.09215686274509803 0.022058823529411763 0.01437908496732026
3 0.6875 0.08758169934640522 0.014705882352941176 0.0130718954248366
3 0.6790441176470589 0.07973856209150326 0.016911764705882352 0.0130718954248366
3 0.6610294117647059 0.08169934640522876 0.022058823529411763 0.01437908496732026
3 0.6691176470588235 0.0718954248366013 0.01911764705882353 0.0130718954248366
3 0.65 0.07320261437908496 0.020588235294117647 0.01568627450980392
3 0.64375 0.06993464052287582 0.016911764705882352 0.011764705882352941
3 0.6393382352941176 0.06601307189542484 0.015441176470588236 0.011764705882352941
4 0.6915441176470588 0.0522875816993464 0.015441176470588236 0.01568627450980392
3 0.7110294117647059 0.05359477124183006 0.016176470588235292 0.01568627450980392
3 0.6941176470588235 0.06666666666666667 0.016176470588235292 0.01568627450980392
2 0.7290441176470588 0.7562091503267974 0.013970588235294117 0.03529411764705882
1 0.6768382352941177 0.7986928104575163 0.011029411764705881 0.04183006535947712
0 0.7088235294117647 0.822875816993464 0.008823529411764706 0.0326797385620915
1 0.6985294117647058 0.9803921568627451 0.011764705882352941 0.0392156862745098
9 0.6988970588235294 0.9836601307189542 0.030147058823529412 0.0326797385620915
0 0.46838235294117647 0.9614379084967319 0.011764705882352941 0.0457516339869281
0 0.4779411764705882 0.9771241830065359 0.011764705882352941 0.04052287581699346
1 0.3981617647058823 0.8941176470588235 0.011029411764705881 0.04183006535947712
9 0.3981617647058823 0.896078431372549 0.013970588235294117 0.050980392156862744
1 0.42573529411764705 0.6326797385620915 0.008823529411764706 0.03398692810457516
1 0.4301470588235294 0.6372549019607843 0.007352941176470588 0.027450980392156862
9 0.42683823529411763 0.6385620915032679 0.015441176470588236 0.0326797385620915
1 0.32279411764705884 0.6477124183006535 0.008823529411764706 0.027450980392156862
9 0.325 0.6562091503267974 0.020588235294117647 0.03660130718954248
0 0.3246323529411765 0.5254901960784313 0.008088235294117646 0.03137254901960784
0 0.09117647058823529 0.8261437908496732 0.014705882352941176 0.03660130718954248
0 0.18933823529411764 0.8169934640522876 0.009558823529411765 0.03660130718954248
0 0.1988970588235294 0.8137254901960784 0.013970588235294117 0.03790849673202614
0 0.19963235294117646 0.8032679738562091 0.011029411764705881 0.043137254901960784
1 0.22536764705882353 0.8333333333333333 0.011029411764705881 0.03529411764705882
6 0.225 0.841830065359477 0.01911764705882353 0.05751633986928104
0 0.14669117647058824 0.21045751633986925 0.005147058823529412 0.01830065359477124
0 0.2036764705882353 0.24640522875816992 0.0058823529411764705 0.02483660130718954
