8 0.3953125 0.26481481481481484 0.0125 0.022222222222222223
3 0.36953125 0.2898148148148148 0.008854166666666666 0.014814814814814815
3 0.4518229166666667 0.2662037037037037 0.0078125 0.010185185185185186
8 0.46380208333333334 0.2638888888888889 0.008854166666666666 0.022222222222222223
3 0.4575520833333333 0.27175925925925926 0.005729166666666666 0.010185185185185186
3 0.4458333333333333 0.2675925925925926 0.00625 0.009259259259259259
3 0.44505208333333335 0.2740740740740741 0.005729166666666666 0.009259259259259259
3 0.45286458333333335 0.274537037037037 0.0067708333333333336 0.010185185185185186
3 0.45338541666666665 0.28055555555555556 0.0067708333333333336 0.011111111111111112
3 0.45286458333333335 0.28703703703703703 0.0067708333333333336 0.011111111111111112
3 0.4434895833333333 0.28564814814814815 0.0067708333333333336 0.010185185185185186
3 0.434375 0.2837962962962963 0.007291666666666667 0.010185185185185186
3 0.4419270833333333 0.2972222222222222 0.0078125 0.012962962962962964
3 0.4515625 0.2949074074074074 0.007291666666666667 0.012037037037037037
3 0.4515625 0.30324074074074076 0.007291666666666667 0.012037037037037037
3 0.44166666666666665 0.3060185185185185 0.007291666666666667 0.012037037037037037
3 0.44114583333333335 0.31342592592592594 0.008333333333333333 0.012037037037037037
3 0.44895833333333335 0.3263888888888889 0.009375 0.015740740740740743
3 0.4388020833333333 0.33564814814814814 0.009895833333333333 0.015740740740740743
3 0.46770833333333334 0.35324074074074074 0.011458333333333333 0.017592592592592594
3 0.45234375 0.3513888888888889 0.009895833333333333 0.017592592592592594
3 0.4552083333333333 0.375 0.0125 0.020370370370370372
3 0.47369791666666666 0.3791666666666667 0.0109375 0.019444444444444445
3 0.4739583333333333 0.40370370370370373 0.013541666666666667 0.022222222222222223
3 0.4427083333333333 0.4027777777777778 0.013541666666666667 0.020370370370370372
3 0.44427083333333334 0.44212962962962965 0.015625 0.025
3 0.4630208333333333 0.44953703703703707 0.017708333333333333 0.030555555555555558
3 0.4427083333333333 0.4740740740740741 0.016666666666666666 0.02777777777777778
3 0.4791666666666667 0.4300925925925926 0.015625 0.025
8 0.5044270833333333 0.4300925925925926 0.028645833333333332 0.06574074074074074
3 0.4856770833333333 0.4675925925925926 0.0171875 0.02592592592592593
3 0.49505208333333334 0.5023148148148149 0.019270833333333334 0.032407407407407406
3 0.4393229166666667 0.5189814814814815 0.0203125 0.032407407407407406
4 0.4700520833333333 0.537962962962963 0.022395833333333334 0.040740740740740744
3 0.44505208333333335 0.5773148148148148 0.0234375 0.03981481481481482
3 0.48046875 0.6675925925925926 0.027604166666666666 0.05
3 0.52109375 0.6967592592592593 0.0296875 0.05092592592592593
3 0.4669270833333333 0.7763888888888889 0.033854166666666664 0.0712962962962963
3 0.50234375 0.8847222222222223 0.04114583333333333 0.08981481481481482
3 0.5536458333333333 0.8736111111111111 0.042708333333333334 0.08796296296296297
3 0.45026041666666666 0.9625 0.0421875 0.075
3 0.44453125 0.6675925925925926 0.027604166666666666 0.05185185185185186
3 0.41041666666666665 0.2657407407407408 0.00625 0.009259259259259259
3 0.41770833333333335 0.26805555555555555 0.00625 0.008333333333333333
3 0.42578125 0.26805555555555555 0.0067708333333333336 0.010185185185185186
3 0.41562499999999997 0.27314814814814814 0.005208333333333333 0.009259259259259259
3 0.4119791666666667 0.2800925925925926 0.007291666666666667 0.010185185185185186
3 0.4197916666666667 0.2814814814814815 0.00625 0.011111111111111112
3 0.3997395833333333 0.2865740740740741 0.0067708333333333336 0.012037037037037037
3 0.3971354166666667 0.29305555555555557 0.0078125 0.010185185185185186
3 0.4083333333333333 0.2949074074074074 0.007291666666666667 0.012037037037037037
3 0.40963541666666664 0.31712962962962965 0.008854166666666666 0.01388888888888889
3 0.39557291666666666 0.32685185185185184 0.008854166666666666 0.014814814814814815
8 0.42916666666666664 0.3550925925925926 0.020833333333333332 0.04537037037037037
3 0.36822916666666666 0.3819444444444445 0.0125 0.021296296296296296
3 0.375 0.40046296296296297 0.013541666666666667 0.02314814814814815
3 0.39140625 0.40601851851851856 0.013020833333333334 0.025
3 0.35859375 0.48750000000000004 0.019270833333333334 0.03425925925925926
3 0.3263020833333333 0.5990740740740741 0.028645833333333332 0.05185185185185186
3 0.00625 0.30185185185185187 0.0125 0.014814814814814815
3 0.021875 0.34814814814814815 0.026041666666666668 0.018518518518518517
3 0.01015625 0.34675925925925927 0.0203125 0.015740740740740743
4 0.03723958333333333 0.35555555555555557 0.0203125 0.024074074074074074
3 0.06901041666666667 0.35833333333333334 0.0265625 0.018518518518518517
3 0.059895833333333336 0.35462962962962963 0.021875 0.020370370370370372
3 0.05078125 0.35370370370370374 0.022395833333333334 0.018518518518518517
3 0.07994791666666666 0.34444444444444444 0.027604166666666666 0.020370370370370372
3 0.0703125 0.3416666666666667 0.027083333333333334 0.018518518518518517
3 0.04765625 0.3111111111111111 0.015104166666666667 0.012962962962962964
3 0.9291666666666667 0.5194444444444445 0.029166666666666667 0.03888888888888889
4 0.9135416666666667 0.5328703703703704 0.04479166666666667 0.03981481481481482
3 0.92421875 0.5467592592592593 0.049479166666666664 0.03425925925925926
