0 0.6221354166666666 0.34351851851851856 0.0036458333333333334 0.02592592592592593
0 0.4283854166666667 0.3180555555555556 0.0026041666666666665 0.015740740740740743
3 0.43776041666666665 0.32592592592592595 0.0234375 0.020370370370370372
9 0.43671875 0.3375 0.005729166666666666 0.01388888888888889
1 0.43645833333333334 0.33287037037037037 0.004166666666666667 0.01388888888888889
3 0.4934895833333333 0.3282407407407408 0.01614583333333333 0.021296296296296296
3 0.5247395833333334 0.3092592592592593 0.0078125 0.012962962962962964
3 0.5177083333333333 0.30462962962962964 0.009375 0.011111111111111112
3 0.4947916666666667 0.3060185185185185 0.009375 0.012037037037037037
3 0.48776041666666664 0.312962962962963 0.009895833333333333 0.014814814814814815
3 0.4791666666666667 0.32175925925925924 0.011458333333333333 0.01388888888888889
3 0.47109375 0.3277777777777778 0.0109375 0.018518518518518517
3 0.47682291666666665 0.33981481481481485 0.0265625 0.020370370370370372
3 0.45989583333333334 0.3490740740740741 0.015625 0.024074074074074074
3 0.5059895833333333 0.3111111111111111 0.008854166666666666 0.012962962962962964
3 0.5067708333333333 0.30694444444444446 0.008333333333333333 0.01388888888888889
3 0.5119791666666667 0.32175925925925924 0.011458333333333333 0.015740740740740743
3 0.52578125 0.33101851851851855 0.011979166666666666 0.019444444444444445
3 0.51796875 0.312962962962963 0.008854166666666666 0.014814814814814815
3 0.5174479166666667 0.3375 0.013020833333333334 0.019444444444444445
3 0.51875 0.3523148148148148 0.015625 0.025
3 0.515625 0.375462962962963 0.016666666666666666 0.025
3 0.4903645833333333 0.3453703703703704 0.011979166666666666 0.020370370370370372
3 0.4934895833333333 0.3578703703703704 0.015104166666666667 0.02314814814814815
3 0.48932291666666666 0.3712962962962963 0.015104166666666667 0.024074074074074074
3 0.5096354166666667 0.3995370370370371 0.021354166666666667 0.030555555555555558
3 0.51171875 0.4337962962962963 0.024479166666666666 0.03796296296296296
3 0.540625 0.40092592592592596 0.020833333333333332 0.02962962962962963
3 0.55859375 0.4393518518518519 0.0421875 0.04537037037037037
3 0.57734375 0.4300925925925926 0.024479166666666666 0.036111111111111115
2 0.5661458333333333 0.3902777777777778 0.005208333333333333 0.02314814814814815
1 0.56640625 0.38472222222222224 0.005729166666666666 0.026851851851851852
2 0.5736979166666667 0.38287037037037036 0.0046875 0.021296296296296296
1 0.5739583333333333 0.3763888888888889 0.00625 0.025
2 0.5770833333333333 0.3875 0.005208333333333333 0.02314814814814815
1 0.57734375 0.38472222222222224 0.005729166666666666 0.021296296296296296
2 0.5802083333333333 0.3685185185185185 0.005208333333333333 0.018518518518518517
1 0.5796875 0.3615740740740741 0.005208333333333333 0.019444444444444445
4 0.4796875 0.38981481481481484 0.019791666666666666 0.03888888888888889
4 0.47578125 0.41712962962962963 0.022395833333333334 0.04537037037037037
3 0.46015625 0.4601851851851852 0.030729166666666665 0.044444444444444446
3 0.6 0.3995370370370371 0.021875 0.03425925925925926
3 0.5950520833333334 0.38842592592592595 0.021354166666666667 0.032407407407407406
3 0.59140625 0.3814814814814815 0.021354166666666667 0.02777777777777778
0 0.61875 0.40231481481481485 0.007291666666666667 0.03425925925925926
0 0.62109375 0.39675925925925926 0.005729166666666666 0.036111111111111115
0 0.625 0.3995370370370371 0.00625 0.03425925925925926
0 0.6322916666666667 0.4027777777777778 0.007291666666666667 0.03333333333333333
0 0.6372395833333333 0.3995370370370371 0.0067708333333333336 0.028703703703703703
2 0.5994791666666667 0.47361111111111115 0.008333333333333333 0.03425925925925926
1 0.59921875 0.46296296296296297 0.008854166666666666 0.03888888888888889
3 0.45598958333333334 0.5217592592592593 0.04739583333333333 0.06574074074074074
3 0.528125 0.5884259259259259 0.04583333333333333 0.075
3 0.5213541666666667 0.6902777777777778 0.0625 0.10277777777777779
3 0.4145833333333333 0.6157407407407408 0.051041666666666666 0.07962962962962963
0 0.6526041666666667 0.4356481481481482 0.010416666666666666 0.03981481481481482
0 0.6622395833333333 0.4416666666666667 0.0078125 0.03888888888888889
0 0.6671875 0.44351851851851853 0.00625 0.03518518518518519
9 0.6869791666666667 0.45601851851851855 0.007291666666666667 0.032407407407407406
3 0.6130208333333333 0.4291666666666667 0.028125 0.032407407407407406
3 0.6200520833333333 0.44537037037037036 0.0296875 0.044444444444444446
3 0.6276041666666666 0.4675925925925926 0.034375 0.04814814814814815
3 0.6364583333333333 0.4930555555555556 0.03854166666666667 0.05277777777777778
3 0.6533854166666666 0.5347222222222222 0.04635416666666667 0.062037037037037036
3 0.6721354166666667 0.5791666666666667 0.050520833333333334 0.06759259259259259
3 0.69453125 0.6421296296296296 0.0640625 0.09351851851851853
0 0.6971354166666667 0.5425925925925926 0.011979166666666666 0.05740740740740741
0 0.6765625 0.6773148148148148 0.01875 0.08981481481481482
0 0.7151041666666667 0.5865740740740741 0.011458333333333333 0.06574074074074074
0 0.72109375 0.5625 0.015104166666666667 0.06574074074074074
9 0.734375 0.5504629629629629 0.013541666666666667 0.03981481481481482
2 0.7401041666666667 0.5736111111111112 0.028125 0.04351851851851852
2 0.7557291666666667 0.6662037037037037 0.022916666666666665 0.05462962962962963
3 0.73125 0.7296296296296296 0.08541666666666667 0.10555555555555556
2 0.77890625 0.7032407407407407 0.0203125 0.06018518518518519
0 0.7859375 0.6527777777777778 0.017708333333333333 0.07592592592592592
1 0.7958333333333333 0.6125 0.016666666666666666 0.04351851851851852
1 0.7919270833333333 0.6064814814814815 0.01614583333333333 0.04814814814814815
3 0.67109375 0.8439814814814816 0.08802083333333333 0.1527777777777778
3 0.78359375 0.8689814814814815 0.11822916666666666 0.16944444444444445
2 0.82421875 0.8078703703703703 0.0234375 0.07314814814814816
9 0.8507812499999999 0.6953703703703704 0.024479166666666666 0.07222222222222223
9 0.87109375 0.7347222222222223 0.0203125 0.07314814814814816
0 0.88515625 0.7939814814814815 0.018229166666666668 0.10277777777777779
6 0.91875 0.7990740740740742 0.04583333333333333 0.0925925925925926
0 0.9315104166666667 0.9282407407407408 0.0328125 0.1287037037037037
3 0.3541666666666667 0.788888888888889 0.08645833333333333 0.1388888888888889
3 0.033854166666666664 0.7898148148148149 0.06770833333333333 0.1574074074074074
3 0.22291666666666665 0.6490740740740741 0.08645833333333333 0.12222222222222223
3 0.14192708333333334 0.6453703703703704 0.09947916666666666 0.10370370370370371
2 0.121875 0.5944444444444444 0.025 0.044444444444444446
2 0.11276041666666667 0.5833333333333334 0.022395833333333334 0.04814814814814815
1 0.12083333333333333 0.5750000000000001 0.017708333333333333 0.06296296296296297
1 0.11276041666666667 0.5648148148148149 0.0140625 0.05925925925925926
0 0.096875 0.41203703703703703 0.009375 0.037037037037037035
2 0.1765625 0.5425925925925926 0.01875 0.040740740740740744
1 0.17708333333333334 0.5287037037037037 0.013541666666666667 0.06296296296296297
3 0.20755208333333333 0.5662037037037038 0.0703125 0.08981481481481482
3 0.25234375 0.5231481481481481 0.0515625 0.06481481481481481
3 0.190625 0.49722222222222223 0.053125 0.05555555555555556
3 0.29192708333333334 0.48564814814814816 0.04635416666666667 0.05648148148148149
3 0.28046875 0.4217592592592593 0.033854166666666664 0.049074074074074076
3 0.30416666666666664 0.43703703703703706 0.03125 0.04259259259259259
3 0.33880208333333334 0.44027777777777777 0.0390625 0.06018518518518519
3 0.3619791666666667 0.425 0.029166666666666667 0.040740740740740744
3 0.37786458333333334 0.40555555555555556 0.028645833333333332 0.037037037037037035
3 0.39427083333333335 0.38842592592592595 0.026041666666666668 0.03425925925925926
3 0.40859375 0.375 0.022395833333333334 0.02962962962962963
3 0.4166666666666667 0.3662037037037037 0.017708333333333333 0.02314814814814815
3 0.4309895833333333 0.35879629629629634 0.018229166666666668 0.025
3 0.42552083333333335 0.3402777777777778 0.014583333333333334 0.021296296296296296
0 0.3950520833333333 0.32592592592592595 0.0036458333333333334 0.020370370370370372
0 0.3890625 0.32916666666666666 0.004166666666666667 0.019444444444444445
0 0.3885416666666667 0.3416666666666667 0.004166666666666667 0.024074074074074074
0 0.3911458333333333 0.3462962962962963 0.004166666666666667 0.024074074074074074
0 0.4125 0.350462962962963 0.004166666666666667 0.021296296296296296
0 0.4106770833333333 0.35555555555555557 0.005729166666666666 0.024074074074074074
3 0.40234375 0.34444444444444444 0.015104166666666667 0.024074074074074074
3 0.39869791666666665 0.3523148148148148 0.018229166666666668 0.026851851851851852
4 0.3768229166666667 0.35000000000000003 0.0203125 0.02962962962962963
3 0.38697916666666665 0.3652777777777778 0.01875 0.026851851851851852
0 0.4046875 0.3564814814814815 0.004166666666666667 0.022222222222222223
2 0.4 0.3675925925925926 0.007291666666666667 0.018518518518518517
1 0.4 0.3611111111111111 0.005208333333333333 0.020370370370370372
9 0.37734375 0.3814814814814815 0.005729166666666666 0.020370370370370372
1 0.3776041666666667 0.375 0.005208333333333333 0.022222222222222223
2 0.30026041666666664 0.37962962962962965 0.0109375 0.014814814814814815
0 0.29609375 0.3726851851851852 0.0067708333333333336 0.026851851851851852
2 0.29270833333333335 0.3800925925925926 0.0125 0.019444444444444445
0 0.29583333333333334 0.3768518518518519 0.00625 0.02592592592592593
3 0.31588541666666664 0.39722222222222225 0.03177083333333333 0.037037037037037035
3 0.35130208333333335 0.3740740740740741 0.022395833333333334 0.02592592592592593
3 0.33307291666666666 0.38472222222222224 0.021354166666666667 0.030555555555555558
9 0.3442708333333333 0.3824074074074074 0.013541666666666667 0.016666666666666666
1 0.346875 0.3773148148148148 0.005208333333333333 0.019444444444444445
1 0.34270833333333334 0.37824074074074077 0.005208333333333333 0.02314814814814815
1 0.3325520833333333 0.39722222222222225 0.005729166666666666 0.031481481481481485
2 0.3533854166666667 0.39814814814814814 0.005729166666666666 0.024074074074074074
1 0.353125 0.39212962962962966 0.007291666666666667 0.030555555555555558
9 0.34661458333333334 0.41250000000000003 0.0067708333333333336 0.019444444444444445
1 0.34713541666666664 0.4027777777777778 0.0067708333333333336 0.024074074074074074
9 0.2713541666666667 0.38842592592592595 0.009375 0.025
1 0.325 0.42638888888888893 0.007291666666666667 0.025
1 0.3325520833333333 0.4166666666666667 0.0078125 0.022222222222222223
1 0.33697916666666666 0.4101851851851852 0.007291666666666667 0.022222222222222223
1 0.3364583333333333 0.40185185185185185 0.00625 0.020370370370370372
1 0.3390625 0.39537037037037037 0.00625 0.022222222222222223
2 0.31276041666666665 0.45 0.011979166666666666 0.024074074074074074
1 0.31171875 0.4398148148148148 0.008854166666666666 0.03888888888888889
0 0.30182291666666666 0.44953703703703707 0.011979166666666666 0.04351851851851852
2 0.28098958333333335 0.4671296296296297 0.0109375 0.021296296296296296
1 0.28020833333333334 0.45601851851851855 0.011458333333333333 0.032407407407407406
4 0.2583333333333333 0.45925925925925926 0.046875 0.05925925925925926
0 0.25078125 0.4759259259259259 0.0078125 0.037037037037037035
0 0.25078125 0.4712962962962963 0.0078125 0.05
0 0.16588541666666667 0.3787037037037037 0.0067708333333333336 0.031481481481481485
0 0.18229166666666666 0.3699074074074074 0.00625 0.032407407407407406
0 0.18046875 0.3685185185185185 0.0067708333333333336 0.03518518518518519
3 0.35182291666666665 0.3231481481481482 0.028645833333333332 0.016666666666666666
3 0.3184895833333333 0.32222222222222224 0.027604166666666666 0.018518518518518517
3 0.32005208333333335 0.3148148148148148 0.021354166666666667 0.016666666666666666
3 0.14244791666666667 0.5268518518518519 0.06614583333333333 0.07777777777777778
2 0.22369791666666666 0.45092592592592595 0.022395833333333334 0.02592592592592593
0 0.21979166666666666 0.4532407407407408 0.007291666666666667 0.04351851851851852
2 0.17213541666666665 0.46111111111111114 0.015104166666666667 0.02962962962962963
1 0.17317708333333334 0.45416666666666666 0.011979166666666666 0.03796296296296296
2 0.010677083333333334 0.6013888888888889 0.021354166666666667 0.036111111111111115
2 0.015364583333333333 0.5972222222222222 0.030729166666666665 0.03333333333333333
2 0.017447916666666667 0.5935185185185186 0.034895833333333334 0.03518518518518519
2 0.08619791666666667 0.5472222222222223 0.03177083333333333 0.03518518518518519
2 0.08932291666666667 0.5449074074074074 0.03177083333333333 0.03425925925925926
2 0.09322916666666667 0.5425925925925926 0.030208333333333334 0.031481481481481485
