3 0.13823529411764707 0.5156862745098039 0.060294117647058824 0.03529411764705882
5 0.4128676470588235 0.48039215686274506 0.06985294117647059 0.06143790849673202
5 0.8713235294117647 0.430718954248366 0.11764705882352941 0.07450980392156863
3 0.7051470588235293 0.4764705882352941 0.044117647058823525 0.03529411764705882
5 0.5636029411764706 0.2915032679738562 0.022794117647058822 0.0392156862745098
5 0.42830882352941174 0.31241830065359477 0.019852941176470587 0.03398692810457516
3 0.47720588235294115 0.3431372549019608 0.007352941176470588 0.0196078431372549
3 0.6301470588235294 0.37385620915032675 0.016176470588235292 0.02091503267973856
5 0.7069852941176471 0.3091503267973856 0.0375 0.02483660130718954
3 0.8566176470588235 0.30849673202614375 0.020588235294117647 0.01568627450980392
5 0.51875 0.2529411764705882 0.013970588235294117 0.02483660130718954
3 0.5113970588235294 0.27124183006535946 0.013970588235294117 0.011764705882352941
5 0.37463235294117647 0.2503267973856209 0.009558823529411765 0.0196078431372549
