3 0.6477941176470589 0.9300653594771241 0.007352941176470588 0.01437908496732026
3 0.6051470588235294 0.9176470588235294 0.0058823529411764705 0.01045751633986928
3 0.6022058823529411 0.9450980392156862 0.0058823529411764705 0.01568627450980392
3 0.5713235294117647 0.765359477124183 0.004411764705882353 0.00915032679738562
3 0.5661764705882353 0.9875816993464052 0.007352941176470588 0.01699346405228758
3 0.5764705882352941 0.9673202614379084 0.0058823529411764705 0.01568627450980392
3 0.575735294117647 0.9895424836601306 0.007352941176470588 0.0130718954248366
3 0.5705882352941176 0.9339869281045751 0.0058823529411764705 0.01437908496732026
3 0.5691176470588235 0.949673202614379 0.0058823529411764705 0.01437908496732026
3 0.5709558823529411 0.8588235294117647 0.005147058823529412 0.0130718954248366
3 0.5702205882352941 0.8745098039215685 0.005147058823529412 0.0130718954248366
3 0.5632352941176471 0.8522875816993464 0.0058823529411764705 0.0130718954248366
3 0.5595588235294118 0.8640522875816993 0.0058823529411764705 0.0130718954248366
3 0.5628676470588235 0.8745098039215685 0.005147058823529412 0.01045751633986928
3 0.5551470588235294 0.8862745098039215 0.0058823529411764705 0.01045751633986928
3 0.5518382352941177 0.8679738562091502 0.005147058823529412 0.0130718954248366
3 0.5511029411764706 0.8555555555555555 0.005147058823529412 0.011764705882352941
4 0.5584558823529412 0.9084967320261438 0.006617647058823529 0.01830065359477124
3 0.5595588235294118 0.9254901960784313 0.0058823529411764705 0.01568627450980392
3 0.5613970588235294 0.9424836601307189 0.005147058823529412 0.01568627450980392
3 0.5558823529411765 0.8254901960784313 0.004411764705882353 0.01437908496732026
3 0.5591911764705882 0.7928104575163398 0.005147058823529412 0.011764705882352941
3 0.5540441176470589 0.8026143790849672 0.005147058823529412 0.0130718954248366
5 0.5470588235294117 0.8196078431372549 0.008823529411764706 0.03137254901960784
5 0.5426470588235294 0.7888888888888889 0.007352941176470588 0.027450980392156862
4 0.5540441176470589 0.7647058823529411 0.003676470588235294 0.01045751633986928
3 0.5496323529411765 0.7385620915032679 0.003676470588235294 0.00784313725490196
3 0.5463235294117647 0.761437908496732 0.004411764705882353 0.0065359477124183
3 0.5463235294117647 0.7183006535947712 0.004411764705882353 0.0065359477124183
3 0.5400735294117647 0.7235294117647059 0.003676470588235294 0.0065359477124183
3 0.5544117647058824 0.7052287581699346 0.0029411764705882353 0.0065359477124183
3 0.5742647058823529 0.6647058823529411 0.0029411764705882353 0.0065359477124183
5 0.5617647058823529 0.6352941176470588 0.0058823529411764705 0.01568627450980392
3 0.5459558823529411 0.6673202614379085 0.003676470588235294 0.0065359477124183
3 0.55 0.6588235294117647 0.0029411764705882353 0.00784313725490196
3 0.5676470588235294 0.973202614379085 0.0058823529411764705 0.0196078431372549
3 0.5643382352941176 0.9581699346405228 0.005147058823529412 0.0130718954248366
5 0.5356617647058823 0.7346405228758169 0.008088235294117646 0.02875816993464052
3 0.5378676470588235 0.7555555555555555 0.005147058823529412 0.01568627450980392
3 0.5400735294117647 0.7686274509803921 0.006617647058823529 0.01568627450980392
