0 0.2636029411764706 0.949673202614379 0.009558823529411765 0.05620915032679738
5 0.35625 0.9398692810457515 0.12573529411764706 0.11764705882352941
5 0.3639705882352941 0.9437908496732026 0.10294117647058823 0.0915032679738562
3 0.3875 0.9169934640522875 0.06764705882352941 0.050980392156862744
3 0.19558823529411765 0.9823529411764705 0.08235294117647059 0.03529411764705882
4 0.026838235294117645 0.9470588235294117 0.05367647058823529 0.06666666666666667
4 0.04044117647058824 0.9111111111111111 0.07352941176470588 0.06797385620915032
4 0.1338235294117647 0.85359477124183 0.055882352941176466 0.054901960784313725
4 0.18088235294117647 0.826797385620915 0.06323529411764706 0.050980392156862744
3 0.21323529411764705 0.8156862745098039 0.051470588235294115 0.04967320261437908
4 0.2077205882352941 0.7908496732026143 0.05661764705882353 0.04967320261437908
3 0.21948529411764706 0.7823529411764706 0.05073529411764706 0.04052287581699346
5 0.46433823529411766 0.7503267973856209 0.04632352941176471 0.04967320261437908
5 0.26323529411764707 0.7366013071895424 0.03676470588235294 0.05620915032679738
3 0.3264705882352941 0.7091503267973855 0.03823529411764706 0.027450980392156862
5 0.36176470588235293 0.6980392156862745 0.029411764705882353 0.03660130718954248
3 0.2529411764705882 0.9261437908496731 0.07647058823529412 0.06666666666666667
4 0.26433823529411765 0.9058823529411764 0.07573529411764705 0.054901960784313725
4 0.27536764705882355 0.8836601307189542 0.07279411764705883 0.04967320261437908
4 0.28713235294117645 0.8660130718954248 0.06985294117647059 0.050980392156862744
4 0.3058823529411765 0.8522875816993464 0.061764705882352944 0.0522875816993464
4 0.3220588235294118 0.8326797385620914 0.055882352941176466 0.04183006535947712
4 0.3286764705882353 0.8183006535947712 0.055882352941176466 0.03660130718954248
4 0.33455882352941174 0.8065359477124182 0.05 0.0392156862745098
4 0.3448529411764706 0.7973856209150326 0.051470588235294115 0.0392156862745098
4 0.35110294117647056 0.7915032679738562 0.04779411764705882 0.0326797385620915
4 0.3639705882352941 0.780392156862745 0.044117647058823525 0.0392156862745098
4 0.37058823529411766 0.7718954248366012 0.039705882352941174 0.03529411764705882
4 0.37426470588235294 0.7633986928104575 0.04264705882352941 0.03137254901960784
5 0.3871323529411765 0.7509803921568627 0.04338235294117647 0.043137254901960784
5 0.39375 0.7392156862745097 0.04044117647058824 0.0326797385620915
5 0.4161764705882353 0.7143790849673202 0.041176470588235294 0.03790849673202614
5 0.42169117647058824 0.7032679738562091 0.04044117647058824 0.03398692810457516
5 0.4797794117647059 0.7091503267973855 0.04338235294117647 0.04836601307189542
5 0.4827205882352941 0.696078431372549 0.05220588235294118 0.058823529411764705
5 0.4948529411764706 0.6967320261437908 0.033823529411764704 0.0261437908496732
5 0.4985294117647059 0.692156862745098 0.032352941176470584 0.02222222222222222
5 0.49669117647058825 0.6810457516339868 0.03897058823529412 0.03137254901960784
5 0.49779411764705883 0.6758169934640522 0.030882352941176472 0.01830065359477124
3 0.5080882352941176 0.6686274509803921 0.010294117647058823 0.01699346405228758
5 0.33713235294117644 0.6895424836601307 0.02426470588235294 0.02222222222222222
5 0.33786764705882355 0.6712418300653594 0.02426470588235294 0.02483660130718954
5 0.35441176470588237 0.6692810457516339 0.013235294117647059 0.023529411764705882
5 0.3735294117647059 0.6640522875816993 0.01911764705882353 0.03137254901960784
5 0.3897058823529412 0.6712418300653594 0.01764705882352941 0.0196078431372549
5 0.3900735294117647 0.6627450980392157 0.025735294117647058 0.02091503267973856
5 0.39301470588235293 0.6607843137254902 0.02426470588235294 0.01699346405228758
5 0.3948529411764706 0.657516339869281 0.023529411764705882 0.01830065359477124
3 0.3981617647058823 0.6568627450980392 0.022794117647058822 0.01699346405228758
5 0.3356617647058823 0.6477124183006535 0.016911764705882352 0.02222222222222222
5 0.34448529411764706 0.6424836601307189 0.025735294117647058 0.0326797385620915
5 0.3610294117647059 0.6405228758169934 0.023529411764705882 0.03398692810457516
5 0.3761029411764706 0.6379084967320261 0.02426470588235294 0.03137254901960784
5 0.39191176470588235 0.6372549019607843 0.01911764705882353 0.03006535947712418
5 0.40625 0.6372549019607843 0.01838235294117647 0.0326797385620915
5 0.4224264705882353 0.6444444444444444 0.016911764705882352 0.01830065359477124
5 0.4349264705882353 0.6424836601307189 0.0125 0.0196078431372549
