3 0.5948529411764706 0.8248366013071895 0.039705882352941174 0.11764705882352941
4 0.586764705882353 0.6849673202614378 0.03676470588235294 0.09411764705882353
3 0.49779411764705883 0.5862745098039215 0.029411764705882353 0.06405228758169934
3 0.4525735294117647 0.41503267973856206 0.022794117647058822 0.05359477124183006
3 0.49816176470588236 0.3784313725490196 0.022794117647058822 0.0457516339869281
3 0.4944852941176471 0.2751633986928104 0.015441176470588236 0.03529411764705882
3 0.5011029411764706 0.20718954248366012 0.016911764705882352 0.03006535947712418
3 0.5014705882352941 0.165359477124183 0.014705882352941176 0.027450980392156862
3 0.46654411764705883 0.1549019607843137 0.013970588235294117 0.03006535947712418
3 0.4389705882352941 0.16666666666666666 0.014705882352941176 0.027450980392156862
3 0.32536764705882354 0.7594771241830065 0.05367647058823529 0.11503267973856209
3 0.28860294117647056 0.9209150326797385 0.06102941176470588 0.15555555555555556
3 0.16470588235294117 0.6594771241830065 0.051470588235294115 0.08758169934640522
3 0.20183823529411765 0.569281045751634 0.04926470588235294 0.08235294117647059
4 0.1974264705882353 0.2333333333333333 0.030147058823529412 0.03790849673202614
4 0.046691176470588236 0.9483660130718954 0.08161764705882353 0.10326797385620914
5 0.35625 0.5516339869281045 0.05073529411764706 0.1437908496732026
5 0.5573529411764706 0.41045751633986927 0.030882352941176472 0.0915032679738562
4 0.8246323529411764 0.9117647058823529 0.0801470588235294 0.1764705882352941
3 0.7863970588235294 0.7816993464052288 0.05514705882352941 0.12026143790849672
3 0.7330882352941176 0.7869281045751634 0.054411764705882354 0.11764705882352941
3 0.7477941176470588 0.6490196078431372 0.044117647058823525 0.10065359477124182
3 0.7095588235294118 0.6660130718954248 0.047058823529411764 0.09803921568627451
3 0.7176470588235294 0.5098039215686274 0.027941176470588233 0.06274509803921569
3 0.6863970588235294 0.32352941176470584 0.03161764705882353 0.050980392156862744
3 0.6794117647058824 0.515032679738562 0.03529411764705882 0.06797385620915032
3 0.7268382352941176 0.4032679738562091 0.03455882352941177 0.058823529411764705
3 0.7422794117647059 0.4490196078431372 0.05808823529411765 0.06928104575163398
6 0.7790441176470588 0.4895424836601307 0.019852941176470587 0.043137254901960784
6 0.7970588235294117 0.580392156862745 0.032352941176470584 0.06013071895424836
0 0.8191176470588235 0.5215686274509803 0.007352941176470588 0.04183006535947712
0 0.7367647058823529 0.5522875816993463 0.007352941176470588 0.03790849673202614
5 0.5477941176470588 0.261437908496732 0.026470588235294117 0.07581699346405228
5 0.5404411764705882 0.18888888888888888 0.020588235294117647 0.05620915032679738
5 0.5367647058823529 0.14248366013071895 0.020588235294117647 0.04444444444444444
4 0.5323529411764706 0.09215686274509803 0.010294117647058823 0.03529411764705882
3 0.4988970588235294 0.11372549019607843 0.0125 0.0261437908496732
3 0.49816176470588236 0.1372549019607843 0.011029411764705881 0.01830065359477124
3 0.5040441176470588 0.09346405228758169 0.009558823529411765 0.0196078431372549
5 0.5055147058823529 0.06666666666666667 0.015441176470588236 0.03660130718954248
5 0.5283088235294118 0.05032679738562091 0.0125 0.02483660130718954
5 0.48125 0.05032679738562091 0.015441176470588236 0.03790849673202614
3 0.4632352941176471 0.02287581699346405 0.008823529411764706 0.01437908496732026
3 0.46397058823529413 0.01045751633986928 0.007352941176470588 0.0130718954248366
4 0.4389705882352941 0.07777777777777778 0.022058823529411763 0.0196078431372549
3 0.43823529411764706 0.058823529411764705 0.011764705882352941 0.01830065359477124
3 0.3488970588235294 0.05032679738562091 0.01838235294117647 0.0196078431372549
3 0.35625 0.045098039215686274 0.021323529411764706 0.01437908496732026
3 0.3650735294117647 0.0261437908496732 0.01838235294117647 0.01568627450980392
3 0.3676470588235294 0.02287581699346405 0.01764705882352941 0.011764705882352941
3 0.37169117647058825 0.01764705882352941 0.016911764705882352 0.01437908496732026
3 0.3669117647058823 0.00784313725490196 0.008823529411764706 0.0130718954248366
4 0.41470588235294115 0.03986928104575163 0.025 0.0196078431372549
3 0.41360294117647056 0.0522875816993464 0.022794117647058822 0.01045751633986928
3 0.41102941176470587 0.05751633986928104 0.020588235294117647 0.01045751633986928
3 0.4224264705882353 0.02483660130718954 0.02426470588235294 0.01568627450980392
3 0.42426470588235293 0.01830065359477124 0.01911764705882353 0.0130718954248366
3 0.42316176470588235 0.01503267973856209 0.01838235294117647 0.01437908496732026
3 0.5110294117647058 0.03856209150326797 0.010294117647058823 0.01699346405228758
5 0.5029411764705882 0.04379084967320261 0.011764705882352941 0.027450980392156862
3 0.5161764705882352 0.01830065359477124 0.008823529411764706 0.0130718954248366
3 0.5147058823529411 0.0058823529411764705 0.008823529411764706 0.011764705882352941
0 0.43676470588235294 0.2901960784313725 0.004411764705882353 0.03137254901960784
0 0.43308823529411766 0.28823529411764703 0.0058823529411764705 0.03006535947712418
9 0.5165441176470588 0.10784313725490195 0.003676470588235294 0.01437908496732026
0 0.5165441176470588 0.10392156862745097 0.003676470588235294 0.01437908496732026
2 0.7202205882352941 0.330718954248366 0.009558823529411765 0.023529411764705882
0 0.7558823529411764 0.4091503267973856 0.0058823529411764705 0.04183006535947712
0 0.7503676470588235 0.4183006535947712 0.005147058823529412 0.02875816993464052
0 0.7805147058823529 0.4594771241830065 0.008088235294117646 0.0326797385620915
2 0.8290441176470588 0.5738562091503268 0.015441176470588236 0.03398692810457516
2 0.8209558823529411 0.5712418300653594 0.022794117647058822 0.023529411764705882
9 0.8213235294117647 0.6 0.010294117647058823 0.0392156862745098
