2 0.04739583333333333 0.7310185185185185 0.026041666666666668 0.07685185185185185
3 0.47682291666666665 0.9148148148148149 0.1390625 0.17037037037037037
1 0.3411458333333333 0.9430555555555556 0.04375 0.11388888888888889
2 0.33984375 0.9745370370370371 0.034895833333333334 0.05092592592592593
1 0.3658854166666667 0.8574074074074074 0.033854166666666664 0.1462962962962963
1 0.32734375 0.7782407407407408 0.027604166666666666 0.11944444444444445
1 0.35572916666666665 0.775462962962963 0.028125 0.1175925925925926
2 0.32786458333333335 0.8115740740740741 0.0265625 0.10462962962962963
2 0.36354166666666665 0.8921296296296297 0.034375 0.13055555555555556
2 0.35520833333333335 0.8083333333333333 0.027083333333333334 0.1
3 0.4471354166666667 0.8055555555555556 0.0859375 0.1462962962962963
3 0.434375 0.7180555555555556 0.065625 0.10092592592592593
3 0.4296875 0.6685185185185185 0.05 0.07777777777777778
3 0.41875 0.637962962962963 0.042708333333333334 0.06851851851851852
3 0.3390625 0.5625 0.028125 0.04351851851851852
3 0.41901041666666666 0.6041666666666667 0.034895833333333334 0.04722222222222222
3 0.1984375 0.6148148148148148 0.05416666666666667 0.07037037037037037
3 0.0234375 0.937962962962963 0.046875 0.12222222222222223
3 0.11145833333333333 0.9708333333333333 0.178125 0.058333333333333334
1 0.3619791666666667 0.6601851851851852 0.020833333333333332 0.07037037037037037
9 0.36171875 0.6814814814814815 0.013020833333333334 0.053703703703703705
0 0.28828125 0.5828703703703704 0.0078125 0.05277777777777778
6 0.2908854166666667 0.5680555555555555 0.013020833333333334 0.028703703703703703
1 0.2669270833333333 0.5884259259259259 0.013020833333333334 0.036111111111111115
2 0.2598958333333333 0.5990740740740741 0.007291666666666667 0.02962962962962963
9 0.2674479166666667 0.5981481481481482 0.022395833333333334 0.02592592592592593
3 0.2989583333333333 0.5416666666666667 0.020833333333333332 0.031481481481481485
3 0.3221354166666667 0.5370370370370371 0.0234375 0.02592592592592593
3 0.3333333333333333 0.525462962962963 0.01875 0.02314814814814815
3 0.34713541666666664 0.5083333333333333 0.013020833333333334 0.016666666666666666
3 0.3528645833333333 0.5037037037037038 0.013020833333333334 0.016666666666666666
1 0.37734375 0.5925925925925926 0.009895833333333333 0.044444444444444446
2 0.37786458333333334 0.6046296296296296 0.0078125 0.03518518518518519
2 0.38567708333333334 0.5847222222222223 0.008854166666666666 0.032407407407407406
1 0.3848958333333333 0.5745370370370371 0.008333333333333333 0.03796296296296296
1 0.3768229166666667 0.5578703703703703 0.008854166666666666 0.036111111111111115
2 0.3763020833333333 0.5662037037037038 0.0078125 0.030555555555555558
7 0.3763020833333333 0.537962962962963 0.011979166666666666 0.031481481481481485
1 0.39375 0.5148148148148148 0.004166666666666667 0.018518518518518517
9 0.39375 0.5189814814814815 0.004166666666666667 0.017592592592592594
1 0.3841145833333333 0.5222222222222223 0.0046875 0.022222222222222223
2 0.3841145833333333 0.5277777777777778 0.0036458333333333334 0.018518518518518517
1 0.3807291666666667 0.5120370370370371 0.004166666666666667 0.012962962962962964
9 0.3807291666666667 0.5162037037037037 0.004166666666666667 0.012037037037037037
9 0.39088541666666665 0.5069444444444444 0.0036458333333333334 0.012037037037037037
1 0.39036458333333335 0.5041666666666667 0.0046875 0.015740740740740743
0 0.39609375 0.5097222222222222 0.0036458333333333334 0.021296296296296296
3 0.4197916666666667 0.5800925925925926 0.034375 0.04537037037037037
4 0.41692708333333334 0.5578703703703703 0.025520833333333333 0.04166666666666667
3 0.4125 0.5560185185185186 0.029166666666666667 0.030555555555555558
4 0.4106770833333333 0.5509259259259259 0.024479166666666666 0.03518518518518519
3 0.4080729166666667 0.5398148148148149 0.021354166666666667 0.02592592592592593
3 0.40651041666666665 0.5305555555555556 0.0203125 0.024074074074074074
4 0.40572916666666664 0.524537037037037 0.017708333333333333 0.028703703703703703
