3 0.38046875 0.8592592592592593 0.06197916666666667 0.13333333333333333
3 0.49557291666666664 0.7398148148148148 0.0453125 0.08333333333333334
3 0.4927083333333333 0.5467592592592593 0.0375 0.058333333333333334
3 0.39817708333333335 0.44722222222222224 0.024479166666666666 0.03518518518518519
3 0.5078125 0.4342592592592593 0.022916666666666665 0.031481481481481485
3 0.47421874999999997 0.3856481481481482 0.0171875 0.026851851851851852
3 0.4380208333333333 0.3740740740740741 0.016666666666666666 0.024074074074074074
3 0.4203125 0.3574074074074074 0.014583333333333334 0.02592592592592593
3 0.49374999999999997 0.3513888888888889 0.015625 0.025
3 0.5106770833333333 0.3138888888888889 0.013020833333333334 0.020370370370370372
4 0.4817708333333333 0.2976851851851852 0.011458333333333333 0.017592592592592594
4 0.4640625 0.2949074074074074 0.0125 0.021296296296296296
3 0.48411458333333335 0.28425925925925927 0.008854166666666666 0.011111111111111112
3 0.4796875 0.27314814814814814 0.009375 0.011111111111111112
3 0.46380208333333334 0.25925925925925924 0.008854166666666666 0.014814814814814815
5 0.47942708333333334 0.25601851851851853 0.008854166666666666 0.021296296296296296
3 0.47604166666666664 0.25462962962962965 0.008333333333333333 0.012962962962962964
3 0.4747395833333333 0.24212962962962964 0.0067708333333333336 0.012037037037037037
