3 0.9522058823529411 0.9346405228758169 0.09558823529411764 0.130718954248366
6 0.6845588235294118 0.9516339869281045 0.055882352941176466 0.09411764705882353
3 0.8455882352941176 0.6450980392156862 0.07352941176470588 0.09542483660130718
3 0.7555147058823529 0.6104575163398692 0.04779411764705882 0.07320261437908496
0 0.7106617647058824 0.5477124183006535 0.011029411764705881 0.06013071895424836
9 0.7080882352941177 0.6032679738562091 0.014705882352941176 0.04836601307189542
1 0.7088235294117647 0.5947712418300654 0.013235294117647059 0.04967320261437908
1 0.7102941176470589 0.6058823529411764 0.010294117647058823 0.0326797385620915
3 0.7047794117647058 0.5071895424836601 0.04044117647058824 0.06013071895424836
4 0.7106617647058824 0.4666666666666666 0.04338235294117647 0.047058823529411764
3 0.6588235294117647 0.42222222222222217 0.03529411764705882 0.047058823529411764
3 0.6430147058823529 0.3509803921568627 0.0375 0.03790849673202614
0 0.6860294117647059 0.4058823529411764 0.011764705882352941 0.043137254901960784
9 0.8297794117647058 0.3699346405228758 0.005147058823529412 0.02091503267973856
9 0.7955882352941176 0.34444444444444444 0.0058823529411764705 0.0196078431372549
0 0.7992647058823529 0.36209150326797385 0.004411764705882353 0.02091503267973856
0 0.8051470588235294 0.35620915032679734 0.0058823529411764705 0.03529411764705882
2 0.8154411764705882 0.3607843137254902 0.01764705882352941 0.0261437908496732
9 0.8102941176470588 0.3784313725490196 0.008823529411764706 0.02483660130718954
1 0.8113970588235294 0.3732026143790849 0.005147058823529412 0.02483660130718954
3 0.6191176470588236 0.18562091503267972 0.016176470588235292 0.01568627450980392
3 0.6345588235294117 0.18823529411764706 0.016176470588235292 0.0130718954248366
6 0.6474264705882353 0.19019607843137254 0.013970588235294117 0.011764705882352941
3 0.6466911764705883 0.20784313725490194 0.022794117647058822 0.01568627450980392
1 0.6871323529411765 0.19934640522875816 0.005147058823529412 0.011764705882352941
1 0.6327205882352941 0.31633986928104574 0.008088235294117646 0.02091503267973856
3 0.6143382352941177 0.3202614379084967 0.019852941176470587 0.0261437908496732
0 0.6066176470588235 0.30392156862745096 0.004411764705882353 0.02483660130718954
3 0.6066176470588235 0.3 0.016176470588235292 0.02222222222222222
3 0.5992647058823529 0.2849673202614379 0.01764705882352941 0.02091503267973856
0 0.6150735294117647 0.2679738562091503 0.005147058823529412 0.0261437908496732
0 0.611764705882353 0.26601307189542484 0.004411764705882353 0.0196078431372549
0 0.6033088235294117 0.2725490196078431 0.006617647058823529 0.02222222222222222
3 0.5875 0.27058823529411763 0.013235294117647059 0.023529411764705882
0 0.5856617647058824 0.26078431372549016 0.015441176470588236 0.02222222222222222
0 0.5963235294117647 0.24771241830065358 0.016176470588235292 0.02222222222222222
0 0.5977941176470588 0.2392156862745098 0.0029411764705882353 0.02091503267973856
0 0.5904411764705882 0.23660130718954248 0.0029411764705882353 0.01830065359477124
7 0.611764705882353 0.2418300653594771 0.01764705882352941 0.023529411764705882
3 0.47830882352941173 0.15359477124183005 0.008088235294117646 0.011764705882352941
3 0.37573529411764706 0.8294117647058823 0.060294117647058824 0.1503267973856209
3 0.5121323529411764 0.6294117647058823 0.04338235294117647 0.0849673202614379
3 0.3095588235294118 0.5745098039215686 0.05 0.09281045751633986
0 0.2349264705882353 0.7045751633986927 0.013970588235294117 0.06274509803921569
3 0.5496323529411765 0.430718954248366 0.027205882352941177 0.04052287581699346
3 0.43933823529411764 0.37712418300653594 0.022794117647058822 0.04052287581699346
3 0.4209558823529412 0.3437908496732026 0.019852941176470587 0.03137254901960784
3 0.45441176470588235 0.3202614379084967 0.01911764705882353 0.03137254901960784
3 0.4176470588235294 0.28104575163398693 0.01764705882352941 0.02875816993464052
3 0.4970588235294118 0.26405228758169935 0.014705882352941176 0.023529411764705882
3 0.5216911764705883 0.3006535947712418 0.016911764705882352 0.0261437908496732
6 0.5323529411764706 0.28366013071895424 0.013235294117647059 0.0261437908496732
1 0.5283088235294118 0.2797385620915033 0.005147058823529412 0.0130718954248366
1 0.5356617647058823 0.28169934640522876 0.005147058823529412 0.011764705882352941
1 0.5327205882352941 0.2771241830065359 0.005147058823529412 0.0130718954248366
3 0.5080882352941176 0.2026143790849673 0.011764705882352941 0.01830065359477124
3 0.5158088235294117 0.21045751633986925 0.011029411764705881 0.01830065359477124
3 0.4944852941176471 0.2437908496732026 0.013970588235294117 0.02222222222222222
3 0.4849264705882353 0.22941176470588234 0.016911764705882352 0.01699346405228758
9 0.5283088235294118 0.2176470588235294 0.005147058823529412 0.011764705882352941
1 0.5283088235294118 0.21437908496732025 0.003676470588235294 0.01045751633986928
9 0.5235294117647059 0.20326797385620915 0.0029411764705882353 0.00915032679738562
1 0.5238970588235294 0.20196078431372547 0.003676470588235294 0.011764705882352941
3 0.46948529411764706 0.21176470588235294 0.0125 0.01830065359477124
3 0.4577205882352941 0.19281045751633985 0.009558823529411765 0.01437908496732026
3 0.4540441176470588 0.21503267973856208 0.021323529411764706 0.0196078431372549
3 0.41948529411764707 0.2065359477124183 0.021323529411764706 0.01830065359477124
8 0.42830882352941174 0.24705882352941175 0.02426470588235294 0.04967320261437908
3 0.37941176470588234 0.165359477124183 0.013235294117647059 0.01437908496732026
0 0.15404411764705883 0.36209150326797385 0.006617647058823529 0.0392156862745098
0 0.14852941176470588 0.3588235294117647 0.004411764705882353 0.03006535947712418
3 0.02389705882352941 0.8098039215686273 0.04779411764705882 0.12156862745098039
0 0.09632352941176471 0.7999999999999999 0.025 0.0915032679738562
9 0.028676470588235293 0.6228758169934641 0.03529411764705882 0.04052287581699346
3 0.07941176470588235 0.6888888888888889 0.0838235294117647 0.10718954248366012
9 0.10955882352941176 0.6300653594771242 0.032352941176470584 0.0392156862745098
6 0.0974264705882353 0.5973856209150327 0.027205882352941177 0.05751633986928104
3 0.15551470588235294 0.5725490196078431 0.06397058823529411 0.06797385620915032
3 0.19558823529411765 0.5104575163398692 0.05 0.06928104575163398
3 0.13051470588235295 0.5013071895424837 0.07720588235294118 0.05359477124183006
3 0.1786764705882353 0.4718954248366013 0.055882352941176466 0.0522875816993464
3 0.125 0.46274509803921565 0.06764705882352941 0.04967320261437908
3 0.18198529411764705 0.4202614379084967 0.07279411764705883 0.043137254901960784
3 0.24448529411764705 0.4117647058823529 0.05808823529411765 0.04183006535947712
3 0.2610294117647059 0.38627450980392153 0.055882352941176466 0.03529411764705882
0 0.30661764705882355 0.4352941176470588 0.0058823529411764705 0.047058823529411764
0 0.2113970588235294 0.3660130718954248 0.011029411764705881 0.047058823529411764
0 0.2202205882352941 0.39477124183006534 0.008088235294117646 0.0392156862745098
9 0.19448529411764706 0.3980392156862745 0.028676470588235293 0.0326797385620915
9 0.2113970588235294 0.3980392156862745 0.008088235294117646 0.04052287581699346
