3 0.9713235294117647 0.496078431372549 0.057352941176470586 0.09803921568627451
4 0.14448529411764705 0.9588235294117646 0.11985294117647059 0.08235294117647059
2 0.08272058823529412 0.6830065359477123 0.06102941176470588 0.050980392156862744
9 0.1113970588235294 0.6424836601307189 0.05367647058823529 0.05359477124183006
9 0.08713235294117647 0.5895424836601306 0.05808823529411765 0.04967320261437908
9 0.09669117647058824 0.5568627450980391 0.05514705882352941 0.05751633986928104
0 0.048161764705882355 0.4888888888888889 0.027205882352941177 0.06797385620915032
0 0.22352941176470587 0.5555555555555555 0.023529411764705882 0.07581699346405228
0 0.21176470588235294 0.545751633986928 0.026470588235294117 0.06928104575163398
0 0.38235294117647056 0.6464052287581699 0.025 0.0718954248366013
0 0.45183823529411765 0.6156862745098038 0.016911764705882352 0.07320261437908496
0 0.42977941176470585 0.5712418300653594 0.01838235294117647 0.065359477124183
6 0.39742647058823527 0.4856209150326797 0.09338235294117647 0.10065359477124182
0 0.41066176470588234 0.4261437908496732 0.0125 0.0522875816993464
0 0.4183823529411765 0.4058823529411764 0.013235294117647059 0.04836601307189542
1 0.43088235294117644 0.43660130718954243 0.016176470588235292 0.0261437908496732
3 0.5584558823529412 0.5967320261437908 0.09044117647058823 0.20784313725490194
1 0.8040441176470589 0.4764705882352941 0.025735294117647058 0.058823529411764705
6 0.7915441176470588 0.4790849673202614 0.06102941176470588 0.09803921568627451
1 0.6183823529411765 0.4509803921568627 0.01764705882352941 0.06274509803921569
3 0.6147058823529412 0.4588235294117647 0.041176470588235294 0.04444444444444444
1 0.48676470588235293 0.365359477124183 0.01764705882352941 0.04836601307189542
1 0.4632352941176471 0.357516339869281 0.011764705882352941 0.03790849673202614
6 0.4779411764705882 0.37450980392156863 0.060294117647058824 0.06143790849673202
6 0.5661764705882353 0.4065359477124183 0.08529411764705883 0.07058823529411765
1 0.586764705882353 0.4013071895424836 0.022058823529411763 0.05751633986928104
3 0.6595588235294118 0.2980392156862745 0.12352941176470589 0.12810457516339868
3 0.47352941176470587 0.22352941176470587 0.09411764705882353 0.08104575163398692
3 0.5136029411764705 0.3091503267973856 0.11102941176470588 0.10326797385620914
3 0.8492647058823529 0.1718954248366013 0.07205882352941176 0.09019607843137255
0 0.9606617647058824 0.26862745098039215 0.019852941176470587 0.06405228758169934
0 0.9746323529411764 0.2647058823529412 0.0125 0.05620915032679738
0 0.9724264705882353 0.2522875816993464 0.015441176470588236 0.047058823529411764
0 0.9569852941176471 0.16078431372549018 0.0125 0.047058823529411764
0 0.9466911764705882 0.15163398692810456 0.01838235294117647 0.06013071895424836
0 0.9275735294117647 0.09738562091503267 0.015441176470588236 0.0457516339869281
9 0.9242647058823529 0.11568627450980391 0.016176470588235292 0.043137254901960784
6 0.9761029411764706 0.03333333333333333 0.01838235294117647 0.058823529411764705
3 0.7845588235294118 0.03660130718954248 0.04852941176470588 0.07058823529411765
3 0.7363970588235293 0.01895424836601307 0.04485294117647059 0.03790849673202614
0 0.17941176470588235 0.2156862745098039 0.014705882352941176 0.04967320261437908
9 0.1827205882352941 0.23529411764705882 0.03602941176470588 0.047058823529411764
0 0.23602941176470588 0.05032679738562091 0.010294117647058823 0.0457516339869281
2 0.23713235294117646 0.065359477124183 0.030147058823529412 0.04183006535947712
0 0.2948529411764706 0.05620915032679738 0.020588235294117647 0.054901960784313725
3 0.27352941176470585 0.03660130718954248 0.0838235294117647 0.07058823529411765
0 0.3966911764705882 0.05163398692810457 0.0125 0.05359477124183006
9 0.4466911764705882 0.023529411764705882 0.011029411764705881 0.04183006535947712
9 0.42867647058823527 0.02026143790849673 0.022058823529411763 0.04052287581699346
0 0.5224264705882353 0.03790849673202614 0.0125 0.054901960784313725
0 0.618014705882353 0.11372549019607843 0.0125 0.054901960784313725
0 0.649264705882353 0.08431372549019607 0.013235294117647059 0.05359477124183006
1 0.669485294117647 0.043137254901960784 0.0125 0.05751633986928104
9 0.6827205882352941 0.02287581699346405 0.019852941176470587 0.0326797385620915
9 0.6672794117647058 0.052941176470588235 0.02426470588235294 0.0326797385620915
0 0.6485294117647059 0.02222222222222222 0.011764705882352941 0.04444444444444444
1 0.6963235294117647 0.01568627450980392 0.0058823529411764705 0.03137254901960784
0 0.7044117647058823 0.01437908496732026 0.007352941176470588 0.02875816993464052
1 0.6411764705882352 0.40196078431372545 0.014705882352941176 0.06405228758169934
1 0.6551470588235294 0.4052287581699346 0.014705882352941176 0.047058823529411764
9 0.6404411764705882 0.4091503267973856 0.041176470588235294 0.054901960784313725
1 0.700735294117647 0.426797385620915 0.007352941176470588 0.03529411764705882
1 0.70625 0.44248366013071894 0.0125 0.06666666666666667
9 0.7014705882352941 0.44705882352941173 0.03676470588235294 0.05751633986928104
