0 0.06213235294117647 0.9620915032679738 0.030147058823529412 0.07581699346405228
3 0.22683823529411765 0.818954248366013 0.08161764705882353 0.16339869281045752
3 0.2727941176470588 0.6444444444444444 0.06911764705882353 0.12810457516339868
3 0.1838235294117647 0.580392156862745 0.11764705882352941 0.08888888888888888
3 0.15625 0.4856209150326797 0.1125 0.058823529411764705
3 0.17977941176470588 0.4359477124183006 0.10220588235294117 0.0718954248366013
3 0.2852941176470588 0.47058823529411764 0.09852941176470588 0.07581699346405228
3 0.2875 0.4398692810457516 0.09117647058823529 0.05620915032679738
0 0.3363970588235294 0.46993464052287576 0.008088235294117646 0.058823529411764705
3 0.7474264705882353 0.8464052287581699 0.09926470588235294 0.16339869281045752
3 0.6849264705882353 0.7254901960784313 0.08897058823529412 0.12549019607843137
4 0.6705882352941176 0.6019607843137255 0.06911764705882353 0.11633986928104574
3 0.638235294117647 0.5424836601307189 0.10588235294117647 0.07320261437908496
3 0.6724264705882352 0.496078431372549 0.09044117647058823 0.0718954248366013
3 0.6533088235294118 0.461437908496732 0.09779411764705882 0.065359477124183
3 0.6643382352941176 0.4137254901960784 0.08897058823529412 0.05620915032679738
3 0.6349264705882353 0.396078431372549 0.07426470588235294 0.054901960784313725
3 0.6272058823529412 0.3784313725490196 0.075 0.050980392156862744
3 0.6466911764705883 0.357516339869281 0.06691176470588235 0.0457516339869281
3 0.586764705882353 0.34509803921568627 0.0661764705882353 0.047058823529411764
3 0.575 0.3254901960784313 0.057352941176470586 0.04183006535947712
3 0.5746323529411764 0.3045751633986928 0.05367647058823529 0.03398692810457516
4 0.56875 0.2869281045751634 0.04926470588235294 0.03529411764705882
4 0.5654411764705882 0.2725490196078431 0.041176470588235294 0.03529411764705882
4 0.5518382352941177 0.2633986928104575 0.04191176470588235 0.03529411764705882
3 0.5683823529411764 0.2529411764705882 0.054411764705882354 0.0326797385620915
4 0.5220588235294118 0.2771241830065359 0.020588235294117647 0.047058823529411764
3 0.4886029411764706 0.2745098039215686 0.022794117647058822 0.03660130718954248
4 0.5455882352941176 0.23267973856209148 0.041176470588235294 0.0392156862745098
3 0.5658088235294118 0.2333333333333333 0.04044117647058824 0.03006535947712418
3 0.5430147058823529 0.21241830065359477 0.03602941176470588 0.02483660130718954
3 0.5363970588235294 0.2045751633986928 0.03455882352941177 0.027450980392156862
3 0.5367647058823529 0.19346405228758168 0.03676470588235294 0.02091503267973856
3 0.5330882352941176 0.18692810457516337 0.03529411764705882 0.023529411764705882
4 0.5330882352941176 0.17843137254901958 0.033823529411764704 0.02483660130718954
4 0.5257352941176471 0.1718954248366013 0.025 0.0196078431372549
3 0.5433823529411764 0.16470588235294117 0.026470588235294117 0.02091503267973856
3 0.5327205882352941 0.1568627450980392 0.013970588235294117 0.01830065359477124
4 0.5316176470588235 0.14836601307189543 0.013235294117647059 0.0196078431372549
3 0.5279411764705882 0.14248366013071895 0.013235294117647059 0.01830065359477124
4 0.5279411764705882 0.13398692810457516 0.011764705882352941 0.0196078431372549
4 0.5238970588235294 0.12810457516339868 0.009558823529411765 0.01830065359477124
3 0.5522058823529412 0.13594771241830064 0.016176470588235292 0.02091503267973856
0 0.3841911764705882 0.45228758169934635 0.011029411764705881 0.054901960784313725
0 0.39301470588235293 0.4509803921568627 0.0125 0.054901960784313725
0 0.3915441176470588 0.4686274509803921 0.0125 0.058823529411764705
4 0.4463235294117647 0.48496732026143785 0.04264705882352941 0.09673202614379084
3 0.35955882352941176 0.39999999999999997 0.03676470588235294 0.065359477124183
3 0.37463235294117647 0.365359477124183 0.07426470588235294 0.050980392156862744
3 0.3724264705882353 0.3398692810457516 0.04338235294117647 0.04444444444444444
3 0.3871323529411765 0.3130718954248366 0.04485294117647059 0.043137254901960784
3 0.3977941176470588 0.28823529411764703 0.033823529411764704 0.0457516339869281
4 0.39742647058823527 0.26405228758169935 0.04632352941176471 0.03660130718954248
3 0.40588235294117647 0.24248366013071893 0.045588235294117645 0.03006535947712418
3 0.40588235294117647 0.23464052287581696 0.047058823529411764 0.03006535947712418
0 0.42573529411764705 0.3026143790849673 0.007352941176470588 0.043137254901960784
0 0.42830882352941174 0.26274509803921564 0.005147058823529412 0.03660130718954248
0 0.43161764705882355 0.26078431372549016 0.0058823529411764705 0.03790849673202614
3 0.41654411764705884 0.2176470588235294 0.03897058823529412 0.027450980392156862
3 0.4209558823529412 0.20784313725490194 0.04485294117647059 0.02875816993464052
5 0.4213235294117647 0.18627450980392155 0.047058823529411764 0.03006535947712418
4 0.4235294117647059 0.17712418300653593 0.029411764705882353 0.02483660130718954
3 0.42867647058823527 0.17254901960784313 0.033823529411764704 0.02091503267973856
4 0.42316176470588235 0.16339869281045752 0.015441176470588236 0.02091503267973856
3 0.4360294117647059 0.15620915032679739 0.014705882352941176 0.02222222222222222
3 0.42830882352941174 0.1477124183006536 0.013970588235294117 0.01830065359477124
1 0.4602941176470588 0.17712418300653593 0.0058823529411764705 0.0196078431372549
9 0.45992647058823527 0.1830065359477124 0.005147058823529412 0.01830065359477124
1 0.4522058823529412 0.15751633986928104 0.0029411764705882353 0.01437908496732026
9 0.4522058823529412 0.16405228758169935 0.0029411764705882353 0.01437908496732026
4 0.4808823529411765 0.14705882352941174 0.013235294117647059 0.02222222222222222
1 0.5 0.15424836601307187 0.004411764705882353 0.01830065359477124
9 0.5 0.15816993464052287 0.004411764705882353 0.01830065359477124
0 0.49411764705882355 0.11764705882352941 0.0029411764705882353 0.01830065359477124
4 0.5139705882352941 0.10784313725490195 0.01764705882352941 0.01699346405228758
4 0.38676470588235295 0.15098039215686274 0.022058823529411763 0.02483660130718954
3 0.40404411764705883 0.1437908496732026 0.013970588235294117 0.02091503267973856
4 0.42205882352941176 0.13921568627450978 0.027941176470588233 0.02483660130718954
4 0.4047794117647059 0.134640522875817 0.02426470588235294 0.01830065359477124
3 0.41102941176470587 0.13202614379084968 0.026470588235294117 0.01830065359477124
3 0.42573529411764705 0.12222222222222222 0.020588235294117647 0.0196078431372549
3 0.4264705882352941 0.10784313725490195 0.01911764705882353 0.01699346405228758
1 0.44338235294117645 0.10915032679738561 0.0029411764705882353 0.01437908496732026
6 0.44485294117647056 0.11045751633986928 0.010294117647058823 0.011764705882352941
4 0.5341911764705882 0.10915032679738561 0.01838235294117647 0.01699346405228758
3 0.5639705882352941 0.12679738562091503 0.011764705882352941 0.01830065359477124
4 0.5474264705882352 0.12352941176470587 0.013970588235294117 0.0196078431372549
3 0.5786764705882352 0.12483660130718953 0.013235294117647059 0.0196078431372549
0 0.5882352941176471 0.1980392156862745 0.004411764705882353 0.027450980392156862
0 0.5981617647058823 0.19607843137254902 0.003676470588235294 0.023529411764705882
9 0.6110294117647058 0.25163398692810457 0.01911764705882353 0.02222222222222222
0 0.6536764705882353 0.2797385620915033 0.004411764705882353 0.0261437908496732
0 0.6294117647058823 0.28169934640522876 0.0058823529411764705 0.03790849673202614
6 0.6246323529411765 0.27843137254901956 0.04044117647058824 0.03660130718954248
9 0.6459558823529412 0.30849673202614375 0.021323529411764706 0.023529411764705882
