0 0.5731617647058823 0.926797385620915 0.03897058823529412 0.11764705882352941
0 0.5466911764705882 0.7333333333333333 0.030147058823529412 0.10980392156862745
0 0.6231617647058824 0.7725490196078431 0.021323529411764706 0.09934640522875816
0 0.5878676470588236 0.7124183006535947 0.019852941176470587 0.10196078431372549
0 0.31213235294117647 0.7372549019607842 0.022794117647058822 0.09934640522875816
0 0.34375 0.6529411764705881 0.021323529411764706 0.09281045751633986
0 0.19264705882352942 0.7784313725490195 0.032352941176470584 0.10065359477124182
0 0.2161764705882353 0.7784313725490195 0.032352941176470584 0.10588235294117647
0 0.22573529411764706 0.9477124183006536 0.027941176470588233 0.1045751633986928
0 0.028676470588235293 0.4915032679738562 0.020588235294117647 0.08104575163398692
0 0.20036764705882354 0.5058823529411764 0.01838235294117647 0.07581699346405228
0 0.18566176470588236 0.49084967320261436 0.019852941176470587 0.08758169934640522
0 0.1724264705882353 0.4509803921568627 0.013970588235294117 0.06274509803921569
0 0.7308823529411764 0.47777777777777775 0.016176470588235292 0.06928104575163398
0 0.35955882352941176 0.39999999999999997 0.016176470588235292 0.07058823529411765
0 0.3680147058823529 0.3986928104575163 0.011029411764705881 0.06797385620915032
0 0.3775735294117647 0.39999999999999997 0.016911764705882352 0.06797385620915032
0 0.40147058823529413 0.31241830065359477 0.010294117647058823 0.06013071895424836
0 0.39301470588235293 0.3150326797385621 0.011029411764705881 0.06274509803921569
0 0.36875 0.296078431372549 0.013970588235294117 0.058823529411764705
0 0.38125 0.2901960784313725 0.0125 0.06274509803921569
0 0.4768382352941176 0.3437908496732026 0.015441176470588236 0.06274509803921569
0 0.3981617647058823 0.3875816993464052 0.015441176470588236 0.06405228758169934
0 0.37683823529411764 0.35686274509803917 0.013970588235294117 0.065359477124183
7 0.6367647058823529 0.3006535947712418 0.020588235294117647 0.06797385620915032
0 0.7224264705882353 0.28169934640522876 0.011029411764705881 0.058823529411764705
1 0.6415441176470588 0.388235294117647 0.011029411764705881 0.065359477124183
1 0.6768382352941177 0.3875816993464052 0.022794117647058822 0.058823529411764705
1 0.6466911764705883 0.3875816993464052 0.019852941176470587 0.06666666666666667
1 0.7073529411764706 0.4026143790849673 0.01911764705882353 0.06274509803921569
1 0.7555147058823529 0.3901960784313725 0.01838235294117647 0.03790849673202614
3 0.9323529411764706 0.3333333333333333 0.075 0.0784313725490196
3 0.9783088235294117 0.3156862745098039 0.04338235294117647 0.1111111111111111
3 0.9669117647058824 0.23529411764705882 0.045588235294117645 0.05751633986928104
4 0.9102941176470588 0.22875816993464052 0.04852941176470588 0.065359477124183
3 0.8636029411764706 0.226797385620915 0.0375 0.04836601307189542
3 0.79375 0.21895424836601304 0.06102941176470588 0.05359477124183006
3 0.7363970588235293 0.2006535947712418 0.05808823529411765 0.04836601307189542
3 0.66875 0.19084967320261437 0.05661764705882353 0.047058823529411764
3 0.6327205882352941 0.18235294117647058 0.05220588235294118 0.0457516339869281
3 0.5845588235294118 0.1699346405228758 0.047058823529411764 0.04444444444444444
3 0.5470588235294117 0.16274509803921566 0.033823529411764704 0.043137254901960784
3 0.4930147058823529 0.15620915032679739 0.04485294117647059 0.043137254901960784
3 0.46213235294117644 0.1457516339869281 0.03897058823529412 0.04052287581699346
3 0.40441176470588236 0.20326797385620915 0.030882352941176472 0.05620915032679738
3 0.4088235294117647 0.15163398692810456 0.045588235294117645 0.04183006535947712
3 0.6481617647058824 0.07516339869281045 0.05661764705882353 0.0457516339869281
9 0.45845588235294116 0.2503267973856209 0.028676470588235293 0.03529411764705882
9 0.4474264705882353 0.22156862745098038 0.008088235294117646 0.03529411764705882
9 0.46875 0.2418300653594771 0.030147058823529412 0.03137254901960784
9 0.4727941176470588 0.22549019607843135 0.025 0.03006535947712418
1 0.13088235294117648 0.37189542483660126 0.023529411764705882 0.058823529411764705
1 0.11433823529411764 0.3732026143790849 0.011029411764705881 0.03529411764705882
0 0.1514705882352941 0.2241830065359477 0.01764705882352941 0.050980392156862744
0 0.17977941176470588 0.1261437908496732 0.011029411764705881 0.03006535947712418
0 0.06654411764705882 0.15424836601307187 0.011029411764705881 0.04183006535947712
0 0.07169117647058823 0.15359477124183005 0.009558823529411765 0.04052287581699346
0 0.07867647058823529 0.1568627450980392 0.008823529411764706 0.03398692810457516
0 0.09889705882352941 0.10130718954248365 0.008088235294117646 0.0326797385620915
0 0.10330882352941176 0.10718954248366012 0.006617647058823529 0.0261437908496732
0 0.10735294117647058 0.10588235294117647 0.0058823529411764705 0.01830065359477124
0 0.02389705882352941 0.054901960784313725 0.009558823529411765 0.03398692810457516
0 0.027941176470588233 0.05359477124183006 0.007352941176470588 0.03398692810457516
1 0.03272058823529412 0.05620915032679738 0.009558823529411765 0.03137254901960784
9 0.03272058823529412 0.06143790849673202 0.008088235294117646 0.02875816993464052
3 0.020955882352941175 0.1065359477124183 0.04191176470588235 0.04836601307189542
3 0.055882352941176466 0.11568627450980391 0.047058823529411764 0.04836601307189542
3 0.10110294117647059 0.12810457516339868 0.03602941176470588 0.04444444444444444
4 0.13014705882352942 0.1287581699346405 0.04852941176470588 0.06405228758169934
3 0.1650735294117647 0.15098039215686274 0.03897058823529412 0.0457516339869281
4 0.2025735294117647 0.1477124183006536 0.04191176470588235 0.05751633986928104
4 0.2529411764705882 0.16928104575163397 0.03823529411764706 0.06666666666666667
3 0.2801470588235294 0.19607843137254902 0.041176470588235294 0.0522875816993464
4 0.3213235294117647 0.18627450980392155 0.032352941176470584 0.0718954248366013
3 0.3724264705882353 0.14313725490196078 0.05808823529411765 0.043137254901960784
3 0.32941176470588235 0.13333333333333333 0.054411764705882354 0.04183006535947712
3 0.3 0.12287581699346405 0.045588235294117645 0.04967320261437908
3 0.2610294117647059 0.1045751633986928 0.055882352941176466 0.03660130718954248
3 0.2363970588235294 0.09411764705882353 0.05367647058823529 0.04183006535947712
3 0.21102941176470588 0.08823529411764705 0.045588235294117645 0.03790849673202614
3 0.19080882352941175 0.07973856209150326 0.04338235294117647 0.0392156862745098
3 0.17463235294117646 0.07647058823529411 0.04338235294117647 0.0326797385620915
3 0.15735294117647058 0.07058823529411765 0.051470588235294115 0.03398692810457516
3 0.13088235294117648 0.065359477124183 0.041176470588235294 0.03137254901960784
3 0.10514705882352941 0.05947712418300653 0.04264705882352941 0.0326797385620915
3 0.06544117647058824 0.050980392156862744 0.041176470588235294 0.03137254901960784
3 0.02610294117647059 0.0457516339869281 0.04779411764705882 0.03398692810457516
3 0.16654411764705881 0.01111111111111111 0.0375 0.02222222222222222
3 0.36470588235294116 0.03202614379084967 0.041176470588235294 0.03006535947712418
0 0.4261029411764706 0.041176470588235294 0.006617647058823529 0.03529411764705882
3 0.45441176470588235 0.04444444444444444 0.045588235294117645 0.03137254901960784
1 0.4466911764705882 0.04379084967320261 0.008088235294117646 0.02222222222222222
7 0.5033088235294118 0.03398692810457516 0.028676470588235293 0.03137254901960784
0 0.45625 0.02287581699346405 0.005147058823529412 0.02222222222222222
0 0.46213235294117644 0.021568627450980392 0.005147058823529412 0.02222222222222222
1 0.5084558823529411 0.03333333333333333 0.006617647058823529 0.01699346405228758
9 0.8481617647058823 0.11241830065359476 0.025735294117647058 0.0261437908496732
1 0.85 0.1045751633986928 0.011764705882352941 0.02875816993464052
4 0.8044117647058824 0.03790849673202614 0.01911764705882353 0.03398692810457516
0 0.9352941176470588 0.05163398692810457 0.007352941176470588 0.027450980392156862
0 0.8779411764705882 0.02091503267973856 0.004411764705882353 0.02091503267973856
0 0.8930147058823529 0.029411764705882353 0.005147058823529412 0.02222222222222222
1 0.8941176470588235 0.025490196078431372 0.004411764705882353 0.011764705882352941
0 0.8845588235294117 0.02679738562091503 0.004411764705882353 0.02222222222222222
0 0.9022058823529412 0.02810457516339869 0.004411764705882353 0.0196078431372549
0 0.8867647058823529 0.023529411764705882 0.0029411764705882353 0.02091503267973856
