3 0.27941176470588236 0.9137254901960784 0.08529411764705883 0.17254901960784313
3 0.38933823529411765 0.4111111111111111 0.03602941176470588 0.09281045751633986
3 0.5628676470588235 0.42222222222222217 0.04485294117647059 0.065359477124183
3 0.40661764705882353 0.292156862745098 0.026470588235294117 0.06405228758169934
3 0.4158088235294118 0.21176470588235294 0.019852941176470587 0.065359477124183
3 0.475 0.07973856209150326 0.016176470588235292 0.03660130718954248
3 0.4753676470588235 0.049019607843137254 0.013970588235294117 0.03006535947712418
3 0.16470588235294117 0.18692810457516337 0.058823529411764705 0.04183006535947712
3 0.1738970588235294 0.1549019607843137 0.05661764705882353 0.0326797385620915
3 0.19705882352941176 0.13202614379084968 0.045588235294117645 0.03398692810457516
3 0.23713235294117646 0.08366013071895424 0.02426470588235294 0.0392156862745098
3 0.2525735294117647 0.06209150326797385 0.01838235294117647 0.03006535947712418
3 0.7783088235294118 0.3483660130718954 0.05073529411764706 0.06405228758169934
3 0.6727941176470588 0.15555555555555556 0.01911764705882353 0.03660130718954248
3 0.6400735294117647 0.07450980392156863 0.016911764705882352 0.03137254901960784
3 0.6235294117647059 0.0522875816993464 0.01911764705882353 0.03137254901960784
3 0.5911764705882353 0.1895424836601307 0.025 0.04444444444444444
0 0.019852941176470587 0.21045751633986925 0.007352941176470588 0.03398692810457516
0 0.10808823529411765 0.11895424836601307 0.010294117647058823 0.03398692810457516
0 0.12205882352941176 0.1261437908496732 0.007352941176470588 0.0326797385620915
9 0.08529411764705883 0.17124183006535945 0.010294117647058823 0.0261437908496732
6 0.01838235294117647 0.2392156862745098 0.033823529411764704 0.03137254901960784
0 0.07867647058823529 0.5679738562091503 0.014705882352941176 0.05359477124183006
0 0.09411764705882353 0.5568627450980391 0.01911764705882353 0.06013071895424836
0 0.1349264705882353 0.49738562091503263 0.013970588235294117 0.05359477124183006
0 0.15 0.4888888888888889 0.013235294117647059 0.0522875816993464
0 0.2286764705882353 0.4026143790849673 0.010294117647058823 0.0522875816993464
0 0.23786764705882352 0.4006535947712418 0.0125 0.04836601307189542
1 0.4047794117647059 0.5516339869281045 0.015441176470588236 0.05751633986928104
2 0.4047794117647059 0.5620915032679739 0.011029411764705881 0.047058823529411764
2 0.05955882352941176 0.1679738562091503 0.010294117647058823 0.0196078431372549
1 0.24558823529411763 0.27777777777777773 0.010294117647058823 0.043137254901960784
9 0.2452205882352941 0.28169934640522876 0.008088235294117646 0.03790849673202614
9 0.22977941176470587 0.24771241830065358 0.0125 0.0326797385620915
9 0.3533088235294118 0.18431372549019606 0.006617647058823529 0.02875816993464052
1 0.35404411764705884 0.1764705882352941 0.006617647058823529 0.02875816993464052
9 0.5316176470588235 0.165359477124183 0.007352941176470588 0.03006535947712418
1 0.5319852941176471 0.15947712418300652 0.006617647058823529 0.023529411764705882
6 0.5172794117647058 0.05555555555555555 0.008088235294117646 0.027450980392156862
1 0.5169117647058823 0.047058823529411764 0.004411764705882353 0.01568627450980392
3 0.2974264705882353 0.047058823529411764 0.03602941176470588 0.02091503267973856
9 0.22794117647058823 0.01633986928104575 0.013235294117647059 0.01437908496732026
6 0.41470588235294115 0.013725490196078431 0.008823529411764706 0.0196078431372549
1 0.41470588235294115 0.01241830065359477 0.004411764705882353 0.01437908496732026
0 0.35808823529411765 0.01699346405228758 0.0029411764705882353 0.02091503267973856
1 0.7419117647058824 0.5797385620915032 0.022058823529411763 0.058823529411764705
9 0.743014705882353 0.5928104575163399 0.013970588235294117 0.05359477124183006
0 0.7735294117647059 0.4509803921568627 0.008823529411764706 0.04967320261437908
0 0.7827205882352941 0.4620915032679738 0.009558823529411765 0.050980392156862744
0 0.7805147058823529 0.4464052287581699 0.005147058823529412 0.027450980392156862
0 0.7955882352941176 0.4784313725490196 0.010294117647058823 0.054901960784313725
0 0.7941176470588235 0.4392156862745098 0.0058823529411764705 0.023529411764705882
6 0.7911764705882353 0.46470588235294114 0.044117647058823525 0.0718954248366013
1 0.8408088235294118 0.4026143790849673 0.011029411764705881 0.0261437908496732
1 0.8308823529411764 0.3941176470588235 0.008823529411764706 0.02222222222222222
0 0.8209558823529411 0.4183006535947712 0.009558823529411765 0.054901960784313725
0 0.7893382352941176 0.4209150326797385 0.008088235294117646 0.0392156862745098
0 0.7852941176470588 0.4052287581699346 0.007352941176470588 0.04967320261437908
0 0.7669117647058823 0.40392156862745093 0.010294117647058823 0.0522875816993464
0 0.7602941176470588 0.39999999999999997 0.010294117647058823 0.04967320261437908
0 0.7580882352941176 0.3901960784313725 0.0058823529411764705 0.03006535947712418
6 0.7411764705882353 0.4065359477124183 0.03529411764705882 0.054901960784313725
0 0.7386029411764706 0.4130718954248366 0.0125 0.04967320261437908
1 0.7058823529411764 0.4457516339869281 0.016176470588235292 0.047058823529411764
9 0.70625 0.4562091503267974 0.011029411764705881 0.0392156862745098
5 0.6566176470588235 0.4202614379084967 0.051470588235294115 0.09803921568627451
0 0.6573529411764706 0.46078431372549017 0.011764705882352941 0.050980392156862744
0 0.6731617647058823 0.4529411764705882 0.008088235294117646 0.05359477124183006
9 0.6742647058823529 0.47973856209150323 0.027941176470588233 0.03398692810457516
0 0.6397058823529411 0.35620915032679734 0.007352941176470588 0.0326797385620915
0 0.6375 0.35163398692810455 0.007352941176470588 0.03660130718954248
6 0.6242647058823529 0.3686274509803921 0.026470588235294117 0.05751633986928104
6 0.6113970588235293 0.3281045751633987 0.019852941176470587 0.04183006535947712
3 0.5966911764705882 0.2333333333333333 0.025735294117647058 0.05359477124183006
1 0.7113970588235294 0.30849673202614375 0.011029411764705881 0.02091503267973856
0 0.6915441176470588 0.26078431372549016 0.008088235294117646 0.0457516339869281
6 0.7036764705882352 0.2647058823529412 0.01764705882352941 0.04836601307189542
2 0.7338235294117647 0.3111111111111111 0.010294117647058823 0.03398692810457516
1 0.6716911764705882 0.2941176470588235 0.009558823529411765 0.03137254901960784
9 0.6691176470588235 0.3 0.010294117647058823 0.0326797385620915
0 0.649264705882353 0.23594771241830065 0.007352941176470588 0.03529411764705882
0 0.6555147058823529 0.24248366013071893 0.006617647058823529 0.02222222222222222
0 0.6797794117647059 0.22614379084967318 0.005147058823529412 0.023529411764705882
0 0.6724264705882352 0.21830065359477122 0.005147058823529412 0.03398692810457516
5 0.6735294117647058 0.20196078431372547 0.026470588235294117 0.05359477124183006
1 0.6349264705882353 0.22941176470588234 0.009558823529411765 0.03529411764705882
2 0.6345588235294117 0.2392156862745098 0.010294117647058823 0.0261437908496732
9 0.6349264705882353 0.2699346405228758 0.006617647058823529 0.03529411764705882
1 0.6360294117647058 0.26666666666666666 0.007352941176470588 0.03398692810457516
0 0.5977941176470588 0.13594771241830064 0.0058823529411764705 0.02875816993464052
0 0.6205882352941177 0.14183006535947712 0.0058823529411764705 0.0326797385620915
0 0.5985294117647059 0.04183006535947712 0.004411764705882353 0.02091503267973856
0 0.569485294117647 0.0326797385620915 0.005147058823529412 0.023529411764705882
0 0.5900735294117647 0.00980392156862745 0.003676470588235294 0.01699346405228758
0 0.5856617647058824 0.01045751633986928 0.0022058823529411764 0.02091503267973856
0 0.580514705882353 0.00980392156862745 0.003676470588235294 0.0196078431372549
