3 0.7484375 0.8625 0.11875 0.10462962962962963
2 0.30416666666666664 0.8611111111111112 0.035416666666666666 0.05185185185185186
2 0.334375 0.8203703703703704 0.01875 0.053703703703703705
3 0.5111979166666667 0.9398148148148149 0.07239583333333333 0.12037037037037038
3 0.47994791666666664 0.8310185185185186 0.05364583333333333 0.08425925925925926
3 0.39947916666666666 0.8212962962962963 0.059375 0.09074074074074075
3 0.41432291666666665 0.7726851851851853 0.050520833333333334 0.05648148148148149
2 0.40703125 0.725 0.0265625 0.031481481481481485
3 0.45286458333333335 0.6898148148148149 0.030729166666666665 0.044444444444444446
1 0.6013020833333333 0.8953703703703704 0.018229166666666668 0.08333333333333334
2 0.6015625 0.9125000000000001 0.020833333333333332 0.075
1 0.60390625 0.7875 0.0171875 0.06018518518518519
2 0.6036458333333333 0.7962962962962963 0.014583333333333334 0.0462962962962963
1 0.5768229166666666 0.6888888888888889 0.0078125 0.04259259259259259
3 0.48828125 0.7513888888888889 0.0359375 0.06018518518518519
3 0.4927083333333333 0.7134259259259259 0.03229166666666666 0.05092592592592593
2 0.5765625 0.6990740740740741 0.008333333333333333 0.03518518518518519
1 0.5661458333333333 0.6518518518518519 0.00625 0.031481481481481485
2 0.5658854166666667 0.6592592592592593 0.005729166666666666 0.024074074074074074
2 0.5606770833333333 0.6449074074074075 0.005729166666666666 0.019444444444444445
1 0.5604166666666667 0.6342592592592593 0.00625 0.024074074074074074
3 0.4973958333333333 0.6810185185185186 0.029166666666666667 0.049074074074074076
3 0.49505208333333334 0.6583333333333333 0.025520833333333333 0.03518518518518519
3 0.503125 0.6458333333333334 0.021875 0.030555555555555558
3 0.50703125 0.6296296296296297 0.019270833333333334 0.02592592592592593
3 0.5119791666666667 0.6157407407407408 0.016666666666666666 0.02777777777777778
3 0.5369791666666667 0.6157407407407408 0.016666666666666666 0.02777777777777778
3 0.5354166666666667 0.6305555555555555 0.020833333333333332 0.03333333333333333
4 0.55625 0.5712962962962963 0.014583333333333334 0.022222222222222223
4 0.55703125 0.5805555555555556 0.013020833333333334 0.022222222222222223
3 0.52265625 0.5958333333333333 0.027604166666666666 0.019444444444444445
3 0.5291666666666667 0.6 0.03229166666666666 0.022222222222222223
3 0.47890625 0.5962962962962963 0.0359375 0.020370370370370372
1 0.48802083333333335 0.600925925925926 0.00625 0.020370370370370372
2 0.48776041666666664 0.6074074074074074 0.005729166666666666 0.016666666666666666
1 0.5059895833333333 0.5837962962962964 0.005729166666666666 0.01388888888888889
9 0.50625 0.5884259259259259 0.00625 0.015740740740740743
