3 0.4827205882352941 0.00522875816993464 0.008088235294117646 0.01045751633986928
3 0.46911764705882353 0.01764705882352941 0.011764705882352941 0.01437908496732026
3 0.46433823529411766 0.14705882352941174 0.015441176470588236 0.027450980392156862
3 0.49117647058823527 0.10326797385620914 0.013235294117647059 0.0261437908496732
3 0.48566176470588235 0.06405228758169934 0.011029411764705881 0.02091503267973856
5 0.48051470588235295 0.049019607843137254 0.009558823529411765 0.02222222222222222
4 0.49374999999999997 0.04183006535947712 0.008088235294117646 0.02091503267973856
9 0.4349264705882353 0.05620915032679738 0.003676470588235294 0.01045751633986928
1 0.44779411764705884 0.07647058823529411 0.004411764705882353 0.011764705882352941
9 0.44816176470588237 0.08235294117647059 0.003676470588235294 0.0130718954248366
3 0.43529411764705883 0.09607843137254901 0.014705882352941176 0.027450980392156862
3 0.4301470588235294 0.12091503267973855 0.013235294117647059 0.02222222222222222
3 0.4264705882352941 0.15620915032679739 0.01764705882352941 0.027450980392156862
3 0.41801470588235295 0.1764705882352941 0.016911764705882352 0.03137254901960784
3 0.4294117647058823 0.19869281045751633 0.020588235294117647 0.03398692810457516
3 0.5261029411764706 0.0392156862745098 0.011029411764705881 0.01568627450980392
4 0.5216911764705883 0.027450980392156862 0.009558823529411765 0.02091503267973856
0 0.5125 0.03529411764705882 0.0029411764705882353 0.01568627450980392
0 0.5143382352941176 0.050980392156862744 0.0022058823529411764 0.01568627450980392
0 0.5077205882352941 0.04836601307189542 0.0022058823529411764 0.01568627450980392
1 0.49963235294117647 0.03071895424836601 0.0022058823529411764 0.00915032679738562
9 0.5 0.03660130718954248 0.0029411764705882353 0.01045751633986928
0 0.5117647058823529 0.07777777777777778 0.004411764705882353 0.01699346405228758
0 0.5150735294117647 0.08169934640522876 0.003676470588235294 0.0196078431372549
0 0.5183823529411765 0.07777777777777778 0.0029411764705882353 0.01699346405228758
1 0.5073529411764706 0.15816993464052287 0.004411764705882353 0.01830065359477124
2 0.5066176470588235 0.16405228758169935 0.004411764705882353 0.0196078431372549
1 0.5136029411764705 0.1503267973856209 0.003676470588235294 0.02091503267973856
2 0.5136029411764705 0.15555555555555556 0.005147058823529412 0.02091503267973856
3 0.5235294117647059 0.09084967320261438 0.013235294117647059 0.02483660130718954
3 0.5283088235294118 0.12287581699346405 0.015441176470588236 0.023529411764705882
3 0.5352941176470588 0.14052287581699346 0.01764705882352941 0.02483660130718954
3 0.5352941176470588 0.15359477124183005 0.027941176470588233 0.02222222222222222
3 0.5397058823529411 0.17124183006535945 0.01764705882352941 0.02875816993464052
3 0.5488970588235293 0.20784313725490194 0.021323529411764706 0.03137254901960784
3 0.5415441176470588 0.2372549019607843 0.01838235294117647 0.03529411764705882
3 0.4 0.22026143790849673 0.044117647058823525 0.027450980392156862
6 0.3941176470588235 0.2418300653594771 0.030882352941176472 0.02091503267973856
3 0.4158088235294118 0.2588235294117647 0.021323529411764706 0.04183006535947712
3 0.4102941176470588 0.2954248366013072 0.025 0.047058823529411764
3 0.4463235294117647 0.296078431372549 0.025 0.0457516339869281
3 0.3845588235294118 0.3437908496732026 0.026470588235294117 0.054901960784313725
3 0.3477941176470588 0.37450980392156863 0.06764705882352941 0.043137254901960784
0 0.5529411764705883 0.32745098039215687 0.0058823529411764705 0.03529411764705882
1 0.5466911764705882 0.361437908496732 0.008088235294117646 0.0326797385620915
2 0.5466911764705882 0.37189542483660126 0.006617647058823529 0.03006535947712418
3 0.36580882352941174 0.49281045751633984 0.03897058823529412 0.09411764705882353
3 0.5536764705882353 0.6405228758169934 0.044117647058823525 0.09411764705882353
3 0.4441176470588235 0.676470588235294 0.039705882352941174 0.10588235294117647
3 0.4452205882352941 0.8281045751633986 0.04779411764705882 0.1477124183006536
0 0.6393382352941176 0.7431372549019607 0.015441176470588236 0.06666666666666667
1 0.6165441176470589 0.830718954248366 0.016911764705882352 0.0457516339869281
1 0.61875 0.8503267973856209 0.016911764705882352 0.043137254901960784
9 0.6147058823529412 0.8496732026143791 0.01764705882352941 0.07320261437908496
