3 0.015073529411764706 0.13856209150326795 0.030147058823529412 0.065359477124183
3 0.15330882352941178 0.10588235294117647 0.08161764705882353 0.06013071895424836
1 0.31176470588235294 0.11045751633986928 0.016176470588235292 0.04052287581699346
6 0.30330882352941174 0.11895424836601307 0.05661764705882353 0.04183006535947712
3 0.5334558823529412 0.1045751633986928 0.0713235294117647 0.054901960784313725
3 0.5727941176470588 0.023529411764705882 0.0661764705882353 0.04444444444444444
3 0.7404411764705883 0.021568627450980392 0.06470588235294117 0.043137254901960784
3 0.8727941176470588 0.043137254901960784 0.0661764705882353 0.047058823529411764
3 0.8496323529411764 0.10326797385620914 0.06838235294117646 0.0522875816993464
3 0.9724264705882353 0.5549019607843136 0.05514705882352941 0.134640522875817
1 0.7209558823529412 0.4261437908496732 0.01838235294117647 0.05751633986928104
2 0.7165441176470588 0.44248366013071894 0.03455882352941177 0.03529411764705882
3 0.825 0.8117647058823528 0.10735294117647058 0.21176470588235294
0 0.7029411764705882 0.9542483660130718 0.026470588235294117 0.054901960784313725
0 0.6529411764705882 0.841830065359477 0.020588235294117647 0.08104575163398692
6 0.6823529411764706 0.8620915032679738 0.0838235294117647 0.1738562091503268
0 0.6150735294117647 0.8039215686274509 0.021323529411764706 0.0784313725490196
6 0.6323529411764706 0.6581699346405229 0.0838235294117647 0.20784313725490194
0 0.6025735294117647 0.5392156862745098 0.013970588235294117 0.07712418300653594
1 0.5827205882352942 0.5359477124183006 0.015441176470588236 0.06013071895424836
9 0.580514705882353 0.5450980392156862 0.015441176470588236 0.065359477124183
9 0.5698529411764706 0.5875816993464051 0.01911764705882353 0.07450980392156863
0 0.5628676470588235 0.596078431372549 0.015441176470588236 0.06013071895424836
0 0.555514705882353 0.6745098039215686 0.015441176470588236 0.0784313725490196
0 0.5654411764705882 0.6810457516339868 0.011764705882352941 0.06013071895424836
0 0.5261029411764706 0.8124183006535947 0.009558823529411765 0.043137254901960784
0 0.5147058823529411 0.8026143790849672 0.014705882352941176 0.08104575163398692
6 0.4676470588235294 0.7444444444444444 0.051470588235294115 0.13986928104575164
0 0.45 0.7196078431372549 0.016176470588235292 0.0718954248366013
0 0.4455882352941176 0.6849673202614378 0.01764705882352941 0.0784313725490196
0 0.4485294117647059 0.5013071895424837 0.008823529411764706 0.0326797385620915
0 0.44227941176470587 0.49999999999999994 0.013970588235294117 0.0718954248366013
0 0.4198529411764706 0.5130718954248366 0.013235294117647059 0.06666666666666667
9 0.42426470588235293 0.518954248366013 0.033823529411764704 0.05751633986928104
0 0.4176470588235294 0.6104575163398692 0.011764705882352941 0.06797385620915032
6 0.42867647058823527 0.588235294117647 0.05 0.09934640522875816
0 0.3044117647058823 0.5562091503267973 0.010294117647058823 0.043137254901960784
0 0.2889705882352941 0.5888888888888888 0.01764705882352941 0.06928104575163398
2 0.28051470588235294 0.6071895424836601 0.027205882352941177 0.0718954248366013
0 0.34852941176470587 0.826797385620915 0.023529411764705882 0.08235294117647059
0 0.36580882352941174 0.9150326797385621 0.021323529411764706 0.08366013071895424
3 0.32573529411764707 0.9065359477124182 0.07794117647058824 0.18431372549019606
