3 0.3790441176470588 0.9666666666666666 0.06691176470588235 0.06666666666666667
3 0.34963235294117645 0.8679738562091502 0.0625 0.12026143790849672
3 0.2639705882352941 0.9248366013071895 0.06470588235294117 0.14248366013071895
3 0.22720588235294117 0.7888888888888889 0.052941176470588235 0.11372549019607843
3 0.31286764705882353 0.7464052287581698 0.05661764705882353 0.10196078431372549
3 0.2783088235294118 0.6542483660130719 0.05220588235294118 0.0849673202614379
3 0.20147058823529412 0.6712418300653594 0.05 0.09803921568627451
3 0.18051470588235294 0.5836601307189542 0.04191176470588235 0.06928104575163398
3 0.2474264705882353 0.5718954248366013 0.04338235294117647 0.07450980392156863
3 0.16727941176470587 0.5032679738562091 0.03602941176470588 0.05751633986928104
4 0.23566176470588235 0.496078431372549 0.04338235294117647 0.07450980392156863
3 0.2125 0.4411764705882353 0.032352941176470584 0.04836601307189542
3 0.15588235294117647 0.4437908496732026 0.03529411764705882 0.05620915032679738
5 0.20147058823529412 0.3732026143790849 0.041176470588235294 0.0849673202614379
3 0.1827205882352941 0.35163398692810455 0.027205882352941177 0.03660130718954248
3 0.13970588235294118 0.388235294117647 0.030882352941176472 0.04444444444444444
3 0.13602941176470587 0.3431372549019608 0.027941176470588233 0.03790849673202614
3 0.11875 0.2954248366013072 0.027205882352941177 0.04183006535947712
3 0.14669117647058824 0.2568627450980392 0.019852941176470587 0.03006535947712418
5 0.16176470588235295 0.2869281045751634 0.03529411764705882 0.06928104575163398
3 0.10625 0.24901960784313723 0.021323529411764706 0.03529411764705882
3 0.09522058823529411 0.2065359477124183 0.019852941176470587 0.02875816993464052
3 0.12389705882352942 0.19281045751633985 0.01838235294117647 0.027450980392156862
4 0.13014705882352942 0.22026143790849673 0.01764705882352941 0.0326797385620915
5 0.11066176470588235 0.14705882352941174 0.03308823529411765 0.07450980392156863
3 0.08419117647058823 0.14248366013071895 0.015441176470588236 0.02091503267973856
8 0.07242647058823529 0.1045751633986928 0.022794117647058822 0.04967320261437908
5 0.08823529411764705 0.07450980392156863 0.016176470588235292 0.03137254901960784
8 0.06323529411764706 0.07124183006535947 0.01764705882352941 0.03790849673202614
3 0.06139705882352941 0.049019607843137254 0.009558823529411765 0.01437908496732026
3 0.05955882352941176 0.04052287581699346 0.010294117647058823 0.01568627450980392
3 0.059926470588235296 0.02418300653594771 0.009558823529411765 0.011764705882352941
3 0.060294117647058824 0.02875816993464052 0.007352941176470588 0.01568627450980392
8 0.057720588235294114 0.01045751633986928 0.0125 0.02091503267973856
3 0.07536764705882353 0.00522875816993464 0.011029411764705881 0.01045751633986928
3 0.08125 0.06339869281045751 0.009558823529411765 0.01437908496732026
3 0.07941176470588235 0.05555555555555555 0.010294117647058823 0.01437908496732026
3 0.07977941176470588 0.04836601307189542 0.009558823529411765 0.0130718954248366
4 0.07757352941176471 0.04052287581699346 0.008088235294117646 0.01568627450980392
3 0.07573529411764705 0.03594771241830065 0.008823529411764706 0.01437908496732026
3 0.07683823529411765 0.02875816993464052 0.009558823529411765 0.0130718954248366
3 0.07536764705882353 0.01437908496732026 0.009558823529411765 0.0130718954248366
4 0.075 0.02091503267973856 0.010294117647058823 0.01568627450980392
