0 0.4525735294117647 0.9392156862745097 0.022794117647058822 0.06405228758169934
3 0.43088235294117644 0.676470588235294 0.045588235294117645 0.1372549019607843
4 0.5566176470588236 0.6581699346405229 0.044117647058823525 0.11633986928104574
0 0.5573529411764706 0.7091503267973855 0.011764705882352941 0.04836601307189542
5 0.3422794117647059 0.4986928104575163 0.05073529411764706 0.1372549019607843
1 0.4797794117647059 0.47320261437908495 0.0125 0.03398692810457516
9 0.4797794117647059 0.48823529411764705 0.0125 0.0326797385620915
0 0.5794117647058823 0.4509803921568627 0.010294117647058823 0.03660130718954248
0 0.5816176470588236 0.4568627450980392 0.007352941176470588 0.0326797385620915
9 0.6077205882352941 0.48823529411764705 0.016911764705882352 0.03529411764705882
3 0.044117647058823525 0.39281045751633986 0.07941176470588235 0.05620915032679738
3 0.22830882352941176 0.18627450980392155 0.05955882352941176 0.04836601307189542
3 0.24191176470588235 0.11633986928104574 0.047058823529411764 0.04183006535947712
3 0.24044117647058824 0.10065359477124182 0.04264705882352941 0.03660130718954248
0 0.2051470588235294 0.02222222222222222 0.007352941176470588 0.02875816993464052
0 0.18419117647058822 0.029411764705882353 0.006617647058823529 0.027450980392156862
4 0.3536764705882353 0.19084967320261437 0.022058823529411763 0.065359477124183
3 0.3584558823529412 0.013725490196078431 0.02426470588235294 0.027450980392156862
3 0.5154411764705882 0.18431372549019606 0.027941176470588233 0.04444444444444444
0 0.5360294117647059 0.2856209150326797 0.008823529411764706 0.03529411764705882
1 0.48823529411764705 0.31633986928104574 0.010294117647058823 0.0392156862745098
9 0.48970588235294116 0.3176470588235294 0.023529411764705882 0.03398692810457516
1 0.49117647058823527 0.27581699346405225 0.008823529411764706 0.03137254901960784
9 0.49117647058823527 0.28431372549019607 0.011764705882352941 0.027450980392156862
1 0.44779411764705884 0.07124183006535947 0.0058823529411764705 0.02222222222222222
0 0.48198529411764707 0.02679738562091503 0.005147058823529412 0.02483660130718954
0 0.5022058823529412 0.09346405228758169 0.0058823529411764705 0.0326797385620915
9 0.4485294117647059 0.07908496732026143 0.0058823529411764705 0.02222222222222222
