3 0.07426470588235294 0.27908496732026145 0.07794117647058824 0.06405228758169934
3 0.19448529411764706 0.34705882352941175 0.07279411764705883 0.06143790849673202
3 0.28161764705882353 0.3758169934640523 0.075 0.06666666666666667
3 0.7055147058823529 0.19477124183006533 0.028676470588235293 0.047058823529411764
3 0.7492647058823529 0.2006535947712418 0.026470588235294117 0.058823529411764705
3 0.7955882352941176 0.226797385620915 0.023529411764705882 0.04052287581699346
3 0.8514705882352941 0.1699346405228758 0.03823529411764706 0.04183006535947712
3 0.79375 0.11437908496732026 0.021323529411764706 0.03790849673202614
3 0.7485294117647059 0.07581699346405228 0.016176470588235292 0.03398692810457516
3 0.538235294117647 0.296078431372549 0.039705882352941174 0.07450980392156863
3 0.5566176470588236 0.2529411764705882 0.030882352941176472 0.06928104575163398
3 0.21985294117647058 0.6686274509803921 0.11764705882352941 0.09803921568627451
3 0.5988970588235294 0.14705882352941174 0.021323529411764706 0.03529411764705882
3 0.6352941176470588 0.07320261437908496 0.016176470588235292 0.02875816993464052
3 0.6198529411764706 0.09607843137254901 0.026470588235294117 0.03006535947712418
3 0.5875 0.17843137254901958 0.022058823529411763 0.043137254901960784
3 0.4411764705882353 0.31176470588235294 0.032352941176470584 0.06666666666666667
4 0.17977941176470588 0.7973856209150326 0.12279411764705882 0.1411764705882353
4 0.0375 0.8738562091503267 0.06911764705882353 0.14248366013071895
4 0.22720588235294117 0.9490196078431372 0.10294117647058823 0.10196078431372549
2 0.6768382352941177 0.3477124183006536 0.006617647058823529 0.02875816993464052
2 0.6415441176470588 0.8392156862745097 0.015441176470588236 0.05751633986928104
9 0.9136029411764706 0.5790849673202614 0.0125 0.04967320261437908
9 0.22095588235294117 0.5405228758169934 0.03308823529411765 0.027450980392156862
1 0.21433823529411763 0.5183006535947712 0.008088235294117646 0.0326797385620915
1 0.20551470588235293 0.5222222222222221 0.006617647058823529 0.03790849673202614
0 0.19301470588235295 0.5581699346405229 0.011029411764705881 0.07320261437908496
0 0.39375 0.3457516339869281 0.011029411764705881 0.043137254901960784
0 0.43308823529411766 0.3607843137254902 0.010294117647058823 0.0522875816993464
1 0.6779411764705883 0.330718954248366 0.008823529411764706 0.023529411764705882
1 0.6433823529411765 0.7895424836601307 0.016176470588235292 0.06797385620915032
1 0.9169117647058823 0.5607843137254902 0.010294117647058823 0.0392156862745098
0 0.9569852941176471 0.19869281045751633 0.008088235294117646 0.03660130718954248
1 0.6018382352941176 0.2522875816993464 0.006617647058823529 0.0392156862745098
