3 0.9786764705882353 0.8065359477124182 0.04264705882352941 0.130718954248366
1 0.9455882352941176 0.5111111111111111 0.016176470588235292 0.04444444444444444
2 0.9459558823529411 0.5209150326797385 0.0125 0.0457516339869281
0 0.9213235294117647 0.3607843137254902 0.013235294117647059 0.0392156862745098
0 0.9014705882352941 0.17058823529411762 0.0058823529411764705 0.02483660130718954
5 0.8900735294117647 0.11633986928104574 0.03897058823529412 0.02875816993464052
3 0.6580882352941176 0.7529411764705882 0.058823529411764705 0.12026143790849672
3 0.7095588235294118 0.47320261437908495 0.03823529411764706 0.06797385620915032
3 0.7716911764705883 0.32418300653594767 0.030147058823529412 0.047058823529411764
3 0.7492647058823529 0.24771241830065358 0.025 0.043137254901960784
3 0.7867647058823529 0.19215686274509802 0.020588235294117647 0.03398692810457516
1 0.8077205882352941 0.2130718954248366 0.006617647058823529 0.02091503267973856
9 0.8073529411764706 0.21895424836601304 0.007352941176470588 0.027450980392156862
3 0.7830882352941176 0.16470588235294117 0.01764705882352941 0.0261437908496732
3 0.7897058823529411 0.13202614379084968 0.016176470588235292 0.023529411764705882
3 0.8341911764705883 0.12091503267973855 0.0125 0.0196078431372549
3 0.7738970588235294 0.09477124183006536 0.0125 0.0196078431372549
3 0.7577205882352941 0.14248366013071895 0.016911764705882352 0.02875816993464052
3 0.7323529411764705 0.19673202614379084 0.020588235294117647 0.0326797385620915
3 0.6367647058823529 0.292156862745098 0.033823529411764704 0.05359477124183006
3 0.5746323529411764 0.3784313725490196 0.06397058823529411 0.04836601307189542
3 0.4768382352941176 0.3810457516339869 0.0713235294117647 0.06405228758169934
4 0.35110294117647056 0.361437908496732 0.05955882352941176 0.06405228758169934
5 0.3165441176470588 0.39215686274509803 0.0875 0.0784313725490196
3 0.31580882352941175 0.2849673202614379 0.04779411764705882 0.03660130718954248
5 0.39852941176470585 0.2869281045751634 0.09117647058823529 0.06405228758169934
3 0.2757352941176471 0.6169934640522875 0.0838235294117647 0.10980392156862745
3 0.3411764705882353 0.5392156862745098 0.06764705882352941 0.08758169934640522
3 0.24191176470588235 0.5176470588235293 0.06764705882352941 0.07320261437908496
3 0.2727941176470588 0.47581699346405226 0.07647058823529412 0.054901960784313725
4 0.05919117647058823 0.48627450980392156 0.10073529411764706 0.1045751633986928
3 0.13198529411764706 0.6032679738562091 0.08602941176470588 0.09019607843137255
3 0.08051470588235295 0.6503267973856208 0.09044117647058823 0.09542483660130718
3 0.0625 0.8908496732026143 0.125 0.16339869281045752
3 0.03455882352941177 0.7431372549019607 0.06911764705882353 0.10849673202614378
1 0.4963235294117647 0.44052287581699345 0.010294117647058823 0.02875816993464052
6 0.49669117647058825 0.45555555555555555 0.015441176470588236 0.0457516339869281
1 0.5455882352941176 0.4516339869281045 0.011764705882352941 0.0326797385620915
1 0.5474264705882352 0.4398692810457516 0.009558823529411765 0.027450980392156862
6 0.5507352941176471 0.4568627450980392 0.026470588235294117 0.04836601307189542
4 0.5139705882352941 0.3176470588235294 0.04852941176470588 0.0522875816993464
3 0.5503676470588236 0.2725490196078431 0.03308823529411765 0.043137254901960784
3 0.575 0.2437908496732026 0.027941176470588233 0.03790849673202614
3 0.60625 0.19869281045751633 0.021323529411764706 0.03137254901960784
3 0.6235294117647059 0.1830065359477124 0.022058823529411763 0.03137254901960784
3 0.6375 0.16405228758169935 0.020588235294117647 0.03529411764705882
3 0.6584558823529412 0.13790849673202613 0.016911764705882352 0.02222222222222222
4 0.6926470588235294 0.0915032679738562 0.013235294117647059 0.0261437908496732
3 0.711764705882353 0.06666666666666667 0.011764705882352941 0.02091503267973856
0 0.1474264705882353 0.461437908496732 0.0125 0.047058823529411764
1 0.35110294117647056 0.5830065359477123 0.009558823529411765 0.03137254901960784
1 0.3547794117647059 0.5732026143790849 0.011029411764705881 0.0326797385620915
1 0.36470588235294116 0.5764705882352941 0.010294117647058823 0.03137254901960784
1 0.35661764705882354 0.584313725490196 0.0058823529411764705 0.0261437908496732
6 0.35698529411764707 0.5980392156862745 0.03308823529411765 0.06666666666666667
1 0.5408088235294117 0.3300653594771242 0.011029411764705881 0.03006535947712418
9 0.5411764705882353 0.34117647058823525 0.013235294117647059 0.02875816993464052
3 0.7308823529411764 0.04248366013071895 0.010294117647058823 0.01699346405228758
0 0.46433823529411766 0.35359477124183003 0.008088235294117646 0.03006535947712418
1 0.6819852941176471 0.1954248366013072 0.005147058823529412 0.02222222222222222
9 0.6816176470588236 0.19934640522875816 0.007352941176470588 0.0196078431372549
1 0.6985294117647058 0.1895424836601307 0.0058823529411764705 0.02091503267973856
9 0.6985294117647058 0.19477124183006533 0.007352941176470588 0.023529411764705882
1 0.8169117647058823 0.12026143790849672 0.0058823529411764705 0.0130718954248366
9 0.8165441176470588 0.12483660130718953 0.005147058823529412 0.01699346405228758
3 0.9481617647058823 0.04771241830065359 0.011029411764705881 0.01437908496732026
3 0.9669117647058824 0.06274509803921569 0.010294117647058823 0.01568627450980392
3 0.9628676470588236 0.049019607843137254 0.011029411764705881 0.01437908496732026
3 0.9665441176470588 0.052941176470588235 0.01838235294117647 0.01437908496732026
