3 0.5223958333333333 0.9194444444444445 0.06770833333333333 0.16111111111111112
3 0.68671875 0.9259259259259259 0.07239583333333333 0.14814814814814814
3 0.7984375 0.9527777777777778 0.07395833333333333 0.09444444444444444
3 0.74921875 0.8064814814814815 0.08072916666666667 0.15925925925925927
3 0.6955729166666667 0.6435185185185185 0.06510416666666667 0.12037037037037038
3 0.6109375 0.6574074074074074 0.06458333333333333 0.1425925925925926
3 0.54921875 0.6949074074074074 0.057812499999999996 0.14351851851851852
3 0.48203124999999997 0.6953703703703704 0.057812499999999996 0.14444444444444446
3 0.44427083333333334 0.5300925925925926 0.051041666666666666 0.1212962962962963
3 0.23463541666666665 0.437962962962963 0.0515625 0.12592592592592594
3 0.2109375 0.16435185185185186 0.03854166666666667 0.09351851851851853
3 0.56796875 0.4810185185185185 0.0546875 0.11574074074074074
9 0.11822916666666666 0.6074074074074074 0.02395833333333333 0.05555555555555556
3 0.10260416666666666 0.07037037037037037 0.03125 0.07037037037037037
3 0.10833333333333334 0.016203703703703703 0.030208333333333334 0.032407407407407406
3 0.4161458333333333 0.40324074074074073 0.053125 0.11018518518518519
3 0.6244791666666667 0.45 0.06666666666666667 0.10185185185185186
3 0.7026041666666667 0.4027777777777778 0.07708333333333334 0.07222222222222223
2 0.7359375 0.5615740740740741 0.015625 0.05277777777777778
2 0.7338541666666667 0.5300925925925926 0.017708333333333333 0.049074074074074076
2 0.7190104166666667 0.500925925925926 0.0265625 0.03518518518518519
3 0.61640625 0.9152777777777779 0.06614583333333333 0.16574074074074074
2 0.8309895833333333 0.7828703703703704 0.030729166666666665 0.05648148148148149
3 0.9481770833333333 0.8356481481481481 0.07447916666666667 0.08240740740740742
3 0.9216145833333333 0.7462962962962963 0.07864583333333333 0.08703703703703704
3 0.8736979166666666 0.675 0.07552083333333333 0.06851851851851852
3 0.8559895833333333 0.6064814814814815 0.07552083333333333 0.06851851851851852
3 0.9416666666666667 0.46851851851851856 0.0625 0.0925925925925926
3 0.9903645833333333 0.47175925925925927 0.019270833333333334 0.049074074074074076
3 0.9708333333333333 0.4101851851851852 0.058333333333333334 0.08148148148148149
4 0.9528645833333333 0.3351851851851852 0.0671875 0.07037037037037037
4 0.9080729166666667 0.24583333333333335 0.06614583333333333 0.06759259259259259
3 0.9216145833333333 0.1800925925925926 0.05364583333333333 0.0712962962962963
3 0.875 0.09583333333333334 0.046875 0.06018518518518519
3 0.8322916666666667 0.032407407407407406 0.041666666666666664 0.06481481481481481
3 0.8692708333333333 0.19398148148148148 0.07291666666666667 0.06759259259259259
3 0.5666666666666667 0.21666666666666667 0.040625 0.07222222222222223
3 0.3841145833333333 0.2712962962962963 0.044270833333333336 0.09074074074074075
3 0.3606770833333333 0.18888888888888888 0.0390625 0.07777777777777778
3 0.3377604166666667 0.09444444444444444 0.0328125 0.06481481481481481
3 0.36692708333333335 0.0375 0.027604166666666666 0.05277777777777778
3 0.3893229166666667 0.13148148148148148 0.0390625 0.07407407407407407
3 0.4513020833333333 0.22824074074074074 0.0390625 0.08425925925925926
3 0.42083333333333334 0.09907407407407408 0.03333333333333333 0.06666666666666667
3 0.4903645833333333 0.20555555555555557 0.03697916666666667 0.07777777777777778
3 0.7075520833333333 0.2449074074074074 0.07135416666666666 0.058333333333333334
3 0.6841145833333333 0.2 0.06197916666666667 0.044444444444444446
3 0.67265625 0.15972222222222224 0.06510416666666667 0.04722222222222222
3 0.8442708333333333 0.15833333333333333 0.06666666666666667 0.06296296296296297
3 0.8296875 0.12916666666666668 0.0625 0.05092592592592593
3 0.8153645833333333 0.09398148148148149 0.0609375 0.058333333333333334
3 0.79921875 0.07314814814814816 0.058854166666666666 0.053703703703703705
3 0.6455729166666666 0.09814814814814815 0.06510416666666667 0.04814814814814815
3 0.61953125 0.06435185185185185 0.059895833333333336 0.049074074074074076
3 0.6052083333333333 0.02777777777777778 0.057291666666666664 0.040740740740740744
4 0.728125 0.050462962962962966 0.057291666666666664 0.0787037037037037
3 0.7770833333333333 0.04166666666666667 0.05520833333333333 0.05
3 0.7630208333333334 0.019444444444444445 0.05520833333333333 0.037037037037037035
8 0.48411458333333335 0.4087962962962963 0.11197916666666667 0.3027777777777778
5 0.525 0.325 0.06666666666666667 0.1462962962962963
3 0.5395833333333333 0.13842592592592592 0.041666666666666664 0.08055555555555556
0 0.5807291666666666 0.125 0.0125 0.04259259259259259
1 0.5026041666666666 0.10601851851851853 0.011458333333333333 0.030555555555555558
1 0.5041666666666667 0.11620370370370371 0.008333333333333333 0.021296296296296296
9 0.49973958333333335 0.11388888888888889 0.01614583333333333 0.037037037037037035
4 0.4661458333333333 0.07407407407407407 0.04583333333333333 0.09074074074074075
3 0.5028645833333333 0.01898148148148148 0.03802083333333333 0.036111111111111115
3 0.4036458333333333 0.02361111111111111 0.03229166666666666 0.04537037037037037
3 0.3265625 0.02638888888888889 0.03229166666666666 0.05277777777777778
