0 0.0359375 0.9490740740740741 0.065625 0.07222222222222223
0 0.06875 0.8555555555555556 0.06458333333333333 0.08888888888888889
0 0.4328125 0.13240740740740742 0.015625 0.07962962962962963
0 0.4515625 0.10925925925925926 0.015625 0.07407407407407407
1 0.44427083333333334 0.08333333333333334 0.007291666666666667 0.03333333333333333
0 0.5328125 0.14814814814814814 0.017708333333333333 0.08518518518518518
0 0.3963541666666667 0.7314814814814815 0.034375 0.11481481481481481
0 0.45677083333333335 0.8833333333333334 0.021875 0.08148148148148149
0 0.45468749999999997 0.7796296296296297 0.02395833333333333 0.11111111111111112
0 0.4484375 0.7037037037037037 0.030208333333333334 0.1
