1 0.5485294117647058 0.18235294117647058 0.014705882352941176 0.02222222222222222
0 0.4540441176470588 0.14444444444444443 0.009558823529411765 0.05620915032679738
0 0.46948529411764706 0.14705882352941174 0.011029411764705881 0.050980392156862744
0 0.4944852941176471 0.15555555555555556 0.0125 0.054901960784313725
0 0.5022058823529412 0.15947712418300652 0.007352941176470588 0.0522875816993464
0 0.5066176470588235 0.1954248366013072 0.011764705882352941 0.05359477124183006
0 0.5029411764705882 0.21503267973856208 0.010294117647058823 0.05359477124183006
0 0.4801470588235294 0.21111111111111108 0.007352941176470588 0.0326797385620915
0 0.4808823529411765 0.19869281045751633 0.010294117647058823 0.047058823529411764
4 0.37058823529411766 0.09084967320261438 0.052941176470588235 0.06666666666666667
1 0.39044117647058824 0.10196078431372549 0.008823529411764706 0.03398692810457516
0 0.33198529411764705 0.15424836601307187 0.015441176470588236 0.04183006535947712
0 0.3452205882352941 0.17516339869281045 0.009558823529411765 0.04183006535947712
0 0.3316176470588235 0.18562091503267972 0.010294117647058823 0.0522875816993464
9 0.3301470588235294 0.18169934640522875 0.032352941176470584 0.04444444444444444
0 0.3069852941176471 0.18758169934640523 0.008088235294117646 0.05620915032679738
0 0.2985294117647059 0.1790849673202614 0.016176470588235292 0.05751633986928104
0 0.29669117647058824 0.20522875816993463 0.009558823529411765 0.0392156862745098
0 0.31213235294117647 0.23202614379084965 0.009558823529411765 0.05359477124183006
1 0.2875 0.21437908496732025 0.022058823529411763 0.02875816993464052
0 0.33051470588235293 0.24967320261437906 0.009558823529411765 0.04444444444444444
0 0.33933823529411766 0.24705882352941175 0.011029411764705881 0.04967320261437908
1 0.29448529411764707 0.2620915032679738 0.013970588235294117 0.027450980392156862
0 0.3213235294117647 0.44967320261437904 0.014705882352941176 0.06274509803921569
0 0.3073529411764706 0.4509803921568627 0.010294117647058823 0.06013071895424836
0 0.2536764705882353 0.5091503267973856 0.01764705882352941 0.06666666666666667
0 0.22573529411764706 0.27320261437908494 0.010294117647058823 0.047058823529411764
1 0.24411764705882352 0.22745098039215686 0.01911764705882353 0.04967320261437908
0 0.2099264705882353 0.3660130718954248 0.01838235294117647 0.06013071895424836
1 0.22316176470588234 0.37973856209150325 0.011029411764705881 0.02222222222222222
3 0.03308823529411765 0.08431372549019607 0.0661764705882353 0.06666666666666667
0 0.06139705882352941 0.32091503267973853 0.019852941176470587 0.06666666666666667
0 0.06875 0.31241830065359477 0.021323529411764706 0.06274509803921569
4 0.03602941176470588 0.48823529411764705 0.07205882352941176 0.14509803921568626
0 0.07573529411764705 0.41241830065359475 0.023529411764705882 0.06928104575163398
0 0.03529411764705882 0.6633986928104575 0.032352941176470584 0.09281045751633986
0 0.04963235294117647 0.6183006535947712 0.027205882352941177 0.07320261437908496
9 0.11213235294117647 0.3078431372549019 0.028676470588235293 0.050980392156862744
0 0.09669117647058824 0.3686274509803921 0.025735294117647058 0.065359477124183
2 0.10514705882352941 0.39215686274509803 0.029411764705882353 0.054901960784313725
6 0.11323529411764706 0.48496732026143785 0.041176470588235294 0.07581699346405228
6 0.15 0.557516339869281 0.09117647058823529 0.11895424836601307
2 0.19963235294117646 0.6333333333333333 0.10073529411764706 0.07712418300653594
9 0.3316176470588235 0.745751633986928 0.060294117647058824 0.07712418300653594
9 0.39338235294117646 0.7830065359477124 0.051470588235294115 0.08104575163398692
1 0.34154411764705883 0.6549019607843137 0.021323529411764706 0.0522875816993464
1 0.3680147058823529 0.6633986928104575 0.02426470588235294 0.06405228758169934
1 0.41875 0.6790849673202614 0.016911764705882352 0.06666666666666667
1 0.4209558823529412 0.6516339869281045 0.0125 0.03006535947712418
0 0.3871323529411765 0.5392156862745098 0.021323529411764706 0.07712418300653594
0 0.4091911764705882 0.5052287581699346 0.022794117647058822 0.06928104575163398
0 0.3871323529411765 0.43006535947712415 0.015441176470588236 0.05751633986928104
0 0.3816176470588235 0.40784313725490196 0.011764705882352941 0.06013071895424836
0 0.39044117647058824 0.3934640522875817 0.013235294117647059 0.0522875816993464
0 0.41213235294117645 0.4111111111111111 0.0125 0.06405228758169934
0 0.4404411764705882 0.3026143790849673 0.013235294117647059 0.06666666666666667
0 0.48713235294117646 0.28366013071895424 0.011029411764705881 0.06013071895424836
0 0.47463235294117645 0.2856209150326797 0.013970588235294117 0.058823529411764705
0 0.5113970588235294 0.3405228758169934 0.013970588235294117 0.05359477124183006
0 0.5018382352941176 0.3254901960784313 0.013970588235294117 0.06013071895424836
0 0.5143382352941176 0.30849673202614375 0.015441176470588236 0.05751633986928104
0 0.5522058823529412 0.3183006535947712 0.013235294117647059 0.06666666666666667
0 0.43676470588235294 0.5176470588235293 0.008823529411764706 0.05751633986928104
0 0.43970588235294117 0.49738562091503263 0.010294117647058823 0.06143790849673202
1 0.45808823529411763 0.49803921568627446 0.016176470588235292 0.04444444444444444
0 0.47720588235294115 0.5013071895424837 0.013235294117647059 0.07973856209150326
0 0.4345588235294118 0.6117647058823529 0.025 0.08366013071895424
0 0.49117647058823527 0.8503267973856209 0.030882352941176472 0.09542483660130718
9 0.49227941176470585 0.8555555555555555 0.05661764705882353 0.06666666666666667
0 0.6246323529411765 0.3352941176470588 0.013970588235294117 0.06928104575163398
0 0.6852941176470588 0.3464052287581699 0.022058823529411763 0.04967320261437908
1 0.6900735294117647 0.3457516339869281 0.015441176470588236 0.03006535947712418
0 0.7095588235294118 0.3509803921568627 0.014705882352941176 0.03790849673202614
0 0.7202205882352941 0.33464052287581697 0.015441176470588236 0.05751633986928104
0 0.7044117647058823 0.40196078431372545 0.016176470588235292 0.06928104575163398
0 0.7191176470588235 0.39934640522875814 0.014705882352941176 0.06928104575163398
0 0.75 0.35947712418300654 0.014705882352941176 0.065359477124183
0 0.6683823529411764 0.48627450980392156 0.01764705882352941 0.06797385620915032
0 0.7099264705882353 0.47124183006535947 0.01838235294117647 0.0718954248366013
0 0.8014705882352942 0.3660130718954248 0.023529411764705882 0.08104575163398692
0 0.8202205882352941 0.4509803921568627 0.02426470588235294 0.07058823529411765
1 0.8231617647058823 0.4411764705882353 0.0125 0.03790849673202614
0 0.8264705882352941 0.5888888888888888 0.023529411764705882 0.07450980392156863
0 0.8371323529411765 0.5666666666666667 0.019852941176470587 0.07450980392156863
0 0.8547794117647058 0.5437908496732026 0.021323529411764706 0.08104575163398692
0 0.8720588235294118 0.5686274509803921 0.029411764705882353 0.07581699346405228
0 0.9073529411764706 0.5771241830065359 0.033823529411764704 0.09019607843137255
0 0.8794117647058823 0.7496732026143791 0.022058823529411763 0.09281045751633986
0 0.8352941176470589 0.8660130718954248 0.030882352941176472 0.09542483660130718
0 0.9356617647058824 0.7411764705882352 0.028676470588235293 0.08627450980392157
0 0.14227941176470588 0.2418300653594771 0.015441176470588236 0.0522875816993464
0 0.14926470588235294 0.24117647058823527 0.010294117647058823 0.03529411764705882
0 0.19375 0.20588235294117646 0.009558823529411765 0.043137254901960784
0 0.20808823529411766 0.21241830065359477 0.016176470588235292 0.05620915032679738
0 0.2051470588235294 0.20196078431372547 0.013235294117647059 0.05359477124183006
0 0.21654411764705883 0.22352941176470587 0.011029411764705881 0.05751633986928104
0 0.22095588235294117 0.21830065359477122 0.011029411764705881 0.054901960784313725
6 0.48051470588235295 0.2718954248366013 0.05367647058823529 0.065359477124183
0 0.2738970588235294 0.17777777777777776 0.013970588235294117 0.054901960784313725
7 0.29301470588235295 0.1477124183006536 0.06397058823529411 0.0915032679738562
0 0.43786764705882353 0.21633986928104573 0.009558823529411765 0.0457516339869281
0 0.4522058823529412 0.19346405228758168 0.008823529411764706 0.03660130718954248
0 0.4522058823529412 0.2176470588235294 0.008823529411764706 0.050980392156862744
1 0.4496323529411765 0.20196078431372547 0.005147058823529412 0.02483660130718954
