4 0.48385416666666664 0.37962962962962965 0.011458333333333333 0.022222222222222223
3 0.4786458333333333 0.4703703703703704 0.015625 0.03333333333333333
3 0.5057291666666667 0.5092592592592593 0.017708333333333333 0.02962962962962963
6 0.5286458333333334 0.5037037037037038 0.011458333333333333 0.02962962962962963
4 0.4578125 0.5314814814814816 0.015625 0.044444444444444446
3 0.48385416666666664 0.6314814814814815 0.02395833333333333 0.05555555555555556
6 0.5395833333333333 0.7574074074074074 0.027083333333333334 0.07407407407407407
1 0.5390625 0.7407407407407408 0.011458333333333333 0.044444444444444446
1 0.5359375 0.7388888888888889 0.011458333333333333 0.03333333333333333
5 0.6265625 0.9305555555555556 0.078125 0.1388888888888889
