1 0.8922794117647058 0.1718954248366013 0.0125 0.04052287581699346
9 0.8863970588235294 0.18431372549019606 0.019852941176470587 0.04967320261437908
3 0.7580882352941176 0.12156862745098039 0.05 0.065359477124183
3 0.5952205882352941 0.023529411764705882 0.04191176470588235 0.047058823529411764
3 0.36213235294117646 0.045098039215686274 0.03602941176470588 0.07712418300653594
0 0.3977941176470588 0.03660130718954248 0.007352941176470588 0.047058823529411764
0 0.4661764705882353 0.01503267973856209 0.0058823529411764705 0.03006535947712418
9 0.4727941176470588 0.01764705882352941 0.0058823529411764705 0.03006535947712418
0 0.48676470588235293 0.027450980392156862 0.007352941176470588 0.03398692810457516
0 0.4904411764705882 0.04640522875816993 0.007352941176470588 0.043137254901960784
0 0.49669117647058825 0.03464052287581699 0.011029411764705881 0.0326797385620915
7 0.5147058823529411 0.03660130718954248 0.030882352941176472 0.047058823529411764
1 0.5227941176470589 0.03725490196078431 0.011764705882352941 0.027450980392156862
7 0.524264705882353 0.0738562091503268 0.025 0.05620915032679738
0 0.5400735294117647 0.11830065359477124 0.008088235294117646 0.03790849673202614
0 0.5147058823529411 0.11372549019607843 0.0058823529411764705 0.04183006535947712
0 0.5128676470588235 0.12091503267973855 0.006617647058823529 0.04052287581699346
0 0.5139705882352941 0.1457516339869281 0.010294117647058823 0.027450980392156862
4 0.5408088235294117 0.17843137254901958 0.03602941176470588 0.10849673202614378
4 0.5518382352941177 0.2764705882352941 0.04485294117647059 0.09542483660130718
0 0.6757352941176471 0.9627450980392156 0.01911764705882353 0.07450980392156863
0 0.6268382352941176 0.7176470588235294 0.015441176470588236 0.07058823529411765
7 0.6294117647058823 0.6908496732026144 0.058823529411764705 0.14509803921568626
0 0.524264705882353 0.9816993464052287 0.016176470588235292 0.03660130718954248
0 0.5011029411764706 0.9830065359477124 0.021323529411764706 0.03398692810457516
0 0.5191176470588236 0.8732026143790849 0.01911764705882353 0.08104575163398692
1 0.5378676470588235 0.6522875816993463 0.021323529411764706 0.06013071895424836
9 0.5375 0.6862745098039216 0.020588235294117647 0.054901960784313725
7 0.38198529411764703 0.7843137254901961 0.04338235294117647 0.2065359477124183
1 0.43529411764705883 0.8124183006535947 0.020588235294117647 0.05359477124183006
7 0.3900735294117647 0.5732026143790849 0.04044117647058824 0.1790849673202614
4 0.3602941176470588 0.461437908496732 0.045588235294117645 0.13856209150326795
0 0.4823529411764706 0.5019607843137255 0.013235294117647059 0.07058823529411765
0 0.44926470588235295 0.5156862745098039 0.007352941176470588 0.03790849673202614
1 0.4540441176470588 0.5294117647058824 0.011029411764705881 0.0392156862745098
9 0.46397058823529413 0.5333333333333333 0.01911764705882353 0.08104575163398692
0 0.4577205882352941 0.4052287581699346 0.0125 0.054901960784313725
0 0.5143382352941176 0.24771241830065358 0.006617647058823529 0.04052287581699346
0 0.5055147058823529 0.24313725490196078 0.009558823529411765 0.05751633986928104
0 0.46654411764705883 0.26405228758169935 0.006617647058823529 0.03398692810457516
0 0.4577205882352941 0.2503267973856209 0.009558823529411765 0.050980392156862744
0 0.4551470588235294 0.30130718954248364 0.008823529411764706 0.05620915032679738
0 0.4349264705882353 0.2633986928104575 0.009558823529411765 0.058823529411764705
0 0.4389705882352941 0.2954248366013072 0.008823529411764706 0.06013071895424836
0 0.3503676470588235 0.230718954248366 0.011029411764705881 0.06405228758169934
0 0.3636029411764706 0.24248366013071893 0.011029411764705881 0.06143790849673202
0 0.38676470588235295 0.2549019607843137 0.010294117647058823 0.0522875816993464
0 0.37279411764705883 0.2241830065359477 0.010294117647058823 0.058823529411764705
0 0.3830882352941176 0.2222222222222222 0.008823529411764706 0.04967320261437908
0 0.40441176470588236 0.21633986928104573 0.008823529411764706 0.0326797385620915
0 0.4198529411764706 0.2241830065359477 0.008823529411764706 0.05359477124183006
0 0.4227941176470588 0.20392156862745098 0.010294117647058823 0.054901960784313725
0 0.33198529411764705 0.16339869281045752 0.013970588235294117 0.02875816993464052
0 0.4360294117647059 0.1830065359477124 0.014705882352941176 0.054901960784313725
0 0.45 0.1568627450980392 0.008823529411764706 0.04967320261437908
0 0.4547794117647059 0.14836601307189543 0.006617647058823529 0.050980392156862744
0 0.4591911764705882 0.1549019607843137 0.005147058823529412 0.03006535947712418
0 0.4102941176470588 0.10130718954248365 0.013235294117647059 0.03006535947712418
0 0.5415441176470588 0.5084967320261438 0.013970588235294117 0.06797385620915032
2 0.3897058823529412 0.0895424836601307 0.016176470588235292 0.03790849673202614
7 0.42463235294117646 0.0196078431372549 0.01838235294117647 0.0392156862745098
0 0.4113970588235294 0.0130718954248366 0.005147058823529412 0.0261437908496732
