1 0.13177083333333334 0.5462962962962963 0.028125 0.06666666666666667
0 0.6328125 0.07685185185185185 0.013541666666666667 0.053703703703703705
0 0.6354166666666666 0.12962962962962962 0.0125 0.05185185185185186
0 0.59375 0.20277777777777778 0.0125 0.061111111111111116
0 0.6083333333333333 0.20092592592592592 0.014583333333333334 0.06851851851851852
0 0.6046875 0.3601851851851852 0.019791666666666666 0.07222222222222223
0 0.56875 0.39351851851851855 0.0125 0.06851851851851852
0 0.6802083333333333 0.3231481481481482 0.027083333333333334 0.07592592592592592
0 0.7463541666666667 0.32037037037037036 0.030208333333333334 0.07037037037037037
0 0.7510416666666666 0.24814814814814815 0.020833333333333332 0.06666666666666667
1 0.7880208333333333 0.22777777777777777 0.02395833333333333 0.05925925925925926
2 0.7817708333333333 0.24814814814814815 0.015625 0.05555555555555556
0 0.6729166666666666 0.12592592592592594 0.014583333333333334 0.05925925925925926
0 0.7395833333333334 0.10740740740740741 0.01875 0.06666666666666667
0 0.8505208333333333 0.1675925925925926 0.028125 0.06851851851851852
0 0.8713541666666667 0.19722222222222224 0.026041666666666668 0.061111111111111116
0 0.8838541666666666 0.2175925925925926 0.02395833333333333 0.053703703703703705
0 0.9015624999999999 0.09444444444444444 0.02395833333333333 0.06296296296296297
0 0.9609375 0.061111111111111116 0.028125 0.06296296296296297
0 0.9125 0.08055555555555556 0.01875 0.05740740740740741
0 0.9192708333333334 0.08888888888888889 0.028125 0.06296296296296297
0 0.9161458333333333 0.06574074074074074 0.013541666666666667 0.061111111111111116
0 0.9270833333333334 0.05462962962962963 0.01875 0.053703703703703705
0 0.9536458333333333 0.22777777777777777 0.034375 0.08518518518518518
0 0.9718749999999999 0.22962962962962963 0.029166666666666667 0.06296296296296297
2 0.9661458333333334 0.26481481481481484 0.036458333333333336 0.05925925925925926
0 0.9328124999999999 0.3564814814814815 0.030208333333333334 0.06851851851851852
0 0.9578125 0.3648148148148148 0.030208333333333334 0.06296296296296297
0 0.9088541666666666 0.45740740740740743 0.03229166666666666 0.07037037037037037
0 0.9171874999999999 0.4361111111111111 0.030208333333333334 0.07222222222222223
0 0.5838541666666667 0.600925925925926 0.017708333333333333 0.06851851851851852
0 0.6 0.6046296296296296 0.016666666666666666 0.06851851851851852
1 0.7864583333333334 0.6472222222222223 0.0375 0.07222222222222223
0 0.8770833333333333 0.7222222222222222 0.041666666666666664 0.06666666666666667
0 0.9229166666666666 0.7583333333333334 0.04583333333333333 0.06481481481481481
0 0.9203125 0.5472222222222223 0.034375 0.06481481481481481
0 0.94375 0.5388888888888889 0.03333333333333333 0.06666666666666667
0 0.3989583333333333 0.8962962962962964 0.03333333333333333 0.07037037037037037
0 0.4302083333333333 0.962962962962963 0.03333333333333333 0.05925925925925926
1 0.375 0.09814814814814815 0.010416666666666666 0.040740740740740744
1 0.3828125 0.07592592592592592 0.009375 0.037037037037037035
2 0.40520833333333334 0.0962962962962963 0.0125 0.04814814814814815
