3 0.45416666666666666 0.14351851851851852 0.020833333333333332 0.03888888888888889
3 0.5296875 0.12685185185185185 0.017708333333333333 0.03888888888888889
3 0.4984375 0.2537037037037037 0.028125 0.044444444444444446
3 0.4552083333333333 0.29444444444444445 0.027083333333333334 0.05925925925925926
3 0.49166666666666664 0.4388888888888889 0.03333333333333333 0.08518518518518518
3 0.321875 0.562962962962963 0.0375 0.12962962962962962
3 0.2786458333333333 0.8972222222222223 0.057291666666666664 0.17592592592592593
5 0.4125 0.7046296296296296 0.03958333333333333 0.10555555555555556
4 0.303125 0.7268518518518519 0.052083333333333336 0.17222222222222222
3 0.33697916666666666 0.45833333333333337 0.046875 0.07592592592592592
3 0.5786458333333333 0.32962962962962966 0.036458333333333336 0.05185185185185186
3 0.5859375 0.3907407407407408 0.042708333333333334 0.07777777777777778
3 0.4192708333333333 0.05555555555555556 0.017708333333333333 0.044444444444444446
3 0.56875 0.14722222222222223 0.03125 0.02777777777777778
0 0.525 0.36203703703703705 0.008333333333333333 0.04259259259259259
0 0.6171875 0.8120370370370371 0.015625 0.08703703703703704
0 0.6364583333333333 0.8212962962962963 0.016666666666666666 0.07962962962962963
9 0.6395833333333333 0.6064814814814815 0.0375 0.05
9 0.6755208333333333 0.6898148148148149 0.051041666666666666 0.11666666666666667
0 0.5625 0.40092592592592596 0.010416666666666666 0.053703703703703705
0 0.5479166666666666 0.4083333333333333 0.008333333333333333 0.053703703703703705
0 0.6442708333333333 0.7138888888888889 0.017708333333333333 0.07592592592592592
0 0.2520833333333333 0.700925925925926 0.016666666666666666 0.07222222222222223
0 0.28229166666666666 0.625925925925926 0.016666666666666666 0.06666666666666667
0 0.2583333333333333 0.662962962962963 0.01875 0.06666666666666667
1 0.2625 0.6490740740740741 0.010416666666666666 0.03888888888888889
0 0.23906249999999998 0.5435185185185185 0.013541666666666667 0.053703703703703705
0 0.21875 0.5240740740740741 0.016666666666666666 0.05925925925925926
0 0.20729166666666665 0.525 0.0125 0.061111111111111116
9 0.36614583333333334 0.2925925925925926 0.028125 0.037037037037037035
0 0.39427083333333335 0.2638888888888889 0.009375 0.03888888888888889
1 0.4473958333333333 0.22314814814814815 0.009375 0.02777777777777778
1 0.5010416666666666 0.3314814814814815 0.010416666666666666 0.02962962962962963
9 0.44635416666666666 0.24537037037037038 0.007291666666666667 0.031481481481481485
9 0.49895833333333334 0.34814814814814815 0.008333333333333333 0.03333333333333333
1 0.5015625 0.34351851851851856 0.007291666666666667 0.02777777777777778
0 0.5333333333333333 0.3564814814814815 0.008333333333333333 0.053703703703703705
0 0.5401041666666666 0.3611111111111111 0.009375 0.04814814814814815
1 0.5671875 0.7842592592592593 0.017708333333333333 0.06851851851851852
1 0.5703125 0.787962962962963 0.013541666666666667 0.053703703703703705
1 0.5260416666666666 0.8277777777777778 0.01875 0.05555555555555556
1 0.528125 0.8518518518518519 0.016666666666666666 0.044444444444444446
1 0.5567708333333333 0.9481481481481482 0.015625 0.05555555555555556
1 0.59375 0.9388888888888889 0.01875 0.05925925925925926
9 0.5927083333333333 0.9685185185185186 0.025 0.05925925925925926
9 0.5578125 0.9685185185185186 0.019791666666666666 0.06296296296296297
9 0.5677083333333334 0.8009259259259259 0.016666666666666666 0.06851851851851852
9 0.5302083333333333 0.85 0.020833333333333332 0.07777777777777778
0 0.9265625 0.24629629629629632 0.009375 0.044444444444444446
5 0.778125 0.1537037037037037 0.07291666666666667 0.05185185185185186
3 0.7197916666666666 0.18425925925925926 0.05416666666666667 0.04259259259259259
3 0.7171875 0.23796296296296296 0.05520833333333333 0.0462962962962963
3 0.7921875 0.22870370370370371 0.051041666666666666 0.04259259259259259
1 0.7932291666666667 0.2490740740740741 0.009375 0.031481481481481485
1 0.7848958333333333 0.24629629629629632 0.009375 0.02962962962962963
1 0.7421875 0.2935185185185185 0.011458333333333333 0.031481481481481485
1 0.75625 0.29074074074074074 0.014583333333333334 0.03333333333333333
1 0.7640625 0.26203703703703707 0.011458333333333333 0.03518518518518519
1 0.7729166666666667 0.2657407407407408 0.010416666666666666 0.024074074074074074
1 0.79375 0.26851851851851855 0.0125 0.02962962962962963
1 0.8114583333333333 0.27222222222222225 0.010416666666666666 0.03333333333333333
1 0.8244791666666667 0.27314814814814814 0.011458333333333333 0.03518518518518519
1 0.8619791666666666 0.2638888888888889 0.011458333333333333 0.02777777777777778
1 0.8781249999999999 0.26296296296296295 0.0125 0.03333333333333333
1 0.8953125 0.4814814814814815 0.013541666666666667 0.03333333333333333
0 0.9130208333333333 0.5111111111111112 0.011458333333333333 0.05925925925925926
1 0.9401041666666666 0.5083333333333333 0.019791666666666666 0.05
1 0.94375 0.6157407407407408 0.020833333333333332 0.04259259259259259
1 0.9708333333333333 0.6185185185185186 0.014583333333333334 0.03333333333333333
1 0.9161458333333333 0.75 0.021875 0.06296296296296297
1 0.98125 0.7388888888888889 0.025 0.05185185185185186
0 0.8729166666666667 0.7416666666666667 0.020833333333333332 0.08333333333333334
9 0.9833333333333333 0.4703703703703704 0.03125 0.03333333333333333
9 0.9447916666666667 0.4416666666666667 0.03125 0.03888888888888889
0 0.8286458333333333 0.1685185185185185 0.007291666666666667 0.037037037037037035
0 0.8526041666666666 0.16203703703703703 0.007291666666666667 0.03888888888888889
6 0.8619791666666666 0.18888888888888888 0.015625 0.037037037037037035
0 0.8781249999999999 0.17500000000000002 0.008333333333333333 0.03888888888888889
1 0.8411458333333334 0.16203703703703703 0.007291666666666667 0.024074074074074074
9 0.8411458333333334 0.17685185185185187 0.007291666666666667 0.02777777777777778
