3 0.08970588235294118 0.4790849673202614 0.0661764705882353 0.06928104575163398
4 0.16801470588235293 0.2941176470588235 0.05220588235294118 0.05751633986928104
3 0.31433823529411764 0.18431372549019606 0.030147058823529412 0.03660130718954248
9 0.09338235294117647 0.16470588235294117 0.011764705882352941 0.02091503267973856
3 0.7595588235294117 0.3431372549019608 0.032352941176470584 0.06666666666666667
7 0.6738970588235293 0.19869281045751633 0.015441176470588236 0.03660130718954248
0 0.6838235294117647 0.2006535947712418 0.008823529411764706 0.0326797385620915
3 0.6955882352941176 0.0915032679738562 0.014705882352941176 0.0261437908496732
3 0.7352941176470588 0.05620915032679738 0.013235294117647059 0.01830065359477124
6 0.774264705882353 0.07124183006535947 0.014705882352941176 0.027450980392156862
9 0.7658088235294117 0.09215686274509803 0.006617647058823529 0.01437908496732026
1 0.7658088235294117 0.08888888888888888 0.006617647058823529 0.02091503267973856
