3 0.33828125 0.912962962962963 0.20885416666666667 0.17407407407407408
1 0.8244791666666667 0.8842592592592593 0.052083333333333336 0.21666666666666667
2 0.8182291666666667 0.9240740740740742 0.06145833333333333 0.15185185185185185
2 0.029947916666666668 0.7898148148148149 0.0546875 0.11666666666666667
0 0.096875 0.7833333333333333 0.058333333333333334 0.20185185185185187
0 0.09713541666666667 0.7439814814814815 0.0421875 0.1638888888888889
0 0.146875 0.7078703703703704 0.046875 0.16018518518518518
0 0.22552083333333334 0.7347222222222223 0.035416666666666666 0.1824074074074074
1 0.2630208333333333 0.762962962962963 0.035416666666666666 0.15555555555555556
2 0.25703125 0.8273148148148148 0.049479166666666664 0.11018518518518519
3 0.41770833333333335 0.7092592592592593 0.08645833333333333 0.13518518518518519
3 0.5278645833333333 0.6587962962962963 0.06614583333333333 0.1175925925925926
2 0.29791666666666666 0.6018518518518519 0.01875 0.04814814814814815
9 0.3255208333333333 0.5847222222222223 0.026041666666666668 0.05277777777777778
1 0.35182291666666665 0.6143518518518519 0.021354166666666667 0.06759259259259259
2 0.34921875 0.6518518518518519 0.01614583333333333 0.06481481481481481
3 0.4505208333333333 0.6055555555555556 0.04791666666666666 0.07407407407407407
3 0.521875 0.5916666666666667 0.04583333333333333 0.05555555555555556
3 0.5158854166666667 0.5726851851851852 0.034895833333333334 0.03981481481481482
3 0.51328125 0.5592592592592592 0.0328125 0.03518518518518519
3 0.4578125 0.5666666666666667 0.035416666666666666 0.04259259259259259
3 0.46588541666666666 0.5527777777777778 0.027604166666666666 0.037037037037037035
3 0.47578125 0.5365740740740741 0.022395833333333334 0.028703703703703703
3 0.4791666666666667 0.5189814814814815 0.015625 0.026851851851851852
4 0.48151041666666666 0.513425925925926 0.015104166666666667 0.03425925925925926
3 0.49713541666666666 0.5222222222222223 0.01614583333333333 0.022222222222222223
3 0.49713541666666666 0.5120370370370371 0.008854166666666666 0.014814814814814815
4 0.4973958333333333 0.5055555555555555 0.010416666666666666 0.018518518518518517
1 0.39088541666666665 0.5291666666666667 0.0067708333333333336 0.032407407407407406
2 0.390625 0.5439814814814815 0.008333333333333333 0.02314814814814815
1 0.4015625 0.5319444444444444 0.00625 0.026851851851851852
9 0.4044270833333333 0.5467592592592593 0.018229166666666668 0.025
1 0.4388020833333333 0.5287037037037037 0.0046875 0.012962962962962964
1 0.4393229166666667 0.5226851851851853 0.005729166666666666 0.019444444444444445
2 0.43854166666666666 0.5351851851851852 0.005208333333333333 0.018518518518518517
1 0.6130208333333333 0.6569444444444444 0.019791666666666666 0.09351851851851853
2 0.6106770833333334 0.6814814814814815 0.0109375 0.07037037037037037
1 0.6401041666666667 0.6569444444444444 0.020833333333333332 0.08611111111111111
2 0.6401041666666667 0.6810185185185186 0.022916666666666665 0.0712962962962963
1 0.5703125 0.6032407407407407 0.017708333333333333 0.05092592592592593
9 0.5674479166666666 0.6217592592592592 0.01614583333333333 0.058333333333333334
1 0.6018229166666667 0.6064814814814815 0.0140625 0.061111111111111116
2 0.6 0.6245370370370371 0.0125 0.05092592592592593
1 0.5651041666666666 0.5699074074074074 0.009375 0.04722222222222222
2 0.56328125 0.5851851851851853 0.0067708333333333336 0.031481481481481485
3 0.58671875 0.5527777777777778 0.05364583333333333 0.040740740740740744
3 0.6171875 0.5337962962962963 0.03958333333333333 0.03425925925925926
1 0.65078125 0.5467592592592593 0.0078125 0.028703703703703703
3 0.5903645833333333 0.5259259259259259 0.034895833333333334 0.02592592592592593
3 0.5807291666666666 0.525462962962963 0.028125 0.026851851851851852
3 0.57421875 0.5212962962962964 0.025520833333333333 0.020370370370370372
1 0.5536458333333333 0.5203703703703704 0.005208333333333333 0.020370370370370372
2 0.5533854166666666 0.5333333333333333 0.0036458333333333334 0.018518518518518517
3 0.5604166666666667 0.5185185185185185 0.022916666666666665 0.016666666666666666
3 0.5567708333333333 0.5125000000000001 0.022916666666666665 0.019444444444444445
1 0.54609375 0.5342592592592593 0.0046875 0.020370370370370372
2 0.5453125 0.5462962962962963 0.004166666666666667 0.020370370370370372
1 0.5346354166666667 0.5319444444444444 0.005729166666666666 0.019444444444444445
1 0.53828125 0.5287037037037037 0.0036458333333333334 0.018518518518518517
2 0.5341145833333333 0.5453703703703704 0.0046875 0.018518518518518517
2 0.5380208333333333 0.5407407407407407 0.004166666666666667 0.018518518518518517
1 0.5286458333333334 0.5263888888888889 0.005208333333333333 0.015740740740740743
2 0.528125 0.538425925925926 0.004166666666666667 0.015740740740740743
1 0.52265625 0.5287037037037037 0.0036458333333333334 0.016666666666666666
2 0.5231770833333333 0.5398148148148149 0.0036458333333333334 0.012962962962962964
1 0.5161458333333333 0.5185185185185185 0.004166666666666667 0.018518518518518517
9 0.5158854166666667 0.5273148148148148 0.0036458333333333334 0.01388888888888889
1 0.5127604166666666 0.5152777777777778 0.005729166666666666 0.01388888888888889
2 0.5122395833333333 0.5259259259259259 0.0036458333333333334 0.012962962962962964
