3 0.2922794117647059 0.7856209150326797 0.09779411764705882 0.18823529411764706
3 0.18860294117647058 0.7712418300653594 0.11102941176470588 0.19346405228758168
3 0.28860294117647056 0.6032679738562091 0.10955882352941176 0.1372549019607843
3 0.31838235294117645 0.47973856209150323 0.06470588235294117 0.0915032679738562
3 0.3577205882352941 0.36928104575163395 0.04044117647058824 0.058823529411764705
3 0.37279411764705883 0.3287581699346405 0.041176470588235294 0.058823529411764705
3 0.39558823529411763 0.2849673202614379 0.032352941176470584 0.04967320261437908
3 0.40661764705882353 0.257516339869281 0.023529411764705882 0.04183006535947712
3 0.41360294117647056 0.23267973856209148 0.02426470588235294 0.0392156862745098
3 0.4613970588235294 0.25163398692810457 0.02426470588235294 0.0457516339869281
3 0.5095588235294117 0.2849673202614379 0.026470588235294117 0.04967320261437908
3 0.6470588235294118 0.5130718954248366 0.05 0.0849673202614379
3 0.6371323529411764 0.44313725490196076 0.04926470588235294 0.08104575163398692
3 0.600735294117647 0.3222222222222222 0.030882352941176472 0.058823529411764705
3 0.5915441176470588 0.2947712418300653 0.027205882352941177 0.043137254901960784
3 0.5882352941176471 0.2673202614379085 0.025 0.0326797385620915
3 0.5761029411764705 0.2529411764705882 0.04044117647058824 0.03790849673202614
4 0.5779411764705882 0.2281045751633987 0.023529411764705882 0.04052287581699346
3 0.5702205882352941 0.22287581699346404 0.04779411764705882 0.0326797385620915
3 0.5919117647058824 0.21176470588235294 0.044117647058823525 0.03137254901960784
3 0.58125 0.2006535947712418 0.03897058823529412 0.02483660130718954
9 0.6974264705882353 0.48627450980392156 0.0375 0.04444444444444444
2 0.6922794117647059 0.4457516339869281 0.03308823529411765 0.04183006535947712
2 0.6838235294117647 0.42549019607843136 0.029411764705882353 0.03790849673202614
2 0.6779411764705883 0.41764705882352937 0.032352941176470584 0.0326797385620915
0 0.7077205882352942 0.4183006535947712 0.011029411764705881 0.04967320261437908
9 0.6676470588235294 0.3908496732026144 0.027941176470588233 0.03398692810457516
9 0.6716911764705882 0.3986928104575163 0.027205882352941177 0.03137254901960784
1 0.7386029411764706 0.37777777777777777 0.009558823529411765 0.02875816993464052
0 0.6367647058823529 0.3026143790849673 0.010294117647058823 0.043137254901960784
3 0.5908088235294118 0.19215686274509802 0.03308823529411765 0.02875816993464052
3 0.5801470588235293 0.18562091503267972 0.032352941176470584 0.023529411764705882
3 0.5977941176470588 0.1764705882352941 0.032352941176470584 0.023529411764705882
3 0.5783088235294117 0.17973856209150327 0.03161764705882353 0.02222222222222222
3 0.5621323529411765 0.17254901960784313 0.0375 0.0261437908496732
3 0.5573529411764706 0.165359477124183 0.033823529411764704 0.02222222222222222
3 0.5569852941176471 0.15294117647058822 0.030147058823529412 0.023529411764705882
4 0.5294117647058824 0.14705882352941174 0.013235294117647059 0.027450980392156862
3 0.5485294117647058 0.1437908496732026 0.025 0.023529411764705882
3 0.5558823529411765 0.14705882352941174 0.025 0.02222222222222222
9 0.6654411764705882 0.30588235294117644 0.01911764705882353 0.0261437908496732
9 0.6617647058823529 0.28366013071895424 0.011764705882352941 0.03137254901960784
9 0.6738970588235293 0.29084967320261434 0.0125 0.03529411764705882
0 0.37463235294117647 0.2679738562091503 0.008088235294117646 0.0392156862745098
3 0.3724264705882353 0.22091503267973855 0.04632352941176471 0.02875816993464052
3 0.40698529411764706 0.2006535947712418 0.04632352941176471 0.03006535947712418
3 0.40551470588235294 0.19215686274509802 0.04338235294117647 0.0261437908496732
3 0.4386029411764706 0.18366013071895423 0.01838235294117647 0.03006535947712418
3 0.4455882352941176 0.17516339869281045 0.03823529411764706 0.0261437908496732
3 0.44227941176470587 0.16601307189542483 0.025735294117647058 0.023529411764705882
3 0.4488970588235294 0.15947712418300652 0.027205882352941177 0.0261437908496732
3 0.4540441176470588 0.14967320261437908 0.021323529411764706 0.02483660130718954
3 0.45330882352941176 0.14313725490196078 0.028676470588235293 0.02483660130718954
0 0.46875 0.15751633986928104 0.003676470588235294 0.02483660130718954
0 0.4727941176470588 0.15816993464052287 0.004411764705882353 0.023529411764705882
0 0.47830882352941173 0.15947712418300652 0.005147058823529412 0.0261437908496732
1 0.5183823529411765 0.14313725490196078 0.0029411764705882353 0.01699346405228758
2 0.5183823529411765 0.14705882352941174 0.0029411764705882353 0.01699346405228758
