9 0.9213235294117647 0.365359477124183 0.047058823529411764 0.14248366013071895
9 0.9764705882352941 0.42549019607843136 0.047058823529411764 0.14248366013071895
6 0.4915441176470588 0.027450980392156862 0.0375 0.054901960784313725
6 0.44375 0.07777777777777778 0.07279411764705883 0.10849673202614378
0 0.41801470588235295 0.03856209150326797 0.019852941176470587 0.07712418300653594
3 0.2977941176470588 0.14967320261437908 0.12352941176470589 0.14509803921568626
3 0.5889705882352941 0.5045751633986928 0.2 0.269281045751634
3 0.899264705882353 0.922875816993464 0.20147058823529412 0.15424836601307187
5 0.2452205882352941 0.3052287581699346 0.29191176470588237 0.5058823529411764
3 0.0661764705882353 0.5196078431372548 0.1323529411764706 0.27320261437908494
3 0.061764705882352944 0.12483660130718953 0.12352941176470589 0.14248366013071895
