5 0.3992647058823529 0.5529411764705882 0.4411764705882353 0.2222222222222222
5 0.43124999999999997 0.42483660130718953 0.3948529411764706 0.1437908496732026
5 0.4511029411764706 0.37712418300653594 0.28602941176470587 0.10065359477124182
5 0.48161764705882354 0.3098039215686274 0.3191176470588235 0.12810457516339868
5 0.4915441176470588 0.269281045751634 0.30367647058823527 0.08888888888888888
5 0.5286764705882353 0.2222222222222222 0.2338235294117647 0.08888888888888888
5 0.525 0.1941176470588235 0.275 0.08235294117647059
5 0.50625 0.13986928104575164 0.20220588235294118 0.0784313725490196
5 0.45625 0.10784313725490195 0.23308823529411765 0.07712418300653594
5 0.4463235294117647 0.06993464052287582 0.2426470588235294 0.06666666666666667
5 0.44705882352941173 0.05032679738562091 0.2411764705882353 0.050980392156862744
5 0.4441176470588235 0.025490196078431372 0.2411764705882353 0.050980392156862744
5 0.40441176470588236 0.8823529411764706 0.4985294117647059 0.23529411764705882
5 0.7268382352941176 0.03464052287581699 0.14338235294117646 0.06928104575163398
