9 0.17864583333333334 0.7768518518518519 0.021875 0.07222222222222223
9 0.2796875 0.5740740740740741 0.011458333333333333 0.037037037037037035
9 0.41354166666666664 0.5851851851851853 0.010416666666666666 0.037037037037037035
9 0.459375 0.5833333333333334 0.014583333333333334 0.044444444444444446
9 0.4979166666666667 0.5361111111111111 0.0125 0.03888888888888889
9 0.159375 0.562962962962963 0.01875 0.044444444444444446
9 0.29322916666666665 0.4537037037037037 0.011458333333333333 0.02962962962962963
9 0.3515625 0.40555555555555556 0.009375 0.018518518518518517
9 0.3765625 0.3962962962962963 0.017708333333333333 0.018518518518518517
9 0.40572916666666664 0.3768518518518519 0.011458333333333333 0.020370370370370372
9 0.371875 0.4185185185185185 0.010416666666666666 0.022222222222222223
9 0.3651041666666667 0.3787037037037037 0.009375 0.024074074074074074
9 0.3453125 0.38333333333333336 0.019791666666666666 0.022222222222222223
9 0.31354166666666666 0.3703703703703704 0.016666666666666666 0.018518518518518517
9 0.459375 0.35370370370370374 0.0125 0.018518518518518517
9 0.4927083333333333 0.3472222222222222 0.0125 0.012962962962962964
9 0.8578125 0.45462962962962966 0.021875 0.02777777777777778
9 0.9078125 0.4601851851851852 0.026041666666666668 0.031481481481481485
9 0.8953125 0.4537037037037037 0.02395833333333333 0.02962962962962963
9 0.8510416666666667 0.412962962962963 0.022916666666666665 0.02592592592592593
9 0.9557291666666666 0.48888888888888893 0.02395833333333333 0.02962962962962963
9 0.78125 0.33611111111111114 0.0125 0.016666666666666666
3 0.8244791666666667 0.3990740740740741 0.05520833333333333 0.03518518518518519
3 0.821875 0.38333333333333336 0.052083333333333336 0.02962962962962963
3 0.8270833333333333 0.37962962962962965 0.04791666666666666 0.03333333333333333
3 0.8328125 0.375 0.046875 0.031481481481481485
5 0.8333333333333334 0.3611111111111111 0.06041666666666667 0.044444444444444446
1 0.9447916666666667 0.45092592592592595 0.010416666666666666 0.016666666666666666
3 0.79375 0.32962962962962966 0.035416666666666666 0.03333333333333333
1 0.17760416666666667 0.7611111111111112 0.017708333333333333 0.07037037037037037
1 0.2786458333333333 0.5592592592592592 0.011458333333333333 0.040740740740740744
1 0.41354166666666664 0.575925925925926 0.0125 0.044444444444444446
1 0.4578125 0.5750000000000001 0.013541666666666667 0.04259259259259259
1 0.496875 0.5314814814814816 0.010416666666666666 0.03333333333333333
1 0.2911458333333333 0.4444444444444445 0.009375 0.037037037037037035
1 0.15625 0.5592592592592592 0.010416666666666666 0.03333333333333333
1 0.1609375 0.5518518518518519 0.011458333333333333 0.040740740740740744
1 0.3515625 0.3944444444444445 0.007291666666666667 0.02592592592592593
1 0.37135416666666665 0.41203703703703703 0.007291666666666667 0.024074074074074074
1 0.3765625 0.38981481481481484 0.007291666666666667 0.02777777777777778
1 0.3651041666666667 0.3731481481481482 0.007291666666666667 0.024074074074074074
1 0.40520833333333334 0.3712962962962963 0.008333333333333333 0.024074074074074074
1 0.3130208333333333 0.36574074074074076 0.007291666666666667 0.031481481481481485
1 0.4583333333333333 0.3490740740740741 0.00625 0.020370370370370372
1 0.49322916666666666 0.33981481481481485 0.007291666666666667 0.020370370370370372
0 0.5213541666666667 0.3675925925925926 0.007291666666666667 0.031481481481481485
0 0.509375 0.40740740740740744 0.008333333333333333 0.03333333333333333
2 0.5229166666666667 0.3731481481481482 0.010416666666666666 0.020370370370370372
3 0.4223958333333333 0.48333333333333334 0.028125 0.06296296296296297
3 0.42552083333333335 0.4166666666666667 0.021875 0.02592592592592593
4 0.4671875 0.40092592592592596 0.026041666666666668 0.05
4 0.5005208333333333 0.3787037037037037 0.02395833333333333 0.0462962962962963
3 0.5104166666666666 0.45555555555555555 0.020833333333333332 0.044444444444444446
4 0.8140625 0.32685185185185184 0.028125 0.031481481481481485
3 0.8333333333333334 0.3277777777777778 0.03125 0.02592592592592593
3 0.8489583333333334 0.32592592592592595 0.029166666666666667 0.02592592592592593
3 0.8614583333333333 0.32222222222222224 0.029166666666666667 0.02592592592592593
3 0.8828125 0.3194444444444445 0.02395833333333333 0.02777777777777778
4 0.8166666666666667 0.287962962962963 0.027083333333333334 0.024074074074074074
4 0.8515625 0.2898148148148148 0.028125 0.020370370370370372
3 0.18385416666666665 0.41574074074074074 0.057291666666666664 0.03518518518518519
3 0.2203125 0.3314814814814815 0.019791666666666666 0.02962962962962963
3 0.19583333333333333 0.3388888888888889 0.016666666666666666 0.02962962962962963
7 0.38229166666666664 0.33611111111111114 0.020833333333333332 0.031481481481481485
1 0.38645833333333335 0.337037037037037 0.00625 0.022222222222222223
7 0.4302083333333333 0.32962962962962966 0.016666666666666666 0.02592592592592593
0 0.321875 0.43333333333333335 0.008333333333333333 0.037037037037037035
0 0.2916666666666667 0.4064814814814815 0.00625 0.02777777777777778
0 0.2890625 0.4027777777777778 0.007291666666666667 0.031481481481481485
3 0.39010416666666664 0.2990740740740741 0.015625 0.024074074074074074
3 0.39479166666666665 0.2916666666666667 0.014583333333333334 0.024074074074074074
6 0.5703125 0.30185185185185187 0.013541666666666667 0.02592592592592593
4 0.5583333333333333 0.28055555555555556 0.025 0.024074074074074074
6 0.5869791666666666 0.2990740740740741 0.015625 0.024074074074074074
9 0.5567708333333333 0.3138888888888889 0.011458333333333333 0.016666666666666666
1 0.5552083333333333 0.3092592592592593 0.004166666666666667 0.018518518518518517
2 0.3453125 0.3425925925925926 0.015625 0.014814814814814815
1 0.3453125 0.33611111111111114 0.007291666666666667 0.020370370370370372
9 0.3614583333333333 0.32407407407407407 0.004166666666666667 0.018518518518518517
9 0.3182291666666667 0.3287037037037037 0.007291666666666667 0.016666666666666666
9 0.35260416666666666 0.3231481481481482 0.005208333333333333 0.016666666666666666
9 0.36614583333333334 0.2990740740740741 0.005208333333333333 0.016666666666666666
9 0.37395833333333334 0.2990740740740741 0.004166666666666667 0.016666666666666666
1 0.36666666666666664 0.29444444444444445 0.004166666666666667 0.018518518518518517
1 0.37395833333333334 0.29444444444444445 0.004166666666666667 0.018518518518518517
1 0.3625 0.3212962962962963 0.00625 0.024074074074074074
1 0.3515625 0.3212962962962963 0.007291666666666667 0.024074074074074074
1 0.3177083333333333 0.3231481481481482 0.00625 0.020370370370370372
9 0.31614583333333335 0.3472222222222222 0.011458333333333333 0.016666666666666666
1 0.315625 0.3416666666666667 0.00625 0.024074074074074074
9 0.4223958333333333 0.3194444444444445 0.011458333333333333 0.016666666666666666
7 0.48802083333333335 0.2935185185185185 0.007291666666666667 0.024074074074074074
1 0.42291666666666666 0.3138888888888889 0.004166666666666667 0.016666666666666666
1 0.425 0.3148148148148148 0.004166666666666667 0.011111111111111112
1 0.43385416666666665 0.31666666666666665 0.005208333333333333 0.014814814814814815
9 0.4661458333333333 0.31851851851851853 0.011458333333333333 0.014814814814814815
9 0.4557291666666667 0.33055555555555555 0.011458333333333333 0.012962962962962964
9 0.471875 0.33611111111111114 0.014583333333333334 0.016666666666666666
7 0.4817708333333333 0.32222222222222224 0.017708333333333333 0.02592592592592593
9 0.5166666666666666 0.33796296296296297 0.0125 0.016666666666666666
9 0.5244791666666666 0.32962962962962966 0.011458333333333333 0.011111111111111112
6 0.515625 0.3231481481481482 0.01875 0.020370370370370372
1 0.45625 0.3231481481481482 0.004166666666666667 0.016666666666666666
1 0.4666666666666667 0.3111111111111111 0.00625 0.014814814814814815
1 0.47239583333333335 0.33240740740740743 0.005208333333333333 0.020370370370370372
1 0.4791666666666667 0.3231481481481482 0.004166666666666667 0.012962962962962964
1 0.5171875 0.3314814814814815 0.005208333333333333 0.014814814814814815
1 0.5130208333333334 0.3212962962962963 0.007291666666666667 0.016666666666666666
1 0.5255208333333333 0.32222222222222224 0.005208333333333333 0.014814814814814815
1 0.528125 0.325 0.004166666666666667 0.012962962962962964
4 0.38645833333333335 0.2611111111111111 0.0125 0.022222222222222223
7 0.40572916666666664 0.2537037037037037 0.007291666666666667 0.022222222222222223
9 0.4744791666666667 0.2564814814814815 0.003125 0.012962962962962964
1 0.4744791666666667 0.25092592592592594 0.005208333333333333 0.012962962962962964
2 0.3385416666666667 0.32222222222222224 0.00625 0.014814814814814815
1 0.3385416666666667 0.31574074074074077 0.004166666666666667 0.016666666666666666
