3 0.31744791666666666 0.8115740740740741 0.050520833333333334 0.11944444444444445
3 0.41041666666666665 0.7462962962962963 0.042708333333333334 0.10185185185185186
3 0.5611979166666666 0.663425925925926 0.07135416666666666 0.07685185185185185
3 0.628125 0.5240740740740741 0.04375 0.04814814814814815
3 0.33671875 0.6023148148148149 0.0515625 0.0712962962962963
4 0.5515625 0.4851851851851852 0.027083333333333334 0.044444444444444446
3 0.4669270833333333 0.4601851851851852 0.024479166666666666 0.03888888888888889
3 0.50625 0.4513888888888889 0.022916666666666665 0.03425925925925926
3 0.48046875 0.40231481481481485 0.0203125 0.028703703703703703
3 0.46484375 0.3513888888888889 0.01614583333333333 0.025
3 0.4708333333333333 0.3277777777777778 0.014583333333333334 0.020370370370370372
3 0.43671875 0.3666666666666667 0.0171875 0.02777777777777778
3 0.409375 0.4291666666666667 0.021875 0.04166666666666667
3 0.44088541666666664 0.4166666666666667 0.019270833333333334 0.03333333333333333
8 0.13515625 0.47175925925925927 0.10260416666666666 0.10092592592592593
1 0.7588541666666666 0.575925925925926 0.0125 0.03333333333333333
9 0.7567708333333333 0.5851851851851853 0.026041666666666668 0.03888888888888889
6 0.975 0.7675925925925926 0.05 0.05555555555555556
1 0.978125 0.7611111111111112 0.021875 0.044444444444444446
0 0.6341145833333334 0.4671296296296297 0.0078125 0.036111111111111115
5 0.525 0.3851851851851852 0.03125 0.05555555555555556
0 0.55625 0.37962962962962965 0.005208333333333333 0.024074074074074074
1 0.5549479166666667 0.3907407407407408 0.005729166666666666 0.018518518518518517
2 0.5549479166666667 0.3976851851851852 0.0046875 0.017592592592592594
1 0.18671875 0.9652777777777778 0.0234375 0.06574074074074074
2 0.18880208333333334 0.975925925925926 0.0234375 0.04814814814814815
3 0.15494791666666666 0.40740740740740744 0.030729166666666665 0.02962962962962963
5 0.16145833333333334 0.4481481481481482 0.15208333333333332 0.12037037037037038
3 0.011197916666666667 0.41203703703703703 0.022395833333333334 0.03333333333333333
3 0.0359375 0.42314814814814816 0.040625 0.03888888888888889
3 0.07916666666666666 0.4398148148148148 0.03229166666666666 0.03518518518518519
4 0.1390625 0.3106481481481482 0.016666666666666666 0.03425925925925926
1 0.3106770833333333 0.5388888888888889 0.009895833333333333 0.031481481481481485
9 0.3106770833333333 0.5486111111111112 0.022395833333333334 0.026851851851851852
5 0.4114583333333333 0.3041666666666667 0.02395833333333333 0.05277777777777778
8 0.4244791666666667 0.26990740740740743 0.025 0.03981481481481482
5 0.4205729166666667 0.2898148148148148 0.01614583333333333 0.02777777777777778
3 0.375 0.287962962962963 0.0125 0.016666666666666666
5 0.27265625 0.2962962962962963 0.021354166666666667 0.04259259259259259
3 0.35833333333333334 0.2675925925925926 0.009375 0.016666666666666666
3 0.3880208333333333 0.26481481481481484 0.011458333333333333 0.014814814814814815
3 0.3958333333333333 0.25416666666666665 0.009375 0.012037037037037037
4 0.36822916666666666 0.2518518518518519 0.010416666666666666 0.016666666666666666
3 0.3375 0.24444444444444446 0.009375 0.012962962962962964
3 0.3453125 0.23425925925925928 0.009375 0.011111111111111112
3 0.38229166666666664 0.25092592592592594 0.010416666666666666 0.012962962962962964
3 0.2708333333333333 0.33611111111111114 0.017708333333333333 0.020370370370370372
3 0.26458333333333334 0.3263888888888889 0.013541666666666667 0.019444444444444445
4 0.3130208333333333 0.22453703703703703 0.0125 0.015740740740740743
5 0.315625 0.21574074074074076 0.016666666666666666 0.022222222222222223
