3 0.631985294117647 0.9725490196078431 0.0375 0.054901960784313725
3 0.7169117647058824 0.8830065359477124 0.033823529411764704 0.09019607843137255
3 0.6308823529411764 0.8477124183006536 0.03529411764705882 0.10326797385620914
3 0.5202205882352942 0.9411764705882353 0.03308823529411765 0.10718954248366012
3 0.7382352941176471 0.6993464052287581 0.044117647058823525 0.0522875816993464
4 0.6867647058823529 0.6156862745098038 0.055882352941176466 0.05751633986928104
0 0.1474264705882353 0.8856209150326797 0.011029411764705881 0.04052287581699346
6 0.17095588235294118 0.8816993464052287 0.03308823529411765 0.050980392156862744
0 0.06727941176470588 0.9398692810457515 0.015441176470588236 0.0392156862745098
1 0.032352941176470584 0.9339869281045751 0.016176470588235292 0.02483660130718954
9 0.04595588235294117 0.9196078431372549 0.027205882352941177 0.03006535947712418
2 0.042279411764705885 0.8529411764705882 0.021323529411764706 0.04836601307189542
9 0.15330882352941178 0.7810457516339869 0.027205882352941177 0.04052287581699346
3 0.1948529411764706 0.7686274509803921 0.039705882352941174 0.09673202614379084
0 0.11397058823529412 0.7248366013071895 0.013235294117647059 0.03790849673202614
0 0.12720588235294117 0.7405228758169934 0.011764705882352941 0.03790849673202614
0 0.12683823529411764 0.7248366013071895 0.0125 0.03529411764705882
0 0.09779411764705882 0.680392156862745 0.011764705882352941 0.03529411764705882
9 0.11801470588235294 0.6901960784313725 0.015441176470588236 0.0392156862745098
0 0.2286764705882353 0.6947712418300653 0.008823529411764706 0.04052287581699346
3 0.2202205882352941 0.6522875816993463 0.03308823529411765 0.08366013071895424
6 0.2529411764705882 0.5620915032679739 0.025 0.047058823529411764
3 0.22941176470588234 0.5411764705882353 0.05 0.0522875816993464
0 0.14852941176470588 0.5790849673202614 0.008823529411764706 0.03398692810457516
1 0.14963235294117647 0.5633986928104575 0.009558823529411765 0.01830065359477124
1 0.1514705882352941 0.557516339869281 0.008823529411764706 0.01699346405228758
0 0.1375 0.4718954248366013 0.010294117647058823 0.03398692810457516
3 0.23308823529411765 0.43725490196078426 0.033823529411764704 0.050980392156862744
4 0.28455882352941175 0.37712418300653594 0.022058823529411763 0.04836601307189542
0 0.3110294117647059 0.38627450980392153 0.0058823529411764705 0.02483660130718954
0 0.3514705882352941 0.45751633986928103 0.008823529411764706 0.02875816993464052
0 0.35955882352941176 0.4457516339869281 0.007352941176470588 0.023529411764705882
1 0.38566176470588237 0.3091503267973856 0.005147058823529412 0.02222222222222222
9 0.38676470588235295 0.31633986928104574 0.0058823529411764705 0.023529411764705882
3 0.2948529411764706 0.31633986928104574 0.026470588235294117 0.047058823529411764
4 0.29669117647058824 0.27908496732026145 0.027205882352941177 0.0457516339869281
6 0.3099264705882353 0.2549019607843137 0.016911764705882352 0.03398692810457516
4 0.31727941176470587 0.22352941176470587 0.019852941176470587 0.047058823529411764
9 0.28970588235294115 0.230718954248366 0.014705882352941176 0.01699346405228758
9 0.29705882352941176 0.2281045751633987 0.014705882352941176 0.01699346405228758
0 0.29448529411764707 0.21176470588235294 0.006617647058823529 0.02091503267973856
0 0.2474264705882353 0.269281045751634 0.005147058823529412 0.01830065359477124
4 0.3261029411764706 0.1718954248366013 0.016911764705882352 0.03529411764705882
3 0.33602941176470585 0.1457516339869281 0.014705882352941176 0.027450980392156862
3 0.3411764705882353 0.1196078431372549 0.016176470588235292 0.03006535947712418
3 0.4375 0.46013071895424834 0.020588235294117647 0.04967320261437908
8 0.4797794117647059 0.39934640522875814 0.030147058823529412 0.10849673202614378
3 0.36470588235294116 0.33398692810457514 0.022058823529411763 0.050980392156862744
3 0.4128676470588235 0.29346405228758166 0.01838235294117647 0.0457516339869281
3 0.4536764705882353 0.29084967320261434 0.01911764705882353 0.04052287581699346
4 0.6073529411764705 0.47777777777777775 0.026470588235294117 0.05620915032679738
0 0.5985294117647059 0.4738562091503268 0.008823529411764706 0.03006535947712418
0 0.6216911764705882 0.4771241830065359 0.006617647058823529 0.02875816993464052
4 0.5841911764705883 0.4660130718954248 0.019852941176470587 0.050980392156862744
3 0.6525735294117647 0.4529411764705882 0.022794117647058822 0.04836601307189542
3 0.5808823529411765 0.4137254901960784 0.022058823529411763 0.0457516339869281
0 0.5408088235294117 0.3503267973856209 0.008088235294117646 0.03137254901960784
3 0.5709558823529411 0.3424836601307189 0.019852941176470587 0.04183006535947712
3 0.5720588235294117 0.30392156862745096 0.03529411764705882 0.03529411764705882
3 0.5613970588235294 0.26862745098039215 0.01838235294117647 0.03790849673202614
0 0.5738970588235294 0.26666666666666666 0.005147058823529412 0.023529411764705882
3 0.5573529411764706 0.21241830065359477 0.01764705882352941 0.03006535947712418
0 0.5389705882352941 0.1522875816993464 0.004411764705882353 0.02222222222222222
3 0.38676470588235295 0.1522875816993464 0.016176470588235292 0.03529411764705882
1 0.40404411764705883 0.14967320261437908 0.005147058823529412 0.01437908496732026
2 0.40441176470588236 0.1568627450980392 0.0058823529411764705 0.01830065359477124
0 0.39705882352941174 0.13137254901960782 0.0058823529411764705 0.0196078431372549
3 0.43088235294117644 0.09607843137254901 0.014705882352941176 0.0326797385620915
3 0.45698529411764705 0.11045751633986928 0.0125 0.02483660130718954
3 0.5731617647058823 0.1764705882352941 0.022794117647058822 0.023529411764705882
3 0.5698529411764706 0.12091503267973855 0.032352941176470584 0.03006535947712418
3 0.5426470588235294 0.09869281045751634 0.013235294117647059 0.027450980392156862
8 0.54375 0.06143790849673202 0.016911764705882352 0.054901960784313725
9 0.4875 0.06143790849673202 0.004411764705882353 0.01568627450980392
1 0.4875 0.054901960784313725 0.004411764705882353 0.0130718954248366
3 0.46691176470588236 0.03398692810457516 0.013235294117647059 0.02091503267973856
6 0.3488970588235294 0.07450980392156863 0.0125 0.023529411764705882
2 0.3669117647058823 0.06797385620915032 0.0058823529411764705 0.01830065359477124
1 0.3669117647058823 0.06339869281045751 0.004411764705882353 0.01699346405228758
3 0.35110294117647056 0.054901960784313725 0.025735294117647058 0.02875816993464052
4 0.3573529411764706 0.03464052287581699 0.013235294117647059 0.03006535947712418
0 0.40808823529411764 0.02875816993464052 0.0058823529411764705 0.023529411764705882
3 0.5367647058823529 0.02418300653594771 0.014705882352941176 0.0196078431372549
7 0.41470588235294115 0.01111111111111111 0.013235294117647059 0.02222222222222222
0 0.48308823529411765 0.00718954248366013 0.004411764705882353 0.01437908496732026
