1 0.14338235294117646 0.6222222222222222 0.016176470588235292 0.04967320261437908
9 0.14154411764705882 0.6352941176470588 0.03308823529411765 0.047058823529411764
0 0.33713235294117644 0.7424836601307189 0.015441176470588236 0.07320261437908496
3 0.5816176470588236 0.8078431372549019 0.054411764705882354 0.12810457516339868
3 0.34595588235294117 0.8562091503267973 0.09191176470588235 0.16209150326797384
3 0.4360294117647059 0.5620915032679739 0.04264705882352941 0.0784313725490196
3 0.51875 0.5235294117647058 0.03161764705882353 0.050980392156862744
3 0.5319852941176471 0.43464052287581695 0.02426470588235294 0.043137254901960784
3 0.4345588235294118 0.43660130718954243 0.026470588235294117 0.04444444444444444
3 0.5441176470588235 0.3111111111111111 0.01764705882352941 0.023529411764705882
3 0.5430147058823529 0.28366013071895424 0.015441176470588236 0.02091503267973856
3 0.5507352941176471 0.2529411764705882 0.013235294117647059 0.02222222222222222
3 0.5003676470588235 0.26862745098039215 0.0125 0.02222222222222222
3 0.5268382352941177 0.24901960784313723 0.011029411764705881 0.02222222222222222
3 0.5566176470588236 0.23202614379084965 0.008823529411764706 0.01699346405228758
1 0.3095588235294118 0.46535947712418296 0.011764705882352941 0.03398692810457516
2 0.30919117647058825 0.4784313725490196 0.013970588235294117 0.03137254901960784
1 0.39448529411764705 0.4437908496732026 0.006617647058823529 0.027450980392156862
2 0.3941176470588235 0.45751633986928103 0.010294117647058823 0.02875816993464052
0 0.2580882352941176 0.3464052287581699 0.008823529411764706 0.03137254901960784
3 0.3003676470588235 0.34117647058823525 0.03308823529411765 0.0261437908496732
1 0.3150735294117647 0.40196078431372545 0.013970588235294117 0.03790849673202614
1 0.5845588235294118 0.41045751633986927 0.008823529411764706 0.0261437908496732
1 0.5698529411764706 0.3431372549019608 0.007352941176470588 0.0196078431372549
1 0.5801470588235293 0.296078431372549 0.007352941176470588 0.01699346405228758
1 0.5698529411764706 0.2764705882352941 0.004411764705882353 0.01437908496732026
9 0.5852941176470589 0.42156862745098034 0.010294117647058823 0.0196078431372549
9 0.5691176470588235 0.3522875816993464 0.0058823529411764705 0.0196078431372549
9 0.58125 0.3026143790849673 0.005147058823529412 0.011764705882352941
9 0.5691176470588235 0.2823529411764706 0.004411764705882353 0.01045751633986928
4 0.5345588235294118 0.35359477124183003 0.01764705882352941 0.03529411764705882
4 0.5154411764705882 0.28888888888888886 0.013235294117647059 0.02875816993464052
4 0.5036764705882353 0.25359477124183005 0.011764705882352941 0.023529411764705882
4 0.5529411764705883 0.6045751633986928 0.039705882352941174 0.09281045751633986
3 0.7863970588235294 0.6104575163398692 0.04338235294117647 0.06274509803921569
4 0.7595588235294117 0.4915032679738562 0.04264705882352941 0.06274509803921569
3 0.9584558823529412 0.7986928104575163 0.08308823529411764 0.11241830065359476
9 0.8323529411764706 0.6516339869281045 0.013235294117647059 0.05620915032679738
9 0.8272058823529411 0.611111111111111 0.011764705882352941 0.03790849673202614
9 0.8393382352941177 0.6300653594771242 0.0125 0.0392156862745098
9 0.8470588235294118 0.6130718954248365 0.014705882352941176 0.04967320261437908
9 0.8996323529411765 0.6725490196078431 0.019852941176470587 0.050980392156862744
9 0.8731617647058824 0.6738562091503267 0.030147058823529412 0.03790849673202614
9 0.8654411764705883 0.6562091503267974 0.029411764705882353 0.03398692810457516
9 0.8522058823529411 0.4986928104575163 0.013235294117647059 0.0326797385620915
9 0.9345588235294118 0.696078431372549 0.030882352941176472 0.04052287581699346
9 0.9562499999999999 0.7130718954248365 0.03161764705882353 0.04052287581699346
9 0.9279411764705883 0.6686274509803921 0.011764705882352941 0.03790849673202614
9 0.9180147058823529 0.6627450980392157 0.03161764705882353 0.03137254901960784
9 0.9422794117647059 0.6712418300653594 0.016911764705882352 0.043137254901960784
2 0.913235294117647 0.6359477124183006 0.01764705882352941 0.043137254901960784
9 0.9323529411764706 0.6333333333333333 0.01764705882352941 0.043137254901960784
9 0.9650735294117647 0.6535947712418301 0.028676470588235293 0.03137254901960784
9 0.9786764705882353 0.7058823529411764 0.014705882352941176 0.0522875816993464
2 0.9874999999999999 0.684313725490196 0.025 0.03006535947712418
2 0.9856617647058823 0.6666666666666666 0.02426470588235294 0.0261437908496732
9 0.99375 0.7215686274509804 0.0125 0.0392156862745098
9 0.9073529411764706 0.6071895424836601 0.030882352941176472 0.03529411764705882
2 0.9367647058823529 0.596078431372549 0.025 0.02875816993464052
9 0.9698529411764706 0.6006535947712418 0.026470588235294117 0.043137254901960784
2 0.9933823529411765 0.6248366013071895 0.013235294117647059 0.03660130718954248
9 0.8246323529411764 0.45816993464052286 0.021323529411764706 0.02483660130718954
9 0.8661764705882353 0.4993464052287581 0.011764705882352941 0.03398692810457516
2 0.8393382352941177 0.4771241830065359 0.019852941176470587 0.0261437908496732
2 0.6981617647058823 0.42549019607843136 0.009558823529411765 0.027450980392156862
0 0.6698529411764705 0.3679738562091503 0.007352941176470588 0.03006535947712418
3 0.7121323529411765 0.3483660130718954 0.04191176470588235 0.0326797385620915
4 0.6941176470588235 0.32679738562091504 0.01764705882352941 0.02875816993464052
4 0.6882352941176471 0.30849673202614375 0.016176470588235292 0.023529411764705882
0 0.7753676470588236 0.36666666666666664 0.006617647058823529 0.03006535947712418
2 0.7191176470588235 0.3196078431372549 0.007352941176470588 0.01699346405228758
0 0.711764705882353 0.3137254901960784 0.0058823529411764705 0.0261437908496732
0 0.5819852941176471 0.25816993464052285 0.003676470588235294 0.01437908496732026
3 0.580514705882353 0.2522875816993464 0.016911764705882352 0.02091503267973856
3 0.5830882352941177 0.23202614379084965 0.011764705882352941 0.0196078431372549
3 0.5772058823529411 0.21372549019607842 0.008823529411764706 0.01699346405228758
4 0.5540441176470589 0.2156862745098039 0.008088235294117646 0.0130718954248366
3 0.5566176470588236 0.20784313725490194 0.007352941176470588 0.0130718954248366
3 0.5452205882352941 0.1941176470588235 0.006617647058823529 0.011764705882352941
3 0.544485294117647 0.1803921568627451 0.006617647058823529 0.00784313725490196
3 0.5610294117647059 0.1830065359477124 0.007352941176470588 0.01045751633986928
3 0.3948529411764706 0.2745098039215686 0.033823529411764704 0.02875816993464052
3 0.48713235294117646 0.19934640522875816 0.030147058823529412 0.0196078431372549
