5 0.16223958333333333 0.8148148148148149 0.3223958333333333 0.3703703703703704
2 0.2934895833333333 0.75 0.03177083333333333 0.08888888888888889
4 0.4010416666666667 0.6620370370370371 0.075 0.11481481481481481
7 0.46458333333333335 0.612037037037037 0.022916666666666665 0.07037037037037037
3 0.8820312499999999 0.9273148148148148 0.2359375 0.13240740740740742
6 0.93203125 0.7962962962962963 0.08802083333333333 0.1851851851851852
3 0.5856770833333333 0.7912037037037037 0.10781249999999999 0.16018518518518518
3 0.5427083333333333 0.6953703703703704 0.059375 0.09074074074074075
3 0.5471354166666667 0.65 0.050520833333333334 0.05925925925925926
1 0.5223958333333333 0.5787037037037037 0.007291666666666667 0.031481481481481485
2 0.5216145833333333 0.5884259259259259 0.005729166666666666 0.030555555555555558
3 0.5565104166666667 0.625462962962963 0.03802083333333333 0.05648148148148149
3 0.6046875 0.6305555555555555 0.041666666666666664 0.05925925925925926
3 0.5921875 0.5796296296296296 0.026041666666666668 0.04259259259259259
3 0.58359375 0.5699074074074074 0.0171875 0.019444444444444445
3 0.5544270833333333 0.5986111111111111 0.03177083333333333 0.028703703703703703
3 0.5536458333333333 0.5898148148148148 0.022916666666666665 0.02592592592592593
3 0.5580729166666667 0.5837962962962964 0.022395833333333334 0.026851851851851852
3 0.55859375 0.5740740740740741 0.021354166666666667 0.022222222222222223
6 0.5572916666666666 0.5666666666666667 0.019791666666666666 0.031481481481481485
3 0.5661458333333333 0.5592592592592592 0.03229166666666666 0.024074074074074074
4 0.5682291666666667 0.549537037037037 0.025 0.021296296296296296
1 0.5356770833333333 0.5523148148148148 0.0046875 0.017592592592592594
9 0.5354166666666667 0.5555555555555556 0.00625 0.016666666666666666
1 0.5440104166666666 0.549074074074074 0.005729166666666666 0.018518518518518517
9 0.5440104166666666 0.5574074074074075 0.0036458333333333334 0.014814814814814815
3 0.6572916666666666 0.5550925925925926 0.021875 0.017592592592592594
0 0.61484375 0.5532407407407408 0.0046875 0.021296296296296296
1 0.61875 0.5620370370370371 0.005208333333333333 0.018518518518518517
1 0.6184895833333334 0.5726851851851852 0.005729166666666666 0.02314814814814815
2 0.61796875 0.5833333333333334 0.0036458333333333334 0.016666666666666666
1 0.6260416666666666 0.5888888888888889 0.008333333333333333 0.03333333333333333
2 0.6255208333333333 0.6013888888888889 0.005208333333333333 0.021296296296296296
1 0.6473958333333333 0.6027777777777777 0.009375 0.040740740740740744
2 0.6463541666666667 0.612037037037037 0.007291666666666667 0.031481481481481485
1 0.65859375 0.6097222222222223 0.009895833333333333 0.04351851851851852
2 0.65703125 0.6226851851851852 0.0078125 0.03425925925925926
1 0.6690104166666666 0.6347222222222223 0.009895833333333333 0.036111111111111115
1 0.66953125 0.6439814814814815 0.008854166666666666 0.049074074074074076
1 0.6708333333333333 0.6717592592592593 0.01875 0.08055555555555556
2 0.6708333333333333 0.6962962962962963 0.0125 0.05185185185185186
3 0.6526041666666667 0.7388888888888889 0.028125 0.09814814814814815
2 0.65 0.7680555555555556 0.020833333333333332 0.08240740740740742
1 0.6580729166666667 0.6898148148148149 0.019270833333333334 0.061111111111111116
0 0.6888020833333334 0.7412037037037037 0.0265625 0.13796296296296298
0 0.7171875 0.7578703703703704 0.026041666666666668 0.1398148148148148
0 0.71328125 0.7449074074074075 0.024479166666666666 0.1287037037037037
0 0.7026041666666667 0.7189814814814816 0.019791666666666666 0.10092592592592593
3 0.77421875 0.7740740740740741 0.11614583333333334 0.1425925925925926
3 0.75234375 0.674074074074074 0.0859375 0.07592592592592592
0 0.7903645833333334 0.675 0.01614583333333333 0.07777777777777778
3 0.87734375 0.700925925925926 0.14739583333333334 0.0925925925925926
3 0.875 0.6768518518518519 0.11666666666666667 0.08333333333333334
3 0.9838541666666667 0.6986111111111112 0.03229166666666666 0.0638888888888889
3 0.975 0.6828703703703703 0.05 0.05462962962962963
3 0.9815104166666666 0.6462962962962964 0.03697916666666667 0.03888888888888889
4 0.9645833333333333 0.625462962962963 0.07083333333333333 0.05648148148148149
3 0.93984375 0.6314814814814815 0.058854166666666666 0.03888888888888889
3 0.9153645833333334 0.6212962962962963 0.059895833333333336 0.05185185185185186
3 0.8942708333333333 0.6189814814814815 0.059375 0.04537037037037037
3 0.875 0.6125 0.06145833333333333 0.036111111111111115
3 0.8640625 0.6111111111111112 0.051041666666666666 0.03888888888888889
3 0.8408854166666666 0.6032407407407407 0.0390625 0.03425925925925926
3 0.825 0.5995370370370371 0.042708333333333334 0.026851851851851852
4 0.8190104166666666 0.5837962962962964 0.04114583333333333 0.030555555555555558
3 0.8674479166666667 0.575925925925926 0.03802083333333333 0.02592592592592593
3 0.8783854166666667 0.575462962962963 0.044270833333333336 0.028703703703703703
3 0.9083333333333333 0.5944444444444444 0.051041666666666666 0.03333333333333333
3 0.94375 0.6041666666666667 0.052083333333333336 0.036111111111111115
4 0.9734375 0.625925925925926 0.053125 0.053703703703703705
