3 0.11927083333333333 0.8722222222222222 0.121875 0.15555555555555556
3 0.31666666666666665 0.3472222222222222 0.04375 0.1425925925925926
3 0.6177083333333333 0.6925925925925926 0.04583333333333333 0.14444444444444446
3 0.690625 0.06759259259259259 0.0375 0.08703703703703704
3 0.7411458333333333 0.06018518518518519 0.04479166666666667 0.09814814814814815
3 0.7890625 0.06666666666666667 0.040625 0.0925925925925926
3 0.7182291666666667 0.6805555555555556 0.071875 0.09814814814814815
6 0.8312499999999999 0.34074074074074073 0.03125 0.0962962962962963
6 0.5390625 0.41111111111111115 0.02395833333333333 0.0925925925925926
6 0.24270833333333333 0.8648148148148148 0.05416666666666667 0.1962962962962963
6 0.026041666666666668 0.675 0.052083333333333336 0.053703703703703705
0 0.12239583333333333 0.5046296296296297 0.02395833333333333 0.05
6 0.5895833333333333 0.03333333333333333 0.029166666666666667 0.06666666666666667
3 0.34739583333333335 0.026851851851851852 0.03229166666666666 0.05
0 0.23177083333333334 0.9037037037037038 0.03229166666666666 0.044444444444444446
