3 0.4901041666666667 0.8587962962962963 0.046875 0.12314814814814816
3 0.534375 0.5273148148148148 0.022916666666666665 0.03981481481481482
1 0.5916666666666667 0.8231481481481482 0.014583333333333334 0.037037037037037035
1 0.5932291666666667 0.812962962962963 0.013541666666666667 0.02777777777777778
1 0.61484375 0.8805555555555555 0.0140625 0.02962962962962963
1 0.63671875 0.8212962962962963 0.0109375 0.03333333333333333
1 0.63984375 0.8375 0.009895833333333333 0.02314814814814815
9 0.4484375 0.5935185185185186 0.0125 0.0462962962962963
1 0.6057291666666667 0.5912037037037037 0.014583333333333334 0.036111111111111115
9 0.5385416666666667 0.4740740740740741 0.005208333333333333 0.016666666666666666
1 0.5388020833333333 0.4666666666666667 0.0046875 0.018518518518518517
0 0.5598958333333334 0.45833333333333337 0.00625 0.02592592592592593
3 0.5541666666666667 0.425462962962963 0.017708333333333333 0.02314814814814815
0 0.56875 0.46435185185185185 0.004166666666666667 0.021296296296296296
0 0.5734375 0.45925925925925926 0.005208333333333333 0.018518518518518517
3 0.5221354166666666 0.3375 0.0140625 0.025
9 0.5760416666666667 0.6078703703703704 0.00625 0.025
1 0.5760416666666667 0.5981481481481482 0.005208333333333333 0.024074074074074074
