3 0.09973958333333333 0.9337962962962963 0.06822916666666666 0.13240740740740742
3 0.16822916666666665 0.7462962962962963 0.051041666666666666 0.08888888888888889
3 0.24166666666666667 0.5421296296296296 0.034375 0.05277777777777778
3 0.26796875 0.5587962962962963 0.03802083333333333 0.058333333333333334
8 0.3411458333333333 0.3578703703703704 0.03125 0.0638888888888889
3 0.33177083333333335 0.3995370370370371 0.017708333333333333 0.030555555555555558
3 0.28671875 0.44907407407407407 0.024479166666666666 0.03888888888888889
3 0.2994791666666667 0.42592592592592593 0.022916666666666665 0.03333333333333333
3 0.3125 0.40925925925925927 0.019791666666666666 0.03333333333333333
3 0.46510416666666665 0.9027777777777778 0.04583333333333333 0.11481481481481481
3 0.5291666666666667 0.9111111111111111 0.04895833333333333 0.11481481481481481
3 0.4614583333333333 0.7708333333333334 0.03854166666666667 0.0787037037037037
3 0.5294270833333333 0.7814814814814816 0.04114583333333333 0.08333333333333334
3 0.5846354166666666 0.7828703703703704 0.04739583333333333 0.08796296296296297
3 0.4622395833333333 0.6861111111111111 0.033854166666666664 0.06481481481481481
3 0.51015625 0.6833333333333333 0.033854166666666664 0.06666666666666667
3 0.46249999999999997 0.6189814814814815 0.030208333333333334 0.05648148148148149
3 0.5065104166666666 0.6189814814814815 0.030729166666666665 0.05462962962962963
3 0.4979166666666667 0.5601851851851852 0.027083333333333334 0.044444444444444446
8 0.55078125 0.5555555555555556 0.05364583333333333 0.13703703703703704
3 0.46067708333333335 0.5611111111111111 0.0265625 0.04814814814814815
3 0.49895833333333334 0.5101851851851852 0.02395833333333333 0.044444444444444446
3 0.4622395833333333 0.5212962962962964 0.022395833333333334 0.03518518518518519
3 0.45989583333333334 0.4930555555555556 0.020833333333333332 0.036111111111111115
3 0.49166666666666664 0.47361111111111115 0.020833333333333332 0.036111111111111115
4 0.51875 0.45416666666666666 0.01875 0.036111111111111115
3 0.49322916666666666 0.4439814814814815 0.019791666666666666 0.028703703703703703
3 0.46119791666666665 0.46435185185185185 0.0203125 0.03796296296296296
8 0.5182291666666666 0.40925925925925927 0.029166666666666667 0.07037037037037037
3 0.4479166666666667 0.40694444444444444 0.017708333333333333 0.028703703703703703
3 0.48854166666666665 0.41620370370370374 0.017708333333333333 0.028703703703703703
3 0.46432291666666664 0.44351851851851853 0.018229166666666668 0.02962962962962963
3 0.46432291666666664 0.4236111111111111 0.0171875 0.028703703703703703
3 0.46770833333333334 0.40740740740740744 0.016666666666666666 0.02592592592592593
3 0.48463541666666665 0.38981481481481484 0.01614583333333333 0.02592592592592593
3 0.45989583333333334 0.3907407407407408 0.013541666666666667 0.022222222222222223
3 0.440625 0.35370370370370374 0.013541666666666667 0.020370370370370372
3 0.4466145833333333 0.33564814814814814 0.011979166666666666 0.021296296296296296
3 0.48593749999999997 0.36712962962962964 0.014583333333333334 0.026851851851851852
3 0.50625 0.3768518518518519 0.014583333333333334 0.022222222222222223
3 0.5307291666666667 0.3592592592592593 0.01875 0.018518518518518517
3 0.46432291666666664 0.3800925925925926 0.0140625 0.02314814814814815
3 0.46328125 0.3652777777777778 0.0140625 0.02314814814814815
3 0.5057291666666667 0.3472222222222222 0.011458333333333333 0.022222222222222223
3 0.4828125 0.35185185185185186 0.013541666666666667 0.020370370370370372
3 0.4622395833333333 0.35185185185185186 0.013020833333333334 0.020370370370370372
3 0.49322916666666666 0.34074074074074073 0.013541666666666667 0.020370370370370372
3 0.5049479166666666 0.33287037037037037 0.009895833333333333 0.019444444444444445
3 0.49635416666666665 0.3231481481481482 0.009375 0.016666666666666666
3 0.4791666666666667 0.33842592592592596 0.0125 0.019444444444444445
3 0.46171875 0.3416666666666667 0.011979166666666666 0.018518518518518517
3 0.46484375 0.3263888888888889 0.0109375 0.015740740740740743
3 0.4640625 0.33472222222222225 0.011458333333333333 0.021296296296296296
3 0.4809895833333333 0.32731481481481484 0.009895833333333333 0.017592592592592594
8 0.14114583333333333 0.5509259259259259 0.07916666666666666 0.06851851851851852
0 0.24088541666666666 0.5032407407407408 0.0067708333333333336 0.036111111111111115
0 0.2484375 0.5032407407407408 0.008333333333333333 0.03425925925925926
0 0.7755208333333333 0.9638888888888889 0.014583333333333334 0.07222222222222223
0 0.7119791666666666 0.9041666666666667 0.021875 0.0638888888888889
6 0.7106770833333333 0.8833333333333334 0.0390625 0.08148148148148149
0 0.8174479166666666 0.9087962962962963 0.011979166666666666 0.06759259259259259
0 0.8065104166666667 0.7824074074074074 0.0140625 0.05925925925925926
1 0.7986979166666667 0.8490740740740741 0.021354166666666667 0.053703703703703705
2 0.79609375 0.8643518518518519 0.021354166666666667 0.05462962962962963
0 0.7848958333333333 0.7759259259259259 0.010416666666666666 0.05555555555555556
0 0.7932291666666667 0.7777777777777778 0.010416666666666666 0.05555555555555556
0 0.7622395833333333 0.6791666666666667 0.008854166666666666 0.05277777777777778
0 0.8080729166666667 0.6592592592592593 0.008854166666666666 0.04814814814814815
0 0.78359375 0.6861111111111111 0.011979166666666666 0.05555555555555556
0 0.7916666666666666 0.6513888888888889 0.010416666666666666 0.04351851851851852
0 0.6971354166666667 0.6995370370370371 0.011979166666666666 0.049074074074074076
1 0.66640625 0.6111111111111112 0.009895833333333333 0.040740740740740744
2 0.66640625 0.6212962962962963 0.009895833333333333 0.03333333333333333
0 0.62890625 0.5296296296296297 0.008854166666666666 0.03888888888888889
0 0.6950520833333333 0.5319444444444444 0.008854166666666666 0.03425925925925926
0 0.7700520833333333 0.5189814814814815 0.0078125 0.036111111111111115
0 0.7575520833333333 0.5203703703703704 0.0078125 0.03518518518518519
0 0.7544270833333333 0.5097222222222222 0.009895833333333333 0.036111111111111115
3 0.6252604166666667 0.38333333333333336 0.021354166666666667 0.03333333333333333
3 0.61953125 0.3662037037037037 0.0171875 0.028703703703703703
3 0.6393229166666666 0.3675925925925926 0.0171875 0.024074074074074074
0 0.8971354166666666 0.8398148148148148 0.0171875 0.06296296296296297
2 0.6619791666666667 0.7560185185185185 0.03125 0.036111111111111115
9 0.6565104166666667 0.7097222222222223 0.030729166666666665 0.03796296296296296
2 0.6606770833333333 0.7416666666666667 0.028645833333333332 0.03518518518518519
2 0.6583333333333333 0.7268518518518519 0.02395833333333333 0.02962962962962963
2 0.63671875 0.6611111111111111 0.022395833333333334 0.03518518518518519
0 0.6213541666666667 0.4916666666666667 0.007291666666666667 0.031481481481481485
0 0.6270833333333333 0.4935185185185185 0.00625 0.02962962962962963
0 0.6552083333333333 0.4828703703703704 0.00625 0.030555555555555558
0 0.6611979166666666 0.4828703703703704 0.005729166666666666 0.030555555555555558
3 0.07109375 0.6412037037037037 0.09010416666666667 0.05462962962962963
8 0.05703125 0.6638888888888889 0.0828125 0.07407407407407407
2 0.13359375 0.6439814814814815 0.027604166666666666 0.032407407407407406
1 0.63046875 0.4689814814814815 0.005729166666666666 0.021296296296296296
2 0.6299479166666666 0.47731481481481486 0.0046875 0.019444444444444445
0 0.5885416666666666 0.4412037037037037 0.007291666666666667 0.028703703703703703
0 0.6348958333333333 0.4342592592592593 0.00625 0.02777777777777778
0 0.6421875 0.43472222222222223 0.005208333333333333 0.026851851851851852
0 0.646875 0.4351851851851852 0.005208333333333333 0.02592592592592593
0 0.6518229166666667 0.4375 0.005729166666666666 0.028703703703703703
7 0.6059895833333333 0.4138888888888889 0.0078125 0.02592592592592593
0 0.63359375 0.41111111111111115 0.005729166666666666 0.024074074074074074
0 0.6393229166666666 0.41203703703703703 0.0046875 0.024074074074074074
0 0.64375 0.3791666666666667 0.005208333333333333 0.021296296296296296
0 0.5828125 0.337037037037037 0.003125 0.018518518518518517
0 0.5911458333333334 0.35879629629629634 0.005208333333333333 0.021296296296296296
0 0.5971354166666667 0.3597222222222222 0.0036458333333333334 0.021296296296296296
0 0.6078125 0.3726851851851852 0.004166666666666667 0.021296296296296296
0 0.6088541666666667 0.35879629629629634 0.004166666666666667 0.017592592592592594
0 0.6010416666666667 0.3601851851851852 0.003125 0.018518518518518517
0 0.60390625 0.35879629629629634 0.0036458333333333334 0.021296296296296296
1 0.6174479166666667 0.425 0.005729166666666666 0.016666666666666666
9 0.6169270833333333 0.4337962962962963 0.005729166666666666 0.015740740740740743
0 0.5890625 0.4203703703703704 0.00625 0.020370370370370372
0 0.5713541666666666 0.3907407407407408 0.005208333333333333 0.022222222222222223
0 0.5809895833333333 0.4134259259259259 0.0046875 0.025
0 0.5778645833333333 0.41435185185185186 0.005729166666666666 0.025
0 0.5690104166666666 0.41250000000000003 0.0046875 0.021296296296296296
0 0.56484375 0.41250000000000003 0.0036458333333333334 0.021296296296296296
