0 0.08639705882352941 0.5241830065359476 0.015441176470588236 0.04967320261437908
3 0.35 0.7222222222222222 0.051470588235294115 0.10849673202614378
3 0.4606617647058823 0.5019607843137255 0.025735294117647058 0.047058823529411764
3 0.4294117647058823 0.4339869281045751 0.020588235294117647 0.03660130718954248
3 0.39705882352941174 0.4509803921568627 0.023529411764705882 0.04183006535947712
3 0.3577205882352941 0.45359477124183 0.02426470588235294 0.0392156862745098
3 0.3863970588235294 0.39673202614379083 0.01838235294117647 0.03529411764705882
3 0.43124999999999997 0.37189542483660126 0.016911764705882352 0.027450980392156862
3 0.5375 0.5196078431372548 0.029411764705882353 0.0457516339869281
3 0.6011029411764706 0.5758169934640522 0.03161764705882353 0.050980392156862744
3 0.6595588235294118 0.730718954248366 0.058823529411764705 0.08888888888888888
3 0.6893382352941176 0.6601307189542484 0.05220588235294118 0.06797385620915032
3 0.618014705882353 0.5313725490196078 0.03602941176470588 0.0457516339869281
3 0.6397058823529411 0.49019607843137253 0.032352941176470584 0.04183006535947712
3 0.5595588235294118 0.4790849673202614 0.029411764705882353 0.043137254901960784
3 0.5077205882352941 0.41764705882352937 0.021323529411764706 0.03790849673202614
3 0.5011029411764706 0.38888888888888884 0.019852941176470587 0.02483660130718954
3 0.5441176470588235 0.43267973856209146 0.026470588235294117 0.0392156862745098
3 0.5761029411764705 0.4333333333333333 0.028676470588235293 0.03529411764705882
3 0.5963235294117647 0.4235294117647059 0.025 0.03137254901960784
3 0.5264705882352941 0.4026143790849673 0.01911764705882353 0.02875816993464052
3 0.6477941176470589 0.4071895424836601 0.03823529411764706 0.02483660130718954
2 0.19448529411764706 0.7725490196078431 0.03455882352941177 0.04183006535947712
2 0.19080882352941175 0.761437908496732 0.04044117647058824 0.04052287581699346
2 0.18713235294117647 0.7477124183006535 0.03897058823529412 0.03660130718954248
3 0.17463235294117646 0.684313725490196 0.05808823529411765 0.10588235294117647
0 0.02022058823529412 0.55359477124183 0.013970588235294117 0.050980392156862744
0 0.00625 0.5640522875816993 0.0125 0.04836601307189542
0 0.13272058823529412 0.5816993464052287 0.011029411764705881 0.05751633986928104
0 0.14154411764705882 0.5816993464052287 0.011029411764705881 0.054901960784313725
0 0.21985294117647058 0.49542483660130715 0.008823529411764706 0.04183006535947712
0 0.24558823529411763 0.48627450980392156 0.008823529411764706 0.04183006535947712
0 0.2213235294117647 0.534640522875817 0.008823529411764706 0.04183006535947712
0 0.27352941176470585 0.39934640522875814 0.0058823529411764705 0.0326797385620915
9 0.17058823529411765 0.35163398692810455 0.013235294117647059 0.01830065359477124
1 0.21323529411764705 0.3431372549019608 0.004411764705882353 0.01699346405228758
1 0.225 0.34901960784313724 0.004411764705882353 0.02091503267973856
1 0.22205882352941175 0.34509803921568627 0.004411764705882353 0.02091503267973856
9 0.2139705882352941 0.3529411764705882 0.011764705882352941 0.01568627450980392
9 0.225 0.3549019607843137 0.013235294117647059 0.01437908496732026
9 0.22095588235294117 0.34901960784313724 0.0125 0.0130718954248366
1 0.24669117647058822 0.3418300653594771 0.006617647058823529 0.01699346405228758
2 0.24705882352941178 0.3503267973856209 0.0029411764705882353 0.0130718954248366
1 0.28823529411764703 0.3941176470588235 0.007352941176470588 0.01699346405228758
6 0.2893382352941176 0.40196078431372545 0.009558823529411765 0.01699346405228758
1 0.3044117647058823 0.3660130718954248 0.0058823529411764705 0.0130718954248366
9 0.30477941176470585 0.37450980392156863 0.005147058823529412 0.01437908496732026
9 0.33198529411764705 0.3431372549019608 0.005147058823529412 0.01437908496732026
9 0.33786764705882355 0.3150326797385621 0.005147058823529412 0.0130718954248366
9 0.3224264705882353 0.3326797385620915 0.005147058823529412 0.011764705882352941
1 0.32316176470588237 0.32679738562091504 0.005147058823529412 0.0130718954248366
1 0.3386029411764706 0.3071895424836601 0.005147058823529412 0.0130718954248366
1 0.3323529411764706 0.3352941176470588 0.0058823529411764705 0.01437908496732026
4 0.3301470588235294 0.28104575163398693 0.01764705882352941 0.03137254901960784
1 0.3558823529411765 0.3078431372549019 0.0058823529411764705 0.01437908496732026
3 0.31176470588235294 0.3607843137254902 0.032352941176470584 0.023529411764705882
3 0.3113970588235294 0.3509803921568627 0.03161764705882353 0.02222222222222222
3 0.4860294117647059 0.9313725490196078 0.06323529411764706 0.12941176470588234
4 0.6900735294117647 0.9771241830065359 0.0713235294117647 0.0457516339869281
4 0.45588235294117646 0.3849673202614379 0.016176470588235292 0.03529411764705882
3 0.45183823529411765 0.34705882352941175 0.015441176470588236 0.02483660130718954
3 0.4102941176470588 0.3457516339869281 0.014705882352941176 0.02483660130718954
3 0.4290441176470588 0.3287581699346405 0.015441176470588236 0.02483660130718954
3 0.48676470588235293 0.35620915032679734 0.014705882352941176 0.02483660130718954
3 0.5183823529411765 0.3509803921568627 0.014705882352941176 0.02483660130718954
3 0.5257352941176471 0.32941176470588235 0.014705882352941176 0.02091503267973856
3 0.49558823529411766 0.3372549019607843 0.014705882352941176 0.02091503267973856
3 0.47316176470588234 0.31895424836601305 0.0125 0.02091503267973856
3 0.4279411764705882 0.2588235294117647 0.008823529411764706 0.0130718954248366
3 0.4077205882352941 0.2745098039215686 0.009558823529411765 0.0130718954248366
3 0.39191176470588235 0.31176470588235294 0.011764705882352941 0.0196078431372549
3 0.3948529411764706 0.2849673202614379 0.010294117647058823 0.0130718954248366
3 0.39375 0.269281045751634 0.009558823529411765 0.0130718954248366
3 0.42463235294117646 0.3045751633986928 0.0125 0.023529411764705882
3 0.4235294117647059 0.3 0.014705882352941176 0.02483660130718954
3 0.4088235294117647 0.3248366013071895 0.014705882352941176 0.02483660130718954
3 0.4091911764705882 0.3091503267973856 0.0125 0.02483660130718954
3 0.4099264705882353 0.2973856209150327 0.013970588235294117 0.01699346405228758
3 0.4213235294117647 0.28169934640522876 0.010294117647058823 0.01699346405228758
3 0.41691176470588237 0.27058823529411763 0.008823529411764706 0.01568627450980392
3 0.4047794117647059 0.26601307189542484 0.009558823529411765 0.01437908496732026
3 0.4172794117647059 0.26078431372549016 0.008088235294117646 0.01437908496732026
3 0.40625 0.2549019607843137 0.009558823529411765 0.01045751633986928
4 0.4375 0.28888888888888886 0.010294117647058823 0.02091503267973856
3 0.45845588235294116 0.2915032679738562 0.009558823529411765 0.01568627450980392
3 0.48676470588235293 0.28823529411764703 0.008823529411764706 0.01437908496732026
3 0.475 0.3 0.008823529411764706 0.01437908496732026
3 0.48823529411764705 0.31241830065359477 0.010294117647058823 0.01830065359477124
3 0.5014705882352941 0.322875816993464 0.010294117647058823 0.01830065359477124
3 0.4963235294117647 0.30588235294117644 0.008823529411764706 0.01830065359477124
3 0.47316176470588234 0.2895424836601307 0.009558823529411765 0.01699346405228758
3 0.47720588235294115 0.27908496732026145 0.008823529411764706 0.01437908496732026
3 0.4536764705882353 0.2803921568627451 0.008823529411764706 0.01437908496732026
3 0.4602941176470588 0.2725490196078431 0.008823529411764706 0.01437908496732026
3 0.46397058823529413 0.2633986928104575 0.008823529411764706 0.01437908496732026
3 0.4441176470588235 0.2647058823529412 0.008823529411764706 0.01437908496732026
3 0.45698529411764705 0.26405228758169935 0.009558823529411765 0.0130718954248366
3 0.4525735294117647 0.261437908496732 0.009558823529411765 0.0130718954248366
8 0.549264705882353 0.3758169934640523 0.039705882352941174 0.06928104575163398
2 0.9154411764705882 0.7549019607843137 0.026470588235294117 0.050980392156862744
2 0.9900735294117647 0.7830065359477124 0.019852941176470587 0.0522875816993464
1 0.9941176470588236 0.7673202614379084 0.011764705882352941 0.0522875816993464
9 0.9433823529411764 0.7522875816993464 0.020588235294117647 0.05620915032679738
1 0.94375 0.7405228758169934 0.0125 0.03790849673202614
1 0.9165441176470588 0.6941176470588235 0.0125 0.0392156862745098
9 0.9158088235294117 0.7084967320261437 0.022794117647058822 0.047058823529411764
1 0.9261029411764706 0.6405228758169934 0.0125 0.0392156862745098
1 0.9128676470588235 0.6294117647058823 0.0125 0.03790849673202614
2 0.9205882352941176 0.6620915032679738 0.033823529411764704 0.03529411764705882
2 0.9113970588235294 0.6483660130718953 0.03161764705882353 0.023529411764705882
3 0.9764705882352941 0.6679738562091503 0.044117647058823525 0.06013071895424836
3 0.975735294117647 0.6666666666666666 0.044117647058823525 0.06013071895424836
3 0.9165441176470588 0.5823529411764705 0.06985294117647059 0.050980392156862744
3 0.7922794117647058 0.4738562091503268 0.05808823529411765 0.03529411764705882
4 0.8757352941176471 0.5588235294117647 0.07647058823529412 0.05620915032679738
9 0.8720588235294118 0.6601307189542484 0.01911764705882353 0.04444444444444444
1 0.8753676470588235 0.6464052287581699 0.0125 0.03790849673202614
1 0.856985294117647 0.6143790849673202 0.0125 0.0392156862745098
1 0.8150735294117647 0.5993464052287582 0.0125 0.03790849673202614
2 0.8518382352941176 0.6300653594771242 0.015441176470588236 0.03398692810457516
2 0.8121323529411765 0.6183006535947712 0.022794117647058822 0.0392156862745098
1 0.7444852941176471 0.49738562091503263 0.0125 0.03790849673202614
2 0.7433823529411765 0.5137254901960784 0.014705882352941176 0.0392156862745098
9 0.7503676470588235 0.46274509803921565 0.01838235294117647 0.03137254901960784
1 0.6698529411764705 0.426797385620915 0.008823529411764706 0.0196078431372549
9 0.669485294117647 0.4418300653594771 0.009558823529411765 0.01568627450980392
1 0.6441176470588236 0.4163398692810457 0.007352941176470588 0.01699346405228758
9 0.6452205882352942 0.42810457516339867 0.011029411764705881 0.0196078431372549
