5 0.15885416666666666 0.7722222222222223 0.31666666666666665 0.45555555555555555
3 0.471875 0.7953703703703704 0.11562499999999999 0.1925925925925926
1 0.76796875 0.9560185185185186 0.05677083333333333 0.08796296296296297
4 0.39557291666666666 0.6050925925925926 0.06302083333333333 0.08981481481481482
7 0.4497395833333333 0.5773148148148148 0.0234375 0.0712962962962963
1 0.5192708333333333 0.538425925925926 0.005208333333333333 0.017592592592592594
2 0.51875 0.55 0.004166666666666667 0.020370370370370372
3 0.5244791666666666 0.5342592592592593 0.028125 0.020370370370370372
3 0.55390625 0.5189814814814815 0.008854166666666666 0.012037037037037037
8 0.596875 0.525 0.08020833333333333 0.053703703703703705
3 0.5739583333333333 0.5462962962962963 0.016666666666666666 0.024074074074074074
1 0.6041666666666666 0.5412037037037037 0.005208333333333333 0.02314814814814815
2 0.60390625 0.5509259259259259 0.0036458333333333334 0.014814814814814815
5 0.5442708333333334 0.5444444444444445 0.017708333333333333 0.031481481481481485
3 0.54375 0.5509259259259259 0.019791666666666666 0.02962962962962963
3 0.54296875 0.5578703703703703 0.0203125 0.026851851851851852
3 0.534375 0.5712962962962963 0.026041666666666668 0.037037037037037035
3 0.5299479166666666 0.5930555555555556 0.03177083333333333 0.049074074074074076
4 0.5565104166666667 0.6157407407407408 0.0515625 0.09074074074074075
1 0.61875 0.5685185185185185 0.010416666666666666 0.03518518518518519
2 0.6192708333333333 0.5819444444444445 0.005208333333333333 0.02314814814814815
1 0.6018229166666667 0.6027777777777777 0.011979166666666666 0.05
2 0.6013020833333333 0.6185185185185186 0.0078125 0.037037037037037035
1 0.6276041666666666 0.625462962962963 0.014583333333333334 0.06944444444444445
2 0.6270833333333333 0.6430555555555556 0.014583333333333334 0.05648148148148149
1 0.64453125 0.611574074074074 0.011979166666666666 0.058333333333333334
2 0.6440104166666667 0.6245370370370371 0.0109375 0.03981481481481482
4 0.7802083333333333 0.5611111111111111 0.042708333333333334 0.031481481481481485
3 0.7911458333333333 0.5712962962962963 0.042708333333333334 0.031481481481481485
3 0.8138020833333334 0.5773148148148148 0.043229166666666666 0.028703703703703703
3 0.8205729166666667 0.5824074074074075 0.0359375 0.02962962962962963
3 0.8403645833333333 0.5819444444444445 0.05260416666666667 0.036111111111111115
3 0.8583333333333333 0.5888888888888889 0.053125 0.040740740740740744
4 0.8971354166666666 0.5976851851851852 0.0703125 0.05277777777777778
3 0.9213541666666667 0.6092592592592593 0.06458333333333333 0.04259259259259259
3 0.9578125 0.6268518518518519 0.084375 0.05925925925925926
5 0.9596354166666666 0.5972222222222222 0.05572916666666666 0.06481481481481481
3 0.8963541666666667 0.6342592592592593 0.06979166666666667 0.04814814814814815
3 0.9276041666666667 0.6481481481481481 0.11354166666666667 0.07222222222222223
0 0.8565104166666666 0.6245370370370371 0.009895833333333333 0.058333333333333334
0 0.8484375 0.6194444444444445 0.011458333333333333 0.05555555555555556
3 0.8369791666666666 0.549074074074074 0.03854166666666667 0.02777777777777778
3 0.8429687499999999 0.5532407407407408 0.03177083333333333 0.026851851851851852
3 0.8552083333333333 0.5606481481481481 0.036458333333333336 0.028703703703703703
3 0.8666666666666667 0.5671296296296297 0.03333333333333333 0.026851851851851852
3 0.79765625 0.6462962962962964 0.1328125 0.06481481481481481
3 0.7950520833333333 0.6203703703703703 0.09010416666666667 0.0462962962962963
3 0.69296875 0.6291666666666667 0.0734375 0.06944444444444445
3 0.68359375 0.687962962962963 0.07760416666666667 0.08888888888888889
1 0.64296875 0.7125 0.021354166666666667 0.10462962962962963
2 0.6403645833333333 0.7300925925925926 0.0234375 0.06944444444444445
1 0.6572916666666666 0.7490740740740741 0.022916666666666665 0.11296296296296297
2 0.6541666666666667 0.7851851851851852 0.021875 0.1
1 0.6885416666666666 0.8375 0.03333333333333333 0.1824074074074074
2 0.6828125 0.8925925925925926 0.036458333333333336 0.15
0 0.78125 0.7796296296296297 0.029166666666666667 0.15925925925925927
0 0.7265625 0.7333333333333334 0.036458333333333336 0.14814814814814814
0 0.7200520833333334 0.7300925925925926 0.022395833333333334 0.12685185185185185
0 0.6947916666666667 0.7222222222222222 0.021875 0.1277777777777778
7 0.79765625 0.7023148148148148 0.05364583333333333 0.13055555555555556
