4 0.9577205882352942 0.8411764705882352 0.08455882352941177 0.11895424836601307
6 0.8448529411764706 0.5823529411764705 0.033823529411764704 0.06666666666666667
0 0.9154411764705882 0.611111111111111 0.033823529411764704 0.06928104575163398
0 0.8863970588235294 0.5856209150326797 0.015441176470588236 0.054901960784313725
0 0.9169117647058823 0.549673202614379 0.022058823529411763 0.05620915032679738
2 0.85625 0.5169934640522875 0.021323529411764706 0.05359477124183006
2 0.8183823529411764 0.4888888888888889 0.020588235294117647 0.03660130718954248
0 0.7577205882352941 0.4333333333333333 0.011029411764705881 0.050980392156862744
4 0.7176470588235294 0.4660130718954248 0.03676470588235294 0.07973856209150326
4 0.7378676470588236 0.357516339869281 0.03308823529411765 0.06405228758169934
3 0.6779411764705883 0.361437908496732 0.045588235294117645 0.06143790849673202
3 0.5529411764705883 0.6666666666666666 0.04852941176470588 0.1045751633986928
3 0.6058823529411764 0.4633986928104575 0.04264705882352941 0.07712418300653594
3 0.5702205882352941 0.3588235294117647 0.03161764705882353 0.050980392156862744
3 0.5 0.39738562091503266 0.032352941176470584 0.06013071895424836
3 0.4878676470588235 0.31241830065359477 0.04044117647058824 0.04967320261437908
9 0.5970588235294118 0.2830065359477124 0.008823529411764706 0.027450980392156862
1 0.5988970588235294 0.27843137254901956 0.008088235294117646 0.023529411764705882
1 0.5981617647058823 0.269281045751634 0.009558823529411765 0.0261437908496732
9 0.6496323529411765 0.27581699346405225 0.022794117647058822 0.02875816993464052
9 0.6904411764705882 0.2620915032679738 0.022058823529411763 0.027450980392156862
3 0.631985294117647 0.2594771241830065 0.028676470588235293 0.04052287581699346
6 0.6029411764705882 0.23137254901960783 0.01764705882352941 0.03137254901960784
1 0.6073529411764705 0.2281045751633987 0.008823529411764706 0.0326797385620915
5 0.6665441176470588 0.23202614379084965 0.05367647058823529 0.043137254901960784
3 0.6602941176470588 0.20522875816993463 0.044117647058823525 0.03137254901960784
0 0.7018382352941176 0.21895424836601304 0.008088235294117646 0.03790849673202614
3 0.6488970588235294 0.18169934640522875 0.04191176470588235 0.02875816993464052
4 0.6286764705882353 0.1679738562091503 0.03823529411764706 0.03790849673202614
0 0.6746323529411765 0.16078431372549018 0.009558823529411765 0.023529411764705882
4 0.5786764705882352 0.19019607843137254 0.01911764705882353 0.043137254901960784
9 0.1974264705882353 0.9516339869281045 0.03161764705882353 0.09411764705882353
1 0.19779411764705881 0.9326797385620914 0.027941176470588233 0.07973856209150326
8 0.08088235294117647 0.8287581699346405 0.16176470588235295 0.3424836601307189
2 0.21470588235294116 0.7215686274509804 0.022058823529411763 0.065359477124183
1 0.21433823529411763 0.7019607843137254 0.019852941176470587 0.065359477124183
3 0.31580882352941175 0.6660130718954248 0.05955882352941176 0.14248366013071895
2 0.14338235294117646 0.692156862745098 0.03676470588235294 0.04836601307189542
1 0.1411764705882353 0.6784313725490195 0.022058823529411763 0.04967320261437908
3 0.11102941176470588 0.6483660130718953 0.08529411764705883 0.11764705882352941
3 0.2036764705882353 0.5261437908496732 0.052941176470588235 0.09542483660130718
9 0.25073529411764706 0.484313725490196 0.014705882352941176 0.0457516339869281
1 0.24963235294117647 0.4738562091503268 0.0125 0.03790849673202614
3 0.21654411764705883 0.4333333333333333 0.04632352941176471 0.07450980392156863
9 0.3139705882352941 0.4071895424836601 0.013235294117647059 0.04052287581699346
1 0.3139705882352941 0.39738562091503266 0.011764705882352941 0.04183006535947712
3 0.21948529411764706 0.3849673202614379 0.07426470588235294 0.07712418300653594
3 0.16066176470588234 0.37385620915032675 0.07867647058823529 0.06274509803921569
0 0.2639705882352941 0.3248366013071895 0.008823529411764706 0.04052287581699346
0 0.2713235294117647 0.3196078431372549 0.010294117647058823 0.04836601307189542
3 0.2511029411764706 0.2725490196078431 0.05808823529411765 0.0457516339869281
3 0.2900735294117647 0.2797385620915033 0.03161764705882353 0.0522875816993464
3 0.31727941176470587 0.29084967320261434 0.028676470588235293 0.05620915032679738
3 0.3356617647058823 0.2529411764705882 0.027205882352941177 0.0457516339869281
0 0.31985294117647056 0.2522875816993464 0.007352941176470588 0.03137254901960784
0 0.31176470588235294 0.25098039215686274 0.0058823529411764705 0.0392156862745098
0 0.30808823529411766 0.2594771241830065 0.008823529411764706 0.02483660130718954
0 0.30330882352941174 0.24705882352941175 0.008088235294117646 0.03660130718954248
3 0.2772058823529412 0.20522875816993463 0.04852941176470588 0.03398692810457516
3 0.28823529411764703 0.18562091503267972 0.05 0.03398692810457516
3 0.31176470588235294 0.16666666666666666 0.044117647058823525 0.027450980392156862
3 0.31213235294117647 0.16078431372549018 0.04485294117647059 0.023529411764705882
3 0.3477941176470588 0.16928104575163397 0.025 0.03529411764705882
0 0.3625 0.16013071895424835 0.0058823529411764705 0.03006535947712418
0 0.3669117647058823 0.15816993464052287 0.0058823529411764705 0.02875816993464052
0 0.3713235294117647 0.15947712418300652 0.007352941176470588 0.02875816993464052
0 0.34338235294117647 0.14509803921568626 0.0058823529411764705 0.0261437908496732
4 0.3084558823529412 0.13856209150326795 0.03455882352941177 0.03660130718954248
4 0.35110294117647056 0.13594771241830064 0.04191176470588235 0.03398692810457516
0 0.37683823529411764 0.1326797385620915 0.005147058823529412 0.03006535947712418
0 0.38088235294117645 0.13594771241830064 0.0058823529411764705 0.023529411764705882
3 0.4198529411764706 0.15163398692810456 0.020588235294117647 0.03660130718954248
3 0.4202205882352941 0.10065359477124182 0.016911764705882352 0.02875816993464052
3 0.43308823529411766 0.06797385620915032 0.014705882352941176 0.0261437908496732
8 0.4441176470588235 0.01699346405228758 0.01764705882352941 0.03398692810457516
3 0.36580882352941174 0.12026143790849672 0.016911764705882352 0.0261437908496732
0 0.37683823529411764 0.11437908496732026 0.005147058823529412 0.02483660130718954
0 0.3830882352941176 0.11045751633986928 0.007352941176470588 0.03006535947712418
4 0.34338235294117647 0.09607843137254901 0.030882352941176472 0.0326797385620915
3 0.3676470588235294 0.0718954248366013 0.030882352941176472 0.02875816993464052
3 0.39044117647058824 0.06013071895424836 0.025 0.023529411764705882
0 0.4091911764705882 0.0457516339869281 0.005147058823529412 0.02091503267973856
0 0.4025735294117647 0.0457516339869281 0.005147058823529412 0.02091503267973856
0 0.39742647058823527 0.04183006535947712 0.005147058823529412 0.01568627450980392
0 0.39705882352941174 0.03725490196078431 0.004411764705882353 0.0196078431372549
0 0.3915441176470588 0.03986928104575163 0.003676470588235294 0.0196078431372549
3 0.3761029411764706 0.04771241830065359 0.030147058823529412 0.02222222222222222
3 0.37279411764705883 0.04052287581699346 0.032352941176470584 0.01830065359477124
3 0.3775735294117647 0.0326797385620915 0.030147058823529412 0.01568627450980392
3 0.11985294117647059 0.2764705882352941 0.033823529411764704 0.05359477124183006
6 0.58125 0.12483660130718953 0.011029411764705881 0.02222222222222222
3 0.6316176470588235 0.12549019607843137 0.03529411764705882 0.03137254901960784
4 0.6088235294117647 0.09934640522875816 0.032352941176470584 0.02875816993464052
3 0.6036764705882353 0.09477124183006536 0.029411764705882353 0.02222222222222222
3 0.6022058823529411 0.0895424836601307 0.032352941176470584 0.0196078431372549
4 0.6033088235294117 0.08300653594771241 0.0375 0.027450980392156862
3 0.5735294117647058 0.09934640522875816 0.01764705882352941 0.0261437908496732
6 0.5257352941176471 0.09999999999999999 0.013235294117647059 0.03006535947712418
6 0.5455882352941176 0.09411764705882353 0.013235294117647059 0.03137254901960784
0 0.55625 0.0718954248366013 0.006617647058823529 0.023529411764705882
3 0.5926470588235294 0.0673202614379085 0.029411764705882353 0.02483660130718954
3 0.5933823529411765 0.056862745098039215 0.029411764705882353 0.0196078431372549
3 0.5823529411764706 0.05163398692810457 0.020588235294117647 0.02483660130718954
6 0.5459558823529411 0.03529411764705882 0.0125 0.023529411764705882
4 0.5099264705882353 0.043137254901960784 0.0125 0.023529411764705882
3 0.49338235294117644 0.01830065359477124 0.011764705882352941 0.01830065359477124
4 0.5220588235294118 0.01045751633986928 0.008823529411764706 0.02091503267973856
0 0.5286764705882353 0.00718954248366013 0.004411764705882353 0.01437908496732026
4 0.5738970588235294 0.03202614379084967 0.013970588235294117 0.02483660130718954
