0 0.4485294117647059 0.20522875816993463 0.0029411764705882353 0.01045751633986928
3 0.47610294117647056 0.20522875816993463 0.006617647058823529 0.01045751633986928
4 0.49558823529411766 0.2065359477124183 0.0058823529411764705 0.00784313725490196
3 0.4948529411764706 0.21111111111111108 0.0058823529411764705 0.00915032679738562
3 0.4988970588235294 0.2156862745098039 0.006617647058823529 0.01045751633986928
4 0.5007352941176471 0.22026143790849673 0.007352941176470588 0.01437908496732026
3 0.5025735294117647 0.226797385620915 0.006617647058823529 0.011764705882352941
3 0.5040441176470588 0.230718954248366 0.008088235294117646 0.011764705882352941
3 0.5088235294117647 0.2392156862745098 0.010294117647058823 0.01568627450980392
3 0.5110294117647058 0.2457516339869281 0.010294117647058823 0.01045751633986928
3 0.5117647058823529 0.2529411764705882 0.010294117647058823 0.01437908496732026
3 0.5238970588235294 0.2751633986928104 0.015441176470588236 0.02222222222222222
3 0.47610294117647056 0.22745098039215686 0.008088235294117646 0.0130718954248366
3 0.49227941176470585 0.25620915032679736 0.011029411764705881 0.01830065359477124
1 0.5044117647058823 0.2679738562091503 0.0029411764705882353 0.0130718954248366
2 0.5044117647058823 0.2745098039215686 0.0029411764705882353 0.01045751633986928
3 0.4974264705882353 0.29084967320261434 0.013970588235294117 0.0196078431372549
3 0.48125 0.2771241830065359 0.0125 0.02091503267973856
3 0.4602941176470588 0.27320261437908494 0.013235294117647059 0.023529411764705882
3 0.44191176470588234 0.27320261437908494 0.011764705882352941 0.02091503267973856
3 0.4485294117647059 0.2594771241830065 0.011764705882352941 0.01699346405228758
3 0.43970588235294117 0.2392156862745098 0.010294117647058823 0.01568627450980392
3 0.42316176470588235 0.2849673202614379 0.009558823529411765 0.01568627450980392
3 0.42169117647058824 0.29673202614379085 0.016911764705882352 0.0261437908496732
1 0.4386029411764706 0.29281045751633983 0.003676470588235294 0.0130718954248366
2 0.4386029411764706 0.30130718954248364 0.003676470588235294 0.01437908496732026
4 0.41102941176470587 0.3300653594771242 0.027941176470588233 0.03790849673202614
0 0.4209558823529412 0.33856209150326794 0.003676470588235294 0.01568627450980392
0 0.42205882352941176 0.33202614379084966 0.004411764705882353 0.01830065359477124
9 0.42573529411764705 0.357516339869281 0.0058823529411764705 0.01699346405228758
1 0.10220588235294117 0.5725490196078431 0.011764705882352941 0.054901960784313725
4 0.05183823529411764 0.5725490196078431 0.09044117647058823 0.08104575163398692
0 0.2786764705882353 0.5176470588235293 0.008823529411764706 0.047058823529411764
0 0.3088235294117647 0.4516339869281045 0.008823529411764706 0.043137254901960784
0 0.30661764705882355 0.4013071895424836 0.007352941176470588 0.03660130718954248
5 0.2349264705882353 0.47777777777777775 0.0625 0.08235294117647059
5 0.3051470588235294 0.361437908496732 0.03823529411764706 0.0718954248366013
9 0.18676470588235294 0.4202614379084967 0.023529411764705882 0.02222222222222222
3 0.22573529411764706 0.3941176470588235 0.055882352941176466 0.03790849673202614
3 0.24448529411764705 0.38431372549019605 0.05220588235294118 0.03398692810457516
3 0.24301470588235294 0.3686274509803921 0.04926470588235294 0.03398692810457516
4 0.22904411764705881 0.29281045751633983 0.03455882352941177 0.023529411764705882
3 0.2783088235294118 0.26274509803921564 0.02426470588235294 0.02091503267973856
3 0.33492647058823527 0.27581699346405225 0.02426470588235294 0.023529411764705882
3 0.34816176470588234 0.26862745098039215 0.027205882352941177 0.01699346405228758
3 0.34816176470588234 0.26078431372549016 0.02426470588235294 0.01699346405228758
0 0.36470588235294116 0.27843137254901956 0.004411764705882353 0.01830065359477124
0 0.3610294117647059 0.2947712418300653 0.004411764705882353 0.02222222222222222
0 0.35551470588235295 0.2954248366013072 0.005147058823529412 0.01830065359477124
3 0.3003676470588235 0.23856209150326796 0.011029411764705881 0.01437908496732026
4 0.34191176470588236 0.20784313725490194 0.007352941176470588 0.0130718954248366
3 0.3180147058823529 0.2418300653594771 0.011029411764705881 0.01568627450980392
3 0.32316176470588237 0.2529411764705882 0.0125 0.01699346405228758
3 0.32941176470588235 0.24313725490196078 0.011764705882352941 0.01568627450980392
4 0.3573529411764706 0.21895424836601304 0.011764705882352941 0.0196078431372549
6 0.11433823529411764 0.4836601307189542 0.06544117647058824 0.065359477124183
0 0.5279411764705882 0.29934640522875816 0.004411764705882353 0.02091503267973856
1 0.48933823529411763 0.30849673202614375 0.003676470588235294 0.0130718954248366
6 0.4889705882352941 0.3150326797385621 0.010294117647058823 0.02091503267973856
3 0.5316176470588235 0.3 0.011764705882352941 0.0196078431372549
3 0.5169117647058823 0.30392156862745096 0.020588235294117647 0.02483660130718954
3 0.5386029411764706 0.3156862745098039 0.013970588235294117 0.02483660130718954
3 0.5227941176470589 0.3222222222222222 0.03529411764705882 0.027450980392156862
7 0.5147058823529411 0.33202614379084966 0.013235294117647059 0.03137254901960784
3 0.4875 0.34705882352941175 0.01911764705882353 0.0326797385620915
3 0.49117647058823527 0.3725490196078431 0.023529411764705882 0.03660130718954248
4 0.49227941176470585 0.3986928104575163 0.019852941176470587 0.04183006535947712
3 0.5143382352941176 0.4895424836601307 0.03308823529411765 0.05620915032679738
1 0.7121323529411765 0.8503267973856209 0.021323529411764706 0.07450980392156863
9 0.7088235294117647 0.8679738562091502 0.026470588235294117 0.08366013071895424
1 0.60625 0.6300653594771242 0.013970588235294117 0.03660130718954248
1 0.6055147058823529 0.615032679738562 0.0125 0.04052287581699346
9 0.6036764705882353 0.6444444444444444 0.013235294117647059 0.0392156862745098
3 0.6246323529411765 0.5352941176470588 0.04191176470588235 0.0718954248366013
0 0.5882352941176471 0.4359477124183006 0.008823529411764706 0.03790849673202614
1 0.5698529411764706 0.43660130718954243 0.0058823529411764705 0.01830065359477124
2 0.56875 0.44313725490196076 0.006617647058823529 0.01830065359477124
0 0.5621323529411765 0.430718954248366 0.009558823529411765 0.03790849673202614
0 0.5455882352941176 0.3830065359477124 0.004411764705882353 0.03398692810457516
3 0.5680147058823529 0.39934640522875814 0.025735294117647058 0.03790849673202614
3 0.5621323529411765 0.37777777777777777 0.022794117647058822 0.03137254901960784
1 0.5261029411764706 0.37516339869281046 0.006617647058823529 0.01568627450980392
6 0.5268382352941177 0.3856209150326797 0.015441176470588236 0.03398692810457516
1 0.5349264705882353 0.3477124183006536 0.006617647058823529 0.01830065359477124
2 0.5345588235294118 0.3588235294117647 0.008823529411764706 0.011764705882352941
0 0.5496323529411765 0.35424836601307186 0.006617647058823529 0.023529411764705882
3 0.549264705882353 0.34444444444444444 0.027941176470588233 0.02483660130718954
0 0.6886029411764706 0.2947712418300653 0.006617647058823529 0.027450980392156862
0 0.6665441176470588 0.28431372549019607 0.005147058823529412 0.0196078431372549
0 0.6738970588235293 0.28169934640522876 0.005147058823529412 0.0196078431372549
3 0.7992647058823529 0.44967320261437904 0.055882352941176466 0.04967320261437908
0 0.8805147058823529 0.7045751633986927 0.01838235294117647 0.08104575163398692
0 0.9334558823529412 0.8457516339869281 0.019852941176470587 0.08366013071895424
0 0.950735294117647 0.8509803921568627 0.01764705882352941 0.07058823529411765
0 0.9613970588235294 0.8398692810457515 0.0125 0.06143790849673202
0 0.9761029411764706 0.8287581699346405 0.016911764705882352 0.0784313725490196
0 0.9764705882352941 0.8529411764705882 0.014705882352941176 0.0849673202614379
5 0.94375 0.7496732026143791 0.10220588235294117 0.24705882352941175
0 0.9724264705882353 0.5601307189542484 0.0125 0.06143790849673202
0 0.9492647058823529 0.4869281045751634 0.008823529411764706 0.05359477124183006
0 0.9595588235294118 0.484313725490196 0.010294117647058823 0.0457516339869281
9 0.9768382352941176 0.4915032679738562 0.025735294117647058 0.03398692810457516
9 0.9375 0.47320261437908495 0.025 0.0261437908496732
5 0.7018382352941176 0.39999999999999997 0.05514705882352941 0.09411764705882353
