0 0.09479166666666666 0.36944444444444446 0.00625 0.02777777777777778
0 0.11197916666666667 0.3675925925925926 0.005208333333333333 0.02777777777777778
0 0.1203125 0.362962962962963 0.007291666666666667 0.02592592592592593
0 0.19427083333333334 0.33055555555555555 0.009375 0.031481481481481485
3 0.1203125 0.5185185185185185 0.06354166666666666 0.04814814814814815
5 0.16666666666666666 0.6435185185185185 0.11666666666666667 0.11666666666666667
7 0.27760416666666665 0.43703703703703706 0.028125 0.040740740740740744
9 0.35 0.42685185185185187 0.014583333333333334 0.024074074074074074
1 0.3489583333333333 0.4185185185185185 0.010416666666666666 0.02962962962962963
9 0.39010416666666664 0.4175925925925926 0.015625 0.02777777777777778
1 0.38958333333333334 0.4101851851851852 0.010416666666666666 0.031481481481481485
9 0.42343749999999997 0.38981481481481484 0.011458333333333333 0.016666666666666666
1 0.42291666666666666 0.3787037037037037 0.008333333333333333 0.024074074074074074
4 0.48333333333333334 0.3962962962962963 0.035416666666666666 0.04814814814814815
5 0.6166666666666667 0.36574074074074076 0.12291666666666666 0.12407407407407407
6 0.5708333333333333 0.32962962962962966 0.029166666666666667 0.040740740740740744
3 0.6463541666666667 0.2916666666666667 0.030208333333333334 0.031481481481481485
4 0.7708333333333334 0.2101851851851852 0.025 0.02777777777777778
3 0.8 0.1962962962962963 0.022916666666666665 0.022222222222222223
3 0.8171875 0.18981481481481483 0.015625 0.016666666666666666
3 0.8401041666666667 0.17777777777777778 0.017708333333333333 0.018518518518518517
3 0.8833333333333333 0.20833333333333334 0.020833333333333332 0.016666666666666666
3 0.8661458333333333 0.1638888888888889 0.017708333333333333 0.016666666666666666
3 0.88125 0.15833333333333333 0.014583333333333334 0.016666666666666666
3 0.9015624999999999 0.14722222222222223 0.015625 0.020370370370370372
3 0.915625 0.1425925925925926 0.014583333333333334 0.014814814814814815
3 0.9260416666666667 0.13703703703703704 0.010416666666666666 0.014814814814814815
4 0.9359375 0.13148148148148148 0.013541666666666667 0.018518518518518517
4 0.9442708333333333 0.1287037037037037 0.011458333333333333 0.016666666666666666
3 0.9546875 0.12685185185185185 0.013541666666666667 0.012962962962962964
3 0.9645833333333333 0.1212962962962963 0.010416666666666666 0.012962962962962964
3 0.9718749999999999 0.11666666666666667 0.010416666666666666 0.014814814814814815
3 0.9833333333333333 0.11388888888888889 0.0125 0.012962962962962964
3 0.9947916666666666 0.10740740740740741 0.008333333333333333 0.014814814814814815
5 0.9411458333333333 0.16018518518518518 0.04479166666666667 0.05
3 0.9416666666666667 0.19074074074074074 0.020833333333333332 0.018518518518518517
