0 0.725735294117647 0.00915032679738562 0.010294117647058823 0.01830065359477124
1 0.7930147058823529 0.04444444444444444 0.009558823529411765 0.03398692810457516
9 0.7911764705882353 0.058823529411764705 0.016176470588235292 0.0392156862745098
1 0.9154411764705882 0.021568627450980392 0.008823529411764706 0.04052287581699346
2 0.9102941176470588 0.0326797385620915 0.014705882352941176 0.0261437908496732
3 0.8525735294117647 0.28104575163398693 0.0625 0.08366013071895424
3 0.881985294117647 0.5875816993464051 0.09191176470588235 0.16862745098039214
4 0.9386029411764706 0.48627450980392156 0.08897058823529412 0.130718954248366
0 0.2727941176470588 0.8294117647058823 0.01764705882352941 0.08758169934640522
0 0.2827205882352941 0.8516339869281045 0.016911764705882352 0.08235294117647059
3 0.31176470588235294 0.8980392156862744 0.08676470588235294 0.20392156862745098
0 0.45588235294117646 0.8934640522875816 0.016176470588235292 0.06928104575163398
0 0.47904411764705884 0.7745098039215685 0.015441176470588236 0.0718954248366013
0 0.45808823529411763 0.6725490196078431 0.01764705882352941 0.06405228758169934
0 0.4786764705882353 0.7058823529411764 0.014705882352941176 0.065359477124183
0 0.51875 0.6196078431372548 0.016911764705882352 0.07058823529411765
4 0.6003676470588235 0.5751633986928104 0.05808823529411765 0.15163398692810456
4 0.5863970588235294 0.41699346405228754 0.04338235294117647 0.16470588235294117
1 0.3224264705882353 0.3699346405228758 0.01838235294117647 0.03660130718954248
1 0.32941176470588235 0.4888888888888889 0.011764705882352941 0.0261437908496732
0 0.34816176470588234 0.4875816993464052 0.016911764705882352 0.06274509803921569
0 0.34375 0.5339869281045752 0.01838235294117647 0.06666666666666667
0 0.35808823529411765 0.557516339869281 0.011764705882352941 0.06666666666666667
0 0.37169117647058825 0.5640522875816993 0.0125 0.06405228758169934
1 0.39705882352941174 0.484313725490196 0.016176470588235292 0.050980392156862744
0 0.43676470588235294 0.5320261437908497 0.011764705882352941 0.065359477124183
0 0.42720588235294116 0.47320261437908495 0.010294117647058823 0.04183006535947712
0 0.4088235294117647 0.4738562091503268 0.010294117647058823 0.043137254901960784
1 0.4161764705882353 0.4784313725490196 0.008823529411764706 0.02875816993464052
5 0.4073529411764706 0.5542483660130718 0.045588235294117645 0.13333333333333333
2 0.4036764705882353 0.25555555555555554 0.01911764705882353 0.0457516339869281
1 0.4305147058823529 0.27320261437908494 0.013970588235294117 0.03398692810457516
0 0.4323529411764706 0.33464052287581697 0.011764705882352941 0.065359477124183
0 0.4944852941176471 0.4006535947712418 0.006617647058823529 0.0326797385620915
0 0.48455882352941176 0.3830065359477124 0.011764705882352941 0.05751633986928104
0 0.4808823529411765 0.32418300653594767 0.008823529411764706 0.05751633986928104
0 0.5268382352941177 0.35163398692810455 0.0125 0.06013071895424836
0 0.5400735294117647 0.3581699346405228 0.0125 0.04183006535947712
0 0.40147058823529413 0.20196078431372547 0.008823529411764706 0.0457516339869281
0 0.4088235294117647 0.19281045751633985 0.011764705882352941 0.05620915032679738
0 0.4227941176470588 0.1803921568627451 0.008823529411764706 0.05751633986928104
3 0.37830882352941175 0.1895424836601307 0.03602941176470588 0.1045751633986928
0 0.4768382352941176 0.2196078431372549 0.005147058823529412 0.03137254901960784
0 0.4716911764705882 0.20980392156862743 0.009558823529411765 0.050980392156862744
0 0.2977941176470588 0.02418300653594771 0.010294117647058823 0.043137254901960784
0 0.37463235294117647 0.056862745098039215 0.005147058823529412 0.03006535947712418
0 0.4 0.050980392156862744 0.007352941176470588 0.04444444444444444
9 0.3981617647058823 0.056862745098039215 0.022794117647058822 0.02483660130718954
1 0.4889705882352941 0.12745098039215685 0.011764705882352941 0.0326797385620915
7 0.48676470588235293 0.13986928104575164 0.01764705882352941 0.04967320261437908
0 0.4525735294117647 0.10130718954248365 0.008088235294117646 0.04052287581699346
0 0.4253676470588235 0.09607843137254901 0.006617647058823529 0.0457516339869281
0 0.4426470588235294 0.13137254901960782 0.007352941176470588 0.04836601307189542
0 0.4323529411764706 0.1287581699346405 0.0058823529411764705 0.03006535947712418
0 0.4386029411764706 0.12156862745098039 0.008088235294117646 0.04444444444444444
7 0.45588235294117646 0.14444444444444443 0.020588235294117647 0.05359477124183006
0 0.53125 0.16209150326797384 0.009558823529411765 0.047058823529411764
1 0.5419117647058823 0.17320261437908496 0.013235294117647059 0.03529411764705882
0 0.5514705882352942 0.2026143790849673 0.008823529411764706 0.0522875816993464
0 0.5091911764705882 0.09019607843137255 0.009558823529411765 0.047058823529411764
9 0.5139705882352941 0.09869281045751634 0.008823529411764706 0.03529411764705882
1 0.5231617647058824 0.07254901960784313 0.008088235294117646 0.043137254901960784
0 0.5389705882352941 0.07516339869281045 0.008823529411764706 0.043137254901960784
7 0.5496323529411765 0.11699346405228757 0.03455882352941177 0.0718954248366013
7 0.5643382352941176 0.17973856209150327 0.03602941176470588 0.06405228758169934
7 0.5753676470588235 0.23529411764705882 0.028676470588235293 0.07058823529411765
1 0.5577205882352941 0.34967320261437906 0.013970588235294117 0.03529411764705882
0 0.5591911764705882 0.3098039215686274 0.006617647058823529 0.054901960784313725
0 0.55625 0.3032679738562091 0.009558823529411765 0.054901960784313725
0 0.5786764705882352 0.2869281045751634 0.013235294117647059 0.05359477124183006
0 0.6452205882352942 0.7718954248366012 0.0125 0.07450980392156863
