0 0.3098958333333333 0.9833333333333334 0.013541666666666667 0.03333333333333333
8 0.1484375 0.8555555555555556 0.10104166666666667 0.22962962962962963
3 0.22916666666666666 0.9027777777777778 0.03958333333333333 0.09074074074074075
3 0.25 0.8157407407407408 0.035416666666666666 0.07592592592592592
3 0.20104166666666667 0.7314814814814815 0.03333333333333333 0.05925925925925926
6 0.2911458333333333 0.6888888888888889 0.015625 0.040740740740740744
1 0.28854166666666664 0.6870370370370371 0.008333333333333333 0.022222222222222223
3 0.28802083333333334 0.575925925925926 0.021875 0.037037037037037035
3 0.28229166666666666 0.5203703703703704 0.020833333333333332 0.037037037037037035
3 0.3578125 0.40092592592592596 0.011458333333333333 0.020370370370370372
3 0.3536458333333333 0.37592592592592594 0.011458333333333333 0.018518518518518517
4 0.31614583333333335 0.42314814814814816 0.013541666666666667 0.02777777777777778
3 0.4375 0.6574074074074074 0.01875 0.040740740740740744
1 0.4348958333333333 0.7027777777777778 0.005208333333333333 0.020370370370370372
1 0.44375 0.7092592592592593 0.00625 0.022222222222222223
9 0.44427083333333334 0.7157407407407408 0.009375 0.024074074074074074
9 0.4354166666666667 0.7111111111111111 0.008333333333333333 0.022222222222222223
0 0.4265625 0.6546296296296297 0.005208333333333333 0.024074074074074074
3 0.434375 0.6092592592592593 0.016666666666666666 0.03333333333333333
1 0.4067708333333333 0.5851851851851853 0.005208333333333333 0.018518518518518517
9 0.40625 0.5907407407407408 0.00625 0.022222222222222223
0 0.4770833333333333 0.49074074074074076 0.004166666666666667 0.018518518518518517
3 0.3963541666666667 0.45740740740740743 0.011458333333333333 0.022222222222222223
3 0.4140625 0.41111111111111115 0.011458333333333333 0.018518518518518517
3 0.41302083333333334 0.30092592592592593 0.007291666666666667 0.009259259259259259
3 0.4161458333333333 0.28055555555555556 0.007291666666666667 0.009259259259259259
5 0.4244791666666667 0.2851851851851852 0.007291666666666667 0.011111111111111112
0 0.2109375 0.5972222222222222 0.005208333333333333 0.024074074074074074
7 0.2109375 0.6240740740740741 0.026041666666666668 0.022222222222222223
7 0.2109375 0.6324074074074074 0.02395833333333333 0.020370370370370372
7 0.20833333333333334 0.6398148148148148 0.027083333333333334 0.024074074074074074
0 0.9713541666666666 0.8712962962962963 0.011458333333333333 0.03518518518518519
0 0.9744791666666667 0.8675925925925926 0.007291666666666667 0.03518518518518519
6 0.4869791666666667 0.5370370370370371 0.009375 0.02592592592592593
7 0.4348958333333333 0.5296296296296297 0.011458333333333333 0.02592592592592593
0 0.4401041666666667 0.5675925925925926 0.005208333333333333 0.020370370370370372
0 0.45416666666666666 0.3314814814814815 0.0020833333333333333 0.011111111111111112
