4 0.17536764705882352 0.18692810457516337 0.028676470588235293 0.07581699346405228
0 0.08308823529411764 0.230718954248366 0.0058823529411764705 0.02222222222222222
0 0.08897058823529412 0.23137254901960783 0.0058823529411764705 0.0261437908496732
0 0.20073529411764707 0.2006535947712418 0.008823529411764706 0.03529411764705882
0 0.1974264705882353 0.2196078431372549 0.011029411764705881 0.04444444444444444
0 0.15 0.21633986928104573 0.008823529411764706 0.03790849673202614
0 0.1588235294117647 0.21503267973856208 0.008823529411764706 0.03790849673202614
0 0.1915441176470588 0.261437908496732 0.011029411764705881 0.0392156862745098
3 0.16948529411764707 0.2725490196078431 0.03308823529411765 0.06928104575163398
4 0.16838235294117646 0.36470588235294116 0.04264705882352941 0.10718954248366012
3 0.2761029411764706 0.32614379084967315 0.0375 0.09542483660130718
4 0.13419117647058823 0.7986928104575163 0.09779411764705882 0.2065359477124183
3 0.2 0.5980392156862745 0.052941176470588235 0.1503267973856209
3 0.34301470588235294 0.02026143790849673 0.022794117647058822 0.03529411764705882
4 0.3191176470588235 0.03529411764705882 0.01764705882352941 0.047058823529411764
1 0.3055147058823529 0.05620915032679738 0.006617647058823529 0.0261437908496732
2 0.30477941176470585 0.06274509803921569 0.009558823529411765 0.02875816993464052
3 0.31838235294117645 0.2869281045751634 0.033823529411764704 0.06666666666666667
1 0.32316176470588237 0.13333333333333333 0.009558823529411765 0.023529411764705882
9 0.32279411764705884 0.1457516339869281 0.007352941176470588 0.02483660130718954
1 0.3477941176470588 0.11307189542483659 0.008823529411764706 0.02483660130718954
9 0.3488970588235294 0.12549019607843137 0.006617647058823529 0.01830065359477124
0 0.39448529411764705 0.21437908496732025 0.006617647058823529 0.04444444444444444
0 0.4047794117647059 0.2222222222222222 0.008088235294117646 0.04444444444444444
7 0.4209558823529412 0.25555555555555554 0.019852941176470587 0.050980392156862744
0 0.4158088235294118 0.23790849673202613 0.006617647058823529 0.03660130718954248
3 0.37426470588235294 0.24901960784313723 0.039705882352941174 0.05359477124183006
3 0.4172794117647059 0.37973856209150325 0.05808823529411765 0.09019607843137255
3 0.4852941176470588 0.45751633986928103 0.045588235294117645 0.08888888888888888
3 0.5264705882352941 0.6830065359477123 0.08676470588235294 0.14509803921568626
3 0.5875 0.8137254901960784 0.057352941176470586 0.1738562091503268
0 0.6518382352941177 0.9254901960784313 0.016911764705882352 0.04183006535947712
0 0.6753676470588236 0.949673202614379 0.013970588235294117 0.05620915032679738
0 0.6404411764705882 0.9784313725490196 0.020588235294117647 0.043137254901960784
1 0.7680147058823529 0.8928104575163398 0.022794117647058822 0.04183006535947712
4 0.7948529411764705 0.9215686274509803 0.14411764705882352 0.1568627450980392
0 0.9727941176470588 0.8013071895424836 0.01764705882352941 0.065359477124183
0 0.8069852941176471 0.7156862745098038 0.013970588235294117 0.06666666666666667
0 0.8172794117647059 0.7359477124183006 0.015441176470588236 0.06797385620915032
0 0.8345588235294118 0.7045751633986927 0.011764705882352941 0.07058823529411765
1 0.9080882352941176 0.626797385620915 0.016176470588235292 0.04052287581699346
9 0.9025735294117647 0.6470588235294117 0.030147058823529412 0.03137254901960784
1 0.8779411764705882 0.7169934640522875 0.014705882352941176 0.03790849673202614
9 0.8356617647058824 0.7019607843137254 0.03602941176470588 0.04183006535947712
7 0.8617647058823529 0.8202614379084967 0.07205882352941176 0.11372549019607843
7 0.8977941176470589 0.788235294117647 0.07058823529411765 0.10196078431372549
3 0.9775735294117647 0.47777777777777775 0.04485294117647059 0.0849673202614379
0 0.8069852941176471 0.4986928104575163 0.0125 0.058823529411764705
0 0.856985294117647 0.41503267973856206 0.013970588235294117 0.05359477124183006
0 0.8308823529411764 0.3908496732026144 0.013235294117647059 0.054901960784313725
9 0.8393382352941177 0.31895424836601305 0.02426470588235294 0.03137254901960784
0 0.8084558823529412 0.26601307189542484 0.008088235294117646 0.04836601307189542
0 0.8246323529411764 0.24052287581699344 0.009558823529411765 0.03660130718954248
0 0.8323529411764706 0.2457516339869281 0.008823529411764706 0.04183006535947712
0 0.8735294117647059 0.2849673202614379 0.008823529411764706 0.0522875816993464
9 0.8794117647058823 0.34117647058823525 0.022058823529411763 0.02875816993464052
9 0.875 0.3326797385620915 0.01764705882352941 0.03006535947712418
9 0.7819852941176471 0.24444444444444444 0.02426470588235294 0.03137254901960784
2 0.7941176470588235 0.261437908496732 0.014705882352941176 0.03137254901960784
0 0.7404411764705883 0.4032679738562091 0.010294117647058823 0.04836601307189542
1 0.70625 0.44771241830065356 0.015441176470588236 0.03529411764705882
1 0.6746323529411765 0.39281045751633986 0.011029411764705881 0.043137254901960784
0 0.6448529411764706 0.4026143790849673 0.008823529411764706 0.04967320261437908
0 0.5665441176470588 0.34444444444444444 0.006617647058823529 0.043137254901960784
0 0.5477941176470588 0.31633986928104574 0.010294117647058823 0.04444444444444444
7 0.5400735294117647 0.37973856209150325 0.03308823529411765 0.058823529411764705
0 0.5886029411764706 0.4333333333333333 0.009558823529411765 0.05620915032679738
0 0.6176470588235294 0.48627450980392156 0.008823529411764706 0.054901960784313725
0 0.6132352941176471 0.5045751633986928 0.008823529411764706 0.054901960784313725
0 0.5746323529411764 0.4764705882352941 0.008088235294117646 0.0457516339869281
1 0.5919117647058824 0.4764705882352941 0.013235294117647059 0.03006535947712418
7 0.5878676470588236 0.5013071895424837 0.05220588235294118 0.0457516339869281
5 0.5459558823529411 0.45228758169934635 0.05661764705882353 0.09411764705882353
7 0.56875 0.42483660130718953 0.03161764705882353 0.06013071895424836
1 0.6294117647058823 0.40980392156862744 0.013235294117647059 0.043137254901960784
9 0.6283088235294118 0.43202614379084964 0.016911764705882352 0.03790849673202614
7 0.7165441176470588 0.47973856209150323 0.05955882352941176 0.047058823529411764
9 0.888235294117647 0.45032679738562087 0.020588235294117647 0.03790849673202614
5 0.49080882352941174 0.11895424836601307 0.021323529411764706 0.03660130718954248
0 0.46102941176470585 0.01568627450980392 0.007352941176470588 0.03137254901960784
0 0.44227941176470587 0.023529411764705882 0.005147058823529412 0.02875816993464052
9 0.44816176470588237 0.047058823529411764 0.008088235294117646 0.0261437908496732
4 0.4415441176470588 0.01241830065359477 0.021323529411764706 0.02483660130718954
0 0.6738970588235293 0.1111111111111111 0.005147058823529412 0.02091503267973856
0 0.6786764705882353 0.12026143790849672 0.0058823529411764705 0.0261437908496732
9 0.6485294117647059 0.07777777777777778 0.011764705882352941 0.03006535947712418
0 0.7088235294117647 0.1895424836601307 0.007352941176470588 0.04444444444444444
9 0.731985294117647 0.1790849673202614 0.011029411764705881 0.02875816993464052
9 0.756985294117647 0.2045751633986928 0.016911764705882352 0.027450980392156862
