0 0.7463541666666667 0.7222222222222222 0.011458333333333333 0.040740740740740744
0 0.1984375 0.8324074074074075 0.013541666666666667 0.05
0 0.16145833333333334 0.6129629629629629 0.008333333333333333 0.02592592592592593
0 0.1734375 0.6203703703703703 0.007291666666666667 0.022222222222222223
0 0.3729166666666667 0.6370370370370371 0.008333333333333333 0.040740740740740744
9 0.35885416666666664 0.7546296296296297 0.030208333333333334 0.031481481481481485
1 0.3833333333333333 0.7361111111111112 0.008333333333333333 0.03888888888888889
0 0.47291666666666665 0.8148148148148149 0.010416666666666666 0.05185185185185186
1 0.45416666666666666 0.8212962962962963 0.014583333333333334 0.03518518518518519
0 0.4578125 0.788888888888889 0.009375 0.044444444444444446
7 0.5057291666666667 0.8212962962962963 0.034375 0.08333333333333334
9 0.034375 0.6601851851851852 0.025 0.024074074074074074
9 0.034895833333333334 0.6490740740740741 0.026041666666666668 0.020370370370370372
3 0.04114583333333333 0.6166666666666667 0.051041666666666666 0.044444444444444446
3 0.0109375 0.6277777777777778 0.021875 0.04814814814814815
9 0.09479166666666666 0.5944444444444444 0.01875 0.018518518518518517
1 0.09479166666666666 0.5851851851851853 0.008333333333333333 0.022222222222222223
0 0.019791666666666666 0.5888888888888889 0.008333333333333333 0.02592592592592593
3 0.06197916666666667 0.5722222222222223 0.05520833333333333 0.03333333333333333
9 0.20677083333333332 0.5675925925925926 0.011458333333333333 0.02777777777777778
7 0.2296875 0.562962962962963 0.017708333333333333 0.040740740740740744
9 0.171875 0.5648148148148149 0.0125 0.022222222222222223
9 0.19114583333333332 0.5666666666666667 0.019791666666666666 0.02592592592592593
9 0.184375 0.5638888888888889 0.010416666666666666 0.024074074074074074
0 0.26875 0.6 0.010416666666666666 0.03333333333333333
0 0.2671875 0.587962962962963 0.007291666666666667 0.031481481481481485
1 0.34791666666666665 0.6212962962962963 0.008333333333333333 0.020370370370370372
0 0.3072916666666667 0.5990740740740741 0.008333333333333333 0.03518518518518519
0 0.31927083333333334 0.6092592592592593 0.007291666666666667 0.02592592592592593
0 0.32760416666666664 0.6018518518518519 0.007291666666666667 0.03333333333333333
0 0.33697916666666666 0.6083333333333334 0.007291666666666667 0.03518518518518519
0 0.3208333333333333 0.5925925925925926 0.00625 0.02962962962962963
0 0.3380208333333333 0.5777777777777778 0.005208333333333333 0.03333333333333333
3 0.2921875 0.5342592592592593 0.030208333333333334 0.03888888888888889
4 0.33489583333333334 0.5462962962962963 0.028125 0.044444444444444446
4 0.34739583333333335 0.5351851851851852 0.019791666666666666 0.02962962962962963
7 0.3614583333333333 0.5194444444444445 0.0125 0.03518518518518519
0 0.37447916666666664 0.5 0.007291666666666667 0.02592592592592593
0 0.3875 0.4981481481481482 0.004166666666666667 0.022222222222222223
9 0.409375 0.4990740740740741 0.008333333333333333 0.020370370370370372
1 0.5140625 0.7351851851851852 0.011458333333333333 0.02962962962962963
1 0.4671875 0.6916666666666667 0.007291666666666667 0.020370370370370372
1 0.4666666666666667 0.6851851851851852 0.010416666666666666 0.022222222222222223
0 0.4671875 0.6648148148148149 0.011458333333333333 0.040740740740740744
0 0.4708333333333333 0.6129629629629629 0.00625 0.037037037037037035
0 0.4473958333333333 0.6314814814814815 0.005208333333333333 0.02592592592592593
1 0.45416666666666666 0.6351851851851852 0.008333333333333333 0.02592592592592593
0 0.5697916666666667 0.6425925925925926 0.00625 0.03333333333333333
0 0.5572916666666666 0.638888888888889 0.00625 0.03333333333333333
0 0.5526041666666667 0.6166666666666667 0.005208333333333333 0.037037037037037035
0 0.484375 0.6203703703703703 0.004166666666666667 0.022222222222222223
0 0.4796875 0.6101851851851852 0.005208333333333333 0.031481481481481485
0 0.4822916666666667 0.5990740740740741 0.00625 0.031481481481481485
0 0.5067708333333333 0.5768518518518518 0.007291666666666667 0.024074074074074074
0 0.4953125 0.5824074074074075 0.005208333333333333 0.016666666666666666
0 0.48593749999999997 0.5722222222222223 0.005208333333333333 0.02592592592592593
1 0.4458333333333333 0.5787037037037037 0.008333333333333333 0.02777777777777778
1 0.4395833333333333 0.5740740740740741 0.004166666666666667 0.022222222222222223
0 0.5166666666666666 0.5694444444444444 0.008333333333333333 0.031481481481481485
1 0.5182291666666666 0.562962962962963 0.003125 0.014814814814814815
0 0.48072916666666665 0.5407407407407407 0.005208333333333333 0.02592592592592593
1 0.54375 0.5740740740740741 0.008333333333333333 0.022222222222222223
1 0.6046875 0.5981481481481482 0.005208333333333333 0.018518518518518517
0 0.6697916666666667 0.6231481481481481 0.004166666666666667 0.016666666666666666
1 0.5598958333333334 0.5768518518518518 0.005208333333333333 0.024074074074074074
7 0.6052083333333333 0.8481481481481482 0.03958333333333333 0.06666666666666667
9 0.6510416666666666 0.8796296296296297 0.03125 0.05185185185185186
0 0.5979166666666667 0.9046296296296297 0.0125 0.053703703703703705
0 0.6135416666666667 0.8898148148148148 0.0125 0.0462962962962963
0 0.6953125 0.8490740740740741 0.009375 0.03518518518518519
0 0.7401041666666667 0.8805555555555555 0.011458333333333333 0.05740740740740741
1 0.7239583333333334 0.9018518518518519 0.014583333333333334 0.037037037037037035
1 0.7369791666666666 0.9212962962962963 0.017708333333333333 0.04259259259259259
1 0.7598958333333333 0.9277777777777778 0.015625 0.040740740740740744
0 0.8338541666666667 0.8805555555555555 0.009375 0.05
0 0.8416666666666667 0.8722222222222222 0.0125 0.06296296296296297
0 0.8583333333333333 0.9527777777777778 0.016666666666666666 0.06481481481481481
0 0.8770833333333333 0.9638888888888889 0.010416666666666666 0.06851851851851852
0 0.9041666666666667 0.7805555555555556 0.01875 0.053703703703703705
0 0.8291666666666666 0.7453703703703703 0.010416666666666666 0.05
0 0.8223958333333333 0.7444444444444445 0.005208333333333333 0.037037037037037035
0 0.828125 0.6796296296296297 0.008333333333333333 0.040740740740740744
0 0.8203125 0.6722222222222223 0.009375 0.037037037037037035
0 0.8145833333333333 0.6703703703703704 0.010416666666666666 0.037037037037037035
0 0.934375 0.7953703703703704 0.0125 0.04259259259259259
1 0.9447916666666667 0.7166666666666667 0.014583333333333334 0.03333333333333333
0 0.9635416666666666 0.7240740740740741 0.014583333333333334 0.044444444444444446
0 0.9833333333333333 0.7018518518518518 0.014583333333333334 0.05185185185185186
0 0.9609375 0.6703703703703704 0.009375 0.03333333333333333
1 0.5994791666666667 0.5361111111111111 0.007291666666666667 0.024074074074074074
0 0.5932291666666667 0.537962962962963 0.005208333333333333 0.016666666666666666
0 0.5739583333333333 0.4953703703703704 0.00625 0.024074074074074074
0 0.5838541666666667 0.4935185185185185 0.005208333333333333 0.024074074074074074
0 0.58125 0.48703703703703705 0.00625 0.022222222222222223
0 0.65625 0.5620370370370371 0.010416666666666666 0.03888888888888889
0 0.6817708333333333 0.6185185185185186 0.007291666666666667 0.03333333333333333
0 0.6817708333333333 0.5972222222222222 0.007291666666666667 0.0462962962962963
0 0.7109375 0.55 0.005208333333333333 0.02962962962962963
0 0.8166666666666667 0.6148148148148148 0.00625 0.037037037037037035
0 0.8130208333333333 0.6222222222222222 0.003125 0.018518518518518517
1 0.4453125 0.5333333333333333 0.007291666666666667 0.018518518518518517
1 0.4510416666666667 0.5296296296296297 0.00625 0.018518518518518517
0 0.5135416666666667 0.49259259259259264 0.00625 0.02592592592592593
0 0.8911458333333333 0.6055555555555556 0.005208333333333333 0.02962962962962963
0 0.9098958333333333 0.6157407407407408 0.005208333333333333 0.02777777777777778
0 0.9135416666666667 0.6111111111111112 0.00625 0.037037037037037035
0 0.9255208333333333 0.6083333333333334 0.005208333333333333 0.024074074074074074
0 0.9322916666666666 0.5990740740740741 0.008333333333333333 0.031481481481481485
0 0.7515625 0.6175925925925926 0.003125 0.016666666666666666
0 0.746875 0.6064814814814815 0.00625 0.03518518518518519
1 0.7411458333333333 0.6129629629629629 0.009375 0.022222222222222223
0 0.7395833333333334 0.6074074074074074 0.00625 0.02962962962962963
0 0.7302083333333333 0.6046296296296296 0.00625 0.031481481481481485
0 0.725 0.6138888888888889 0.008333333333333333 0.03518518518518519
0 0.7244791666666667 0.5962962962962963 0.007291666666666667 0.03333333333333333
0 0.7171875 0.6018518518518519 0.005208333333333333 0.018518518518518517
1 0.690625 0.5888888888888889 0.00625 0.018518518518518517
0 0.7010416666666667 0.5824074074074075 0.00625 0.031481481481481485
0 0.7713541666666667 0.6064814814814815 0.007291666666666667 0.031481481481481485
0 0.765625 0.5944444444444444 0.00625 0.02592592592592593
1 0.7802083333333333 0.6037037037037037 0.00625 0.022222222222222223
0 0.796875 0.5935185185185186 0.00625 0.03518518518518519
1 0.8026041666666667 0.5925925925925926 0.007291666666666667 0.018518518518518517
0 0.7854166666666667 0.5861111111111111 0.004166666666666667 0.020370370370370372
1 0.7885416666666667 0.5796296296296296 0.00625 0.022222222222222223
1 0.7901041666666666 0.5750000000000001 0.005208333333333333 0.024074074074074074
0 0.7973958333333333 0.55 0.005208333333333333 0.02592592592592593
0 0.8088541666666667 0.5425925925925926 0.005208333333333333 0.02592592592592593
0 0.7010416666666667 0.5268518518518519 0.004166666666666667 0.020370370370370372
0 0.6604166666666667 0.5194444444444445 0.004166666666666667 0.020370370370370372
0 0.6567708333333333 0.5175925925925926 0.005208333333333333 0.020370370370370372
0 0.6916666666666667 0.525 0.00625 0.020370370370370372
0 0.6807291666666666 0.5194444444444445 0.005208333333333333 0.024074074074074074
0 0.6864583333333333 0.5203703703703704 0.004166666666666667 0.02592592592592593
1 0.896875 0.5675925925925926 0.008333333333333333 0.020370370370370372
1 0.9135416666666667 0.5527777777777778 0.010416666666666666 0.016666666666666666
0 0.8864583333333333 0.5388888888888889 0.004166666666666667 0.014814814814814815
0 0.8895833333333333 0.5342592592592593 0.00625 0.02777777777777778
1 0.8802083333333334 0.5611111111111111 0.008333333333333333 0.014814814814814815
1 0.8619791666666666 0.5333333333333333 0.009375 0.018518518518518517
0 0.8567708333333334 0.5185185185185185 0.007291666666666667 0.022222222222222223
0 0.8421875 0.5101851851851852 0.007291666666666667 0.016666666666666666
0 0.8276041666666667 0.5416666666666667 0.005208333333333333 0.016666666666666666
0 0.825 0.5370370370370371 0.00625 0.022222222222222223
0 0.821875 0.5305555555555556 0.00625 0.024074074074074074
0 0.7703125 0.5101851851851852 0.005208333333333333 0.016666666666666666
0 0.8036458333333333 0.5148148148148148 0.007291666666666667 0.018518518518518517
0 0.7921875 0.512962962962963 0.005208333333333333 0.022222222222222223
0 0.9880208333333333 0.5462962962962963 0.009375 0.02962962962962963
0 0.9760416666666667 0.537962962962963 0.008333333333333333 0.02777777777777778
1 0.98125 0.5777777777777778 0.00625 0.022222222222222223
1 0.9734375 0.5805555555555556 0.007291666666666667 0.020370370370370372
1 0.9671875 0.575925925925926 0.007291666666666667 0.022222222222222223
1 0.9609375 0.5694444444444444 0.009375 0.016666666666666666
