3 0.5080729166666667 0.35555555555555557 0.0067708333333333336 0.005555555555555556
3 0.5091145833333334 0.3625 0.0036458333333333334 0.004629629629629629
4 0.5114583333333333 0.3731481481481482 0.003125 0.009259259259259259
3 0.51875 0.3726851851851852 0.003125 0.006481481481481482
3 0.5057291666666667 0.3726851851851852 0.003125 0.006481481481481482
3 0.5049479166666666 0.3685185185185185 0.0026041666666666665 0.007407407407407408
3 0.5 0.37962962962962965 0.003125 0.007407407407407408
3 0.5005208333333333 0.37222222222222223 0.003125 0.005555555555555556
3 0.50078125 0.362962962962963 0.0036458333333333334 0.003703703703703704
3 0.4934895833333333 0.36574074074074076 0.0036458333333333334 0.005555555555555556
3 0.48984374999999997 0.3699074074074074 0.0036458333333333334 0.006481481481481482
3 0.48411458333333335 0.35879629629629634 0.005729166666666666 0.004629629629629629
3 0.48541666666666666 0.3560185185185185 0.005208333333333333 0.006481481481481482
3 0.4791666666666667 0.3550925925925926 0.00625 0.004629629629629629
4 0.48385416666666664 0.3648148148148148 0.003125 0.007407407407407408
3 0.48151041666666666 0.36944444444444446 0.0036458333333333334 0.005555555555555556
3 0.4786458333333333 0.36574074074074076 0.003125 0.005555555555555556
3 0.4791666666666667 0.3731481481481482 0.004166666666666667 0.005555555555555556
3 0.47760416666666666 0.37777777777777777 0.003125 0.007407407407407408
3 0.47578125 0.3837962962962963 0.0036458333333333334 0.004629629629629629
3 0.48463541666666665 0.3856481481481482 0.0036458333333333334 0.006481481481481482
3 0.48125 0.3925925925925926 0.003125 0.007407407407407408
3 0.5018229166666667 0.41111111111111115 0.0046875 0.007407407407407408
3 0.49322916666666666 0.42824074074074076 0.005208333333333333 0.008333333333333333
3 0.47161458333333334 0.40925925925925927 0.005729166666666666 0.007407407407407408
3 0.51875 0.40370370370370373 0.003125 0.005555555555555556
0 0.51796875 0.3995370370370371 0.0015625 0.008333333333333333
3 0.47291666666666665 0.37592592592592594 0.003125 0.003703703703703704
3 0.47213541666666664 0.37962962962962965 0.0036458333333333334 0.005555555555555556
3 0.47161458333333334 0.3824074074074074 0.0036458333333333334 0.005555555555555556
3 0.4708333333333333 0.3842592592592593 0.004166666666666667 0.005555555555555556
3 0.46979166666666666 0.3875 0.004166666666666667 0.004629629629629629
3 0.46796875 0.39212962962962966 0.0046875 0.004629629629629629
3 0.4666666666666667 0.39861111111111114 0.004166666666666667 0.006481481481481482
3 0.465625 0.40231481481481485 0.004166666666666667 0.006481481481481482
3 0.4630208333333333 0.40925925925925927 0.004166666666666667 0.005555555555555556
3 0.4630208333333333 0.41250000000000003 0.005208333333333333 0.006481481481481482
3 0.4614583333333333 0.41805555555555557 0.004166666666666667 0.008333333333333333
3 0.4596354166666667 0.41944444444444445 0.0046875 0.005555555555555556
3 0.4583333333333333 0.4240740740740741 0.004166666666666667 0.007407407407407408
3 0.45651041666666664 0.4291666666666667 0.005729166666666666 0.008333333333333333
3 0.4549479166666667 0.4356481481481482 0.005729166666666666 0.010185185185185186
3 0.4515625 0.4430555555555556 0.00625 0.010185185185185186
1 0.4692708333333333 0.41944444444444445 0.0020833333333333333 0.005555555555555556
9 0.46901041666666665 0.4226851851851852 0.0015625 0.004629629629629629
3 0.46848958333333335 0.4467592592592593 0.005729166666666666 0.008333333333333333
3 0.5072916666666667 0.4462962962962963 0.00625 0.009259259259259259
3 0.509375 0.45416666666666666 0.005208333333333333 0.008333333333333333
0 0.5130208333333334 0.4532407407407408 0.0020833333333333333 0.004629629629629629
9 0.5130208333333334 0.4569444444444445 0.0020833333333333333 0.004629629629629629
3 0.5174479166666667 0.45740740740740743 0.0046875 0.009259259259259259
3 0.45703125 0.37592592592592594 0.0067708333333333336 0.005555555555555556
3 0.4575520833333333 0.37824074074074077 0.005729166666666666 0.004629629629629629
3 0.45390625 0.3837962962962963 0.0078125 0.004629629629629629
3 0.4549479166666667 0.3851851851851852 0.0067708333333333336 0.005555555555555556
3 0.44895833333333335 0.39583333333333337 0.00625 0.006481481481481482
3 0.44453125 0.40740740740740744 0.005729166666666666 0.005555555555555556
3 0.4421875 0.41111111111111115 0.005208333333333333 0.005555555555555556
3 0.44114583333333335 0.4152777777777778 0.007291666666666667 0.004629629629629629
3 0.4393229166666667 0.42083333333333334 0.0067708333333333336 0.004629629629629629
3 0.4359375 0.42592592592592593 0.007291666666666667 0.005555555555555556
3 0.44114583333333335 0.36944444444444446 0.007291666666666667 0.005555555555555556
3 0.43984375 0.3731481481481482 0.0078125 0.005555555555555556
3 0.43828125 0.375462962962963 0.0067708333333333336 0.006481481481481482
3 0.4359375 0.3787037037037037 0.00625 0.005555555555555556
3 0.4348958333333333 0.38101851851851853 0.007291666666666667 0.006481481481481482
3 0.43359375 0.3824074074074074 0.0078125 0.005555555555555556
3 0.4317708333333333 0.3851851851851852 0.007291666666666667 0.005555555555555556
3 0.43124999999999997 0.3875 0.007291666666666667 0.004629629629629629
3 0.43046875 0.3912037037037037 0.0078125 0.006481481481481482
3 0.428125 0.3925925925925926 0.00625 0.007407407407407408
3 0.4263020833333333 0.39537037037037037 0.0067708333333333336 0.005555555555555556
3 0.42421875 0.39814814814814814 0.0078125 0.005555555555555556
3 0.4236979166666667 0.3990740740740741 0.0078125 0.007407407407407408
3 0.42265625 0.40231481481481485 0.0078125 0.006481481481481482
3 0.42213541666666665 0.4046296296296297 0.0078125 0.007407407407407408
3 0.4197916666666667 0.40555555555555556 0.008333333333333333 0.007407407407407408
3 0.41875 0.40694444444444444 0.008333333333333333 0.006481481481481482
3 0.4171875 0.4087962962962963 0.009375 0.006481481481481482
3 0.41484375 0.4134259259259259 0.008854166666666666 0.008333333333333333
3 0.4119791666666667 0.4166666666666667 0.009375 0.007407407407407408
3 0.4125 0.4199074074074074 0.007291666666666667 0.008333333333333333
3 0.40963541666666664 0.4217592592592593 0.0078125 0.006481481481481482
3 0.40963541666666664 0.4240740740740741 0.0067708333333333336 0.007407407407407408
3 0.4075520833333333 0.425 0.011979166666666666 0.007407407407407408
3 0.4067708333333333 0.4273148148148148 0.009375 0.006481481481481482
3 0.40625 0.4300925925925926 0.008333333333333333 0.006481481481481482
3 0.4036458333333333 0.43333333333333335 0.011458333333333333 0.007407407407407408
3 0.4028645833333333 0.43472222222222223 0.009895833333333333 0.006481481481481482
3 0.40208333333333335 0.4361111111111111 0.010416666666666666 0.007407407407407408
3 0.40208333333333335 0.437962962962963 0.010416666666666666 0.007407407407407408
3 0.39869791666666665 0.4416666666666667 0.008854166666666666 0.007407407407407408
3 0.3950520833333333 0.4430555555555556 0.0109375 0.008333333333333333
3 0.3953125 0.44537037037037036 0.011458333333333333 0.007407407407407408
0 0.4125 0.4342592592592593 0.0020833333333333333 0.007407407407407408
1 0.4192708333333333 0.43703703703703706 0.0020833333333333333 0.005555555555555556
9 0.41953124999999997 0.44027777777777777 0.0046875 0.004629629629629629
4 0.4231770833333333 0.3837962962962963 0.0046875 0.006481481481481482
3 0.42604166666666665 0.37962962962962965 0.004166666666666667 0.005555555555555556
4 0.4276041666666667 0.37592592592592594 0.004166666666666667 0.005555555555555556
3 0.3658854166666667 0.4537037037037037 0.008854166666666666 0.009259259259259259
3 0.30859375 0.4273148148148148 0.0067708333333333336 0.008333333333333333
3 0.3015625 0.42962962962962964 0.010416666666666666 0.009259259259259259
3 0.40130208333333334 0.4550925925925926 0.009895833333333333 0.006481481481481482
3 0.41380208333333335 0.45555555555555555 0.0109375 0.009259259259259259
0 0.37395833333333334 0.4550925925925926 0.0020833333333333333 0.008333333333333333
3 0.3890625 0.4601851851851852 0.014583333333333334 0.007407407407407408
4 0.38697916666666665 0.4532407407407408 0.010416666666666666 0.010185185185185186
3 0.3885416666666667 0.4638888888888889 0.009375 0.007407407407407408
3 0.3872395833333333 0.4666666666666667 0.0109375 0.007407407407407408
3 0.3846354166666667 0.46944444444444444 0.013020833333333334 0.009259259259259259
3 0.3833333333333333 0.4703703703703704 0.011458333333333333 0.007407407407407408
3 0.3809895833333333 0.4740740740740741 0.013020833333333334 0.009259259259259259
3 0.37786458333333334 0.475462962962963 0.009895833333333333 0.008333333333333333
3 0.37864583333333335 0.4791666666666667 0.011458333333333333 0.010185185185185186
3 0.3763020833333333 0.48240740740740745 0.0140625 0.009259259259259259
3 0.37578125 0.4842592592592593 0.011979166666666666 0.009259259259259259
3 0.37421875 0.4865740740740741 0.013020833333333334 0.010185185185185186
3 0.3734375 0.48935185185185187 0.013541666666666667 0.012037037037037037
3 0.37265625 0.49212962962962964 0.0140625 0.010185185185185186
3 0.37135416666666665 0.4939814814814815 0.013541666666666667 0.010185185185185186
3 0.3677083333333333 0.4967592592592593 0.014583333333333334 0.012037037037037037
3 0.36692708333333335 0.4990740740740741 0.015104166666666667 0.011111111111111112
3 0.3653645833333333 0.5032407407407408 0.015104166666666667 0.010185185185185186
3 0.36614583333333334 0.5055555555555555 0.013541666666666667 0.009259259259259259
3 0.36328125 0.5078703703703704 0.011979166666666666 0.010185185185185186
4 0.35885416666666664 0.5115740740740741 0.014583333333333334 0.015740740740740743
3 0.35703125 0.5148148148148148 0.01614583333333333 0.009259259259259259
3 0.3567708333333333 0.5185185185185185 0.0125 0.011111111111111112
3 0.3528645833333333 0.5226851851851853 0.0171875 0.012037037037037037
3 0.3515625 0.525 0.017708333333333333 0.011111111111111112
3 0.34921875 0.5277777777777778 0.018229166666666668 0.011111111111111112
3 0.34869791666666666 0.5310185185185186 0.011979166666666666 0.010185185185185186
3 0.35651041666666666 0.5407407407407407 0.008854166666666666 0.011111111111111112
3 0.3515625 0.5472222222222223 0.008333333333333333 0.011111111111111112
3 0.34270833333333334 0.5370370370370371 0.015625 0.009259259259259259
3 0.3411458333333333 0.5425925925925926 0.016666666666666666 0.011111111111111112
3 0.334375 0.5523148148148148 0.01875 0.010185185185185186
4 0.33177083333333335 0.5569444444444445 0.013541666666666667 0.010185185185185186
3 0.3299479166666667 0.562962962962963 0.01614583333333333 0.014814814814814815
3 0.325 0.5685185185185185 0.017708333333333333 0.014814814814814815
3 0.34713541666666664 0.5601851851851852 0.009895833333333333 0.012962962962962964
3 0.32109375 0.5750000000000001 0.019270833333333334 0.011111111111111112
3 0.32005208333333335 0.5819444444444445 0.0203125 0.012037037037037037
3 0.31588541666666664 0.5865740740740741 0.0203125 0.012037037037037037
3 0.31171875 0.5893518518518519 0.0203125 0.012037037037037037
3 0.3098958333333333 0.5953703703703704 0.019791666666666666 0.012962962962962964
3 0.3046875 0.5995370370370371 0.020833333333333332 0.012037037037037037
3 0.3028645833333333 0.6064814814814815 0.019270833333333334 0.011111111111111112
3 0.3015625 0.612037037037037 0.01875 0.011111111111111112
3 0.2947916666666667 0.6162037037037037 0.022916666666666665 0.015740740740740743
3 0.290625 0.625925925925926 0.02395833333333333 0.014814814814814815
3 0.28203125 0.6356481481481482 0.022395833333333334 0.01388888888888889
3 0.278125 0.6435185185185185 0.021875 0.012962962962962964
3 0.27421875 0.6486111111111111 0.0234375 0.012037037037037037
3 0.29296875 0.6587962962962963 0.0140625 0.019444444444444445
3 0.30390625 0.6356481481481482 0.013020833333333334 0.021296296296296296
3 0.3143229166666667 0.6226851851851852 0.011979166666666666 0.017592592592592594
3 0.32395833333333335 0.6050925925925926 0.011458333333333333 0.015740740740740743
3 0.32317708333333334 0.6342592592592593 0.0140625 0.018518518518518517
3 0.36614583333333334 0.46342592592592596 0.00625 0.008333333333333333
3 0.3640625 0.46851851851851856 0.005208333333333333 0.007407407407407408
3 0.36015625 0.47314814814814815 0.008854166666666666 0.011111111111111112
3 0.3567708333333333 0.47824074074074074 0.008333333333333333 0.008333333333333333
3 0.35390625 0.48194444444444445 0.0067708333333333336 0.010185185185185186
3 0.3502604166666667 0.48750000000000004 0.005729166666666666 0.010185185185185186
3 0.34739583333333335 0.49212962962962964 0.007291666666666667 0.012037037037037037
3 0.3421875 0.4990740740740741 0.008333333333333333 0.009259259259259259
3 0.33359375 0.5087962962962963 0.0109375 0.010185185185185186
3 0.3325520833333333 0.5125000000000001 0.009895833333333333 0.008333333333333333
3 0.32786458333333335 0.5166666666666667 0.009895833333333333 0.011111111111111112
4 0.32265625 0.5208333333333334 0.013020833333333334 0.012037037037037037
3 0.31927083333333334 0.5287037037037037 0.013541666666666667 0.007407407407407408
3 0.3182291666666667 0.5310185185185186 0.0125 0.010185185185185186
3 0.3171875 0.5361111111111111 0.013541666666666667 0.009259259259259259
3 0.3151041666666667 0.5412037037037037 0.009375 0.012037037037037037
3 0.30442708333333335 0.5504629629629629 0.018229166666666668 0.010185185185185186
3 0.3013020833333333 0.5541666666666667 0.01614583333333333 0.010185185185185186
3 0.29765625 0.562962962962963 0.018229166666666668 0.011111111111111112
3 0.29583333333333334 0.5703703703703704 0.013541666666666667 0.014814814814814815
3 0.2872395833333333 0.5736111111111112 0.013020833333333334 0.015740740740740743
3 0.2825520833333333 0.5810185185185185 0.011979166666666666 0.015740740740740743
3 0.2778645833333333 0.5884259259259259 0.013020833333333334 0.017592592592592594
3 0.2734375 0.5953703703703704 0.015625 0.016666666666666666
3 0.26536458333333335 0.6050925925925926 0.0171875 0.017592592592592594
3 0.2596354166666667 0.6157407407407408 0.01614583333333333 0.020370370370370372
3 0.2515625 0.6282407407407408 0.013541666666666667 0.017592592592592594
3 0.24166666666666667 0.6435185185185185 0.016666666666666666 0.020370370370370372
3 0.23463541666666665 0.6537037037037037 0.0140625 0.020370370370370372
3 0.22682291666666665 0.6652777777777779 0.015104166666666667 0.019444444444444445
3 0.21692708333333333 0.6759259259259259 0.0109375 0.018518518518518517
4 0.2046875 0.6898148148148149 0.013541666666666667 0.024074074074074074
3 0.41901041666666666 0.46481481481481485 0.0109375 0.007407407407407408
3 0.4171875 0.4689814814814815 0.009375 0.006481481481481482
3 0.4161458333333333 0.47361111111111115 0.009375 0.004629629629629629
3 0.41302083333333334 0.47824074074074074 0.008333333333333333 0.006481481481481482
3 0.41119791666666666 0.4810185185185185 0.008854166666666666 0.006481481481481482
3 0.4106770833333333 0.4851851851851852 0.0078125 0.005555555555555556
3 0.40963541666666664 0.48750000000000004 0.008854166666666666 0.006481481481481482
3 0.4075520833333333 0.4916666666666667 0.009895833333333333 0.007407407407407408
3 0.4015625 0.5041666666666667 0.011458333333333333 0.006481481481481482
3 0.39765625 0.5115740740740741 0.011979166666666666 0.006481481481481482
3 0.3966145833333333 0.5148148148148148 0.0109375 0.007407407407407408
3 0.39427083333333335 0.5203703703703704 0.011458333333333333 0.007407407407407408
3 0.39348958333333334 0.524537037037037 0.0109375 0.006481481481481482
4 0.3893229166666667 0.5337962962962963 0.0078125 0.008333333333333333
3 0.3854166666666667 0.5412037037037037 0.011458333333333333 0.008333333333333333
3 0.38307291666666665 0.5472222222222223 0.011979166666666666 0.007407407407407408
3 0.3807291666666667 0.5523148148148148 0.0125 0.008333333333333333
3 0.37994791666666666 0.5550925925925926 0.0109375 0.008333333333333333
3 0.378125 0.5578703703703703 0.010416666666666666 0.010185185185185186
3 0.37526041666666665 0.5620370370370371 0.013020833333333334 0.009259259259259259
3 0.375 0.5638888888888889 0.010416666666666666 0.007407407407407408
3 0.3692708333333333 0.5750000000000001 0.013541666666666667 0.009259259259259259
3 0.3640625 0.5893518518518519 0.015625 0.01388888888888889
3 0.3611979166666667 0.5962962962962963 0.013020833333333334 0.007407407407407408
3 0.3580729166666667 0.6013888888888889 0.0140625 0.010185185185185186
3 0.3567708333333333 0.6083333333333334 0.013541666666666667 0.009259259259259259
3 0.3533854166666667 0.6129629629629629 0.011979166666666666 0.007407407407407408
3 0.3489583333333333 0.6222222222222222 0.0125 0.009259259259259259
3 0.34661458333333334 0.6291666666666667 0.015104166666666667 0.010185185185185186
3 0.3265625 0.6708333333333334 0.01875 0.012037037037037037
3 0.43828125 0.48750000000000004 0.0078125 0.008333333333333333
3 0.4361979166666667 0.49212962962962964 0.005729166666666666 0.010185185185185186
3 0.43333333333333335 0.4967592592592593 0.00625 0.012037037037037037
3 0.4317708333333333 0.5037037037037038 0.007291666666666667 0.009259259259259259
3 0.4302083333333333 0.5092592592592593 0.00625 0.009259259259259259
3 0.428125 0.5166666666666667 0.00625 0.009259259259259259
3 0.42552083333333335 0.5231481481481481 0.007291666666666667 0.011111111111111112
3 0.42343749999999997 0.5273148148148148 0.00625 0.010185185185185186
3 0.42135416666666664 0.5337962962962963 0.00625 0.010185185185185186
3 0.41484375 0.5532407407407408 0.0078125 0.012037037037037037
3 0.4119791666666667 0.5601851851851852 0.008333333333333333 0.012962962962962964
3 0.40963541666666664 0.5694444444444444 0.0067708333333333336 0.011111111111111112
3 0.4067708333333333 0.5782407407407407 0.009375 0.01388888888888889
3 0.403125 0.587962962962963 0.009375 0.016666666666666666
3 0.39921875 0.6 0.009895833333333333 0.016666666666666666
3 0.3950520833333333 0.6106481481481482 0.0109375 0.015740740740740743
4 0.39166666666666666 0.6222222222222222 0.009375 0.018518518518518517
4 0.3872395833333333 0.6356481481481482 0.0109375 0.017592592592592594
3 0.38255208333333335 0.6490740740740741 0.013020833333333334 0.018518518518518517
3 0.37890625 0.6652777777777779 0.011979166666666666 0.021296296296296296
3 0.37265625 0.6819444444444445 0.011979166666666666 0.021296296296296296
3 0.3677083333333333 0.6986111111111112 0.013541666666666667 0.02314814814814815
3 0.3294270833333333 0.7347222222222223 0.021354166666666667 0.021296296296296296
2 0.35182291666666665 0.6796296296296297 0.0046875 0.011111111111111112
2 0.34609375 0.7041666666666667 0.0067708333333333336 0.008333333333333333
2 0.3419270833333333 0.7115740740740741 0.008854166666666666 0.012037037037037037
0 0.62109375 0.43472222222222223 0.0015625 0.010185185185185186
0 0.62265625 0.4337962962962963 0.0026041666666666665 0.008333333333333333
0 0.62734375 0.4337962962962963 0.0015625 0.010185185185185186
0 0.63203125 0.4337962962962963 0.0026041666666666665 0.008333333333333333
3 0.50546875 0.4759259259259259 0.0046875 0.009259259259259259
3 0.5046875 0.4842592592592593 0.00625 0.009259259259259259
3 0.5036458333333333 0.49212962962962964 0.007291666666666667 0.012037037037037037
3 0.49765624999999997 0.475462962962963 0.005729166666666666 0.010185185185185186
3 0.4869791666666667 0.4689814814814815 0.004166666666666667 0.008333333333333333
3 0.4890625 0.47870370370370374 0.00625 0.011111111111111112
3 0.49166666666666664 0.49074074074074076 0.00625 0.011111111111111112
3 0.4856770833333333 0.5027777777777778 0.0046875 0.011111111111111112
3 0.47265625 0.46574074074074073 0.008854166666666666 0.011111111111111112
0 0.4927083333333333 0.46574074074074073 0.0020833333333333333 0.009259259259259259
0 0.49140625 0.46111111111111114 0.0026041666666666665 0.009259259259259259
0 0.4895833333333333 0.4587962962962963 0.0020833333333333333 0.008333333333333333
0 0.47994791666666664 0.46805555555555556 0.0015625 0.010185185185185186
0 0.4786458333333333 0.4675925925925926 0.0020833333333333333 0.011111111111111112
1 0.44947916666666665 0.4569444444444445 0.0020833333333333333 0.004629629629629629
9 0.44921875 0.4620370370370371 0.0026041666666666665 0.005555555555555556
1 0.4575520833333333 0.4712962962962963 0.0026041666666666665 0.005555555555555556
9 0.4578125 0.47685185185185186 0.003125 0.007407407407407408
1 0.4458333333333333 0.4814814814814815 0.003125 0.005555555555555556
9 0.4458333333333333 0.4861111111111111 0.0020833333333333333 0.005555555555555556
1 0.4471354166666667 0.49259259259259264 0.0026041666666666665 0.005555555555555556
1 0.4434895833333333 0.500925925925926 0.0026041666666666665 0.005555555555555556
1 0.43984375 0.500925925925926 0.0015625 0.005555555555555556
1 0.42161458333333335 0.5509259259259259 0.0026041666666666665 0.005555555555555556
2 0.42161458333333335 0.5574074074074075 0.0026041666666666665 0.007407407407407408
9 0.4393229166666667 0.5050925925925926 0.0015625 0.004629629629629629
9 0.4434895833333333 0.5050925925925926 0.0026041666666666665 0.006481481481481482
9 0.4471354166666667 0.49722222222222223 0.0026041666666666665 0.005555555555555556
1 0.5166666666666666 0.5060185185185185 0.003125 0.010185185185185186
8 0.49921875 0.5069444444444444 0.011979166666666666 0.030555555555555558
3 0.50234375 0.5333333333333333 0.0067708333333333336 0.012962962962962964
3 0.44765625 0.5370370370370371 0.0078125 0.014814814814814815
3 0.4901041666666667 0.549074074074074 0.007291666666666667 0.012962962962962964
3 0.4731770833333333 0.5680555555555555 0.0078125 0.01388888888888889
3 0.49921875 0.5805555555555556 0.011979166666666666 0.016666666666666666
3 0.5 0.5953703703703704 0.009375 0.016666666666666666
3 0.45598958333333334 0.5541666666666667 0.0078125 0.01388888888888889
3 0.45651041666666664 0.5652777777777778 0.0078125 0.012037037037037037
3 0.45260416666666664 0.5745370370370371 0.009375 0.015740740740740743
3 0.45078124999999997 0.5875 0.008854166666666666 0.015740740740740743
3 0.4473958333333333 0.6023148148148149 0.009375 0.015740740740740743
3 0.44479166666666664 0.6157407407407408 0.009375 0.016666666666666666
3 0.44088541666666664 0.6370370370370371 0.0109375 0.018518518518518517
3 0.43723958333333335 0.6555555555555556 0.0109375 0.020370370370370372
3 0.51796875 0.6069444444444445 0.013020833333333334 0.015740740740740743
3 0.509375 0.6217592592592592 0.009375 0.015740740740740743
1 0.5106770833333333 0.6296296296296297 0.0036458333333333334 0.007407407407407408
9 0.5104166666666666 0.6361111111111112 0.0020833333333333333 0.007407407407407408
1 0.5151041666666667 0.6342592592592593 0.003125 0.009259259259259259
2 0.51484375 0.6416666666666667 0.0026041666666666665 0.009259259259259259
3 0.49765624999999997 0.6189814814814815 0.0109375 0.015740740740740743
3 0.49374999999999997 0.6319444444444444 0.009375 0.019444444444444445
3 0.49114583333333334 0.6472222222222223 0.009375 0.018518518518518517
3 0.49140625 0.6694444444444445 0.0109375 0.020370370370370372
3 0.4903645833333333 0.6902777777777778 0.0109375 0.019444444444444445
3 0.45546875 0.6666666666666667 0.0109375 0.020370370370370372
3 0.48776041666666664 0.7152777777777778 0.011979166666666666 0.021296296296296296
8 0.4705729166666667 0.6541666666666667 0.018229166666666668 0.06018518518518519
3 0.4283854166666667 0.7000000000000001 0.011979166666666666 0.024074074074074074
3 0.4236979166666667 0.7356481481481482 0.0140625 0.028703703703703703
3 0.42473958333333334 0.7768518518518519 0.013020833333333334 0.031481481481481485
3 0.42265625 0.8106481481481482 0.015104166666666667 0.036111111111111115
4 0.4544270833333333 0.7115740740740741 0.0140625 0.03796296296296296
3 0.49114583333333334 0.7486111111111111 0.013541666666666667 0.025
3 0.46901041666666665 0.762962962962963 0.013020833333333334 0.024074074074074074
3 0.48671875 0.788425925925926 0.013020833333333334 0.025
3 0.4513020833333333 0.788888888888889 0.0140625 0.02777777777777778
3 0.42083333333333334 0.8481481481481482 0.014583333333333334 0.03518518518518519
0 0.5255208333333333 0.7305555555555556 0.004166666666666667 0.016666666666666666
9 0.5286458333333334 0.7449074074074075 0.004166666666666667 0.01388888888888889
1 0.5208333333333334 0.750925925925926 0.004166666666666667 0.011111111111111112
1 0.5138020833333333 0.750462962962963 0.0036458333333333334 0.012037037037037037
9 0.5138020833333333 0.7597222222222223 0.0026041666666666665 0.010185185185185186
9 0.5208333333333334 0.7583333333333334 0.004166666666666667 0.012962962962962964
9 0.5627604166666667 0.6893518518518519 0.0109375 0.012037037037037037
9 0.56171875 0.700925925925926 0.0109375 0.012962962962962964
2 0.53125 0.7050925925925926 0.010416666666666666 0.012037037037037037
2 0.5682291666666667 0.7157407407407408 0.009375 0.011111111111111112
2 0.5671875 0.725 0.009375 0.012962962962962964
2 0.5752604166666666 0.9833333333333334 0.011979166666666666 0.011111111111111112
2 0.5763020833333333 0.9726851851851852 0.0109375 0.010185185185185186
2 0.5723958333333333 0.9634259259259259 0.0125 0.012037037037037037
2 0.57265625 0.9564814814814815 0.0109375 0.011111111111111112
2 0.5721354166666667 0.9490740740740741 0.011979166666666666 0.011111111111111112
2 0.57265625 0.9435185185185185 0.0109375 0.011111111111111112
2 0.5705729166666667 0.938425925925926 0.011979166666666666 0.012037037037037037
2 0.5684895833333333 0.9074074074074074 0.011979166666666666 0.012962962962962964
2 0.571875 0.9037037037037038 0.013541666666666667 0.012962962962962964
2 0.5721354166666667 0.8986111111111111 0.0140625 0.012037037037037037
0 0.5682291666666667 0.9189814814814815 0.004166666666666667 0.026851851851851852
1 0.5377604166666666 0.8597222222222223 0.0046875 0.012037037037037037
2 0.5377604166666666 0.8717592592592593 0.0046875 0.015740740740740743
3 0.5505208333333333 0.8898148148148148 0.014583333333333334 0.03333333333333333
3 0.5526041666666667 0.9282407407407408 0.017708333333333333 0.04166666666666667
3 0.46875 0.8712962962962963 0.016666666666666666 0.03518518518518519
3 0.4822916666666667 0.9768518518518519 0.01875 0.044444444444444446
3 0.4127604166666667 0.9027777777777778 0.0171875 0.04259259259259259
3 0.40598958333333335 0.9564814814814815 0.019270833333333334 0.044444444444444446
3 0.3390625 0.7787037037037038 0.015625 0.02777777777777778
3 0.33125 0.8032407407407408 0.01875 0.03981481481481482
3 0.3203125 0.8384259259259259 0.016666666666666666 0.030555555555555558
3 0.3098958333333333 0.8648148148148148 0.017708333333333333 0.037037037037037035
1 0.31666666666666665 0.8166666666666667 0.004166666666666667 0.018518518518518517
1 0.3125 0.8333333333333334 0.00625 0.016666666666666666
3 0.3265625 0.9462962962962963 0.020833333333333332 0.044444444444444446
1 0.27838541666666666 0.9842592592592593 0.0067708333333333336 0.014814814814814815
2 0.278125 0.9944444444444445 0.00625 0.011111111111111112
8 0.33515625 0.9888888888888889 0.0296875 0.022222222222222223
8 0.396875 0.9787037037037037 0.03125 0.04259259259259259
2 0.5895833333333333 0.9907407407407408 0.00625 0.018518518518518517
2 0.6432291666666666 0.9893518518518519 0.013541666666666667 0.017592592592592594
0 0.7278645833333334 0.9694444444444444 0.0046875 0.020370370370370372
0 0.7385416666666667 0.962037037037037 0.004166666666666667 0.022222222222222223
0 0.7424479166666667 0.9666666666666667 0.005729166666666666 0.024074074074074074
2 0.7450520833333333 0.9847222222222223 0.015104166666666667 0.017592592592592594
0 0.7408854166666666 0.6208333333333333 0.0036458333333333334 0.015740740740740743
0 0.7463541666666667 0.6222222222222222 0.003125 0.014814814814814815
0 0.7513020833333334 0.625 0.0046875 0.014814814814814815
0 0.7643229166666666 0.7000000000000001 0.0046875 0.018518518518518517
1 0.8098958333333334 0.7268518518518519 0.005208333333333333 0.020370370370370372
0 0.79765625 0.7666666666666667 0.0046875 0.020370370370370372
0 0.8044270833333333 0.7652777777777778 0.0046875 0.021296296296296296
3 0.7635416666666667 0.8138888888888889 0.015625 0.02777777777777778
3 0.6166666666666667 0.6333333333333333 0.011458333333333333 0.018518518518518517
3 0.62421875 0.6935185185185185 0.0140625 0.024074074074074074
3 0.63359375 0.7268518518518519 0.0140625 0.02962962962962963
3 0.646875 0.7870370370370371 0.016666666666666666 0.03333333333333333
3 0.6760416666666667 0.8296296296296297 0.03125 0.03518518518518519
3 0.5934895833333333 0.6092592592592593 0.021354166666666667 0.018518518518518517
4 0.7377604166666667 0.8398148148148148 0.03697916666666667 0.02962962962962963
5 0.6544270833333333 0.6217592592592592 0.008854166666666666 0.01388888888888889
3 0.6611979166666666 0.6305555555555555 0.009895833333333333 0.011111111111111112
3 0.6684895833333333 0.6412037037037037 0.013020833333333334 0.01388888888888889
3 0.678125 0.6546296296296297 0.0125 0.016666666666666666
3 0.6885416666666666 0.6805555555555556 0.014583333333333334 0.018518518518518517
3 0.71171875 0.7291666666666667 0.0203125 0.02314814814814815
3 0.7341145833333333 0.7555555555555555 0.0234375 0.02592592592592593
1 0.63828125 0.6550925925925927 0.005729166666666666 0.012037037037037037
3 0.2911458333333333 0.7518518518518519 0.028125 0.014814814814814815
3 0.2908854166666667 0.7620370370370371 0.024479166666666666 0.016666666666666666
3 0.28151041666666665 0.7763888888888889 0.0265625 0.021296296296296296
3 0.2703125 0.8 0.028125 0.016666666666666666
3 0.26953125 0.8152777777777778 0.028645833333333332 0.019444444444444445
3 0.26484375 0.8296296296296297 0.0234375 0.024074074074074074
3 0.25078125 0.850925925925926 0.028645833333333332 0.016666666666666666
3 0.24583333333333332 0.8652777777777778 0.029166666666666667 0.017592592592592594
3 0.24088541666666666 0.8810185185185185 0.028645833333333332 0.019444444444444445
3 0.23359375 0.8967592592592593 0.03177083333333333 0.028703703703703703
3 0.22291666666666665 0.9217592592592593 0.0375 0.021296296296296296
3 0.21796875 0.9351851851851852 0.030729166666666665 0.018518518518518517
3 0.20807291666666666 0.9537037037037037 0.0390625 0.022222222222222223
3 0.19895833333333332 0.9745370370370371 0.03854166666666667 0.025
3 0.19114583333333332 0.9939814814814815 0.040625 0.012037037037037037
3 0.0734375 0.9907407407407408 0.046875 0.018518518518518517
3 0.024739583333333332 0.9861111111111112 0.0328125 0.02777777777777778
3 0.057291666666666664 0.9564814814814815 0.035416666666666666 0.04259259259259259
3 0.08723958333333333 0.9722222222222222 0.04114583333333333 0.03333333333333333
3 0.09895833333333333 0.950462962962963 0.04583333333333333 0.030555555555555558
3 0.109375 0.9268518518518519 0.04479166666666667 0.02962962962962963
3 0.12083333333333333 0.912962962962963 0.03854166666666667 0.02777777777777778
3 0.13125 0.8921296296296297 0.036458333333333336 0.030555555555555558
3 0.14270833333333333 0.8722222222222222 0.0375 0.02777777777777778
3 0.10677083333333333 0.8810185185185185 0.02395833333333333 0.030555555555555558
3 0.13151041666666666 0.8375 0.024479166666666666 0.036111111111111115
3 0.15833333333333333 0.8555555555555556 0.03333333333333333 0.024074074074074074
3 0.16744791666666667 0.837962962962963 0.03802083333333333 0.02592592592592593
3 0.178125 0.8194444444444445 0.03333333333333333 0.022222222222222223
3 0.18619791666666666 0.8060185185185186 0.0328125 0.02314814814814815
3 0.15208333333333332 0.8046296296296297 0.022916666666666665 0.02777777777777778
3 0.16692708333333334 0.7791666666666667 0.0203125 0.026851851851851852
3 0.1875 0.7541666666666667 0.01875 0.026851851851851852
3 0.19192708333333333 0.7902777777777779 0.030729166666666665 0.019444444444444445
3 0.19661458333333334 0.7782407407407408 0.03177083333333333 0.021296296296296296
3 0.20625 0.7722222222222223 0.02395833333333333 0.020370370370370372
3 0.2125 0.7606481481481482 0.03125 0.026851851851851852
4 0.21979166666666666 0.7472222222222222 0.026041666666666668 0.022222222222222223
4 0.221875 0.7324074074074074 0.02395833333333333 0.020370370370370372
4 0.21458333333333332 0.8018518518518519 0.020833333333333332 0.03888888888888889
3 0.18802083333333333 0.8583333333333334 0.021875 0.037037037037037035
