3 0.6536458333333334 0.16342592592592592 0.005208333333333333 0.008333333333333333
3 0.6575520833333334 0.1587962962962963 0.0026041666666666665 0.008333333333333333
3 0.6442708333333333 0.1638888888888889 0.004166666666666667 0.007407407407407408
5 0.6401041666666667 0.17314814814814816 0.00625 0.009259259259259259
3 0.6171875 0.1865740740740741 0.005208333333333333 0.008333333333333333
3 0.6299479166666666 0.18472222222222223 0.0067708333333333336 0.008333333333333333
3 0.6388020833333333 0.18472222222222223 0.0046875 0.006481481481481482
5 0.6559895833333333 0.17546296296296296 0.0078125 0.01388888888888889
5 0.6473958333333333 0.1787037037037037 0.004166666666666667 0.009259259259259259
3 0.6471354166666666 0.18425925925925926 0.0046875 0.007407407407407408
3 0.6411458333333333 0.19166666666666668 0.00625 0.009259259259259259
3 0.6411458333333333 0.19768518518518519 0.005208333333333333 0.008333333333333333
4 0.6283854166666667 0.225 0.0067708333333333336 0.016666666666666666
3 0.5830729166666666 0.23657407407407408 0.0078125 0.012037037037037037
3 0.61484375 0.25416666666666665 0.009895833333333333 0.01388888888888889
3 0.6109375 0.26990740740740743 0.010416666666666666 0.015740740740740743
5 0.5682291666666667 0.23194444444444445 0.0125 0.026851851851851852
3 0.5614583333333333 0.2476851851851852 0.008333333333333333 0.012037037037037037
3 0.5682291666666667 0.2569444444444445 0.010416666666666666 0.01388888888888889
3 0.5479166666666666 0.2574074074074074 0.011458333333333333 0.014814814814814815
4 0.53671875 0.2652777777777778 0.0109375 0.017592592592592594
3 0.5059895833333333 0.2726851851851852 0.011979166666666666 0.01388888888888889
3 0.48125 0.2689814814814815 0.019791666666666666 0.010185185185185186
3 0.5328125 0.28055555555555556 0.011458333333333333 0.018518518518518517
3 0.5346354166666667 0.2986111111111111 0.0140625 0.021296296296296296
4 0.5278645833333333 0.31527777777777777 0.0171875 0.03425925925925926
3 0.5130208333333334 0.2962962962962963 0.013541666666666667 0.022222222222222223
3 0.50390625 0.3175925925925926 0.015104166666666667 0.022222222222222223
3 0.5122395833333333 0.33472222222222225 0.013020833333333334 0.030555555555555558
3 0.4921875 0.32916666666666666 0.016666666666666666 0.025
4 0.47994791666666664 0.34351851851851856 0.01614583333333333 0.031481481481481485
3 0.46822916666666664 0.3689814814814815 0.01875 0.026851851851851852
5 0.45286458333333335 0.3458333333333333 0.0234375 0.03796296296296296
5 0.58984375 0.3037037037037037 0.01614583333333333 0.031481481481481485
3 0.6083333333333333 0.32453703703703707 0.013541666666666667 0.021296296296296296
0 0.6348958333333333 0.33240740740740743 0.005208333333333333 0.020370370370370372
3 0.5747395833333333 0.35555555555555557 0.01614583333333333 0.022222222222222223
3 0.5854166666666667 0.4 0.019791666666666666 0.02777777777777778
4 0.58203125 0.4518518518518519 0.021354166666666667 0.04259259259259259
3 0.56484375 0.5097222222222222 0.025520833333333333 0.04351851851851852
3 0.49609375 0.3791666666666667 0.0203125 0.03796296296296296
1 0.3755208333333333 0.39861111111111114 0.00625 0.017592592592592594
6 0.37786458333333334 0.40740740740740744 0.009895833333333333 0.024074074074074074
3 0.47161458333333334 0.46296296296296297 0.0265625 0.04814814814814815
3 0.43776041666666665 0.4342592592592593 0.022395833333333334 0.037037037037037035
4 0.4322916666666667 0.4587962962962963 0.025 0.05462962962962963
3 0.40572916666666664 0.49953703703703706 0.041666666666666664 0.049074074074074076
3 0.3453125 0.4986111111111111 0.046875 0.04722222222222222
3 0.2591145833333333 0.5226851851851853 0.0671875 0.049074074074074076
3 0.14036458333333332 0.524537037037037 0.0640625 0.05092592592592593
2 0.20833333333333334 0.4916666666666667 0.020833333333333332 0.022222222222222223
2 0.07421875 0.38796296296296295 0.0140625 0.020370370370370372
2 0.09010416666666667 0.3902777777777778 0.013541666666666667 0.017592592592592594
3 0.025260416666666667 0.38981481481481484 0.0421875 0.02592592592592593
3 0.010677083333333334 0.3861111111111111 0.021354166666666667 0.022222222222222223
3 0.024739583333333332 0.4046296296296297 0.019270833333333334 0.02592592592592593
3 0.0109375 0.4166666666666667 0.021875 0.031481481481481485
3 0.00546875 0.47361111111111115 0.0109375 0.032407407407407406
3 0.061718749999999996 0.5546296296296297 0.0546875 0.053703703703703705
3 0.013020833333333334 0.5324074074074074 0.026041666666666668 0.044444444444444446
3 0.028125 0.5689814814814815 0.05625 0.07314814814814816
8 0.011458333333333333 0.5856481481481481 0.022916666666666665 0.0787037037037037
3 0.4864583333333333 0.587962962962963 0.036458333333333336 0.07037037037037037
3 0.6567708333333333 0.712037037037037 0.05520833333333333 0.0925925925925926
4 0.7380208333333333 0.8356481481481481 0.1 0.125
1 0.0875 0.7620370370370371 0.015625 0.040740740740740744
9 0.09166666666666666 0.7819444444444444 0.01875 0.04537037037037037
3 0.4109375 0.7398148148148148 0.04583333333333333 0.10555555555555556
3 0.48046875 0.7902777777777779 0.0484375 0.10833333333333334
3 0.5494791666666666 0.7773148148148148 0.07083333333333333 0.11574074074074074
3 0.490625 0.9407407407407408 0.06458333333333333 0.11851851851851852
3 0.6416666666666666 0.9240740740740742 0.11041666666666666 0.15185185185185185
1 0.81796875 0.8412037037037038 0.015104166666666667 0.05277777777777778
2 0.8151041666666666 0.862962962962963 0.03854166666666667 0.05740740740740741
3 0.9630208333333333 0.976388888888889 0.07395833333333333 0.04537037037037037
