3 0.4944852941176471 0.6640522875816993 0.04485294117647059 0.16209150326797384
3 0.5621323529411765 0.5928104575163399 0.04485294117647059 0.13986928104575164
3 0.5933823529411765 0.43006535947712415 0.05 0.15947712418300652
3 0.5235294117647059 0.32156862745098036 0.04264705882352941 0.1411764705882353
3 0.40183823529411766 0.30653594771241827 0.04779411764705882 0.16078431372549018
3 0.4959558823529412 0.10196078431372549 0.04044117647058824 0.12810457516339868
3 0.7345588235294117 0.08888888888888888 0.07647058823529412 0.08627450980392157
3 0.16654411764705881 0.2725490196078431 0.08602941176470588 0.07712418300653594
3 0.051470588235294115 0.322875816993464 0.09264705882352942 0.07581699346405228
3 0.14080882352941176 0.3784313725490196 0.08308823529411764 0.07712418300653594
3 0.11948529411764705 0.5875816993464051 0.08602941176470588 0.07450980392156863
0 0.16727941176470587 0.6084967320261437 0.015441176470588236 0.02483660130718954
0 0.3514705882352941 0.5725490196078431 0.016176470588235292 0.02091503267973856
4 0.8169117647058823 0.36470588235294116 0.047058823529411764 0.11503267973856209
0 0.24669117647058822 0.18692810457516337 0.01838235294117647 0.02091503267973856
0 0.5893382352941177 0.21830065359477122 0.011029411764705881 0.01568627450980392
0 0.5933823529411765 0.23529411764705882 0.007352941176470588 0.01045751633986928
0 0.5033088235294118 0.42483660130718953 0.0125 0.02091503267973856
0 0.8378676470588236 0.6758169934640522 0.016911764705882352 0.047058823529411764
0 0.9584558823529412 0.6196078431372548 0.025735294117647058 0.02875816993464052
0 0.8136029411764706 0.7137254901960783 0.013970588235294117 0.02875816993464052
0 0.8290441176470588 0.7209150326797386 0.011029411764705881 0.02222222222222222
9 0.8169117647058823 0.7235294117647059 0.03823529411764706 0.03006535947712418
9 0.788235294117647 0.6098039215686274 0.027941176470588233 0.06143790849673202
9 0.8580882352941176 0.42745098039215684 0.016176470588235292 0.0522875816993464
9 0.8746323529411765 0.4333333333333333 0.0125 0.050980392156862744
9 0.8871323529411764 0.43006535947712415 0.019852941176470587 0.05751633986928104
9 0.9378676470588235 0.42549019607843136 0.0125 0.05359477124183006
9 0.9463235294117647 0.41960784313725485 0.016176470588235292 0.0522875816993464
2 0.8731617647058824 0.3627450980392157 0.016911764705882352 0.04836601307189542
2 0.8867647058823529 0.3588235294117647 0.01764705882352941 0.04836601307189542
9 0.9003676470588236 0.34901960784313724 0.016911764705882352 0.04967320261437908
2 0.9198529411764705 0.34967320261437906 0.016176470588235292 0.05620915032679738
9 0.9455882352941176 0.27908496732026145 0.020588235294117647 0.050980392156862744
9 0.9485294117647058 0.3372549019607843 0.020588235294117647 0.047058823529411764
2 0.9349264705882353 0.3437908496732026 0.016911764705882352 0.04967320261437908
2 0.9099264705882353 0.4084967320261438 0.015441176470588236 0.06928104575163398
0 0.9110294117647059 0.45228758169934635 0.016176470588235292 0.02875816993464052
9 0.5904411764705882 0.22026143790849673 0.013235294117647059 0.05620915032679738
9 0.5014705882352941 0.4261437908496732 0.013235294117647059 0.0522875816993464
9 0.09632352941176471 0.4483660130718954 0.04264705882352941 0.02091503267973856
0 0.09485294117647058 0.44771241830065356 0.025 0.02222222222222222
3 0.02022058823529412 0.4392156862745098 0.04044117647058824 0.07581699346405228
3 0.023161764705882354 0.6215686274509804 0.04632352941176471 0.06666666666666667
3 0.4073529411764706 0.03594771241830065 0.044117647058823525 0.0718954248366013
0 0.9040441176470588 0.09803921568627451 0.015441176470588236 0.03137254901960784
9 0.9 0.10326797385620914 0.029411764705882353 0.02875816993464052
0 0.7551470588235294 0.6405228758169934 0.027941176470588233 0.03137254901960784
2 0.725 0.6980392156862745 0.026470588235294117 0.02875816993464052
9 0.8125 0.6836601307189542 0.029411764705882353 0.0261437908496732
2 0.7757352941176471 0.680392156862745 0.014705882352941176 0.0457516339869281
9 0.7540441176470588 0.9398692810457515 0.022794117647058822 0.05751633986928104
