3 0.055882352941176466 0.765359477124183 0.11029411764705882 0.21045751633986925
0 0.17977941176470588 0.7568627450980392 0.01838235294117647 0.07320261437908496
1 0.2213235294117647 0.9352941176470587 0.023529411764705882 0.07450980392156863
1 0.22058823529411764 0.9339869281045751 0.023529411764705882 0.07450980392156863
2 0.22242647058823528 0.9607843137254901 0.03455882352941177 0.0784313725490196
1 0.31286764705882353 0.7339869281045751 0.016911764705882352 0.06405228758169934
9 0.31286764705882353 0.7568627450980392 0.013970588235294117 0.06013071895424836
1 0.513235294117647 0.5424836601307189 0.014705882352941176 0.047058823529411764
2 0.513235294117647 0.5555555555555555 0.023529411764705882 0.03660130718954248
3 0.7647058823529411 0.9124183006535947 0.1 0.17254901960784313
7 0.9400735294117647 0.7627450980392156 0.05955882352941176 0.07973856209150326
3 0.9669117647058824 0.6542483660130719 0.0661764705882353 0.08235294117647059
2 0.9150735294117647 0.6444444444444444 0.03308823529411765 0.0392156862745098
6 0.9216911764705882 0.46928104575163393 0.03308823529411765 0.04444444444444444
5 0.8143382352941176 0.5620915032679739 0.11102941176470588 0.17516339869281045
0 0.8176470588235294 0.43006535947712415 0.008823529411764706 0.0392156862745098
1 0.7636029411764705 0.4437908496732026 0.008088235294117646 0.03790849673202614
1 0.7702205882352942 0.45228758169934635 0.008088235294117646 0.03137254901960784
1 0.7779411764705882 0.4562091503267974 0.007352941176470588 0.023529411764705882
1 0.7878676470588235 0.4464052287581699 0.008088235294117646 0.0326797385620915
1 0.7702205882352942 0.43725490196078426 0.006617647058823529 0.03006535947712418
1 0.7933823529411764 0.44248366013071894 0.007352941176470588 0.0326797385620915
1 0.805514705882353 0.4444444444444444 0.009558823529411765 0.0392156862745098
1 0.7985294117647058 0.44313725490196076 0.007352941176470588 0.03660130718954248
1 0.7893382352941176 0.43856209150326797 0.006617647058823529 0.03006535947712418
1 0.7863970588235294 0.4183006535947712 0.006617647058823529 0.02091503267973856
9 0.8220588235294117 0.43725490196078426 0.011764705882352941 0.027450980392156862
0 0.7724264705882353 0.39738562091503266 0.009558823529411765 0.02875816993464052
3 0.8349264705882353 0.41437908496732023 0.013970588235294117 0.02091503267973856
0 0.8360294117647059 0.4026143790849673 0.008823529411764706 0.0261437908496732
9 0.7474264705882353 0.38954248366013067 0.013970588235294117 0.01830065359477124
3 0.01948529411764706 0.5790849673202614 0.03897058823529412 0.06274509803921569
3 0.07941176470588235 0.5359477124183006 0.09411764705882353 0.05751633986928104
3 0.11029411764705882 0.5124183006535947 0.09117647058823529 0.054901960784313725
3 0.11801470588235294 0.4771241830065359 0.07720588235294118 0.04967320261437908
3 0.12022058823529412 0.44509803921568625 0.04044117647058824 0.03529411764705882
0 0.08125 0.43660130718954243 0.008088235294117646 0.03398692810457516
0 0.06985294117647059 0.3699346405228758 0.007352941176470588 0.03660130718954248
9 0.008823529411764706 0.4437908496732026 0.014705882352941176 0.03006535947712418
9 0.007352941176470588 0.46535947712418296 0.014705882352941176 0.03398692810457516
3 0.21066176470588235 0.47058823529411764 0.06544117647058824 0.11241830065359476
3 0.16286764705882353 0.40980392156862744 0.03897058823529412 0.043137254901960784
3 0.18088235294117647 0.37712418300653594 0.03676470588235294 0.03006535947712418
4 0.12941176470588234 0.3424836601307189 0.045588235294117645 0.02875816993464052
4 0.14191176470588235 0.3372549019607843 0.03529411764705882 0.02091503267973856
9 0.06470588235294117 0.4006535947712418 0.01764705882352941 0.03006535947712418
0 0.23602941176470588 0.4836601307189542 0.007352941176470588 0.03660130718954248
0 0.25919117647058826 0.426797385620915 0.006617647058823529 0.03790849673202614
0 0.2536764705882353 0.42287581699346405 0.007352941176470588 0.04052287581699346
0 0.2676470588235294 0.418954248366013 0.007352941176470588 0.03529411764705882
0 0.275 0.3679738562091503 0.008823529411764706 0.03529411764705882
0 0.28088235294117647 0.36732026143790847 0.0058823529411764705 0.03137254901960784
0 0.29044117647058826 0.3699346405228758 0.0058823529411764705 0.03137254901960784
0 0.28970588235294115 0.3686274509803921 0.0058823529411764705 0.03137254901960784
0 0.3165441176470588 0.30392156862745096 0.005147058823529412 0.02483660130718954
7 0.21176470588235294 0.35686274509803917 0.01911764705882353 0.03660130718954248
0 0.17463235294117646 0.33464052287581697 0.005147058823529412 0.023529411764705882
0 0.17830882352941177 0.3359477124183006 0.005147058823529412 0.02091503267973856
0 0.1875 0.32745098039215687 0.004411764705882353 0.02222222222222222
0 0.1827205882352941 0.32745098039215687 0.005147058823529412 0.02222222222222222
0 0.21801470588235294 0.3398692810457516 0.005147058823529412 0.0261437908496732
0 0.2172794117647059 0.33398692810457514 0.005147058823529412 0.02483660130718954
0 0.22389705882352942 0.33856209150326794 0.005147058823529412 0.0261437908496732
0 0.2275735294117647 0.3359477124183006 0.005147058823529412 0.0261437908496732
0 0.24301470588235294 0.3359477124183006 0.005147058823529412 0.0261437908496732
0 0.28198529411764706 0.3464052287581699 0.003676470588235294 0.023529411764705882
0 0.28970588235294115 0.3457516339869281 0.0058823529411764705 0.027450980392156862
0 0.2948529411764706 0.3457516339869281 0.0058823529411764705 0.027450980392156862
0 0.28308823529411764 0.3176470588235294 0.0058823529411764705 0.02091503267973856
0 0.28970588235294115 0.31895424836601305 0.0058823529411764705 0.023529411764705882
0 0.2948529411764706 0.32418300653594767 0.004411764705882353 0.0130718954248366
0 0.28161764705882353 0.3287581699346405 0.0058823529411764705 0.011764705882352941
0 0.22169117647058822 0.3006535947712418 0.005147058823529412 0.023529411764705882
0 0.21470588235294116 0.3006535947712418 0.004411764705882353 0.023529411764705882
0 0.21764705882352942 0.30196078431372547 0.004411764705882353 0.023529411764705882
3 0.16911764705882354 0.3098039215686274 0.041176470588235294 0.0261437908496732
3 0.2757352941176471 0.3078431372549019 0.041176470588235294 0.03006535947712418
3 0.2051470588235294 0.29346405228758166 0.03676470588235294 0.01699346405228758
3 0.28823529411764703 0.3 0.039705882352941174 0.02483660130718954
3 0.29191176470588237 0.28888888888888886 0.033823529411764704 0.0261437908496732
3 0.2363970588235294 0.26013071895424833 0.015441176470588236 0.01830065359477124
3 0.2613970588235294 0.28169934640522876 0.016911764705882352 0.0196078431372549
0 0.38125 0.4071895424836601 0.008088235294117646 0.03529411764705882
0 0.3779411764705882 0.41437908496732023 0.007352941176470588 0.0261437908496732
4 0.36727941176470585 0.4006535947712418 0.03602941176470588 0.05359477124183006
3 0.4183823529411765 0.3954248366013072 0.029411764705882353 0.04836601307189542
3 0.3816176470588235 0.34444444444444444 0.022058823529411763 0.03790849673202614
3 0.3827205882352941 0.32745098039215687 0.015441176470588236 0.02222222222222222
3 0.4808823529411765 0.47777777777777775 0.032352941176470584 0.050980392156862744
3 0.5308823529411765 0.37124183006535943 0.020588235294117647 0.03137254901960784
3 0.50625 0.3130718954248366 0.019852941176470587 0.03006535947712418
3 0.48823529411764705 0.2803921568627451 0.013235294117647059 0.01699346405228758
3 0.4224264705882353 0.2895424836601307 0.013970588235294117 0.02222222222222222
3 0.42205882352941176 0.26666666666666666 0.013235294117647059 0.02091503267973856
3 0.4213235294117647 0.22875816993464052 0.010294117647058823 0.0130718954248366
0 0.54375 0.5006535947712418 0.008088235294117646 0.0522875816993464
0 0.55625 0.515032679738562 0.006617647058823529 0.047058823529411764
0 0.5705882352941176 0.4941176470588235 0.007352941176470588 0.0522875816993464
0 0.555514705882353 0.44248366013071894 0.009558823529411765 0.04052287581699346
0 0.5238970588235294 0.4130718954248366 0.006617647058823529 0.04183006535947712
0 0.575 0.44313725490196076 0.0058823529411764705 0.03398692810457516
0 0.5709558823529411 0.4352941176470588 0.005147058823529412 0.03398692810457516
1 0.55 0.5058823529411764 0.007352941176470588 0.023529411764705882
2 0.5496323529411765 0.5176470588235293 0.006617647058823529 0.01830065359477124
1 0.5257352941176471 0.4509803921568627 0.010294117647058823 0.03660130718954248
9 0.5246323529411765 0.4588235294117647 0.009558823529411765 0.02875816993464052
1 0.5084558823529411 0.4084967320261438 0.006617647058823529 0.02222222222222222
1 0.5077205882352941 0.4026143790849673 0.006617647058823529 0.023529411764705882
9 0.5073529411764706 0.41699346405228754 0.0058823529411764705 0.02875816993464052
3 0.5941176470588235 0.5352941176470588 0.045588235294117645 0.05620915032679738
3 0.5823529411764706 0.4895424836601307 0.039705882352941174 0.04836601307189542
1 0.47941176470588237 0.4156862745098039 0.007352941176470588 0.01568627450980392
1 0.4775735294117647 0.40980392156862744 0.008088235294117646 0.01699346405228758
6 0.4786764705882353 0.42156862745098034 0.01911764705882353 0.04052287581699346
1 0.44485294117647056 0.3509803921568627 0.007352941176470588 0.02222222222222222
9 0.4441176470588235 0.3581699346405228 0.0058823529411764705 0.01568627450980392
3 0.47316176470588234 0.38431372549019605 0.022794117647058822 0.03660130718954248
1 0.47941176470588237 0.3424836601307189 0.004411764705882353 0.01045751633986928
6 0.4801470588235294 0.3522875816993464 0.011764705882352941 0.02483660130718954
3 0.5025735294117647 0.3581699346405228 0.025735294117647058 0.03398692810457516
3 0.5176470588235293 0.3464052287581699 0.014705882352941176 0.023529411764705882
7 0.4849264705882353 0.3183006535947712 0.0125 0.027450980392156862
4 0.45625 0.33856209150326794 0.015441176470588236 0.03137254901960784
3 0.4540441176470588 0.31699346405228757 0.01838235294117647 0.02483660130718954
3 0.4551470588235294 0.29346405228758166 0.013235294117647059 0.02222222222222222
3 0.4588235294117647 0.2764705882352941 0.013235294117647059 0.02222222222222222
3 0.48713235294117646 0.2699346405228758 0.0125 0.01699346405228758
3 0.4827205882352941 0.26013071895424833 0.0125 0.01568627450980392
3 0.4775735294117647 0.24967320261437906 0.011029411764705881 0.01568627450980392
3 0.48198529411764707 0.2588235294117647 0.011029411764705881 0.01568627450980392
3 0.4753676470588235 0.24248366013071893 0.009558823529411765 0.011764705882352941
3 0.46911764705882353 0.2281045751633987 0.008823529411764706 0.011764705882352941
3 0.47205882352941175 0.2333333333333333 0.008823529411764706 0.00915032679738562
1 0.46249999999999997 0.24705882352941175 0.004411764705882353 0.01045751633986928
6 0.46286764705882355 0.2522875816993464 0.006617647058823529 0.0130718954248366
