3 0.9448529411764706 0.5941176470588235 0.06470588235294117 0.08235294117647059
2 0.9334558823529412 0.741830065359477 0.025735294117647058 0.058823529411764705
1 0.9352941176470588 0.722875816993464 0.023529411764705882 0.06013071895424836
6 0.46875 0.8686274509803921 0.028676470588235293 0.09019607843137255
1 0.4727941176470588 0.8477124183006536 0.01911764705882353 0.04836601307189542
0 0.38529411764705884 0.8464052287581699 0.016176470588235292 0.07712418300653594
3 0.2716911764705882 0.8732026143790849 0.08161764705882353 0.14901960784313725
9 0.5213235294117647 0.8359477124183006 0.01764705882352941 0.06666666666666667
1 0.5202205882352942 0.8163398692810457 0.01838235294117647 0.06143790849673202
3 0.16213235294117648 0.761437908496732 0.10514705882352941 0.07973856209150326
3 0.18125 0.6725490196078431 0.09926470588235294 0.08235294117647059
3 0.2099264705882353 0.6183006535947712 0.09926470588235294 0.08104575163398692
0 0.033455882352941176 0.6078431372549019 0.01838235294117647 0.05751633986928104
4 0.07426470588235294 0.5333333333333333 0.09117647058823529 0.11503267973856209
3 0.3547794117647059 0.5973856209150327 0.05367647058823529 0.10196078431372549
3 0.37977941176470587 0.5163398692810457 0.04779411764705882 0.07320261437908496
3 0.28161764705882353 0.5215686274509803 0.06764705882352941 0.06274509803921569
3 0.2963235294117647 0.4816993464052287 0.08823529411764705 0.06143790849673202
3 0.6091911764705882 0.39673202614379083 0.028676470588235293 0.058823529411764705
3 0.44705882352941173 0.3986928104575163 0.06470588235294117 0.047058823529411764
3 0.40551470588235294 0.3679738562091503 0.06102941176470588 0.04052287581699346
5 0.29558823529411765 0.39673202614379083 0.08676470588235294 0.07973856209150326
3 0.2349264705882353 0.3 0.05367647058823529 0.03790849673202614
3 0.4930147058823529 0.37189542483660126 0.06397058823529411 0.04052287581699346
3 0.47904411764705884 0.3379084967320261 0.04044117647058824 0.03790849673202614
3 0.5411764705882353 0.2973856209150327 0.032352941176470584 0.043137254901960784
3 0.5904411764705882 0.3052287581699346 0.023529411764705882 0.0457516339869281
7 0.6705882352941176 0.26862745098039215 0.016176470588235292 0.03790849673202614
4 0.44705882352941173 0.30392156862745096 0.047058823529411764 0.04836601307189542
5 0.3272058823529412 0.29281045751633983 0.09264705882352942 0.06013071895424836
0 0.32941176470588235 0.30588235294117644 0.0058823529411764705 0.03137254901960784
9 0.3356617647058823 0.3202614379084967 0.0125 0.0261437908496732
1 0.3352941176470588 0.3156862745098039 0.007352941176470588 0.03529411764705882
0 0.33897058823529413 0.30849673202614375 0.008823529411764706 0.03398692810457516
0 0.3463235294117647 0.3071895424836601 0.007352941176470588 0.03398692810457516
0 0.3547794117647059 0.3098039215686274 0.006617647058823529 0.03660130718954248
0 0.3860294117647059 0.26666666666666666 0.007352941176470588 0.03398692810457516
3 0.4573529411764706 0.26013071895424833 0.026470588235294117 0.03660130718954248
3 0.4661764705882353 0.23137254901960783 0.020588235294117647 0.03398692810457516
3 0.47610294117647056 0.18758169934640523 0.015441176470588236 0.027450980392156862
3 0.48455882352941176 0.17254901960784313 0.01764705882352941 0.02875816993464052
3 0.48970588235294116 0.15424836601307187 0.016176470588235292 0.03137254901960784
3 0.4948529411764706 0.12745098039215685 0.016176470588235292 0.0196078431372549
0 0.4900735294117647 0.12483660130718953 0.005147058823529412 0.02483660130718954
9 0.5099264705882353 0.1477124183006536 0.005147058823529412 0.01830065359477124
1 0.5095588235294117 0.14313725490196078 0.0058823529411764705 0.0196078431372549
4 0.46213235294117644 0.0895424836601307 0.0125 0.02483660130718954
4 0.5084558823529411 0.08366013071895424 0.011029411764705881 0.023529411764705882
3 0.5154411764705882 0.060784313725490195 0.010294117647058823 0.01699346405228758
0 0.5216911764705883 0.06143790849673202 0.003676470588235294 0.01568627450980392
2 0.5224264705882353 0.06274509803921569 0.003676470588235294 0.0130718954248366
3 0.5227941176470589 0.03594771241830065 0.008823529411764706 0.01437908496732026
9 0.7959558823529411 0.5771241830065359 0.01838235294117647 0.0457516339869281
0 0.7952205882352941 0.5679738562091503 0.013970588235294117 0.043137254901960784
0 0.8547794117647058 0.41960784313725485 0.006617647058823529 0.02875816993464052
0 0.8397058823529412 0.4065359477124183 0.013235294117647059 0.04444444444444444
6 0.5470588235294117 0.2699346405228758 0.011764705882352941 0.02483660130718954
1 0.5481617647058823 0.2647058823529412 0.006617647058823529 0.0196078431372549
0 0.544485294117647 0.2620915032679738 0.006617647058823529 0.02483660130718954
3 0.6378676470588235 0.10130718954248365 0.011029411764705881 0.01699346405228758
3 0.5955882352941176 0.07908496732026143 0.011764705882352941 0.01699346405228758
0 0.6919117647058823 0.10392156862745097 0.004411764705882353 0.0196078431372549
6 0.6702205882352941 0.0784313725490196 0.006617647058823529 0.0130718954248366
0 0.6680147058823529 0.07712418300653594 0.003676470588235294 0.01830065359477124
9 0.6261029411764706 0.0895424836601307 0.008088235294117646 0.011764705882352941
1 0.6268382352941176 0.08627450980392157 0.005147058823529412 0.01830065359477124
3 0.569485294117647 0.04771241830065359 0.009558823529411765 0.01699346405228758
0 0.625 0.06274509803921569 0.004411764705882353 0.01568627450980392
3 0.6051470588235294 0.03790849673202614 0.007352941176470588 0.0130718954248366
3 0.7209558823529412 0.045098039215686274 0.009558823529411765 0.01437908496732026
3 0.7183823529411765 0.03725490196078431 0.01911764705882353 0.011764705882352941
3 0.700735294117647 0.03333333333333333 0.010294117647058823 0.011764705882352941
4 0.5871323529411765 0.00522875816993464 0.006617647058823529 0.01045751633986928
0 0.5294117647058824 0.01895424836601307 0.0029411764705882353 0.00915032679738562
0 0.15588235294117647 0.5516339869281045 0.010294117647058823 0.047058823529411764
0 0.14558823529411766 0.5483660130718954 0.014705882352941176 0.05620915032679738
