3 0.4235294117647059 0.5934640522875817 0.1338235294117647 0.2457516339869281
3 0.4 0.296078431372549 0.11176470588235293 0.1790849673202614
1 0.21360294117647058 0.28823529411764703 0.016911764705882352 0.05359477124183006
1 0.21323529411764705 0.2849673202614379 0.027941176470588233 0.07320261437908496
9 0.21433823529411763 0.3248366013071895 0.04926470588235294 0.07973856209150326
9 0.5363970588235294 0.1457516339869281 0.05661764705882353 0.058823529411764705
0 0.9323529411764706 0.09084967320261438 0.039705882352941174 0.09019607843137255
1 0.8801470588235294 0.24117647058823527 0.01911764705882353 0.05620915032679738
1 0.9018382352941177 0.26405228758169935 0.019852941176470587 0.07581699346405228
1 0.9055147058823529 0.43856209150326797 0.02426470588235294 0.09803921568627451
9 0.8643382352941177 0.2725490196078431 0.028676470588235293 0.04836601307189542
9 0.8897058823529411 0.28627450980392155 0.025 0.04967320261437908
9 0.8900735294117647 0.4516339869281045 0.04044117647058824 0.058823529411764705
3 0.7466911764705882 0.16339869281045752 0.11691176470588235 0.1568627450980392
3 0.9606617647058824 0.27385620915032677 0.07867647058823529 0.1503267973856209
3 0.27683823529411766 0.065359477124183 0.09191176470588235 0.11764705882352941
