8 0.4566176470588235 0.2588235294117647 0.016176470588235292 0.03660130718954248
8 0.475 0.2222222222222222 0.016176470588235292 0.0261437908496732
3 0.48308823529411765 0.2588235294117647 0.008823529411764706 0.01568627450980392
0 0.48933823529411763 0.24444444444444444 0.003676470588235294 0.01568627450980392
3 0.49227941176470585 0.2522875816993464 0.006617647058823529 0.0130718954248366
8 0.5040441176470588 0.27058823529411763 0.015441176470588236 0.04183006535947712
8 0.5018382352941176 0.25620915032679736 0.015441176470588236 0.03398692810457516
3 0.5011029411764706 0.28888888888888886 0.019852941176470587 0.023529411764705882
3 0.4963235294117647 0.2973856209150327 0.010294117647058823 0.01699346405228758
0 0.5360294117647059 0.30653594771241827 0.0029411764705882353 0.02222222222222222
0 0.5378676470588235 0.3130718954248366 0.003676470588235294 0.02222222222222222
0 0.5301470588235294 0.2947712418300653 0.0029411764705882353 0.0196078431372549
0 0.5507352941176471 0.31699346405228757 0.004411764705882353 0.02483660130718954
3 0.5393382352941176 0.32941176470588235 0.01838235294117647 0.0261437908496732
3 0.4775735294117647 0.36470588235294116 0.01838235294117647 0.02875816993464052
0 0.45625 0.3803921568627451 0.011029411764705881 0.047058823529411764
0 0.40661764705882353 0.3810457516339869 0.013235294117647059 0.05359477124183006
3 0.5338235294117647 0.3686274509803921 0.026470588235294117 0.03660130718954248
0 0.5573529411764706 0.37450980392156863 0.004411764705882353 0.03006535947712418
3 0.5580882352941177 0.36666666666666664 0.01764705882352941 0.0326797385620915
0 0.5658088235294118 0.35686274509803917 0.006617647058823529 0.0261437908496732
0 0.5621323529411765 0.3522875816993464 0.003676470588235294 0.027450980392156862
0 0.5665441176470588 0.40196078431372545 0.0125 0.0457516339869281
0 0.5944852941176471 0.38888888888888884 0.009558823529411765 0.050980392156862744
0 0.5941176470588235 0.3849673202614379 0.010294117647058823 0.0457516339869281
8 0.5327205882352941 0.5588235294117647 0.0713235294117647 0.18431372549019606
0 0.6702205882352941 0.32352941176470584 0.005147058823529412 0.02222222222222222
0 0.6878676470588235 0.3222222222222222 0.005147058823529412 0.02222222222222222
0 0.7051470588235293 0.357516339869281 0.0029411764705882353 0.02483660130718954
0 0.7102941176470589 0.36013071895424836 0.004411764705882353 0.02483660130718954
0 0.6875 0.37385620915032675 0.0058823529411764705 0.03137254901960784
0 0.6926470588235294 0.3980392156862745 0.0058823529411764705 0.03006535947712418
0 0.6985294117647058 0.41503267973856206 0.0058823529411764705 0.03790849673202614
0 0.7036764705882352 0.37777777777777777 0.0058823529411764705 0.0261437908496732
0 0.694485294117647 0.3111111111111111 0.0022058823529411764 0.023529411764705882
0 0.6985294117647058 0.3111111111111111 0.004411764705882353 0.02091503267973856
0 0.6966911764705882 0.33856209150326794 0.005147058823529412 0.023529411764705882
0 0.6966911764705882 0.33464052287581697 0.005147058823529412 0.023529411764705882
0 0.8007352941176471 0.37712418300653594 0.010294117647058823 0.05620915032679738
0 0.7908088235294117 0.39281045751633986 0.009558823529411765 0.04052287581699346
0 0.7470588235294118 0.3908496732026144 0.010294117647058823 0.054901960784313725
0 0.7555147058823529 0.39281045751633986 0.008088235294117646 0.05359477124183006
0 0.7551470588235294 0.37385620915032675 0.007352941176470588 0.04967320261437908
0 0.7470588235294118 0.3725490196078431 0.008823529411764706 0.047058823529411764
0 0.7261029411764706 0.6490196078431372 0.015441176470588236 0.05359477124183006
0 0.7055147058823529 0.6320261437908496 0.0125 0.058823529411764705
0 0.6878676470588235 0.549673202614379 0.0125 0.0457516339869281
0 0.6908088235294118 0.5209150326797385 0.011029411764705881 0.0457516339869281
0 0.6727941176470588 0.538562091503268 0.007352941176470588 0.04444444444444444
0 0.6529411764705882 0.5241830065359476 0.007352941176470588 0.04444444444444444
0 0.6503676470588236 0.5163398692810457 0.005147058823529412 0.04444444444444444
0 0.6441176470588236 0.5130718954248366 0.007352941176470588 0.043137254901960784
0 0.6746323529411765 0.5091503267973856 0.009558823529411765 0.0457516339869281
0 0.663235294117647 0.5137254901960784 0.007352941176470588 0.04444444444444444
0 0.6569852941176471 0.5124183006535947 0.006617647058823529 0.04183006535947712
2 0.7047794117647058 0.5862745098039215 0.028676470588235293 0.027450980392156862
2 0.7025735294117647 0.5738562091503268 0.015441176470588236 0.03398692810457516
2 0.7886029411764706 0.7019607843137254 0.016911764705882352 0.06013071895424836
2 0.8544117647058823 0.7254901960784313 0.03823529411764706 0.04444444444444444
2 0.8308823529411764 0.711111111111111 0.039705882352941174 0.04967320261437908
3 0.4113970588235294 0.27843137254901956 0.0125 0.02091503267973856
3 0.40698529411764706 0.28431372549019607 0.0125 0.01437908496732026
3 0.40808823529411764 0.29346405228758166 0.011764705882352941 0.01699346405228758
3 0.4051470588235294 0.3026143790849673 0.014705882352941176 0.01699346405228758
3 0.40955882352941175 0.3137254901960784 0.014705882352941176 0.02091503267973856
3 0.40588235294117647 0.322875816993464 0.013235294117647059 0.02091503267973856
4 0.3966911764705882 0.3281045751633987 0.015441176470588236 0.03398692810457516
3 0.3926470588235294 0.34509803921568627 0.01764705882352941 0.023529411764705882
3 0.3889705882352941 0.3581699346405228 0.01911764705882353 0.023529411764705882
3 0.3849264705882353 0.3686274509803921 0.01838235294117647 0.0261437908496732
3 0.3926470588235294 0.269281045751634 0.011764705882352941 0.01568627450980392
3 0.39191176470588235 0.27843137254901956 0.011764705882352941 0.01568627450980392
3 0.38786764705882354 0.2915032679738562 0.0125 0.02091503267973856
3 0.3841911764705882 0.2980392156862745 0.015441176470588236 0.023529411764705882
3 0.3849264705882353 0.3098039215686274 0.013970588235294117 0.01830065359477124
3 0.3838235294117647 0.32091503267973853 0.016176470588235292 0.02483660130718954
3 0.36911764705882355 0.3071895424836601 0.014705882352941176 0.02091503267973856
3 0.3650735294117647 0.3183006535947712 0.015441176470588236 0.02222222222222222
3 0.37022058823529413 0.3300653594771242 0.016911764705882352 0.027450980392156862
3 0.3665441176470588 0.3418300653594771 0.01838235294117647 0.02483660130718954
3 0.3525735294117647 0.296078431372549 0.0125 0.02222222222222222
3 0.3474264705882353 0.3078431372549019 0.015441176470588236 0.027450980392156862
3 0.34191176470588236 0.33202614379084966 0.016176470588235292 0.02875816993464052
3 0.35919117647058824 0.365359477124183 0.021323529411764706 0.03006535947712418
8 0.32683823529411765 0.32941176470588235 0.0375 0.08104575163398692
0 0.31286764705882353 0.3803921568627451 0.009558823529411765 0.047058823529411764
0 0.3099264705882353 0.37385620915032675 0.008088235294117646 0.047058823529411764
3 0.3529411764705882 0.503921568627451 0.033823529411764704 0.06143790849673202
3 0.3051470588235294 0.5078431372549019 0.041176470588235294 0.05620915032679738
3 0.33492647058823527 0.549673202614379 0.03455882352941177 0.06143790849673202
3 0.3165441176470588 0.6084967320261437 0.04485294117647059 0.07450980392156863
3 0.2716911764705882 0.5771241830065359 0.04191176470588235 0.06928104575163398
3 0.30367647058823527 0.6908496732026144 0.052941176470588235 0.10065359477124182
3 0.2742647058823529 0.7901960784313725 0.0661764705882353 0.12679738562091503
3 0.2400735294117647 0.6464052287581699 0.05808823529411765 0.10065359477124182
3 0.17279411764705882 0.6705882352941176 0.0661764705882353 0.09673202614379084
3 0.1113970588235294 0.7777777777777777 0.0875 0.130718954248366
3 0.1400735294117647 0.8947712418300653 0.09926470588235294 0.16078431372549018
3 0.2301470588235294 0.9274509803921568 0.08970588235294118 0.14509803921568626
3 0.34044117647058825 0.9450980392156862 0.075 0.10980392156862745
8 0.040808823529411765 0.8751633986928103 0.08161764705882353 0.24967320261437906
0 0.24080882352941177 0.3156862745098039 0.005147058823529412 0.02222222222222222
0 0.23455882352941176 0.33202614379084966 0.004411764705882353 0.023529411764705882
0 0.22977941176470587 0.33202614379084966 0.005147058823529412 0.023529411764705882
0 0.20919117647058824 0.30392156862745096 0.006617647058823529 0.02222222222222222
0 0.20551470588235293 0.3032679738562091 0.005147058823529412 0.02091503267973856
0 0.16875 0.3359477124183006 0.008088235294117646 0.0261437908496732
0 0.15808823529411764 0.3326797385620915 0.0058823529411764705 0.027450980392156862
0 0.24705882352941178 0.37777777777777777 0.011764705882352941 0.06274509803921569
0 0.24338235294117647 0.37124183006535943 0.010294117647058823 0.06013071895424836
0 0.22720588235294117 0.3758169934640523 0.011764705882352941 0.06143790849673202
0 0.20220588235294118 0.3803921568627451 0.011764705882352941 0.0522875816993464
0 0.1915441176470588 0.3830065359477124 0.011029411764705881 0.0522875816993464
0 0.1625 0.39738562091503266 0.008823529411764706 0.06013071895424836
1 0.14926470588235294 0.3379084967320261 0.0058823529411764705 0.02222222222222222
0 0.14963235294117647 0.3326797385620915 0.005147058823529412 0.03006535947712418
0 0.14080882352941176 0.3901960784313725 0.015441176470588236 0.06405228758169934
0 0.1275735294117647 0.38627450980392153 0.011029411764705881 0.050980392156862744
0 0.11985294117647059 0.35620915032679734 0.011764705882352941 0.04836601307189542
0 0.1150735294117647 0.3915032679738562 0.0125 0.050980392156862744
0 0.1113970588235294 0.38627450980392153 0.008088235294117646 0.05359477124183006
0 0.09889705882352941 0.3954248366013072 0.0125 0.06928104575163398
0 0.09191176470588235 0.3980392156862745 0.016176470588235292 0.06928104575163398
0 0.016911764705882352 0.4130718954248366 0.010294117647058823 0.065359477124183
0 0.01213235294117647 0.5686274509803921 0.0125 0.04967320261437908
0 0.004044117647058823 0.5758169934640522 0.008088235294117646 0.050980392156862744
0 0.026470588235294117 0.5712418300653594 0.010294117647058823 0.04967320261437908
0 0.10845588235294118 0.49084967320261436 0.009558823529411765 0.0457516339869281
0 0.08970588235294118 0.4764705882352941 0.007352941176470588 0.0457516339869281
0 0.08161764705882353 0.47320261437908495 0.010294117647058823 0.04967320261437908
0 0.19522058823529412 0.503921568627451 0.008088235294117646 0.04836601307189542
0 0.20183823529411765 0.5045751633986928 0.008088235294117646 0.04967320261437908
0 0.2088235294117647 0.49281045751633984 0.007352941176470588 0.04444444444444444
0 0.2349264705882353 0.47581699346405226 0.009558823529411765 0.04444444444444444
0 0.2261029411764706 0.4738562091503268 0.008088235294117646 0.050980392156862744
0 0.21764705882352942 0.46274509803921565 0.0058823529411764705 0.04183006535947712
0 0.20330882352941176 0.4915032679738562 0.006617647058823529 0.04183006535947712
8 0.2691176470588235 0.430718954248366 0.057352941176470586 0.12679738562091503
