3 0.07005208333333333 0.7407407407407408 0.0453125 0.09074074074074075
2 0.1140625 0.9046296296296297 0.042708333333333334 0.05740740740740741
1 0.109375 0.888888888888889 0.020833333333333332 0.05
3 0.14557291666666666 0.5564814814814815 0.059895833333333336 0.061111111111111116
2 0.02734375 0.4342592592592593 0.0203125 0.022222222222222223
1 0.028385416666666666 0.42592592592592593 0.011979166666666666 0.03333333333333333
3 0.12942708333333333 0.4083333333333333 0.04739583333333333 0.040740740740740744
3 0.16588541666666667 0.40370370370370373 0.04739583333333333 0.03888888888888889
3 0.16588541666666667 0.4236111111111111 0.04739583333333333 0.04351851851851852
3 0.2171875 0.39675925925925926 0.036458333333333336 0.03425925925925926
3 0.19583333333333333 0.3731481481481482 0.04479166666666667 0.037037037037037035
4 0.2296875 0.3652777777777778 0.04375 0.04351851851851852
3 0.2546875 0.34444444444444444 0.034375 0.02962962962962963
3 0.28072916666666664 0.3462962962962963 0.0375 0.02962962962962963
7 0.265625 0.3652777777777778 0.028125 0.03796296296296296
2 0.25885416666666666 0.32685185185185184 0.0125 0.016666666666666666
1 0.2578125 0.32037037037037036 0.007291666666666667 0.022222222222222223
3 0.3 0.325 0.034375 0.02962962962962963
3 0.3106770833333333 0.3462962962962963 0.03177083333333333 0.031481481481481485
3 0.3260416666666667 0.32222222222222224 0.035416666666666666 0.037037037037037035
3 0.33671875 0.3041666666666667 0.0265625 0.025
5 0.3651041666666667 0.3101851851851852 0.053125 0.05740740740740741
3 0.3341145833333333 0.40324074074074073 0.0453125 0.036111111111111115
9 0.25104166666666666 0.4527777777777778 0.020833333333333332 0.024074074074074074
1 0.25078125 0.44583333333333336 0.011979166666666666 0.026851851851851852
3 0.4106770833333333 0.2953703703703704 0.030729166666666665 0.031481481481481485
3 0.39817708333333335 0.2916666666666667 0.024479166666666666 0.02777777777777778
4 0.43984375 0.27870370370370373 0.025520833333333333 0.03333333333333333
3 0.42916666666666664 0.274537037037037 0.029166666666666667 0.026851851851851852
8 0.42343749999999997 0.2513888888888889 0.06354166666666666 0.05462962962962963
3 0.4640625 0.26851851851851855 0.025 0.024074074074074074
3 0.46197916666666666 0.25833333333333336 0.026041666666666668 0.022222222222222223
3 0.46432291666666664 0.2449074074074074 0.021354166666666667 0.02314814814814815
3 0.48802083333333335 0.2564814814814815 0.02395833333333333 0.024074074074074074
3 0.4861979166666667 0.24305555555555555 0.0234375 0.02314814814814815
3 0.49166666666666664 0.23287037037037037 0.02395833333333333 0.021296296296296296
4 0.49322916666666666 0.2175925925925926 0.026041666666666668 0.02962962962962963
3 0.5171875 0.24212962962962964 0.025 0.02314814814814815
3 0.5143229166666666 0.23194444444444445 0.0234375 0.021296296296296296
4 0.5354166666666667 0.22685185185185186 0.020833333333333332 0.02777777777777778
3 0.5322916666666666 0.2212962962962963 0.01875 0.020370370370370372
3 0.51484375 0.2199074074074074 0.021354166666666667 0.019444444444444445
3 0.5354166666666667 0.2125 0.021875 0.019444444444444445
3 0.5572916666666666 0.20925925925925926 0.019791666666666666 0.020370370370370372
4 0.5869791666666666 0.2 0.020833333333333332 0.024074074074074074
3 0.5455729166666666 0.25787037037037036 0.025520833333333333 0.02314814814814815
3 0.5888020833333333 0.2439814814814815 0.0234375 0.021296296296296296
3 0.7046875 0.12916666666666668 0.013541666666666667 0.01388888888888889
3 0.74453125 0.11064814814814815 0.011979166666666666 0.012037037037037037
3 0.8018229166666666 0.08796296296296297 0.009895833333333333 0.011111111111111112
3 0.79921875 0.10231481481481482 0.0109375 0.012037037037037037
3 0.7822916666666666 0.09305555555555556 0.011458333333333333 0.012037037037037037
3 0.8171875 0.0787037037037037 0.007291666666666667 0.009259259259259259
3 0.8223958333333333 0.08287037037037037 0.007291666666666667 0.010185185185185186
