4 0.06691176470588235 0.9699346405228757 0.07647058823529412 0.06013071895424836
0 0.2099264705882353 0.5568627450980391 0.008088235294117646 0.03660130718954248
3 0.34816176470588234 0.8084967320261437 0.04338235294117647 0.11633986928104574
2 0.2580882352941176 0.5052287581699346 0.025 0.02222222222222222
4 0.31029411764705883 0.515032679738562 0.060294117647058824 0.06013071895424836
3 0.3669117647058823 0.48235294117647054 0.033823529411764704 0.07581699346405228
3 0.21911764705882353 0.41960784313725485 0.060294117647058824 0.047058823529411764
3 0.2275735294117647 0.2647058823529412 0.04779411764705882 0.03790849673202614
3 0.24816176470588236 0.2457516339869281 0.04338235294117647 0.02875816993464052
3 0.28051470588235294 0.1915032679738562 0.03455882352941177 0.0196078431372549
3 0.2974264705882353 0.4660130718954248 0.030147058823529412 0.06143790849673202
3 0.44375 0.6222222222222222 0.03308823529411765 0.08888888888888888
3 0.5080882352941176 0.6287581699346405 0.033823529411764704 0.08104575163398692
3 0.5040441176470588 0.8941176470588235 0.04044117647058824 0.12810457516339868
5 0.6352941176470588 0.9346405228758169 0.0661764705882353 0.130718954248366
5 0.6091911764705882 0.7026143790849673 0.06102941176470588 0.19477124183006533
3 0.5915441176470588 0.5836601307189542 0.03161764705882353 0.0718954248366013
3 0.524264705882353 0.4490196078431372 0.027941176470588233 0.058823529411764705
3 0.5095588235294117 0.357516339869281 0.020588235294117647 0.03790849673202614
3 0.4676470588235294 0.2594771241830065 0.01764705882352941 0.03529411764705882
4 0.5738970588235294 0.4065359477124183 0.028676470588235293 0.08104575163398692
3 0.5066176470588235 0.3 0.020588235294117647 0.03790849673202614
3 0.5183823529411765 0.24705882352941175 0.01764705882352941 0.03137254901960784
4 0.5544117647058824 0.25359477124183005 0.022058823529411763 0.04967320261437908
4 0.5169117647058823 0.19215686274509802 0.027941176470588233 0.06274509803921569
3 0.44485294117647056 0.1718954248366013 0.014705882352941176 0.027450980392156862
3 0.39338235294117646 0.28823529411764703 0.020588235294117647 0.03790849673202614
2 0.3790441176470588 0.31045751633986923 0.0125 0.03006535947712418
4 0.3871323529411765 0.357516339869281 0.04338235294117647 0.04836601307189542
3 0.34448529411764706 0.08169934640522876 0.025735294117647058 0.0196078431372549
3 0.27205882352941174 0.13856209150326795 0.01764705882352941 0.023529411764705882
3 0.2922794117647059 0.1411764705882353 0.016911764705882352 0.0261437908496732
3 0.2849264705882353 0.1790849673202614 0.03455882352941177 0.01830065359477124
3 0.2908088235294118 0.16862745098039214 0.03308823529411765 0.023529411764705882
3 0.31838235294117645 0.37516339869281046 0.054411764705882354 0.0392156862745098
3 0.33198529411764705 0.35620915032679734 0.04338235294117647 0.03529411764705882
3 0.33308823529411763 0.3379084967320261 0.051470588235294115 0.03529411764705882
3 0.3375 0.32091503267973853 0.05 0.0326797385620915
3 0.34191176470588236 0.30588235294117644 0.045588235294117645 0.03137254901960784
3 0.3452205882352941 0.2941176470588235 0.04044117647058824 0.02875816993464052
3 0.3466911764705882 0.2803921568627451 0.04632352941176471 0.03006535947712418
3 0.3533088235294118 0.2673202614379085 0.04338235294117647 0.03006535947712418
3 0.3463235294117647 0.25163398692810457 0.047058823529411764 0.03006535947712418
4 0.35441176470588237 0.23398692810457514 0.04264705882352941 0.0392156862745098
3 0.36176470588235293 0.2130718954248366 0.03676470588235294 0.023529411764705882
3 0.37022058823529413 0.18431372549019606 0.03161764705882353 0.023529411764705882
3 0.3786764705882353 0.1679738562091503 0.032352941176470584 0.01699346405228758
3 0.3786764705882353 0.15751633986928104 0.023529411764705882 0.01699346405228758
3 0.4466911764705882 0.14640522875816991 0.013970588235294117 0.023529411764705882
4 0.40441176470588236 0.07973856209150326 0.029411764705882353 0.0261437908496732
5 0.4823529411764706 0.07712418300653594 0.01764705882352941 0.054901960784313725
5 0.5073529411764706 0.13333333333333333 0.014705882352941176 0.04183006535947712
5 0.5058823529411764 0.02222222222222222 0.013235294117647059 0.04444444444444444
5 0.5205882352941177 0.01699346405228758 0.014705882352941176 0.03398692810457516
3 0.5183823529411765 0.03594771241830065 0.007352941176470588 0.01437908496732026
3 0.5308823529411765 0.17712418300653593 0.014705882352941176 0.02483660130718954
9 0.5375 0.0915032679738562 0.0029411764705882353 0.0130718954248366
1 0.5378676470588235 0.08823529411764705 0.0022058823529411764 0.011764705882352941
9 0.5319852941176471 0.29934640522875816 0.005147058823529412 0.023529411764705882
1 0.5323529411764706 0.2947712418300653 0.0058823529411764705 0.02483660130718954
3 0.5286764705882353 0.15163398692810456 0.014705882352941176 0.023529411764705882
3 0.5264705882352941 0.13202614379084968 0.014705882352941176 0.023529411764705882
3 0.5268382352941177 0.11633986928104574 0.011029411764705881 0.01830065359477124
3 0.5095588235294117 0.10326797385620914 0.011764705882352941 0.01830065359477124
3 0.5091911764705882 0.08888888888888888 0.011029411764705881 0.01830065359477124
4 0.5283088235294118 0.10130718954248365 0.0125 0.02483660130718954
3 0.5246323529411765 0.0915032679738562 0.011029411764705881 0.01830065359477124
3 0.5257352941176471 0.07516339869281045 0.010294117647058823 0.01699346405228758
3 0.5231617647058824 0.06339869281045751 0.008088235294117646 0.01437908496732026
3 0.5224264705882353 0.05359477124183006 0.009558823529411765 0.01830065359477124
3 0.5238970588235294 0.045098039215686274 0.009558823529411765 0.01699346405228758
4 0.5084558823529411 0.07450980392156863 0.011029411764705881 0.02091503267973856
3 0.5044117647058823 0.06601307189542484 0.010294117647058823 0.01699346405228758
4 0.5051470588235294 0.05424836601307189 0.010294117647058823 0.01699346405228758
3 0.5066176470588235 0.04771241830065359 0.008823529411764706 0.01699346405228758
4 0.9147058823529411 0.03660130718954248 0.020588235294117647 0.01830065359477124
3 0.9301470588235294 0.0457516339869281 0.022058823529411763 0.01568627450980392
3 0.9419117647058823 0.04967320261437908 0.020588235294117647 0.01568627450980392
8 0.4606617647058823 0.3803921568627451 0.03897058823529412 0.13333333333333333
