3 0.9213235294117647 0.8803921568627451 0.058823529411764705 0.058823529411764705
3 0.9577205882352942 0.7281045751633987 0.03602941176470588 0.03137254901960784
3 0.9680147058823529 0.7450980392156862 0.03602941176470588 0.03660130718954248
5 0.930514705882353 0.7862745098039216 0.12426470588235294 0.134640522875817
3 0.5305147058823529 0.8313725490196078 0.03161764705882353 0.054901960784313725
1 0.5224264705882353 0.8254901960784313 0.005147058823529412 0.01699346405228758
1 0.5375 0.8261437908496732 0.007352941176470588 0.023529411764705882
5 0.3477941176470588 0.7026143790849673 0.07058823529411765 0.11895424836601307
5 0.40036764705882355 0.649673202614379 0.04485294117647059 0.06797385620915032
5 0.44926470588235295 0.6581699346405229 0.03676470588235294 0.05359477124183006
5 0.4077205882352941 0.7143790849673202 0.04632352941176471 0.09281045751633986
3 0.538235294117647 0.7437908496732025 0.023529411764705882 0.047058823529411764
3 0.5411764705882353 0.7189542483660131 0.01911764705882353 0.03137254901960784
3 0.5397058823529411 0.6986928104575163 0.014705882352941176 0.03006535947712418
3 0.5363970588235294 0.6836601307189542 0.013970588235294117 0.023529411764705882
3 0.5488970588235293 0.6751633986928104 0.013970588235294117 0.027450980392156862
3 0.5330882352941176 0.6679738562091503 0.016176470588235292 0.023529411764705882
3 0.5606617647058824 0.6581699346405229 0.013970588235294117 0.0196078431372549
3 0.5408088235294117 0.6594771241830065 0.0125 0.02222222222222222
3 0.4713235294117647 0.7450980392156862 0.023529411764705882 0.04967320261437908
3 0.47573529411764703 0.7313725490196078 0.01764705882352941 0.04836601307189542
3 0.48198529411764707 0.7098039215686274 0.015441176470588236 0.02875816993464052
3 0.48455882352941176 0.7026143790849673 0.011764705882352941 0.03790849673202614
5 0.4875 0.6633986928104575 0.01911764705882353 0.0457516339869281
5 0.5327205882352941 0.5856209150326797 0.021323529411764706 0.02875816993464052
5 0.618014705882353 0.5810457516339869 0.01838235294117647 0.02483660130718954
3 0.6591911764705882 0.5830065359477123 0.008088235294117646 0.00784313725490196
3 0.7551470588235294 0.7176470588235294 0.025 0.03660130718954248
