3 0.03308823529411765 0.6581699346405229 0.0661764705882353 0.10849673202614378
0 0.08161764705882353 0.6836601307189542 0.03676470588235294 0.07320261437908496
3 0.19963235294117646 0.584313725490196 0.05808823529411765 0.15947712418300652
3 0.3136029411764706 0.4986928104575163 0.06691176470588235 0.13986928104575164
2 0.4275735294117647 0.38235294117647056 0.03455882352941177 0.0457516339869281
2 0.47573529411764703 0.4915032679738562 0.057352941176470586 0.10196078431372549
3 0.600735294117647 0.46013071895424834 0.1 0.12549019607843137
2 0.5246323529411765 0.32614379084967315 0.03308823529411765 0.043137254901960784
2 0.6584558823529412 0.4006535947712418 0.013970588235294117 0.06143790849673202
6 0.6959558823529411 0.3954248366013072 0.05367647058823529 0.07973856209150326
9 0.69375 0.3202614379084967 0.021323529411764706 0.054901960784313725
3 0.8639705882352942 0.35947712418300654 0.08676470588235294 0.11764705882352941
3 0.9485294117647058 0.3784313725490196 0.10294117647058823 0.11633986928104574
3 0.9430147058823529 0.3026143790849673 0.0875 0.09281045751633986
3 0.5125 0.7549019607843137 0.13823529411764707 0.12679738562091503
2 0.08088235294117647 0.8647058823529411 0.060294117647058824 0.06928104575163398
1 0.07904411764705882 0.8673202614379084 0.028676470588235293 0.06405228758169934
