9 0.35 0.8046296296296297 0.035416666666666666 0.0462962962962963
9 0.3125 0.9259259259259259 0.04791666666666666 0.044444444444444446
3 0.2989583333333333 0.4953703703703704 0.06041666666666667 0.061111111111111116
3 0.3697916666666667 0.4185185185185185 0.052083333333333336 0.04814814814814815
3 0.4921875 0.4027777777777778 0.036458333333333336 0.06481481481481481
3 0.5083333333333333 0.3111111111111111 0.027083333333333334 0.05925925925925926
5 0.54375 0.33611111111111114 0.027083333333333334 0.09444444444444444
0 0.4083333333333333 0.9407407407407408 0.008333333333333333 0.037037037037037035
0 0.5333333333333333 0.9824074074074074 0.0125 0.03518518518518519
4 0.4661458333333333 0.9490740740740741 0.09479166666666666 0.10185185185185186
3 0.8677083333333333 0.9518518518518518 0.06666666666666667 0.0962962962962963
3 0.9369791666666667 0.887962962962963 0.078125 0.17222222222222222
3 0.8270833333333333 0.7296296296296296 0.05625 0.12592592592592594
3 0.7083333333333334 0.5472222222222223 0.0375 0.10555555555555556
3 0.871875 0.6157407407407408 0.05416666666666667 0.11296296296296297
3 0.6859375 0.26666666666666666 0.028125 0.05185185185185186
3 0.6739583333333333 0.1175925925925926 0.020833333333333332 0.03888888888888889
3 0.7546875 0.04351851851851852 0.030208333333333334 0.031481481481481485
5 0.7067708333333333 0.03425925925925926 0.021875 0.04259259259259259
7 0.8427083333333333 0.49074074074074076 0.035416666666666666 0.07037037037037037
3 0.8276041666666667 0.3842592592592593 0.03854166666666667 0.061111111111111116
7 0.7989583333333333 0.29074074074074074 0.029166666666666667 0.06296296296296297
3 0.7713541666666667 0.31666666666666665 0.030208333333333334 0.06296296296296297
3 0.7822916666666666 0.3944444444444445 0.03333333333333333 0.06296296296296297
5 0.7973958333333333 0.4712962962962963 0.04479166666666667 0.08703703703703704
6 0.6723958333333333 0.6564814814814816 0.026041666666666668 0.08333333333333334
1 0.675 0.6601851851851852 0.014583333333333334 0.03888888888888889
1 0.675 0.6296296296296297 0.0125 0.040740740740740744
3 0.8973958333333333 0.4064814814814815 0.04479166666666667 0.08703703703703704
3 0.85625 0.2111111111111111 0.025 0.04814814814814815
0 0.859375 0.17685185185185187 0.0125 0.03518518518518519
3 0.853125 0.15462962962962964 0.041666666666666664 0.03888888888888889
3 0.95 0.0962962962962963 0.04583333333333333 0.037037037037037035
3 0.9317708333333333 0.31666666666666665 0.051041666666666666 0.08518518518518518
3 0.8958333333333334 0.22037037037037038 0.029166666666666667 0.06296296296296297
3 0.9125 0.2601851851851852 0.03958333333333333 0.05
3 0.9703125 0.38981481481481484 0.04479166666666667 0.07592592592592592
3 0.9874999999999999 0.45462962962962966 0.025 0.07962962962962963
9 0.8171875 0.587962962962963 0.017708333333333333 0.053703703703703705
1 0.8151041666666666 0.5768518518518518 0.019791666666666666 0.03518518518518519
1 0.8171875 0.5842592592592593 0.019791666666666666 0.031481481481481485
1 0.8890625 0.3 0.009375 0.03333333333333333
5 0.65 0.45092592592592595 0.04791666666666666 0.12037037037037038
