3 0.46654411764705883 0.9908496732026143 0.011029411764705881 0.01830065359477124
3 0.44080882352941175 0.9666666666666666 0.011029411764705881 0.02483660130718954
3 0.46102941176470585 0.9411764705882353 0.010294117647058823 0.0261437908496732
3 0.44338235294117645 0.9366013071895424 0.008823529411764706 0.027450980392156862
3 0.43272058823529413 0.918954248366013 0.009558823529411765 0.023529411764705882
3 0.5084558823529411 0.8450980392156863 0.009558823529411765 0.0196078431372549
3 0.4823529411764706 0.8013071895424836 0.010294117647058823 0.01568627450980392
4 0.5121323529411764 0.8124183006535947 0.009558823529411765 0.0196078431372549
3 0.524264705882353 0.7156862745098038 0.008823529411764706 0.01699346405228758
3 0.6408088235294117 0.988235294117647 0.013970588235294117 0.023529411764705882
3 0.46875 0.8738562091503267 0.011029411764705881 0.02483660130718954
3 0.4525735294117647 0.9084967320261438 0.009558823529411765 0.0261437908496732
3 0.4349264705882353 0.8947712418300653 0.009558823529411765 0.02222222222222222
3 0.4463235294117647 0.8790849673202614 0.008823529411764706 0.02483660130718954
4 0.45992647058823527 0.8254901960784313 0.009558823529411765 0.02483660130718954
3 0.4488970588235294 0.8339869281045751 0.009558823529411765 0.02091503267973856
3 0.44338235294117645 0.8542483660130719 0.008823529411764706 0.0196078431372549
3 0.4349264705882353 0.8209150326797385 0.009558823529411765 0.02091503267973856
3 0.42867647058823527 0.8326797385620914 0.008823529411764706 0.023529411764705882
3 0.4338235294117647 0.8549019607843137 0.008823529411764706 0.02091503267973856
3 0.43308823529411766 0.872549019607843 0.008823529411764706 0.02222222222222222
3 0.4224264705882353 0.8143790849673203 0.008088235294117646 0.02091503267973856
3 0.41875 0.796078431372549 0.008088235294117646 0.01830065359477124
3 0.43124999999999997 0.7856209150326797 0.008088235294117646 0.01830065359477124
3 0.4400735294117647 0.7784313725490195 0.006617647058823529 0.01699346405228758
3 0.4452205882352941 0.7581699346405228 0.008088235294117646 0.02091503267973856
3 0.4253676470588235 0.745751633986928 0.008088235294117646 0.01699346405228758
3 0.4198529411764706 0.776470588235294 0.008823529411764706 0.01830065359477124
3 0.4154411764705882 0.7627450980392156 0.007352941176470588 0.01699346405228758
3 0.4113970588235294 0.7450980392156862 0.008088235294117646 0.01568627450980392
3 0.4091911764705882 0.730718954248366 0.008088235294117646 0.01830065359477124
4 0.4319852941176471 0.7058823529411764 0.006617647058823529 0.01830065359477124
4 0.41875 0.7202614379084967 0.008088235294117646 0.01830065359477124
4 0.40661764705882353 0.7130718954248365 0.007352941176470588 0.0196078431372549
4 0.4143382352941176 0.6882352941176471 0.008088235294117646 0.0196078431372549
3 0.40404411764705883 0.7 0.006617647058823529 0.01437908496732026
3 0.4007352941176471 0.6862745098039216 0.007352941176470588 0.01568627450980392
3 0.3992647058823529 0.6732026143790849 0.0058823529411764705 0.0130718954248366
3 0.4209558823529412 0.6607843137254902 0.006617647058823529 0.01437908496732026
3 0.4099264705882353 0.6660130718954248 0.006617647058823529 0.01437908496732026
3 0.39852941176470585 0.6601307189542484 0.0058823529411764705 0.01568627450980392
5 0.39191176470588235 0.6359477124183006 0.011764705882352941 0.04052287581699346
3 0.4011029411764706 0.6274509803921569 0.006617647058823529 0.0130718954248366
3 0.41323529411764703 0.6300653594771242 0.007352941176470588 0.01568627450980392
3 0.39595588235294116 0.5954248366013072 0.006617647058823529 0.011764705882352941
3 0.4033088235294118 0.5856209150326797 0.005147058823529412 0.0130718954248366
5 0.38235294117647056 0.5849673202614378 0.013235294117647059 0.04052287581699346
3 0.39191176470588235 0.5424836601307189 0.0058823529411764705 0.01045751633986928
3 0.375 0.5588235294117647 0.004411764705882353 0.011764705882352941
3 0.38088235294117645 0.5287581699346405 0.004411764705882353 0.011764705882352941
3 0.3779411764705882 0.5143790849673202 0.004411764705882353 0.00915032679738562
5 0.4261029411764706 0.4836601307189542 0.009558823529411765 0.02875816993464052
3 0.37573529411764706 0.5490196078431372 0.0058823529411764705 0.01045751633986928
3 0.37316176470588236 0.5392156862745098 0.005147058823529412 0.00915032679738562
3 0.37316176470588236 0.5300653594771242 0.003676470588235294 0.00915032679738562
5 0.36838235294117644 0.5117647058823529 0.008823529411764706 0.03006535947712418
3 0.38786764705882354 0.4679738562091503 0.003676470588235294 0.01045751633986928
3 0.37426470588235294 0.4869281045751634 0.004411764705882353 0.0065359477124183
8 0.375 0.46993464052287576 0.007352941176470588 0.01437908496732026
3 0.3779411764705882 0.4183006535947712 0.0029411764705882353 0.00522875816993464
3 0.37058823529411766 0.4091503267973856 0.0029411764705882353 0.00522875816993464
5 0.3841911764705882 0.37516339869281046 0.006617647058823529 0.01045751633986928
