6 0.9363970588235294 0.8300653594771241 0.12720588235294117 0.1803921568627451
9 0.5988970588235294 0.01699346405228758 0.025735294117647058 0.03398692810457516
9 0.6356617647058823 0.013725490196078431 0.028676470588235293 0.027450980392156862
0 0.37941176470588234 0.02026143790849673 0.013235294117647059 0.04052287581699346
0 0.39595588235294116 0.01503267973856209 0.011029411764705881 0.03006535947712418
0 0.26801470588235293 0.161437908496732 0.016911764705882352 0.06666666666666667
0 0.17720588235294119 0.17058823529411762 0.01911764705882353 0.0718954248366013
0 0.15661764705882353 0.12026143790849672 0.023529411764705882 0.08888888888888888
0 0.1363970588235294 0.12679738562091503 0.021323529411764706 0.0784313725490196
0 0.11470588235294117 0.1241830065359477 0.023529411764705882 0.07581699346405228
0 0.01911764705882353 0.23398692810457514 0.030882352941176472 0.08627450980392157
0 0.039705882352941174 0.20980392156862743 0.025 0.0718954248366013
0 0.09117647058823529 0.19084967320261437 0.014705882352941176 0.0522875816993464
0 0.13529411764705881 0.09869281045751634 0.01911764705882353 0.0718954248366013
0 0.10404411764705883 0.10261437908496732 0.016911764705882352 0.058823529411764705
0 0.08419117647058823 0.12549019607843137 0.011029411764705881 0.047058823529411764
