3 0.09609375 0.7773148148148148 0.1609375 0.15833333333333333
3 0.15598958333333332 0.8930555555555556 0.13072916666666667 0.18055555555555555
3 0.6153645833333333 0.42083333333333334 0.08489583333333334 0.06018518518518519
3 0.81015625 0.3263888888888889 0.05677083333333333 0.05092592592592593
3 0.8973958333333333 0.25 0.036458333333333336 0.040740740740740744
3 0.8065104166666667 0.2814814814814815 0.03802083333333333 0.0462962962962963
3 0.6143229166666666 0.3402777777777778 0.0796875 0.049074074074074076
3 0.2734375 0.4462962962962963 0.06979166666666667 0.07777777777777778
3 0.221875 0.47361111111111115 0.058333333333333334 0.08981481481481482
3 0.23697916666666666 0.33287037037037037 0.06875 0.06574074074074074
3 0.13723958333333333 0.29953703703703705 0.06614583333333333 0.058333333333333334
3 0.2625 0.27731481481481485 0.03854166666666667 0.049074074074074076
3 0.24322916666666666 0.23657407407407408 0.029166666666666667 0.04537037037037037
3 0.17447916666666666 0.1574074074074074 0.02395833333333333 0.03518518518518519
3 0.4809895833333333 0.42638888888888893 0.09010416666666667 0.06018518518518519
3 0.44635416666666666 0.487962962962963 0.10104166666666667 0.07592592592592592
3 0.4122395833333333 0.5680555555555555 0.1015625 0.10833333333333334
3 0.34270833333333334 0.5486111111111112 0.09895833333333333 0.10648148148148148
3 0.7765625 0.26805555555555555 0.03854166666666667 0.04351851851851852
3 0.8078124999999999 0.24444444444444446 0.03229166666666666 0.04814814814814815
3 0.83671875 0.25416666666666665 0.0359375 0.049074074074074076
3 0.8356770833333333 0.2240740740740741 0.030729166666666665 0.04259259259259259
3 0.859375 0.23148148148148148 0.028125 0.04814814814814815
3 0.8507812499999999 0.20833333333333334 0.03177083333333333 0.037037037037037035
3 0.8760416666666666 0.21712962962962964 0.027083333333333334 0.04722222222222222
3 0.89453125 0.2013888888888889 0.024479166666666666 0.036111111111111115
3 0.8807291666666667 0.18287037037037038 0.029166666666666667 0.036111111111111115
3 0.9132812499999999 0.1814814814814815 0.0296875 0.037037037037037035
3 0.9744791666666667 0.14120370370370372 0.01875 0.032407407407407406
3 0.97890625 0.13055555555555556 0.01614583333333333 0.02777777777777778
3 0.9869791666666666 0.11111111111111112 0.019791666666666666 0.02962962962962963
3 0.9294270833333333 0.14166666666666666 0.0203125 0.02962962962962963
3 0.9901041666666667 0.22175925925925927 0.019791666666666666 0.036111111111111115
3 0.016927083333333332 0.2935185185185185 0.033854166666666664 0.04814814814814815
2 0.9575520833333333 0.8092592592592593 0.0203125 0.0925925925925926
2 0.5880208333333333 0.8712962962962963 0.04375 0.10370370370370371
2 0.5708333333333333 0.7791666666666667 0.042708333333333334 0.08425925925925926
2 0.484375 0.7680555555555556 0.029166666666666667 0.06944444444444445
2 0.3963541666666667 0.6935185185185185 0.020833333333333332 0.07777777777777778
2 0.41562499999999997 0.6305555555555555 0.02395833333333333 0.06666666666666667
2 0.25390625 0.6824074074074075 0.021354166666666667 0.07037037037037037
2 0.2799479166666667 0.6055555555555556 0.028645833333333332 0.05740740740740741
2 0.17838541666666666 0.3712962962962963 0.0234375 0.040740740740740744
2 0.19895833333333332 0.3768518518518519 0.013541666666666667 0.0462962962962963
2 0.4666666666666667 0.35694444444444445 0.027083333333333334 0.032407407407407406
2 0.6856770833333333 0.2833333333333333 0.013020833333333334 0.02962962962962963
2 0.5216145833333333 0.300462962962963 0.024479166666666666 0.028703703703703703
2 0.5028645833333333 0.39675925925925926 0.027604166666666666 0.028703703703703703
2 0.5091145833333334 0.38101851851851853 0.0203125 0.026851851851851852
2 0.6768229166666666 0.2726851851851852 0.009895833333333333 0.026851851851851852
2 0.8916666666666666 0.32222222222222224 0.010416666666666666 0.03518518518518519
2 0.9372395833333333 0.2712962962962963 0.009895833333333333 0.02592592592592593
2 0.9729166666666667 0.26435185185185184 0.009375 0.032407407407407406
2 0.9544270833333334 0.3231481481481482 0.01614583333333333 0.02592592592592593
2 0.8765625 0.4666666666666667 0.013541666666666667 0.044444444444444446
2 0.9234375 0.32222222222222224 0.022916666666666665 0.024074074074074074
0 0.3796875 0.36064814814814816 0.013541666666666667 0.05462962962962963
0 0.3575520833333333 0.26944444444444443 0.008854166666666666 0.044444444444444446
0 0.12786458333333334 0.5023148148148149 0.019270833333333334 0.0712962962962963
0 0.3059895833333333 0.8402777777777778 0.022395833333333334 0.09907407407407408
0 0.32526041666666666 0.8250000000000001 0.027604166666666666 0.09814814814814815
0 0.3893229166666667 0.8472222222222222 0.0265625 0.09814814814814815
0 0.40546875 0.8361111111111111 0.0234375 0.0925925925925926
0 0.84921875 0.7564814814814815 0.021354166666666667 0.09444444444444444
0 0.9755208333333333 0.4222222222222222 0.019791666666666666 0.05925925925925926
0 0.9770833333333333 0.34675925925925927 0.011458333333333333 0.04722222222222222
0 0.9635416666666666 0.33611111111111114 0.010416666666666666 0.0462962962962963
0 0.9317708333333333 0.5226851851851853 0.014583333333333334 0.06759259259259259
0 0.9372395833333333 0.6171296296296297 0.0171875 0.08240740740740742
0 0.7955729166666666 0.6069444444444445 0.0203125 0.05462962962962963
0 0.8174479166666666 0.5402777777777777 0.019270833333333334 0.05277777777777778
0 0.8809895833333333 0.4041666666666667 0.01614583333333333 0.04537037037037037
0 0.8932291666666666 0.31157407407407406 0.0125 0.03425925925925926
0 0.92265625 0.3111111111111111 0.0140625 0.037037037037037035
0 0.95546875 0.3101851851851852 0.009895833333333333 0.03333333333333333
0 0.93984375 0.2574074074074074 0.009895833333333333 0.02962962962962963
0 0.9729166666666667 0.25601851851851853 0.010416666666666666 0.032407407407407406
0 0.9546875 0.2300925925925926 0.011458333333333333 0.025
0 0.9854166666666666 0.19768518518518519 0.011458333333333333 0.019444444444444445
0 0.9609375 0.27546296296296297 0.008333333333333333 0.032407407407407406
0 0.6861979166666666 0.2712962962962963 0.008854166666666666 0.03333333333333333
0 0.5513020833333333 0.3703703703703704 0.015104166666666667 0.04814814814814815
0 0.5104166666666666 0.3699074074074074 0.010416666666666666 0.03425925925925926
0 0.52421875 0.2898148148148148 0.008854166666666666 0.040740740740740744
0 0.5013020833333334 0.3819444444444445 0.009895833333333333 0.04166666666666667
0 0.46380208333333334 0.34305555555555556 0.011979166666666666 0.05277777777777778
0 0.3325520833333333 0.43842592592592594 0.022395833333333334 0.062037037037037036
0 0.31875 0.6203703703703703 0.015625 0.07407407407407407
0 0.27890625 0.587962962962963 0.01614583333333333 0.05925925925925926
0 0.33515625 0.6958333333333334 0.0296875 0.06759259259259259
0 0.39453125 0.6810185185185186 0.01614583333333333 0.0787037037037037
0 0.4145833333333333 0.6157407407407408 0.019791666666666666 0.07592592592592592
0 0.2546875 0.6671296296296296 0.017708333333333333 0.07685185185185185
0 0.26067708333333334 0.8625 0.0265625 0.10277777777777779
0 0.18619791666666666 0.5097222222222222 0.0203125 0.05277777777777778
0 0.14765625 0.4486111111111111 0.019270833333333334 0.0638888888888889
0 0.17734375 0.3625 0.013020833333333334 0.04537037037037037
0 0.19817708333333334 0.3703703703703704 0.013020833333333334 0.05
0 0.17473958333333334 0.2337962962962963 0.009895833333333333 0.03796296296296296
0 0.21614583333333334 0.1564814814814815 0.00625 0.022222222222222223
0 0.20390624999999998 0.15 0.0067708333333333336 0.022222222222222223
0 0.19583333333333333 0.15231481481481482 0.007291666666666667 0.021296296296296296
0 0.19739583333333333 0.13796296296296298 0.00625 0.024074074074074074
0 0.20286458333333332 0.1337962962962963 0.0067708333333333336 0.028703703703703703
0 0.012239583333333333 0.41944444444444445 0.019270833333333334 0.06481481481481481
0 0.021614583333333333 0.3560185185185185 0.0109375 0.05648148148148149
0 0.014583333333333334 0.3476851851851852 0.010416666666666666 0.05648148148148149
0 0.28984375 0.675 0.0171875 0.07592592592592592
9 0.25859375 0.8731481481481482 0.0515625 0.07777777777777778
9 0.5541666666666667 0.37962962962962965 0.03125 0.040740740740740744
9 0.81640625 0.5527777777777778 0.018229166666666668 0.05925925925925926
9 0.7958333333333333 0.6212962962962963 0.020833333333333332 0.06481481481481481
9 0.95390625 0.24351851851851852 0.008854166666666666 0.03333333333333333
9 0.57265625 0.7814814814814816 0.0421875 0.07962962962962963
9 0.32890625 0.7041666666666667 0.0234375 0.08981481481481482
9 0.32265625 0.6263888888888889 0.04010416666666666 0.0638888888888889
9 0.1875 0.5263888888888889 0.022916666666666665 0.05277777777777778
9 0.14765625 0.45787037037037037 0.030729166666666665 0.03981481481481482
9 0.17369791666666667 0.23981481481481481 0.011979166666666666 0.02777777777777778
9 0.19505208333333332 0.15601851851851853 0.009895833333333333 0.02314814814814815
9 0.2046875 0.15787037037037038 0.009375 0.026851851851851852
9 0.9919270833333333 0.26805555555555555 0.008854166666666666 0.028703703703703703
0 0.99296875 0.26666666666666666 0.008854166666666666 0.02777777777777778
0 0.9940104166666667 0.2601851851851852 0.008854166666666666 0.03333333333333333
0 0.043229166666666666 0.25462962962962965 0.011458333333333333 0.0462962962962963
0 0.18385416666666665 0.11805555555555557 0.00625 0.030555555555555558
0 0.17473958333333334 0.11712962962962964 0.0067708333333333336 0.032407407407407406
0 0.10234375 0.24166666666666667 0.013020833333333334 0.02592592592592593
0 0.0921875 0.2449074074074074 0.013541666666666667 0.026851851851851852
0 0.08541666666666667 0.2449074074074074 0.014583333333333334 0.026851851851851852
0 0.07682291666666667 0.24675925925925926 0.015104166666666667 0.026851851851851852
0 0.06822916666666666 0.25 0.013541666666666667 0.02777777777777778
0 0.061718749999999996 0.2513888888888889 0.011979166666666666 0.032407407407407406
0 0.05546875 0.2523148148148148 0.011979166666666666 0.030555555555555558
2 0.13333333333333333 0.16574074074074074 0.008333333333333333 0.024074074074074074
2 0.21536458333333333 0.16620370370370371 0.005729166666666666 0.02314814814814815
2 0.81796875 0.19907407407407407 0.0078125 0.018518518518518517
2 0.8346354166666666 0.19583333333333333 0.0078125 0.019444444444444445
2 0.9065104166666667 0.1587962962962963 0.009895833333333333 0.017592592592592594
0 0.9075520833333334 0.15185185185185185 0.0067708333333333336 0.022222222222222223
0 0.85390625 0.1800925925925926 0.005729166666666666 0.02314814814814815
0 0.8351562499999999 0.18842592592592594 0.0067708333333333336 0.026851851851851852
0 0.8192708333333333 0.19166666666666668 0.008333333333333333 0.02777777777777778
0 0.8934895833333333 0.15092592592592594 0.005729166666666666 0.02962962962962963
0 0.88828125 0.15046296296296297 0.0067708333333333336 0.026851851851851852
0 0.9562499999999999 0.09675925925925927 0.005208333333333333 0.02314814814814815
0 0.9361979166666666 0.11527777777777778 0.005729166666666666 0.025
4 0.5307291666666667 0.22916666666666669 0.046875 0.05462962962962963
4 0.528125 0.19583333333333333 0.0375 0.03796296296296296
3 0.61953125 0.22175925925925927 0.04739583333333333 0.036111111111111115
3 0.68203125 0.1875 0.03802083333333333 0.04722222222222222
3 0.8486979166666666 0.14722222222222223 0.025520833333333333 0.024074074074074074
3 0.8651041666666667 0.13611111111111113 0.022916666666666665 0.022222222222222223
3 0.8768229166666667 0.12916666666666668 0.0203125 0.019444444444444445
3 0.8901041666666667 0.1212962962962963 0.019791666666666666 0.022222222222222223
3 0.8403645833333333 0.1087962962962963 0.0265625 0.025
3 0.8484375 0.10138888888888889 0.028125 0.021296296296296296
3 0.87265625 0.09444444444444444 0.0265625 0.024074074074074074
3 0.884375 0.08564814814814815 0.021875 0.021296296296296296
0 0.9203125 0.3037037037037037 0.009375 0.03518518518518519
0 0.9880208333333333 0.19583333333333333 0.007291666666666667 0.032407407407407406
0 0.9651041666666667 0.20555555555555557 0.00625 0.02962962962962963
