3 0.4375 0.7351851851851852 0.057291666666666664 0.10740740740740741
3 0.46796875 0.5805555555555556 0.03697916666666667 0.04814814814814815
3 0.45078124999999997 0.4828703703703704 0.021354166666666667 0.021296296296296296
3 0.44557291666666665 0.46851851851851856 0.019270833333333334 0.016666666666666666
3 0.6036458333333333 0.4851851851851852 0.021875 0.024074074074074074
3 0.584375 0.4810185185185185 0.02395833333333333 0.021296296296296296
3 0.56796875 0.4763888888888889 0.021354166666666667 0.021296296296296296
3 0.6361979166666667 0.4930555555555556 0.028645833333333332 0.025
8 0.51015625 0.4814814814814815 0.0328125 0.04814814814814815
0 0.371875 0.5518518518518519 0.00625 0.04259259259259259
0 0.37734375 0.549537037037037 0.005729166666666666 0.03981481481481482
0 0.3190104166666667 0.5699074074074074 0.0078125 0.04537037037037037
0 0.43385416666666665 0.4828703703703704 0.003125 0.02314814814814815
5 0.4 0.46944444444444444 0.021875 0.022222222222222223
6 0.45598958333333334 0.4939814814814815 0.0171875 0.028703703703703703
5 0.59453125 0.350462962962963 0.0390625 0.028703703703703703
