3 0.5052083333333334 0.5912037037037037 0.021875 0.04166666666666667
3 0.475 0.6050925925925926 0.02395833333333333 0.03796296296296296
3 0.46901041666666665 0.6523148148148148 0.0328125 0.05092592592592593
9 0.4114583333333333 0.7171296296296297 0.017708333333333333 0.05092592592592593
1 0.4127604166666667 0.7046296296296296 0.015104166666666667 0.061111111111111116
0 0.203125 0.9439814814814815 0.03125 0.11203703703703705
2 0.18229166666666666 0.9398148148148149 0.051041666666666666 0.10185185185185186
9 0.24479166666666666 0.8648148148148148 0.04583333333333333 0.08148148148148149
3 0.51015625 0.6370370370370371 0.0296875 0.053703703703703705
3 0.4739583333333333 0.7819444444444444 0.058333333333333334 0.11203703703703705
0 0.7067708333333333 0.7740740740740741 0.009375 0.07037037037037037
6 0.6393229166666666 0.9050925925925927 0.0671875 0.16203703703703703
1 0.6533854166666666 0.8967592592592593 0.05260416666666667 0.0712962962962963
1 0.6364583333333333 0.8615740740740742 0.017708333333333333 0.049074074074074076
1 0.6182291666666666 0.8634259259259259 0.017708333333333333 0.049074074074074076
2 0.615625 0.7402777777777778 0.013541666666666667 0.05277777777777778
1 0.615625 0.7231481481481482 0.014583333333333334 0.061111111111111116
2 0.72109375 0.6444444444444445 0.024479166666666666 0.03333333333333333
2 0.7432291666666666 0.6569444444444444 0.027083333333333334 0.030555555555555558
0 0.7466145833333333 0.6518518518518519 0.0078125 0.044444444444444446
2 0.53671875 0.6435185185185185 0.008854166666666666 0.03333333333333333
1 0.53828125 0.6351851851851852 0.0067708333333333336 0.03518518518518519
9 0.5421875 0.6185185185185186 0.007291666666666667 0.022222222222222223
1 0.54296875 0.6111111111111112 0.005729166666666666 0.02777777777777778
2 0.5510416666666667 0.6444444444444445 0.009375 0.03333333333333333
1 0.5510416666666667 0.6337962962962963 0.008333333333333333 0.03981481481481482
2 0.5630208333333333 0.6444444444444445 0.009375 0.03333333333333333
1 0.5638020833333334 0.6351851851851852 0.0078125 0.040740740740740744
2 0.5744791666666667 0.6337962962962963 0.021875 0.026851851851851852
1 0.5760416666666667 0.625462962962963 0.009375 0.03981481481481482
0 0.5729166666666666 0.6162037037037037 0.005208333333333333 0.03425925925925926
2 0.6192708333333333 0.6467592592592593 0.022916666666666665 0.026851851851851852
1 0.6197916666666666 0.638425925925926 0.0125 0.036111111111111115
2 0.615625 0.6393518518518518 0.01875 0.021296296296296296
1 0.6182291666666666 0.625925925925926 0.009375 0.031481481481481485
