0 0.18229166666666666 0.4518518518518519 0.020833333333333332 0.05555555555555556
0 0.14375 0.44722222222222224 0.01875 0.05740740740740741
0 0.08489583333333334 0.32222222222222224 0.019791666666666666 0.05185185185185186
0 0.09322916666666667 0.3175925925925926 0.021875 0.061111111111111116
0 0.5177083333333333 0.7212962962962963 0.016666666666666666 0.061111111111111116
0 0.4921875 0.7064814814814815 0.013541666666666667 0.053703703703703705
0 0.484375 0.6675925925925926 0.014583333333333334 0.053703703703703705
0 0.634375 0.7574074074074074 0.01875 0.06296296296296297
0 0.7942708333333334 0.8583333333333334 0.028125 0.05740740740740741
0 0.8145833333333333 0.8805555555555555 0.029166666666666667 0.05740740740740741
0 0.9265625 0.6398148148148148 0.026041666666666668 0.061111111111111116
0 0.7114583333333333 0.6055555555555556 0.014583333333333334 0.06666666666666667
0 0.7020833333333333 0.5861111111111111 0.016666666666666666 0.05740740740740741
0 0.6057291666666667 0.537962962962963 0.015625 0.053703703703703705
0 0.5791666666666666 0.5314814814814816 0.020833333333333332 0.05925925925925926
0 0.6197916666666666 0.4342592592592593 0.014583333333333334 0.05740740740740741
0 0.8072916666666666 0.40555555555555556 0.020833333333333332 0.044444444444444446
0 0.9833333333333333 0.46574074074074073 0.022916666666666665 0.05740740740740741
0 0.9151041666666666 0.26481481481481484 0.017708333333333333 0.05185185185185186
0 0.7515625 0.3666666666666667 0.015625 0.05185185185185186
0 0.7291666666666666 0.3462962962962963 0.014583333333333334 0.05185185185185186
0 0.8223958333333333 0.18611111111111112 0.017708333333333333 0.0462962962962963
0 0.8364583333333333 0.19074074074074074 0.016666666666666666 0.040740740740740744
0 0.7041666666666666 0.2 0.010416666666666666 0.04814814814814815
0 0.7270833333333333 0.14351851851851852 0.010416666666666666 0.02777777777777778
0 0.7598958333333333 0.11851851851851852 0.011458333333333333 0.037037037037037035
0 0.5078125 0.3925925925925926 0.011458333333333333 0.05185185185185186
0 0.5708333333333333 0.3666666666666667 0.0125 0.05185185185185186
0 0.553125 0.33796296296296297 0.010416666666666666 0.0462962962962963
0 0.5807291666666666 0.3074074074074074 0.009375 0.04814814814814815
0 0.590625 0.26481481481481484 0.010416666666666666 0.04814814814814815
0 0.6223958333333334 0.24444444444444446 0.009375 0.040740740740740744
0 0.6223958333333334 0.19351851851851853 0.011458333333333333 0.0462962962962963
0 0.6661458333333333 0.10833333333333334 0.011458333333333333 0.04259259259259259
0 0.49166666666666664 0.29074074074074074 0.010416666666666666 0.04814814814814815
0 0.5348958333333333 0.24629629629629632 0.007291666666666667 0.044444444444444446
0 0.5734375 0.20185185185185187 0.009375 0.040740740740740744
0 0.5973958333333333 0.17685185185185187 0.009375 0.04259259259259259
0 0.6223958333333334 0.12592592592592594 0.009375 0.040740740740740744
0 0.6385416666666667 0.07962962962962963 0.008333333333333333 0.037037037037037035
0 0.8645833333333334 0.09351851851851853 0.0125 0.03518518518518519
0 0.8739583333333333 0.09722222222222222 0.0125 0.03518518518518519
0 0.86875 0.01388888888888889 0.016666666666666666 0.02777777777777778
0 0.43906249999999997 0.287962962962963 0.009375 0.0462962962962963
0 0.45989583333333334 0.26296296296296295 0.007291666666666667 0.040740740740740744
0 0.4786458333333333 0.24166666666666667 0.009375 0.03888888888888889
0 0.4864583333333333 0.21944444444444444 0.010416666666666666 0.03888888888888889
0 0.5078125 0.20185185185185187 0.007291666666666667 0.04814814814814815
0 0.5255208333333333 0.17222222222222222 0.009375 0.044444444444444446
0 0.5401041666666666 0.15833333333333333 0.009375 0.03518518518518519
0 0.5572916666666666 0.13148148148148148 0.010416666666666666 0.040740740740740744
0 0.5703125 0.11111111111111112 0.009375 0.040740740740740744
0 0.39947916666666666 0.2518518518518519 0.009375 0.05185185185185186
0 0.42291666666666666 0.22870370370370371 0.008333333333333333 0.04259259259259259
0 0.44635416666666666 0.20277777777777778 0.011458333333333333 0.04259259259259259
0 0.46458333333333335 0.17685185185185187 0.008333333333333333 0.04259259259259259
0 0.48333333333333334 0.1564814814814815 0.008333333333333333 0.03888888888888889
0 0.5015625 0.1398148148148148 0.009375 0.03888888888888889
0 0.515625 0.11944444444444445 0.008333333333333333 0.03518518518518519
0 0.5395833333333333 0.10555555555555556 0.010416666666666666 0.022222222222222223
0 0.5348958333333333 0.062037037037037036 0.007291666666666667 0.03518518518518519
0 0.5973958333333333 0.06944444444444445 0.011458333333333333 0.031481481481481485
0 0.5864583333333333 0.049074074074074076 0.008333333333333333 0.02777777777777778
0 0.5744791666666667 0.024074074074074074 0.007291666666666667 0.040740740740740744
0 0.5838541666666667 0.020370370370370372 0.011458333333333333 0.037037037037037035
0 0.6203125 0.09074074074074075 0.009375 0.02962962962962963
0 0.63125 0.049074074074074076 0.008333333333333333 0.02777777777777778
0 0.6401041666666667 0.05185185185185186 0.009375 0.03333333333333333
0 0.6520833333333333 0.053703703703703705 0.010416666666666666 0.037037037037037035
0 0.6598958333333333 0.05185185185185186 0.011458333333333333 0.044444444444444446
0 0.42343749999999997 0.12407407407407407 0.011458333333333333 0.044444444444444446
0 0.3458333333333333 0.12407407407407407 0.008333333333333333 0.044444444444444446
2 0.3921875 0.0925925925925926 0.02395833333333333 0.018518518518518517
0 0.14010416666666667 0.16296296296296298 0.017708333333333333 0.044444444444444446
0 0.10260416666666666 0.15925925925925927 0.011458333333333333 0.04814814814814815
0 0.1140625 0.15092592592592594 0.015625 0.04259259259259259
0 0.0890625 0.1388888888888889 0.017708333333333333 0.040740740740740744
0 0.09114583333333333 0.12037037037037038 0.017708333333333333 0.037037037037037035
0 0.016666666666666666 0.10462962962962963 0.016666666666666666 0.03888888888888889
0 0.18697916666666667 0.11388888888888889 0.015625 0.04259259259259259
0 0.1296875 0.09537037037037037 0.011458333333333333 0.04259259259259259
2 0.39947916666666666 0.05277777777777778 0.019791666666666666 0.020370370370370372
1 0.3989583333333333 0.04166666666666667 0.008333333333333333 0.024074074074074074
0 0.33177083333333335 0.08240740740740742 0.009375 0.0462962962962963
0 0.31614583333333335 0.075 0.007291666666666667 0.04259259259259259
0 0.3234375 0.07962962962962963 0.007291666666666667 0.044444444444444446
0 0.371875 0.036111111111111115 0.010416666666666666 0.03518518518518519
1 0.3765625 0.025 0.011458333333333333 0.020370370370370372
0 0.2708333333333333 0.08148148148148149 0.010416666666666666 0.037037037037037035
0 0.26145833333333335 0.08333333333333334 0.010416666666666666 0.040740740740740744
0 0.005729166666666666 0.1277777777777778 0.011458333333333333 0.040740740740740744
0 0.30625 0.02592592592592593 0.010416666666666666 0.03333333333333333
0 0.2505208333333333 0.07037037037037037 0.009375 0.040740740740740744
0 0.24427083333333333 0.06666666666666667 0.009375 0.040740740740740744
0 0.32916666666666666 0.01388888888888889 0.010416666666666666 0.02777777777777778
0 0.2682291666666667 0.012962962962962964 0.009375 0.02592592592592593
0 0.23020833333333332 0.05277777777777778 0.014583333333333334 0.04259259259259259
0 0.2515625 0.012037037037037037 0.009375 0.024074074074074074
0 0.24010416666666667 0.017592592592592594 0.011458333333333333 0.03518518518518519
0 0.2296875 0.028703703703703703 0.011458333333333333 0.03518518518518519
0 0.21614583333333334 0.024074074074074074 0.013541666666666667 0.02962962962962963
0 0.21041666666666667 0.06759259259259259 0.0125 0.03888888888888889
0 0.2109375 0.044444444444444446 0.011458333333333333 0.037037037037037035
1 0.2015625 0.06944444444444445 0.011458333333333333 0.024074074074074074
0 0.20104166666666667 0.018518518518518517 0.008333333333333333 0.037037037037037035
0 0.19375 0.03796296296296296 0.0125 0.0462962962962963
0 0.18125 0.03425925925925926 0.010416666666666666 0.04259259259259259
0 0.16927083333333334 0.02592592592592593 0.013541666666666667 0.037037037037037035
0 0.15364583333333334 0.019444444444444445 0.013541666666666667 0.03518518518518519
0 0.14114583333333333 0.015740740740740743 0.013541666666666667 0.031481481481481485
0 0.1265625 0.011111111111111112 0.011458333333333333 0.022222222222222223
0 0.19010416666666666 0.07592592592592592 0.011458333333333333 0.037037037037037035
0 0.184375 0.07222222222222223 0.010416666666666666 0.03333333333333333
0 0.178125 0.08796296296296297 0.010416666666666666 0.03518518518518519
0 0.17760416666666667 0.07222222222222223 0.013541666666666667 0.03333333333333333
0 0.1640625 0.0787037037037037 0.009375 0.03888888888888889
0 0.16197916666666667 0.06574074074074074 0.011458333333333333 0.03888888888888889
0 0.14270833333333333 0.06018518518518519 0.014583333333333334 0.03888888888888889
0 0.13385416666666666 0.06296296296296297 0.009375 0.037037037037037035
0 0.12343749999999999 0.07222222222222223 0.013541666666666667 0.03333333333333333
0 0.11197916666666667 0.06759259259259259 0.013541666666666667 0.03518518518518519
0 0.10885416666666667 0.02777777777777778 0.011458333333333333 0.02592592592592593
0 0.10052083333333334 0.0638888888888889 0.011458333333333333 0.03518518518518519
0 0.09427083333333333 0.061111111111111116 0.011458333333333333 0.03333333333333333
0 0.090625 0.02962962962962963 0.014583333333333334 0.02962962962962963
2 0.08229166666666667 0.07037037037037037 0.022916666666666665 0.02592592592592593
0 0.07760416666666667 0.06018518518518519 0.011458333333333333 0.031481481481481485
0 0.07864583333333333 0.049074074074074076 0.011458333333333333 0.031481481481481485
0 0.06510416666666667 0.05925925925925926 0.011458333333333333 0.037037037037037035
0 0.0671875 0.04351851851851852 0.013541666666666667 0.03518518518518519
0 0.06302083333333333 0.08981481481481482 0.011458333333333333 0.024074074074074074
