6 0.73125 0.680392156862745 0.05367647058823529 0.11895424836601307
9 0.680514705882353 0.7692810457516339 0.028676470588235293 0.06405228758169934
3 0.6915441176470588 0.8810457516339869 0.05514705882352941 0.15424836601307187
0 0.12683823529411764 0.9254901960784313 0.02426470588235294 0.09673202614379084
0 0.3650735294117647 0.6006535947712418 0.015441176470588236 0.07450980392156863
3 0.3367647058823529 0.615032679738562 0.06911764705882353 0.1477124183006536
9 0.19669117647058823 0.42156862745098034 0.016911764705882352 0.04836601307189542
9 0.22830882352941176 0.35359477124183003 0.013970588235294117 0.03529411764705882
0 0.2514705882352941 0.22091503267973855 0.007352941176470588 0.03660130718954248
0 0.23419117647058824 0.230718954248366 0.011029411764705881 0.04052287581699346
1 0.22941176470588234 0.2392156862745098 0.0058823529411764705 0.02091503267973856
0 0.23566176470588235 0.22156862745098038 0.008088235294117646 0.0457516339869281
0 0.23051470588235293 0.22614379084967318 0.008088235294117646 0.0392156862745098
3 0.2841911764705882 0.3006535947712418 0.07279411764705883 0.04444444444444444
9 0.39044117647058824 0.5261437908496732 0.013235294117647059 0.04836601307189542
1 0.38823529411764707 0.5104575163398692 0.013235294117647059 0.05359477124183006
3 0.4334558823529412 0.4013071895424836 0.0375 0.08104575163398692
4 0.4091911764705882 0.2529411764705882 0.028676470588235293 0.06666666666666667
4 0.37463235294117647 0.15555555555555556 0.025735294117647058 0.04967320261437908
1 0.2375 0.1457516339869281 0.008823529411764706 0.02483660130718954
0 0.24779411764705883 0.11568627450980391 0.007352941176470588 0.03006535947712418
4 0.2647058823529412 0.03660130718954248 0.016176470588235292 0.0261437908496732
3 0.28198529411764706 0.027450980392156862 0.021323529411764706 0.023529411764705882
3 0.2908088235294118 0.03856209150326797 0.021323529411764706 0.02222222222222222
3 0.2849264705882353 0.01045751633986928 0.015441176470588236 0.01830065359477124
3 0.31948529411764703 0.03333333333333333 0.01838235294117647 0.02222222222222222
0 0.33051470588235293 0.03006535947712418 0.003676470588235294 0.01830065359477124
0 0.3235294117647059 0.011764705882352941 0.0029411764705882353 0.01830065359477124
1 0.3536764705882353 0.01764705882352941 0.0058823529411764705 0.01699346405228758
1 0.2713235294117647 0.00980392156862745 0.004411764705882353 0.01699346405228758
0 0.24227941176470588 0.03594771241830065 0.006617647058823529 0.02222222222222222
3 0.3584558823529412 0.09738562091503267 0.028676470588235293 0.03529411764705882
3 0.38823529411764707 0.12352941176470587 0.025 0.0326797385620915
3 0.40625 0.1522875816993464 0.028676470588235293 0.03790849673202614
9 0.36875 0.25163398692810457 0.009558823529411765 0.03006535947712418
1 0.36875 0.2392156862745098 0.009558823529411765 0.02875816993464052
9 0.3830882352941176 0.24052287581699344 0.007352941176470588 0.02875816993464052
1 0.38235294117647056 0.23006535947712417 0.008823529411764706 0.03137254901960784
3 0.4463235294117647 0.20718954248366012 0.029411764705882353 0.043137254901960784
3 0.47830882352941173 0.3006535947712418 0.03161764705882353 0.0522875816993464
3 0.49411764705882355 0.3830065359477124 0.03676470588235294 0.065359477124183
3 0.5077205882352941 0.4718954248366013 0.04191176470588235 0.0784313725490196
3 0.5658088235294118 0.515032679738562 0.04338235294117647 0.0784313725490196
3 0.5099264705882353 0.696078431372549 0.05073529411764706 0.12941176470588234
6 0.5371323529411764 0.569281045751634 0.030147058823529412 0.07973856209150326
1 0.5341911764705882 0.5483660130718954 0.0125 0.03529411764705882
3 0.6121323529411765 0.49542483660130715 0.04485294117647059 0.09673202614379084
6 0.6165441176470589 0.39738562091503266 0.06102941176470588 0.054901960784313725
0 0.5591911764705882 0.36928104575163395 0.009558823529411765 0.050980392156862744
0 0.5669117647058823 0.37516339869281046 0.007352941176470588 0.0392156862745098
0 0.6022058823529411 0.35424836601307186 0.011764705882352941 0.03398692810457516
1 0.5897058823529412 0.3431372549019608 0.008823529411764706 0.03529411764705882
0 0.45551470588235293 0.13986928104575164 0.005147058823529412 0.03137254901960784
1 0.4838235294117647 0.1522875816993464 0.010294117647058823 0.02222222222222222
6 0.4834558823529412 0.2130718954248366 0.015441176470588236 0.03660130718954248
1 0.4827205882352941 0.20130718954248364 0.006617647058823529 0.02091503267973856
1 0.4801470588235294 0.20522875816993463 0.007352941176470588 0.02875816993464052
1 0.5139705882352941 0.19477124183006533 0.010294117647058823 0.023529411764705882
1 0.5488970588235293 0.2529411764705882 0.009558823529411765 0.02222222222222222
6 0.5558823529411765 0.23202614379084965 0.032352941176470584 0.03006535947712418
0 0.6727941176470588 0.15816993464052287 0.004411764705882353 0.02091503267973856
3 0.631985294117647 0.1326797385620915 0.03161764705882353 0.03790849673202614
3 0.6165441176470589 0.10784313725490195 0.025735294117647058 0.03006535947712418
0 0.6386029411764705 0.043137254901960784 0.005147058823529412 0.023529411764705882
3 0.538235294117647 0.06666666666666667 0.033823529411764704 0.023529411764705882
3 0.5158088235294117 0.054901960784313725 0.03308823529411765 0.02091503267973856
3 0.4742647058823529 0.0673202614379085 0.03676470588235294 0.02483660130718954
6 0.43272058823529413 0.09411764705882353 0.02426470588235294 0.023529411764705882
6 0.44338235294117645 0.060784313725490195 0.023529411764705882 0.0196078431372549
