4 0.79375 0.6784313725490195 0.07426470588235294 0.130718954248366
4 0.8621323529411764 0.6418300653594771 0.06985294117647059 0.10980392156862745
3 0.8220588235294117 0.5777777777777777 0.051470588235294115 0.06013071895424836
0 0.7301470588235294 0.5888888888888888 0.011764705882352941 0.05359477124183006
1 0.6602941176470588 0.8065359477124182 0.016176470588235292 0.047058823529411764
9 0.6591911764705882 0.8235294117647058 0.016911764705882352 0.06274509803921569
3 0.5136029411764705 0.42156862745098034 0.025735294117647058 0.0457516339869281
3 0.40661764705882353 0.35686274509803917 0.023529411764705882 0.047058823529411764
4 0.22647058823529412 0.5686274509803921 0.03823529411764706 0.0784313725490196
3 0.2426470588235294 0.522875816993464 0.047058823529411764 0.06274509803921569
3 0.26801470588235293 0.4718954248366013 0.03897058823529412 0.05751633986928104
4 0.31985294117647056 0.3464052287581699 0.045588235294117645 0.04444444444444444
1 0.37941176470588234 0.4679738562091503 0.008823529411764706 0.0392156862745098
2 0.3801470588235294 0.48235294117647054 0.007352941176470588 0.03398692810457516
3 0.3503676470588235 0.29084967320261434 0.022794117647058822 0.03529411764705882
3 0.36727941176470585 0.25555555555555554 0.019852941176470587 0.03006535947712418
3 0.38125 0.22483660130718952 0.01838235294117647 0.0261437908496732
3 0.35955882352941176 0.20392156862745098 0.033823529411764704 0.02091503267973856
3 0.4158088235294118 0.18627450980392155 0.028676470588235293 0.02222222222222222
3 0.4 0.14183006535947712 0.011764705882352941 0.0196078431372549
3 0.3125 0.3764705882352941 0.029411764705882353 0.054901960784313725
3 0.5352941176470588 0.2483660130718954 0.01764705882352941 0.0261437908496732
3 0.5305147058823529 0.21372549019607842 0.030147058823529412 0.02483660130718954
3 0.49963235294117647 0.2091503267973856 0.013970588235294117 0.02091503267973856
3 0.5113970588235294 0.18562091503267972 0.013970588235294117 0.02091503267973856
3 0.5080882352941176 0.161437908496732 0.011764705882352941 0.0196078431372549
3 0.4834558823529412 0.15947712418300652 0.0125 0.02091503267973856
3 0.649264705882353 0.30653594771241827 0.041176470588235294 0.04052287581699346
3 0.6474264705882353 0.28169934640522876 0.028676470588235293 0.027450980392156862
3 0.6194852941176471 0.2437908496732026 0.019852941176470587 0.03529411764705882
0 0.16323529411764706 0.5359477124183006 0.011764705882352941 0.047058823529411764
0 0.17610294117647057 0.5333333333333333 0.008088235294117646 0.04444444444444444
9 0.28198529411764706 0.37516339869281046 0.013970588235294117 0.03398692810457516
0 0.3492647058823529 0.3418300653594771 0.0058823529411764705 0.0326797385620915
0 0.3529411764705882 0.34117647058823525 0.0058823529411764705 0.03398692810457516
3 0.3992647058823529 0.1261437908496732 0.010294117647058823 0.01699346405228758
0 0.4389705882352941 0.23267973856209148 0.0058823529411764705 0.0261437908496732
0 0.4319852941176471 0.23398692810457514 0.005147058823529412 0.023529411764705882
0 0.41213235294117645 0.20784313725490194 0.003676470588235294 0.01830065359477124
0 0.4150735294117647 0.2091503267973856 0.003676470588235294 0.01830065359477124
1 0.5400735294117647 0.2803921568627451 0.005147058823529412 0.01699346405228758
1 0.5400735294117647 0.27581699346405225 0.003676470588235294 0.01830065359477124
9 0.5400735294117647 0.28366013071895424 0.005147058823529412 0.023529411764705882
3 0.5080882352941176 0.1241830065359477 0.008823529411764706 0.0130718954248366
3 0.4988970588235294 0.10326797385620914 0.01838235294117647 0.0130718954248366
3 0.5147058823529411 0.10326797385620914 0.01764705882352941 0.0130718954248366
3 0.5073529411764706 0.11568627450980391 0.010294117647058823 0.011764705882352941
