0 0.2895833333333333 0.6907407407407408 0.041666666666666664 0.17407407407407408
2 0.7833333333333333 0.5657407407407408 0.03958333333333333 0.13518518518518519
0 0.5083333333333333 0.4712962962962963 0.027083333333333334 0.1537037037037037
0 0.3229166666666667 0.30648148148148147 0.029166666666666667 0.09814814814814815
0 0.43697916666666664 0.35185185185185186 0.030208333333333334 0.11111111111111112
0 0.490625 0.40092592592592596 0.027083333333333334 0.12407407407407407
0 0.6177083333333333 0.18703703703703706 0.014583333333333334 0.07037037037037037
0 0.6635416666666667 0.4083333333333333 0.035416666666666666 0.1425925925925926
0 0.5510416666666667 0.3740740740740741 0.027083333333333334 0.12222222222222223
0 0.5765625 0.362962962962963 0.019791666666666666 0.11481481481481481
0 0.5635416666666666 0.34814814814814815 0.025 0.11851851851851852
0 0.6885416666666666 0.3740740740740741 0.03125 0.11481481481481481
0 0.765625 0.4314814814814815 0.029166666666666667 0.14444444444444446
0 0.7963541666666667 0.3990740740740741 0.028125 0.1277777777777778
0 0.8239583333333333 0.3 0.022916666666666665 0.10740740740740741
0 0.8651041666666667 0.36574074074074076 0.021875 0.12037037037037038
0 0.8901041666666667 0.32592592592592595 0.026041666666666668 0.1
1 0.8932291666666666 0.30462962962962964 0.03229166666666666 0.05740740740740741
1 0.9005208333333333 0.2916666666666667 0.026041666666666668 0.053703703703703705
0 0.896875 0.20370370370370372 0.016666666666666666 0.06666666666666667
0 0.8666666666666667 0.18703703703703706 0.014583333333333334 0.07037037037037037
9 0.94375 0.22777777777777777 0.014583333333333334 0.04814814814814815
0 0.9901041666666667 0.2101851851851852 0.017708333333333333 0.06851851851851852
0 0.9770833333333333 0.2 0.01875 0.06666666666666667
9 0.9697916666666666 0.1824074074074074 0.020833333333333332 0.031481481481481485
0 0.8859374999999999 0.15925925925925927 0.015625 0.05185185185185186
0 0.8953125 0.14351851851851852 0.011458333333333333 0.0462962962962963
0 0.90625 0.1388888888888889 0.010416666666666666 0.05185185185185186
0 0.9880208333333333 0.13425925925925927 0.011458333333333333 0.0462962962962963
0 0.6411458333333333 0.10092592592592593 0.009375 0.0462962962962963
0 0.7338541666666667 0.22037037037037038 0.019791666666666666 0.08148148148148149
0 0.7572916666666667 0.23148148148148148 0.016666666666666666 0.08518518518518518
0 0.7604166666666666 0.2111111111111111 0.0125 0.08518518518518518
0 0.7526041666666666 0.20555555555555557 0.009375 0.07777777777777778
0 0.8005208333333333 0.2388888888888889 0.021875 0.08518518518518518
0 0.8052083333333333 0.2138888888888889 0.014583333333333334 0.07222222222222223
0 0.7885416666666667 0.20833333333333334 0.014583333333333334 0.07962962962962963
0 0.7947916666666667 0.1851851851851852 0.0125 0.07777777777777778
0 0.6119791666666666 0.09907407407407408 0.013541666666666667 0.05
0 0.5994791666666667 0.09074074074074075 0.007291666666666667 0.044444444444444446
1 0.5885416666666666 0.08703703703703704 0.008333333333333333 0.018518518518518517
0 0.40625 0.21574074074074076 0.020833333333333332 0.07592592592592592
0 0.4734375 0.1787037037037037 0.013541666666666667 0.06851851851851852
0 0.5671875 0.10185185185185186 0.009375 0.044444444444444446
0 0.5677083333333334 0.09351851851851853 0.008333333333333333 0.04259259259259259
0 0.5645833333333333 0.09074074074074075 0.00625 0.04814814814814815
0 0.5515625 0.06759259259259259 0.007291666666666667 0.03888888888888889
0 0.5489583333333333 0.09537037037037037 0.008333333333333333 0.0462962962962963
0 0.5546875 0.08796296296296297 0.009375 0.04259259259259259
0 0.5177083333333333 0.1388888888888889 0.01875 0.05925925925925926
1 0.5015625 0.13148148148148148 0.021875 0.02962962962962963
0 0.4984375 0.10462962962962963 0.011458333333333333 0.05
9 0.46770833333333334 0.06018518518518519 0.020833333333333332 0.024074074074074074
1 0.4817708333333333 0.062037037037037036 0.007291666666666667 0.020370370370370372
0 0.5083333333333333 0.06944444444444445 0.008333333333333333 0.03888888888888889
1 0.5125 0.08148148148148149 0.008333333333333333 0.02962962962962963
1 0.51875 0.08240740740740742 0.008333333333333333 0.031481481481481485
1 0.5223958333333333 0.08055555555555556 0.007291666666666667 0.031481481481481485
0 0.475 0.10648148148148148 0.010416666666666666 0.053703703703703705
0 0.46510416666666665 0.10370370370370371 0.007291666666666667 0.044444444444444446
1 0.465625 0.125 0.0125 0.031481481481481485
0 0.0609375 0.08240740740740742 0.013541666666666667 0.04259259259259259
0 0.08072916666666667 0.07222222222222223 0.011458333333333333 0.040740740740740744
0 0.065625 0.058333333333333334 0.008333333333333333 0.03888888888888889
0 0.10364583333333333 0.08333333333333334 0.009375 0.044444444444444446
0 0.134375 0.04814814814814815 0.010416666666666666 0.03333333333333333
0 0.16979166666666667 0.03518518518518519 0.004166666666666667 0.02962962962962963
1 0.14427083333333332 0.03888888888888889 0.007291666666666667 0.018518518518518517
1 0.15416666666666667 0.075 0.00625 0.020370370370370372
0 0.024479166666666666 0.23796296296296296 0.021875 0.07962962962962963
0 0.011979166666666666 0.225 0.019791666666666666 0.09074074074074075
0 0.027604166666666666 0.16574074074074074 0.021875 0.06851851851851852
2 0.025 0.21296296296296297 0.03333333333333333 0.05555555555555556
0 0.050520833333333334 0.21296296296296297 0.017708333333333333 0.07777777777777778
0 0.05260416666666667 0.19722222222222224 0.026041666666666668 0.07592592592592592
0 0.07083333333333333 0.2388888888888889 0.01875 0.08518518518518518
0 0.10260416666666666 0.13518518518518519 0.011458333333333333 0.06296296296296297
1 0.09270833333333334 0.17685185185185187 0.016666666666666666 0.04259259259259259
1 0.10260416666666666 0.16944444444444445 0.017708333333333333 0.04259259259259259
0 0.11666666666666667 0.21203703703703705 0.016666666666666666 0.08333333333333334
0 0.134375 0.22962962962962963 0.022916666666666665 0.08518518518518518
0 0.14427083333333332 0.20833333333333334 0.019791666666666666 0.07962962962962963
0 0.16770833333333332 0.1212962962962963 0.008333333333333333 0.053703703703703705
0 0.178125 0.17314814814814816 0.016666666666666666 0.06481481481481481
0 0.1859375 0.20462962962962963 0.013541666666666667 0.07962962962962963
0 0.19427083333333334 0.11296296296296297 0.015625 0.04814814814814815
0 0.3020833333333333 0.19074074074074074 0.020833333333333332 0.07037037037037037
0 0.2265625 0.11944444444444445 0.019791666666666666 0.05
0 0.23333333333333334 0.12222222222222223 0.010416666666666666 0.044444444444444446
0 0.24322916666666666 0.1175925925925926 0.013541666666666667 0.053703703703703705
0 0.24687499999999998 0.1175925925925926 0.020833333333333332 0.0462962962962963
0 0.2505208333333333 0.10740740740740741 0.011458333333333333 0.05555555555555556
0 0.25416666666666665 0.09907407407407408 0.010416666666666666 0.05
0 0.2890625 0.08888888888888889 0.009375 0.044444444444444446
0 0.2661458333333333 0.05555555555555556 0.007291666666666667 0.037037037037037035
1 0.2546875 0.19351851851851853 0.015625 0.03518518518518519
1 0.24687499999999998 0.18888888888888888 0.01875 0.03333333333333333
0 0.3026041666666667 0.15185185185185185 0.015625 0.06296296296296297
1 0.3171875 0.10555555555555556 0.011458333333333333 0.022222222222222223
0 0.3234375 0.08518518518518518 0.009375 0.037037037037037035
0 0.3171875 0.07777777777777778 0.007291666666666667 0.03333333333333333
0 0.403125 0.16111111111111112 0.020833333333333332 0.07777777777777778
0 0.42916666666666664 0.13518518518518519 0.0125 0.05555555555555556
1 0.4359375 0.11944444444444445 0.009375 0.02777777777777778
0 0.42135416666666664 0.1212962962962963 0.011458333333333333 0.05740740740740741
0 0.42864583333333334 0.062037037037037036 0.005208333333333333 0.03518518518518519
1 0.4296875 0.08518518518518518 0.007291666666666667 0.022222222222222223
0 0.403125 0.13333333333333333 0.014583333333333334 0.05555555555555556
0 0.359375 0.14351851851851852 0.0125 0.06851851851851852
0 0.3765625 0.125 0.013541666666666667 0.07592592592592592
0 0.3911458333333333 0.12037037037037038 0.011458333333333333 0.05925925925925926
0 0.38229166666666664 0.11388888888888889 0.008333333333333333 0.03518518518518519
0 0.35885416666666664 0.09537037037037037 0.007291666666666667 0.0462962962962963
0 0.3463541666666667 0.08703703703703704 0.015625 0.040740740740740744
1 0.3375 0.10277777777777779 0.010416666666666666 0.02777777777777778
1 0.34479166666666666 0.10740740740740741 0.0125 0.02592592592592593
1 0.35520833333333335 0.11111111111111112 0.010416666666666666 0.02592592592592593
1 0.3625 0.11018518518518519 0.0125 0.02777777777777778
