4 0.20477941176470588 0.8006535947712418 0.05073529411764706 0.16078431372549018
3 0.45992647058823527 0.7986928104575163 0.0375 0.10718954248366012
3 0.4360294117647059 0.684313725490196 0.045588235294117645 0.07450980392156863
0 0.4661764705882353 0.6993464052287581 0.014705882352941176 0.0522875816993464
3 0.5672794117647059 0.7464052287581698 0.04632352941176471 0.09934640522875816
0 0.54375 0.7424836601307189 0.011029411764705881 0.047058823529411764
3 0.6977941176470588 0.7209150326797386 0.060294117647058824 0.0849673202614379
0 0.506985294117647 0.6967320261437908 0.008088235294117646 0.04444444444444444
0 0.5158088235294117 0.6692810457516339 0.009558823529411765 0.04183006535947712
3 0.5227941176470589 0.6529411764705881 0.04852941176470588 0.07973856209150326
3 0.63125 0.6117647058823529 0.04191176470588235 0.06013071895424836
3 0.7860294117647059 0.9477124183006536 0.08823529411764705 0.0915032679738562
5 0.9588235294117647 0.6509803921568627 0.08235294117647059 0.10980392156862745
3 0.8591911764705882 0.5424836601307189 0.03161764705882353 0.05751633986928104
3 0.9746323529411764 0.5176470588235293 0.05073529411764706 0.0392156862745098
3 0.8735294117647059 0.46535947712418296 0.052941176470588235 0.054901960784313725
3 0.7852941176470588 0.4718954248366013 0.025 0.054901960784313725
4 0.8216911764705882 0.41045751633986927 0.04338235294117647 0.06013071895424836
5 0.7051470588235293 0.44509803921568625 0.1161764705882353 0.09542483660130718
4 0.6797794117647059 0.42222222222222217 0.0375 0.04183006535947712
3 0.6540441176470588 0.41241830065359475 0.04779411764705882 0.0457516339869281
3 0.6143382352941177 0.37124183006535943 0.04044117647058824 0.04967320261437908
3 0.7066176470588236 0.357516339869281 0.033823529411764704 0.043137254901960784
3 0.7316176470588235 0.3529411764705882 0.041176470588235294 0.0392156862745098
3 0.6452205882352942 0.32614379084967315 0.04632352941176471 0.0326797385620915
4 0.6599264705882353 0.3111111111111111 0.03602941176470588 0.03660130718954248
3 0.7790441176470588 0.2901960784313725 0.03455882352941177 0.03660130718954248
3 0.11544117647058823 0.2594771241830065 0.01911764705882353 0.03529411764705882
0 0.07977941176470588 0.25163398692810457 0.006617647058823529 0.027450980392156862
1 0.07757352941176471 0.26274509803921564 0.008088235294117646 0.01568627450980392
3 0.10110294117647059 0.24444444444444444 0.04485294117647059 0.0261437908496732
3 0.06911764705882353 0.21372549019607842 0.045588235294117645 0.027450980392156862
6 0.03051470588235294 0.20522875816993463 0.027205882352941177 0.02091503267973856
1 0.02536764705882353 0.19869281045751633 0.006617647058823529 0.01830065359477124
3 0.1275735294117647 0.20980392156862743 0.025735294117647058 0.02483660130718954
6 0.08125 0.19477124183006533 0.019852941176470587 0.02091503267973856
2 0.11029411764705882 0.1980392156862745 0.014705882352941176 0.01699346405228758
1 0.11102941176470588 0.19215686274509802 0.0058823529411764705 0.02091503267973856
3 0.11948529411764705 0.17450980392156862 0.013970588235294117 0.027450980392156862
0 0.09264705882352942 0.18627450980392155 0.0058823529411764705 0.02222222222222222
3 0.09264705882352942 0.18235294117647058 0.026470588235294117 0.02483660130718954
3 0.05551470588235294 0.18235294117647058 0.03602941176470588 0.027450980392156862
6 0.4702205882352941 0.1568627450980392 0.02426470588235294 0.023529411764705882
4 0.47095588235294117 0.1503267973856209 0.027205882352941177 0.023529411764705882
3 0.47830882352941173 0.14640522875816991 0.022794117647058822 0.02091503267973856
3 0.49338235294117644 0.14444444444444443 0.01911764705882353 0.02222222222222222
3 0.5220588235294118 0.1437908496732026 0.013235294117647059 0.02091503267973856
3 0.5297794117647059 0.13398692810457516 0.025735294117647058 0.0196078431372549
0 0.49669117647058825 0.1326797385620915 0.003676470588235294 0.01437908496732026
0 0.05625 0.24967320261437906 0.006617647058823529 0.023529411764705882
1 0.03419117647058823 0.261437908496732 0.006617647058823529 0.01568627450980392
1 0.04522058823529412 0.25816993464052285 0.006617647058823529 0.01437908496732026
1 0.051470588235294115 0.2568627450980392 0.0058823529411764705 0.01699346405228758
1 0.06323529411764706 0.2568627450980392 0.0058823529411764705 0.01699346405228758
1 0.057352941176470586 0.257516339869281 0.007352941176470588 0.01830065359477124
0 0.003676470588235294 0.26666666666666666 0.0058823529411764705 0.0261437908496732
9 0.026470588235294117 0.25098039215686274 0.013235294117647059 0.01568627450980392
0 0.014705882352941176 0.2542483660130719 0.0058823529411764705 0.02222222222222222
0 0.07426470588235294 0.16274509803921566 0.007352941176470588 0.0196078431372549
1 0.08713235294117647 0.16470588235294117 0.006617647058823529 0.01568627450980392
0 0.09485294117647058 0.16209150326797384 0.0058823529411764705 0.02091503267973856
0 0.1025735294117647 0.15751633986928104 0.005147058823529412 0.02222222222222222
0 0.10110294117647059 0.16601307189542483 0.006617647058823529 0.02875816993464052
1 0.11029411764705882 0.16013071895424835 0.0058823529411764705 0.01437908496732026
1 0.06102941176470588 0.26666666666666666 0.007352941176470588 0.01830065359477124
