3 0.4636029411764706 0.2771241830065359 0.008088235294117646 0.01830065359477124
3 0.47316176470588234 0.27124183006535946 0.005147058823529412 0.01437908496732026
3 0.5727941176470588 0.18169934640522875 0.0058823529411764705 0.0130718954248366
3 0.600735294117647 0.26601307189542484 0.011764705882352941 0.02222222222222222
3 0.6169117647058824 0.2895424836601307 0.010294117647058823 0.02222222222222222
5 0.45955882352941174 0.24444444444444444 0.010294117647058823 0.03660130718954248
5 0.47573529411764703 0.43006535947712415 0.014705882352941176 0.0784313725490196
5 0.48970588235294116 0.44967320261437904 0.013235294117647059 0.03660130718954248
5 0.5058823529411764 0.4058823529411764 0.013235294117647059 0.058823529411764705
5 0.5147058823529411 0.4869281045751634 0.016176470588235292 0.05620915032679738
5 0.5198529411764706 0.5620915032679739 0.020588235294117647 0.10196078431372549
5 0.6481617647058824 0.4084967320261438 0.013970588235294117 0.03529411764705882
3 0.46433823529411766 0.30653594771241827 0.008088235294117646 0.0196078431372549
3 0.4742647058823529 0.2941176470588235 0.007352941176470588 0.02091503267973856
3 0.47058823529411764 0.32745098039215687 0.0058823529411764705 0.02483660130718954
3 0.4713235294117647 0.3607843137254902 0.007352941176470588 0.02091503267973856
3 0.4823529411764706 0.3130718954248366 0.007352941176470588 0.02483660130718954
3 0.4827205882352941 0.33856209150326794 0.008088235294117646 0.01830065359477124
3 0.4900735294117647 0.36928104575163395 0.008088235294117646 0.03006535947712418
3 0.4875 0.3954248366013072 0.008823529411764706 0.0196078431372549
3 0.4915441176470588 0.4235294117647059 0.006617647058823529 0.0261437908496732
3 0.48566176470588235 0.4836601307189542 0.005147058823529412 0.01830065359477124
3 0.4863970588235294 0.5091503267973856 0.009558823529411765 0.02483660130718954
3 0.4988970588235294 0.4947712418300653 0.008088235294117646 0.03006535947712418
3 0.4985294117647059 0.5261437908496732 0.008823529411764706 0.027450980392156862
3 0.5025735294117647 0.561437908496732 0.008088235294117646 0.0326797385620915
3 0.4915441176470588 0.5732026143790849 0.009558823529411765 0.0326797385620915
3 0.5018382352941176 0.5973856209150327 0.009558823529411765 0.03398692810457516
3 0.5014705882352941 0.6464052287581699 0.013235294117647059 0.03529411764705882
3 0.5558823529411765 0.9653594771241829 0.01911764705882353 0.0457516339869281
3 0.34705882352941175 0.9019607843137254 0.026470588235294117 0.04183006535947712
3 0.7055147058823529 0.9627450980392156 0.016911764705882352 0.043137254901960784
3 0.7952205882352941 0.7673202614379084 0.01838235294117647 0.04183006535947712
3 0.774264705882353 0.6908496732026144 0.01764705882352941 0.0326797385620915
3 0.7386029411764706 0.6490196078431372 0.015441176470588236 0.04052287581699346
3 0.5352941176470588 0.28823529411764703 0.008823529411764706 0.0196078431372549
3 0.4827205882352941 0.23464052287581696 0.008088235294117646 0.0196078431372549
3 0.5297794117647059 0.22549019607843135 0.008088235294117646 0.01699346405228758
3 0.5183823529411765 0.7202614379084967 0.010294117647058823 0.03660130718954248
3 0.5316176470588235 0.7091503267973855 0.014705882352941176 0.03529411764705882
3 0.5452205882352941 0.7366013071895424 0.013970588235294117 0.03790849673202614
0 0.5411764705882353 0.7117647058823529 0.0058823529411764705 0.01437908496732026
8 0.5371323529411764 0.8098039215686273 0.04338235294117647 0.10065359477124182
3 0.5022058823529412 0.44705882352941173 0.008823529411764706 0.02875816993464052
3 0.4738970588235294 0.24640522875816992 0.011029411764705881 0.02222222222222222
3 0.46838235294117647 0.22875816993464052 0.010294117647058823 0.01830065359477124
3 0.4577205882352941 0.2196078431372549 0.008088235294117646 0.01830065359477124
3 0.4661764705882353 0.21045751633986925 0.008823529411764706 0.0130718954248366
3 0.46397058823529413 0.19346405228758168 0.008823529411764706 0.01568627450980392
3 0.45330882352941176 0.19934640522875816 0.008088235294117646 0.01699346405228758
3 0.4613970588235294 0.17254901960784313 0.008088235294117646 0.023529411764705882
3 0.46911764705882353 0.15424836601307187 0.010294117647058823 0.01830065359477124
3 0.44779411764705884 0.165359477124183 0.008823529411764706 0.01437908496732026
3 0.45073529411764707 0.14705882352941174 0.007352941176470588 0.01699346405228758
3 0.4577205882352941 0.12810457516339868 0.006617647058823529 0.0130718954248366
3 0.4430147058823529 0.134640522875817 0.008088235294117646 0.01568627450980392
3 0.4452205882352941 0.11699346405228757 0.006617647058823529 0.01437908496732026
3 0.45441176470588235 0.10980392156862745 0.007352941176470588 0.01568627450980392
3 0.4455882352941176 0.08758169934640522 0.0058823529411764705 0.0130718954248366
3 0.4441176470588235 0.10261437908496732 0.0058823529411764705 0.011764705882352941
3 0.43970588235294117 0.06601307189542484 0.007352941176470588 0.01699346405228758
3 0.4463235294117647 0.06143790849673202 0.007352941176470588 0.0130718954248366
3 0.4345588235294118 0.04836601307189542 0.0058823529411764705 0.0130718954248366
3 0.44375 0.04640522875816993 0.006617647058823529 0.01437908496732026
3 0.4786764705882353 0.01633986928104575 0.008823529411764706 0.011764705882352941
3 0.46286764705882355 0.16078431372549018 0.006617647058823529 0.0130718954248366
3 0.4319852941176471 0.03333333333333333 0.005147058823529412 0.011764705882352941
3 0.44080882352941175 0.0326797385620915 0.006617647058823529 0.0130718954248366
3 0.4485294117647059 0.01764705882352941 0.0058823529411764705 0.011764705882352941
3 0.44080882352941175 0.01437908496732026 0.006617647058823529 0.0130718954248366
3 0.43419117647058825 0.00522875816993464 0.006617647058823529 0.01045751633986928
