3 0.5400735294117647 0.7189542483660131 0.15514705882352942 0.18562091503267972
3 0.47463235294117645 0.522875816993464 0.13308823529411765 0.14901960784313725
1 0.6897058823529412 0.49019607843137253 0.01764705882352941 0.08888888888888888
9 0.6834558823529412 0.4993464052287581 0.0625 0.06013071895424836
4 0.7058823529411764 0.3555555555555555 0.09705882352941177 0.13333333333333333
3 0.14705882352941177 0.7359477124183006 0.21029411764705883 0.23529411764705882
4 0.27352941176470585 0.896078431372549 0.2411764705882353 0.19999999999999998
3 0.7363970588235293 0.8235294117647058 0.1786764705882353 0.2222222222222222
6 0.9606617647058824 0.4816993464052287 0.07426470588235294 0.1372549019607843
3 0.7209558823529412 0.22875816993464052 0.09044117647058823 0.07320261437908496
0 0.6154411764705883 0.19999999999999998 0.014705882352941176 0.0522875816993464
0 0.26066176470588237 0.20522875816993463 0.009558823529411765 0.06013071895424836
2 0.011029411764705881 0.34509803921568627 0.01764705882352941 0.07058823529411765
1 0.009558823529411765 0.3333333333333333 0.01911764705882353 0.0784313725490196
3 0.028308823529411765 0.2156862745098039 0.05661764705882353 0.0915032679738562
3 0.01838235294117647 0.16928104575163397 0.03676470588235294 0.07973856209150326
0 0.3382352941176471 0.20980392156862743 0.014705882352941176 0.05620915032679738
0 0.3448529411764706 0.21176470588235294 0.008823529411764706 0.0392156862745098
0 0.3492647058823529 0.20980392156862743 0.011764705882352941 0.06143790849673202
0 0.42205882352941176 0.14901960784313725 0.013235294117647059 0.054901960784313725
2 0.39448529411764705 0.14183006535947712 0.011029411764705881 0.04052287581699346
3 0.2867647058823529 0.09281045751633986 0.047058823529411764 0.06274509803921569
0 0.28051470588235294 0.050980392156862744 0.008088235294117646 0.04444444444444444
1 0.3551470588235294 0.08104575163398692 0.014705882352941176 0.02875816993464052
3 0.9077205882352941 0.2679738562091503 0.07720588235294118 0.08888888888888888
4 0.9367647058823529 0.1764705882352941 0.055882352941176466 0.065359477124183
3 0.9838235294117647 0.15359477124183005 0.032352941176470584 0.0718954248366013
9 0.7919117647058823 0.20196078431372547 0.033823529411764704 0.043137254901960784
0 0.7338235294117647 0.16666666666666666 0.008823529411764706 0.0457516339869281
0 0.7286764705882353 0.16013071895424835 0.010294117647058823 0.04052287581699346
3 0.7397058823529412 0.14444444444444443 0.060294117647058824 0.06405228758169934
3 0.7246323529411764 0.11307189542483659 0.05955882352941176 0.050980392156862744
9 0.6838235294117647 0.16209150326797384 0.01911764705882353 0.0261437908496732
0 0.6860294117647059 0.10980392156862745 0.008823529411764706 0.04967320261437908
0 0.5025735294117647 0.2045751633986928 0.013970588235294117 0.06405228758169934
0 0.49669117647058825 0.19934640522875816 0.0125 0.05620915032679738
0 0.4150735294117647 0.09542483660130718 0.009558823529411765 0.03398692810457516
0 0.3981617647058823 0.03529411764705882 0.009558823529411765 0.04183006535947712
0 0.3573529411764706 0.03202614379084967 0.010294117647058823 0.03529411764705882
