3 0.9848958333333333 0.8740740740740741 0.030208333333333334 0.07962962962962963
3 0.9841145833333333 0.9685185185185186 0.028645833333333332 0.06296296296296297
3 0.871875 0.9412037037037038 0.11145833333333333 0.1175925925925926
3 0.7763020833333333 0.9324074074074075 0.10989583333333333 0.13518518518518519
3 0.55078125 0.9643518518518519 0.07552083333333333 0.0712962962962963
4 0.6440104166666667 0.9319444444444445 0.10052083333333334 0.13611111111111113
4 0.46953125 0.9527777777777778 0.0828125 0.09444444444444444
0 0.8997395833333334 0.49768518518518523 0.009895833333333333 0.05092592592592593
2 0.8721354166666666 0.6027777777777777 0.0296875 0.0462962962962963
3 0.84375 0.6791666666666667 0.08229166666666667 0.08981481481481482
1 0.7953125 0.6865740740740741 0.014583333333333334 0.03981481481481482
9 0.79609375 0.7069444444444445 0.025520833333333333 0.062037037037037036
3 0.7473958333333334 0.6986111111111112 0.08333333333333333 0.10462962962962963
0 0.8265625 0.5652777777777778 0.0125 0.05648148148148149
1 0.8122395833333333 0.5564814814814815 0.0109375 0.03888888888888889
2 0.80859375 0.5750000000000001 0.01614583333333333 0.037037037037037035
2 0.8109375 0.538425925925926 0.025 0.030555555555555558
2 0.7799479166666666 0.5689814814814815 0.021354166666666667 0.026851851851851852
2 0.7815104166666667 0.5518518518518519 0.0203125 0.03333333333333333
3 0.6596354166666667 0.587037037037037 0.05677083333333333 0.07222222222222223
0 0.771875 0.3717592592592593 0.010416666666666666 0.04351851851851852
0 0.7791666666666667 0.37222222222222223 0.008333333333333333 0.03888888888888889
0 0.6932291666666667 0.3263888888888889 0.00625 0.036111111111111115
0 0.6994791666666667 0.32962962962962966 0.00625 0.037037037037037035
0 0.72734375 0.47175925925925927 0.009895833333333333 0.04722222222222222
0 0.7174479166666666 0.4671296296296297 0.0078125 0.03981481481481482
0 0.7109375 0.44583333333333336 0.008333333333333333 0.04351851851851852
0 0.7013020833333333 0.4314814814814815 0.009895833333333333 0.044444444444444446
0 0.6684895833333333 0.5064814814814815 0.0109375 0.0462962962962963
0 0.7330729166666666 0.5268518518518519 0.0109375 0.044444444444444446
4 0.7015625 0.5449074074074074 0.06770833333333333 0.075
2 0.75078125 0.5328703703703704 0.0234375 0.02314814814814815
2 0.7432291666666666 0.5236111111111111 0.019791666666666666 0.025
2 0.7416666666666667 0.5185185185185185 0.020833333333333332 0.024074074074074074
2 0.73671875 0.5143518518518518 0.0171875 0.02314814814814815
2 0.73125 0.5162037037037037 0.019791666666666666 0.028703703703703703
2 0.7283854166666667 0.5083333333333333 0.025520833333333333 0.02777777777777778
2 0.7223958333333333 0.4986111111111111 0.021875 0.025
2 0.7153645833333333 0.4967592592592593 0.0203125 0.030555555555555558
2 0.7138020833333333 0.4939814814814815 0.0234375 0.032407407407407406
2 0.7098958333333333 0.48935185185185187 0.01875 0.028703703703703703
2 0.7098958333333333 0.487962962962963 0.019791666666666666 0.03333333333333333
2 0.70546875 0.48564814814814816 0.019270833333333334 0.03425925925925926
2 0.70390625 0.4847222222222222 0.021354166666666667 0.03796296296296296
2 0.7010416666666667 0.4777777777777778 0.020833333333333332 0.02777777777777778
2 0.6963541666666666 0.47314814814814815 0.017708333333333333 0.02592592592592593
2 0.6911458333333333 0.4703703703703704 0.021875 0.02592592592592593
2 0.69296875 0.4689814814814815 0.018229166666666668 0.030555555555555558
2 0.68671875 0.46435185185185185 0.019270833333333334 0.02314814814814815
2 0.684375 0.46064814814814814 0.019791666666666666 0.02314814814814815
2 0.6833333333333333 0.45787037037037037 0.021875 0.025
2 0.6828125 0.4564814814814815 0.020833333333333332 0.022222222222222223
2 0.68203125 0.45555555555555555 0.0234375 0.02592592592592593
2 0.6776041666666667 0.4513888888888889 0.022916666666666665 0.025
2 0.67578125 0.45046296296296295 0.0234375 0.02314814814814815
2 0.6708333333333333 0.4439814814814815 0.020833333333333332 0.021296296296296296
3 0.6692708333333334 0.4759259259259259 0.05 0.05740740740740741
3 0.6205729166666667 0.5 0.043229166666666666 0.061111111111111116
1 0.6393229166666666 0.46990740740740744 0.009895833333333333 0.026851851851851852
2 0.6377604166666666 0.4898148148148148 0.015104166666666667 0.02962962962962963
3 0.6596354166666667 0.4050925925925926 0.008854166666666666 0.03425925925925926
9 0.6505208333333333 0.37453703703703706 0.011458333333333333 0.032407407407407406
3 0.6307291666666667 0.4300925925925926 0.040625 0.049074074074074076
1 0.6119791666666666 0.4305555555555556 0.009375 0.02962962962962963
9 0.61171875 0.44583333333333336 0.013020833333333334 0.028703703703703703
1 0.5783854166666667 0.40740740740740744 0.0109375 0.02777777777777778
9 0.57890625 0.42083333333333334 0.01614583333333333 0.026851851851851852
1 0.5690104166666666 0.38287037037037036 0.0078125 0.02314814814814815
2 0.5690104166666666 0.40185185185185185 0.009895833333333333 0.022222222222222223
2 0.6096354166666667 0.38287037037037036 0.008854166666666666 0.019444444444444445
2 0.6119791666666666 0.3717592592592593 0.011458333333333333 0.019444444444444445
2 0.6005208333333333 0.3680555555555556 0.013541666666666667 0.019444444444444445
0 0.5994791666666667 0.3648148148148148 0.007291666666666667 0.03333333333333333
0 0.5856770833333333 0.35370370370370374 0.0067708333333333336 0.03518518518518519
1 0.5783854166666667 0.37083333333333335 0.008854166666666666 0.028703703703703703
2 0.5770833333333333 0.3861111111111111 0.008333333333333333 0.020370370370370372
2 0.5255208333333333 0.35000000000000003 0.007291666666666667 0.022222222222222223
2 0.49140625 0.2898148148148148 0.0067708333333333336 0.016666666666666666
9 0.47578125 0.2902777777777778 0.008854166666666666 0.019444444444444445
1 0.47604166666666664 0.2800925925925926 0.007291666666666667 0.019444444444444445
1 0.49140625 0.2763888888888889 0.0067708333333333336 0.015740740740740743
1 0.5260416666666666 0.33796296296296297 0.008333333333333333 0.020370370370370372
3 0.5484375 0.3560185185185185 0.03333333333333333 0.03796296296296296
4 0.5705729166666667 0.4537037037037037 0.0453125 0.06481481481481481
0 0.61875 0.31574074074074077 0.005208333333333333 0.02962962962962963
0 0.6013020833333333 0.3050925925925926 0.005729166666666666 0.030555555555555558
0 0.6098958333333333 0.3041666666666667 0.009375 0.03425925925925926
0 0.5682291666666667 0.300462962962963 0.00625 0.03425925925925926
2 0.5736979166666667 0.33564814814814814 0.015104166666666667 0.017592592592592594
9 0.5651041666666666 0.32731481481481484 0.009375 0.019444444444444445
2 0.5596354166666666 0.31712962962962965 0.0140625 0.02314814814814815
2 0.5486979166666667 0.3074074074074074 0.013020833333333334 0.020370370370370372
3 0.5307291666666667 0.3143518518518519 0.028125 0.03425925925925926
3 0.5390625 0.41805555555555557 0.036458333333333336 0.04722222222222222
3 0.51640625 0.37962962962962965 0.0328125 0.04259259259259259
3 0.49921875 0.34814814814814815 0.0296875 0.037037037037037035
3 0.47812499999999997 0.3231481481481482 0.02395833333333333 0.03333333333333333
3 0.5026041666666666 0.27592592592592596 0.021875 0.02962962962962963
3 0.46171875 0.2962962962962963 0.024479166666666666 0.03333333333333333
3 0.44687499999999997 0.2726851851851852 0.026041666666666668 0.03796296296296296
3 0.43723958333333335 0.2523148148148148 0.0203125 0.02314814814814815
3 0.42421875 0.23703703703703705 0.0203125 0.02592592592592593
3 0.4122395833333333 0.22268518518518518 0.0171875 0.02314814814814815
3 0.4015625 0.20740740740740743 0.015625 0.024074074074074074
4 0.3921875 0.18796296296296297 0.016666666666666666 0.02962962962962963
3 0.37838541666666664 0.17314814814814816 0.0140625 0.018518518518518517
3 0.40520833333333334 0.2513888888888889 0.020833333333333332 0.028703703703703703
3 0.475 0.41620370370370374 0.035416666666666666 0.04722222222222222
3 0.3697916666666667 0.225 0.017708333333333333 0.024074074074074074
3 0.38125 0.20370370370370372 0.014583333333333334 0.024074074074074074
3 0.37213541666666666 0.19074074074074074 0.0140625 0.020370370370370372
3 0.3611979166666667 0.2087962962962963 0.015104166666666667 0.021296296296296296
3 0.35703125 0.19490740740740742 0.015104166666666667 0.021296296296296296
0 0.61015625 0.24537037037037038 0.005729166666666666 0.03333333333333333
0 0.5122395833333333 0.23981481481481481 0.005729166666666666 0.02777777777777778
0 0.50546875 0.24074074074074076 0.0046875 0.022222222222222223
0 0.5083333333333333 0.24305555555555555 0.003125 0.015740740740740743
0 0.5052083333333334 0.19444444444444445 0.005208333333333333 0.024074074074074074
0 0.46979166666666666 0.1851851851851852 0.003125 0.020370370370370372
0 0.5361979166666666 0.16805555555555557 0.0036458333333333334 0.019444444444444445
0 0.5268229166666667 0.1675925925925926 0.0036458333333333334 0.018518518518518517
0 0.5325520833333334 0.16064814814814815 0.0036458333333333334 0.017592592592592594
0 0.5307291666666667 0.1574074074074074 0.004166666666666667 0.018518518518518517
0 0.5255208333333333 0.15601851851851853 0.004166666666666667 0.017592592592592594
0 0.5213541666666667 0.16805555555555557 0.003125 0.017592592592592594
0 0.51796875 0.16620370370370371 0.0036458333333333334 0.015740740740740743
0 0.5140625 0.17500000000000002 0.003125 0.016666666666666666
0 0.5177083333333333 0.1615740740740741 0.004166666666666667 0.019444444444444445
0 0.5278645833333333 0.1462962962962963 0.0036458333333333334 0.018518518518518517
0 0.5109375 0.16527777777777777 0.003125 0.019444444444444445
0 0.5127604166666666 0.1625 0.0036458333333333334 0.019444444444444445
0 0.5049479166666666 0.1685185185185185 0.0046875 0.020370370370370372
0 0.49635416666666665 0.1736111111111111 0.003125 0.019444444444444445
0 0.484375 0.1726851851851852 0.004166666666666667 0.015740740740740743
0 0.48020833333333335 0.17083333333333334 0.005208333333333333 0.021296296296296296
0 0.4731770833333333 0.17037037037037037 0.0026041666666666665 0.016666666666666666
0 0.46848958333333335 0.16620370370370371 0.0046875 0.019444444444444445
0 0.46171875 0.15787037037037038 0.0036458333333333334 0.015740740740740743
0 0.45859374999999997 0.1574074074074074 0.0036458333333333334 0.018518518518518517
0 0.4510416666666667 0.16435185185185186 0.003125 0.021296296296296296
0 0.45260416666666664 0.1625 0.004166666666666667 0.017592592592592594
0 0.45026041666666666 0.15694444444444444 0.0036458333333333334 0.019444444444444445
1 0.45286458333333335 0.17731481481481481 0.0046875 0.012037037037037037
9 0.45260416666666664 0.18703703703703706 0.005208333333333333 0.012962962962962964
0 0.4432291666666667 0.17314814814814816 0.003125 0.016666666666666666
1 0.4479166666666667 0.2162037037037037 0.004166666666666667 0.012037037037037037
9 0.44817708333333334 0.22685185185185186 0.0036458333333333334 0.011111111111111112
1 0.44088541666666664 0.20277777777777778 0.0046875 0.012962962962962964
9 0.44088541666666664 0.21203703703703705 0.005729166666666666 0.011111111111111112
9 0.4317708333333333 0.21481481481481482 0.004166666666666667 0.011111111111111112
1 0.43124999999999997 0.20416666666666666 0.004166666666666667 0.01388888888888889
1 0.43723958333333335 0.19074074074074074 0.0036458333333333334 0.011111111111111112
2 0.4375 0.2 0.004166666666666667 0.011111111111111112
1 0.4302083333333333 0.1912037037037037 0.004166666666666667 0.012037037037037037
2 0.43046875 0.19861111111111113 0.0036458333333333334 0.008333333333333333
1 0.4231770833333333 0.1912037037037037 0.0046875 0.01388888888888889
2 0.4231770833333333 0.19907407407407407 0.0046875 0.011111111111111112
1 0.4171875 0.18981481481481483 0.005208333333333333 0.016666666666666666
2 0.41822916666666665 0.19907407407407407 0.004166666666666667 0.011111111111111112
1 0.42291666666666666 0.1824074074074074 0.004166666666666667 0.011111111111111112
2 0.42265625 0.18842592592592594 0.0036458333333333334 0.006481481481481482
1 0.42135416666666664 0.17546296296296296 0.003125 0.008333333333333333
1 0.42109375 0.16944444444444445 0.0036458333333333334 0.011111111111111112
1 0.4140625 0.17407407407407408 0.004166666666666667 0.009259259259259259
1 0.4161458333333333 0.17037037037037037 0.003125 0.009259259259259259
1 0.4125 0.16944444444444445 0.005208333333333333 0.011111111111111112
1 0.40963541666666664 0.17916666666666667 0.0046875 0.010185185185185186
1 0.4046875 0.17453703703703705 0.005208333333333333 0.015740740740740743
1 0.40572916666666664 0.1800925925925926 0.004166666666666667 0.010185185185185186
1 0.4002604166666667 0.17592592592592593 0.0046875 0.011111111111111112
2 0.40651041666666665 0.18935185185185185 0.0036458333333333334 0.010185185185185186
9 0.40963541666666664 0.18796296296296297 0.0036458333333333334 0.011111111111111112
1 0.40729166666666666 0.1564814814814815 0.004166666666666667 0.009259259259259259
2 0.40729166666666666 0.16435185185185186 0.003125 0.012037037037037037
1 0.42083333333333334 0.15 0.003125 0.011111111111111112
2 0.42109375 0.15694444444444444 0.0046875 0.008333333333333333
1 0.4075520833333333 0.14537037037037037 0.0036458333333333334 0.011111111111111112
9 0.40781249999999997 0.15231481481481482 0.009375 0.010185185185185186
0 0.3611979166666667 0.16712962962962963 0.0036458333333333334 0.021296296296296296
0 0.34661458333333334 0.17731481481481481 0.0036458333333333334 0.021296296296296296
0 0.3403645833333333 0.17731481481481481 0.0026041666666666665 0.017592592592592594
0 0.3380208333333333 0.17777777777777778 0.004166666666666667 0.022222222222222223
0 0.3294270833333333 0.18055555555555555 0.0046875 0.022222222222222223
0 0.3268229166666667 0.17546296296296296 0.0036458333333333334 0.019444444444444445
3 0.4822916666666667 0.12916666666666668 0.017708333333333333 0.01388888888888889
3 0.46822916666666664 0.12361111111111112 0.016666666666666666 0.012037037037037037
3 0.4817708333333333 0.11990740740740741 0.015625 0.012037037037037037
3 0.51328125 0.11574074074074074 0.013020833333333334 0.014814814814814815
3 0.48541666666666666 0.11018518518518519 0.0125 0.012962962962962964
3 0.48932291666666666 0.10601851851851853 0.009895833333333333 0.012037037037037037
3 0.4901041666666667 0.09861111111111112 0.0125 0.010185185185185186
3 0.4752604166666667 0.10231481481481482 0.0171875 0.010185185185185186
3 0.47213541666666664 0.11018518518518519 0.0140625 0.011111111111111112
3 0.46588541666666666 0.11342592592592593 0.01614583333333333 0.012037037037037037
3 0.44635416666666666 0.11805555555555557 0.014583333333333334 0.01388888888888889
3 0.45234375 0.11157407407407408 0.013020833333333334 0.012037037037037037
3 0.44088541666666664 0.13657407407407407 0.018229166666666668 0.01388888888888889
3 0.42994791666666665 0.13055555555555556 0.022395833333333334 0.014814814814814815
3 0.4317708333333333 0.11898148148148148 0.015625 0.010185185185185186
3 0.428125 0.11527777777777778 0.017708333333333333 0.015740740740740743
3 0.41328125 0.11620370370370371 0.018229166666666668 0.012037037037037037
3 0.39817708333333335 0.11574074074074074 0.0203125 0.012962962962962964
3 0.38229166666666664 0.11388888888888889 0.017708333333333333 0.012962962962962964
3 0.36328125 0.11944444444444445 0.018229166666666668 0.012962962962962964
3 0.37473958333333335 0.12268518518518519 0.018229166666666668 0.012037037037037037
3 0.37083333333333335 0.13518518518518519 0.01875 0.014814814814814815
3 0.38307291666666665 0.13796296296296298 0.018229166666666668 0.016666666666666666
3 0.3927083333333333 0.1476851851851852 0.017708333333333333 0.019444444444444445
3 0.35104166666666664 0.1486111111111111 0.02395833333333333 0.017592592592592594
3 0.31145833333333334 0.15462962962962964 0.027083333333333334 0.016666666666666666
3 0.34453125 0.12546296296296297 0.021354166666666667 0.015740740740740743
3 0.33697916666666666 0.11898148148148148 0.017708333333333333 0.008333333333333333
3 0.3385416666666667 0.1375 0.017708333333333333 0.01388888888888889
8 0.31197916666666664 0.13796296296296298 0.05625 0.03333333333333333
8 0.30572916666666666 0.1175925925925926 0.052083333333333336 0.03333333333333333
3 0.27708333333333335 0.12916666666666668 0.017708333333333333 0.015740740740740743
3 0.2669270833333333 0.12222222222222223 0.0109375 0.012962962962962964
3 0.284375 0.1851851851851852 0.022916666666666665 0.022222222222222223
3 0.2598958333333333 0.17962962962962964 0.02395833333333333 0.022222222222222223
0 0.27265625 0.1865740740740741 0.0046875 0.021296296296296296
3 0.30963541666666666 0.08750000000000001 0.0078125 0.012037037037037037
3 0.3296875 0.0962962962962963 0.015625 0.012962962962962964
3 0.29713541666666665 0.0625 0.0067708333333333336 0.010185185185185186
3 0.2872395833333333 0.0837962962962963 0.0078125 0.010185185185185186
3 0.27838541666666666 0.06342592592592593 0.008854166666666666 0.010185185185185186
0 0.2947916666666667 0.17407407407407408 0.004166666666666667 0.012962962962962964
0 0.296875 0.17592592592592593 0.003125 0.014814814814814815
0 0.30078125 0.17824074074074076 0.0036458333333333334 0.019444444444444445
0 0.303125 0.17962962962962964 0.004166666666666667 0.020370370370370372
0 0.3111979166666667 0.17546296296296296 0.0036458333333333334 0.015740740740740743
0 0.3106770833333333 0.17546296296296296 0.0036458333333333334 0.021296296296296296
0 0.30807291666666664 0.17592592592592593 0.0026041666666666665 0.014814814814814815
0 0.2203125 0.9412037037037038 0.021875 0.09722222222222222
1 0.309375 0.8796296296296297 0.017708333333333333 0.05925925925925926
2 0.309375 0.9162037037037037 0.015625 0.0638888888888889
3 0.5651041666666666 0.7828703703703704 0.06979166666666667 0.14166666666666666
3 0.51640625 0.6578703703703704 0.06197916666666667 0.11018518518518519
3 0.47760416666666666 0.775 0.0625 0.13703703703703704
3 0.4283854166666667 0.8453703703703704 0.06510416666666667 0.15925925925925927
3 0.34661458333333334 0.8449074074074074 0.05677083333333333 0.1527777777777778
3 0.26953125 0.8870370370370371 0.059895833333333336 0.17592592592592593
3 0.4393229166666667 0.6425925925925926 0.050520833333333334 0.10370370370370371
3 0.37786458333333334 0.663425925925926 0.05260416666666667 0.10277777777777779
3 0.26328125 0.7347222222222223 0.0515625 0.13055555555555556
3 0.4770833333333333 0.5569444444444445 0.046875 0.08425925925925926
3 0.44947916666666665 0.4851851851851852 0.040625 0.06851851851851852
3 0.4239583333333333 0.42129629629629634 0.03854166666666667 0.06851851851851852
3 0.42135416666666664 0.5578703703703703 0.042708333333333334 0.08055555555555556
3 0.4002604166666667 0.4847222222222222 0.03802083333333333 0.0638888888888889
3 0.26588541666666665 0.6282407407407408 0.04114583333333333 0.10277777777777779
3 0.2640625 0.5592592592592592 0.03854166666666667 0.07777777777777778
3 0.3638020833333333 0.5462962962962963 0.04114583333333333 0.08148148148148149
3 0.2596354166666667 0.500462962962963 0.0359375 0.06574074074074074
3 0.37526041666666665 0.42453703703703705 0.030729166666666665 0.058333333333333334
3 0.3463541666666667 0.45833333333333337 0.034375 0.061111111111111116
3 0.33541666666666664 0.40925925925925927 0.029166666666666667 0.05185185185185186
3 0.403125 0.3805555555555556 0.030208333333333334 0.05185185185185186
3 0.38828125 0.3458333333333333 0.024479166666666666 0.05092592592592593
3 0.37265625 0.31157407407407406 0.0234375 0.04166666666666667
3 0.3645833333333333 0.2865740740740741 0.019791666666666666 0.03796296296296296
3 0.35859375 0.2657407407407408 0.019270833333333334 0.03333333333333333
3 0.3234375 0.3680555555555556 0.027083333333333334 0.04537037037037037
3 0.3203125 0.34120370370370373 0.026041666666666668 0.03981481481481482
3 0.3151041666666667 0.3106481481481482 0.022916666666666665 0.04166666666666667
3 0.34322916666666664 0.2972222222222222 0.020833333333333332 0.03333333333333333
3 0.34479166666666666 0.31851851851851853 0.025 0.04259259259259259
3 0.35651041666666666 0.3472222222222222 0.0265625 0.0462962962962963
4 0.36744791666666665 0.37592592592592594 0.0296875 0.061111111111111116
1 0.2981770833333333 0.5615740740740741 0.011979166666666666 0.04166666666666667
2 0.2984375 0.5861111111111111 0.010416666666666666 0.03888888888888889
1 0.30052083333333335 0.42592592592592593 0.008333333333333333 0.02777777777777778
2 0.30234375 0.44907407407407407 0.008854166666666666 0.02962962962962963
0 0.20755208333333333 0.6611111111111111 0.0140625 0.061111111111111116
9 0.15989583333333332 0.7157407407407408 0.015625 0.05925925925925926
0 0.18307291666666667 0.638425925925926 0.0171875 0.0638888888888889
0 0.20729166666666665 0.5819444444444445 0.014583333333333334 0.06018518518518519
0 0.19270833333333334 0.5828703703703704 0.015625 0.06018518518518519
0 0.2674479166666667 0.46064814814814814 0.009895833333333333 0.036111111111111115
3 0.2578125 0.44953703703703707 0.029166666666666667 0.05277777777777778
3 0.2591145833333333 0.40324074074074073 0.0265625 0.049074074074074076
3 0.2559895833333333 0.3726851851851852 0.024479166666666666 0.04166666666666667
3 0.2565104166666667 0.34305555555555556 0.024479166666666666 0.04351851851851852
3 0.2557291666666667 0.31342592592592594 0.02395833333333333 0.032407407407407406
3 0.2526041666666667 0.2990740740740741 0.021875 0.031481481481481485
3 0.25494791666666666 0.2800925925925926 0.022395833333333334 0.032407407407407406
3 0.25364583333333335 0.26481481481481484 0.019791666666666666 0.03518518518518519
3 0.2520833333333333 0.24583333333333335 0.016666666666666666 0.026851851851851852
3 0.25286458333333334 0.23240740740740742 0.0171875 0.02777777777777778
3 0.2544270833333333 0.21851851851851853 0.01614583333333333 0.02962962962962963
3 0.3046875 0.24120370370370373 0.021875 0.036111111111111115
0 0.2752604166666667 0.3194444444444445 0.0067708333333333336 0.031481481481481485
0 0.26979166666666665 0.32037037037037036 0.007291666666666667 0.037037037037037035
0 0.22864583333333333 0.4351851851851852 0.010416666666666666 0.05
9 0.20338541666666665 0.4777777777777778 0.009895833333333333 0.04259259259259259
9 0.20885416666666667 0.44907407407407407 0.011458333333333333 0.03333333333333333
9 0.19713541666666667 0.38703703703703707 0.009895833333333333 0.03518518518518519
2 0.22942708333333334 0.38657407407407407 0.009895833333333333 0.026851851851851852
2 0.23567708333333334 0.35833333333333334 0.0109375 0.024074074074074074
0 0.22291666666666665 0.3712962962962963 0.007291666666666667 0.03518518518518519
0 0.21015625 0.3717592592592593 0.0078125 0.03796296296296296
0 0.22057291666666667 0.3175925925925926 0.005729166666666666 0.02592592592592593
0 0.2140625 0.3199074074074074 0.007291666666666667 0.03796296296296296
1 0.2203125 0.3337962962962963 0.008333333333333333 0.017592592592592594
1 0.2786458333333333 0.26805555555555555 0.008333333333333333 0.01388888888888889
1 0.23385416666666667 0.26944444444444443 0.00625 0.014814814814814815
1 0.21666666666666667 0.25416666666666665 0.00625 0.015740740740740743
2 0.22135416666666666 0.3490740740740741 0.008333333333333333 0.018518518518518517
9 0.2786458333333333 0.28194444444444444 0.00625 0.017592592592592594
2 0.23489583333333333 0.2833333333333333 0.005208333333333333 0.016666666666666666
9 0.21770833333333334 0.26851851851851855 0.008333333333333333 0.018518518518518517
2 0.20807291666666666 0.2916666666666667 0.0067708333333333336 0.016666666666666666
9 0.20598958333333334 0.3106481481481482 0.0067708333333333336 0.019444444444444445
0 0.20807291666666666 0.21712962962962964 0.005729166666666666 0.025
2 0.20625 0.22268518518518518 0.005208333333333333 0.01388888888888889
0 0.21953124999999998 0.20277777777777778 0.0046875 0.02777777777777778
0 0.2140625 0.19722222222222224 0.004166666666666667 0.024074074074074074
0 0.19973958333333333 0.20046296296296298 0.0046875 0.02314814814814815
0 0.19296875 0.20324074074074075 0.0067708333333333336 0.025
0 0.19583333333333333 0.19351851851851853 0.004166666666666667 0.020370370370370372
0 0.24322916666666666 0.19212962962962965 0.005208333333333333 0.025
3 0.2557291666666667 0.1564814814814815 0.028125 0.020370370370370372
3 0.25364583333333335 0.15 0.027083333333333334 0.020370370370370372
3 0.25286458333333334 0.1398148148148148 0.0234375 0.016666666666666666
3 0.22343749999999998 0.17500000000000002 0.029166666666666667 0.016666666666666666
3 0.21354166666666666 0.16805555555555557 0.029166666666666667 0.015740740740740743
4 0.20130208333333333 0.1615740740740741 0.027604166666666666 0.02314814814814815
8 0.21562499999999998 0.13101851851851853 0.059375 0.04351851851851852
3 0.2 0.10648148148148148 0.019791666666666666 0.011111111111111112
3 0.19427083333333334 0.10462962962962963 0.014583333333333334 0.011111111111111112
0 0.25755208333333335 0.11666666666666667 0.0036458333333333334 0.018518518518518517
8 0.2622395833333333 0.10648148148148148 0.027604166666666666 0.031481481481481485
3 0.24583333333333332 0.10787037037037038 0.011458333333333333 0.015740740740740743
3 0.23645833333333333 0.10277777777777779 0.010416666666666666 0.011111111111111112
3 0.22578125 0.09675925925925927 0.0109375 0.015740740740740743
3 0.21614583333333334 0.0912037037037037 0.008333333333333333 0.012037037037037037
3 0.24739583333333334 0.10046296296296296 0.007291666666666667 0.012037037037037037
3 0.24973958333333332 0.09305555555555556 0.0078125 0.012037037037037037
3 0.24192708333333332 0.09537037037037037 0.008854166666666666 0.009259259259259259
3 0.2421875 0.08981481481481482 0.010416666666666666 0.011111111111111112
3 0.22552083333333334 0.08796296296296297 0.009375 0.011111111111111112
3 0.23489583333333333 0.08611111111111111 0.010416666666666666 0.012962962962962964
3 0.22630208333333332 0.08194444444444444 0.0109375 0.012037037037037037
3 0.21901041666666665 0.07916666666666666 0.0109375 0.008333333333333333
3 0.19479166666666667 0.08148148148148149 0.008333333333333333 0.011111111111111112
3 0.20364583333333333 0.08055555555555556 0.008333333333333333 0.011111111111111112
3 0.20546875 0.07222222222222223 0.0046875 0.007407407407407408
