3 0.49921875 0.6791666666666667 0.0515625 0.08425925925925926
3 0.6216145833333333 0.925 0.0546875 0.10555555555555556
3 0.20026041666666666 0.5217592592592593 0.0484375 0.07314814814814816
3 0.24140625 0.4916666666666667 0.0515625 0.05925925925925926
3 0.26536458333333335 0.45555555555555555 0.043229166666666666 0.040740740740740744
3 0.26666666666666666 0.4365740740740741 0.03125 0.03981481481481482
3 0.7403645833333333 0.6990740740740741 0.0546875 0.08518518518518518
3 0.6799479166666667 0.5893518518518519 0.05572916666666666 0.075
3 0.653125 0.5273148148148148 0.03854166666666667 0.06759259259259259
3 0.61171875 0.4638888888888889 0.028645833333333332 0.05740740740740741
3 0.58125 0.4388888888888889 0.030208333333333334 0.0462962962962963
3 0.53984375 0.42129629629629634 0.0296875 0.04814814814814815
3 0.5 0.41620370370370374 0.03229166666666666 0.05462962962962963
3 0.2986979166666667 0.41712962962962963 0.027604166666666666 0.05092592592592593
3 0.14453125 0.5990740740740741 0.057812499999999996 0.0925925925925926
