4 0.43776041666666665 0.6615740740740741 0.024479166666666666 0.06759259259259259
3 0.40625 0.4740740740740741 0.015625 0.02592592592592593
4 0.4109375 0.41435185185185186 0.010416666666666666 0.02314814814814815
3 0.434375 0.3851851851851852 0.009375 0.020370370370370372
5 0.4122395833333333 0.3148148148148148 0.0046875 0.011111111111111112
3 0.4236979166666667 0.28564814814814815 0.0036458333333333334 0.004629629629629629
3 0.42135416666666664 0.2814814814814815 0.003125 0.005555555555555556
3 0.43333333333333335 0.27870370370370373 0.003125 0.005555555555555556
3 0.4354166666666667 0.275 0.003125 0.005555555555555556
3 0.42890625 0.27037037037037037 0.0026041666666666665 0.005555555555555556
3 0.43255208333333334 0.2652777777777778 0.0026041666666666665 0.002777777777777778
3 0.3815104166666667 0.2916666666666667 0.0046875 0.005555555555555556
3 0.3802083333333333 0.2828703703703704 0.004166666666666667 0.006481481481481482
3 0.41171874999999997 0.26296296296296295 0.0026041666666666665 0.003703703703703704
4 0.3346354166666667 0.32731481481481484 0.0078125 0.01388888888888889
4 0.28880208333333335 0.32962962962962966 0.008854166666666666 0.012962962962962964
3 0.28802083333333334 0.36435185185185187 0.011458333333333333 0.01388888888888889
4 0.23098958333333333 0.4189814814814815 0.0203125 0.026851851851851852
