2 0.030989583333333334 0.9601851851851853 0.027604166666666666 0.06296296296296297
9 0.015885416666666666 0.9208333333333334 0.0203125 0.075
2 0.019270833333333334 0.8402777777777778 0.0125 0.05092592592592593
0 0.07421875 0.8203703703703704 0.0140625 0.05555555555555556
0 0.23124999999999998 0.8018518518518519 0.015625 0.05925925925925926
0 0.2830729166666667 0.837037037037037 0.0171875 0.05925925925925926
0 0.28828125 0.763425925925926 0.0109375 0.049074074074074076
1 0.3125 0.9638888888888889 0.014583333333333334 0.053703703703703705
2 0.315625 0.9824074074074074 0.01875 0.03333333333333333
0 0.2520833333333333 0.9833333333333334 0.020833333333333332 0.03333333333333333
0 0.11640625 0.8342592592592593 0.015104166666666667 0.05555555555555556
0 0.10260416666666666 0.8226851851851852 0.013541666666666667 0.05277777777777778
0 0.11328125 0.8064814814814815 0.01614583333333333 0.05925925925925926
2 0.21927083333333333 0.7046296296296296 0.008333333333333333 0.04259259259259259
1 0.21927083333333333 0.6925925925925926 0.010416666666666666 0.044444444444444446
0 0.08828125 0.6245370370370371 0.0140625 0.04166666666666667
2 0.20026041666666666 0.6157407407407408 0.0109375 0.03888888888888889
1 0.2015625 0.6013888888888889 0.008333333333333333 0.04351851851851852
2 0.23359375 0.5990740740740741 0.009895833333333333 0.037037037037037035
1 0.23307291666666666 0.587037037037037 0.009895833333333333 0.03888888888888889
2 0.21171874999999998 0.5189814814814815 0.009895833333333333 0.03425925925925926
1 0.21067708333333332 0.5083333333333333 0.0078125 0.040740740740740744
2 0.19296875 0.5189814814814815 0.0067708333333333336 0.028703703703703703
1 0.19192708333333333 0.5078703703703704 0.009895833333333333 0.032407407407407406
2 0.19583333333333333 0.4814814814814815 0.009375 0.02592592592592593
1 0.1953125 0.47222222222222227 0.010416666666666666 0.031481481481481485
3 0.12578125 0.5013888888888889 0.0671875 0.04166666666666667
3 0.08020833333333333 0.4375 0.025 0.04166666666666667
3 0.019270833333333334 0.524537037037037 0.03854166666666667 0.04537037037037037
2 0.057812499999999996 0.5175925925925926 0.011458333333333333 0.02962962962962963
1 0.057291666666666664 0.5087962962962963 0.008333333333333333 0.032407407407407406
4 0.09739583333333333 0.4078703703703704 0.05625 0.06018518518518519
0 0.12473958333333333 0.4134259259259259 0.0078125 0.030555555555555558
2 0.14401041666666667 0.38101851851851853 0.005729166666666666 0.021296296296296296
1 0.14401041666666667 0.3736111111111111 0.0067708333333333336 0.025
2 0.19869791666666667 0.40694444444444444 0.0067708333333333336 0.025
9 0.15598958333333332 0.3939814814814815 0.0067708333333333336 0.019444444444444445
1 0.15572916666666667 0.38796296296296295 0.00625 0.020370370370370372
1 0.15546875 0.3837962962962963 0.0067708333333333336 0.019444444444444445
2 0.13255208333333332 0.3560185185185185 0.0046875 0.021296296296296296
1 0.13255208333333332 0.350462962962963 0.005729166666666666 0.025
9 0.14244791666666667 0.3287037037037037 0.005729166666666666 0.016666666666666666
1 0.14192708333333334 0.3226851851851852 0.0046875 0.017592592592592594
3 0.013802083333333333 0.3731481481481482 0.027604166666666666 0.04814814814814815
3 0.20286458333333332 0.2953703703703704 0.0203125 0.024074074074074074
3 0.23932291666666666 0.30324074074074076 0.0203125 0.030555555555555558
3 0.25494791666666666 0.2935185185185185 0.019270833333333334 0.024074074074074074
8 0.8716145833333333 0.8875000000000001 0.24739583333333334 0.225
3 0.9549479166666667 0.9175925925925926 0.0828125 0.10740740740740741
3 0.86171875 0.8027777777777778 0.09114583333333333 0.10185185185185186
4 0.7161458333333334 0.7893518518518519 0.07708333333333334 0.10092592592592593
3 0.7372395833333333 0.7356481481481482 0.07239583333333333 0.0787037037037037
3 0.7903645833333334 0.7180555555555556 0.07552083333333333 0.07685185185185185
8 0.8507812499999999 0.6893518518518519 0.1984375 0.23425925925925928
2 0.7596354166666667 0.5777777777777778 0.0234375 0.018518518518518517
0 0.7609375 0.5675925925925926 0.011458333333333333 0.03518518518518519
3 0.8221354166666667 0.5509259259259259 0.0546875 0.053703703703703705
0 0.8734375 0.611574074074074 0.010416666666666666 0.04351851851851852
3 0.72109375 0.6537037037037037 0.058854166666666666 0.06296296296296297
4 0.6747395833333333 0.6532407407407408 0.0703125 0.07685185185185185
4 0.66875 0.5888888888888889 0.059375 0.061111111111111116
3 0.6575520833333334 0.7041666666666667 0.06822916666666666 0.08055555555555556
3 0.5971354166666667 0.625 0.05677083333333333 0.06296296296296297
3 0.5481770833333334 0.5666666666666667 0.050520833333333334 0.05555555555555556
3 0.60859375 0.5787037037037037 0.057812499999999996 0.06666666666666667
3 0.64921875 0.5291666666666667 0.0484375 0.05092592592592593
3 0.6083333333333333 0.5291666666666667 0.052083333333333336 0.05462962962962963
3 0.5588541666666667 0.5226851851851853 0.04479166666666667 0.04722222222222222
3 0.5096354166666667 0.5199074074074074 0.0390625 0.04722222222222222
3 0.5705729166666667 0.48842592592592593 0.03802083333333333 0.04166666666666667
3 0.5184895833333333 0.47962962962962963 0.04114583333333333 0.040740740740740744
3 0.48072916666666665 0.4851851851851852 0.03333333333333333 0.040740740740740744
3 0.5231770833333333 0.4462962962962963 0.034895833333333334 0.03518518518518519
8 0.5700520833333333 0.4361111111111111 0.08177083333333333 0.10185185185185186
3 0.49453125 0.4185185185185185 0.027604166666666666 0.037037037037037035
2 0.6677083333333333 0.4620370370370371 0.015625 0.02592592592592593
1 0.66953125 0.4537037037037037 0.0078125 0.024074074074074074
3 0.6778645833333333 0.4518518518518519 0.043229166666666666 0.0462962962962963
3 0.6463541666666667 0.4240740740740741 0.03854166666666667 0.03518518518518519
9 0.63046875 0.44212962962962965 0.015104166666666667 0.021296296296296296
1 0.63046875 0.43333333333333335 0.0078125 0.024074074074074074
2 0.6 0.4083333333333333 0.0125 0.018518518518518517
1 0.6010416666666667 0.40185185185185185 0.00625 0.022222222222222223
8 0.46510416666666665 0.40740740740740744 0.07291666666666667 0.09814814814814815
3 0.4473958333333333 0.4449074074074074 0.034375 0.036111111111111115
8 0.4890625 0.37222222222222223 0.07291666666666667 0.08518518518518518
3 0.53203125 0.3314814814814815 0.034895833333333334 0.024074074074074074
3 0.41562499999999997 0.41574074074074074 0.03125 0.03333333333333333
3 0.41822916666666665 0.3824074074074074 0.03125 0.02962962962962963
3 0.38776041666666666 0.38333333333333336 0.025520833333333333 0.031481481481481485
3 0.4158854166666667 0.35370370370370374 0.021354166666666667 0.02592592592592593
3 0.425 0.3375 0.027083333333333334 0.026851851851851852
3 0.3515625 0.34675925925925927 0.025 0.025
3 0.3755208333333333 0.34490740740740744 0.025 0.025
3 0.3723958333333333 0.31712962962962965 0.02395833333333333 0.025
3 0.32057291666666665 0.31712962962962965 0.021354166666666667 0.026851851851851852
3 0.3364583333333333 0.3087962962962963 0.021875 0.02314814814814815
3 0.34765625 0.2986111111111111 0.022395833333333334 0.02314814814814815
8 0.37473958333333335 0.2847222222222222 0.0390625 0.05277777777777778
3 0.3015625 0.2990740740740741 0.019791666666666666 0.020370370370370372
3 0.3059895833333333 0.2828703703703704 0.018229166666666668 0.019444444444444445
3 0.32317708333333334 0.2791666666666667 0.018229166666666668 0.021296296296296296
3 0.34375 0.27685185185185185 0.01875 0.020370370370370372
3 0.33098958333333334 0.2625 0.013020833333333334 0.015740740740740743
3 0.28203125 0.2791666666666667 0.019270833333333334 0.021296296296296296
3 0.28229166666666666 0.2611111111111111 0.017708333333333333 0.020370370370370372
3 0.29609375 0.25833333333333336 0.0171875 0.018518518518518517
4 0.3614583333333333 0.25462962962962965 0.017708333333333333 0.018518518518518517
3 0.18411458333333333 0.39537037037037037 0.024479166666666666 0.03888888888888889
0 0.1875 0.3675925925925926 0.00625 0.02592592592592593
3 0.19609375 0.2518518518518519 0.0171875 0.024074074074074074
3 0.21562499999999998 0.2476851851851852 0.016666666666666666 0.021296296296296296
4 0.25390625 0.2523148148148148 0.015104166666666667 0.017592592592592594
3 0.2755208333333333 0.23935185185185187 0.016666666666666666 0.017592592592592594
3 0.25364583333333335 0.23935185185185187 0.016666666666666666 0.017592592592592594
3 0.23177083333333334 0.2351851851851852 0.014583333333333334 0.016666666666666666
3 0.16979166666666667 0.24074074074074076 0.016666666666666666 0.020370370370370372
3 0.18072916666666666 0.22824074074074074 0.013541666666666667 0.017592592592592594
1 0.5643229166666667 0.38796296296296295 0.0067708333333333336 0.020370370370370372
0 0.5419270833333333 0.38657407407407407 0.0067708333333333336 0.017592592592592594
1 0.5278645833333333 0.37824074074074077 0.005729166666666666 0.02314814814814815
0 0.5158854166666667 0.3180555555555556 0.0046875 0.02314814814814815
0 0.5106770833333333 0.3175925925925926 0.0036458333333333334 0.022222222222222223
3 0.503125 0.3092592592592593 0.030208333333333334 0.024074074074074074
4 0.4864583333333333 0.3037037037037037 0.03125 0.02592592592592593
3 0.46822916666666664 0.2962962962962963 0.02395833333333333 0.024074074074074074
3 0.43984375 0.274537037037037 0.022395833333333334 0.015740740740740743
3 0.25104166666666666 0.2199074074074074 0.014583333333333334 0.015740740740740743
3 0.23020833333333332 0.22222222222222224 0.014583333333333334 0.014814814814814815
3 0.20859375 0.21296296296296297 0.013020833333333334 0.014814814814814815
3 0.23151041666666666 0.2125 0.0140625 0.015740740740740743
3 0.184375 0.21481481481481482 0.0125 0.014814814814814815
3 0.19713541666666667 0.19444444444444445 0.011979166666666666 0.012962962962962964
3 0.18984375 0.18101851851851852 0.0109375 0.012037037037037037
4 0.17369791666666667 0.16898148148148148 0.0109375 0.01388888888888889
3 0.15494791666666666 0.22175925925925927 0.0140625 0.019444444444444445
3 0.15520833333333334 0.20324074074074075 0.0125 0.015740740740740743
3 0.140625 0.2050925925925926 0.0125 0.019444444444444445
3 0.12916666666666665 0.19444444444444445 0.009375 0.014814814814814815
4 0.12083333333333333 0.18333333333333335 0.0125 0.016666666666666666
3 0.16458333333333333 0.16064814814814815 0.010416666666666666 0.012037037037037037
3 0.11067708333333333 0.17314814814814816 0.009895833333333333 0.012962962962962964
3 0.11666666666666667 0.16481481481481483 0.010416666666666666 0.012962962962962964
