3 0.81875 0.584313725490196 0.11985294117647059 0.09411764705882353
7 0.9136029411764706 0.5261437908496732 0.09779411764705882 0.12156862745098039
6 0.8897058823529411 0.3686274509803921 0.060294117647058824 0.065359477124183
0 0.8172794117647059 0.46535947712418296 0.02426470588235294 0.06013071895424836
0 0.8084558823529412 0.5202614379084967 0.013970588235294117 0.06013071895424836
1 0.7875 0.4816993464052287 0.01911764705882353 0.0457516339869281
9 0.7617647058823529 0.4738562091503268 0.032352941176470584 0.050980392156862744
0 0.694485294117647 0.3784313725490196 0.013970588235294117 0.043137254901960784
1 0.6540441176470588 0.37973856209150325 0.015441176470588236 0.04052287581699346
5 0.56875 0.538562091503268 0.10808823529411765 0.1045751633986928
0 0.4753676470588235 0.6209150326797385 0.01838235294117647 0.054901960784313725
1 0.4930147058823529 0.5647058823529412 0.015441176470588236 0.0392156862745098
0 0.5080882352941176 0.561437908496732 0.011764705882352941 0.043137254901960784
0 0.5147058823529411 0.5202614379084967 0.013235294117647059 0.047058823529411764
1 0.5268382352941177 0.522875816993464 0.016911764705882352 0.03137254901960784
0 0.544485294117647 0.5058823529411764 0.015441176470588236 0.05751633986928104
0 0.5683823529411764 0.5065359477124183 0.014705882352941176 0.04836601307189542
4 0.5522058823529412 0.3856209150326797 0.1 0.0915032679738562
4 0.4547794117647059 0.388235294117647 0.09191176470588235 0.08888888888888888
6 0.37058823529411766 0.5647058823529412 0.07647058823529412 0.06797385620915032
1 0.3738970588235294 0.5398692810457516 0.016911764705882352 0.0392156862745098
1 0.35110294117647056 0.5222222222222221 0.01838235294117647 0.03790849673202614
1 0.3352941176470588 0.47973856209150323 0.01911764705882353 0.0522875816993464
1 0.34558823529411764 0.4261437908496732 0.014705882352941176 0.03660130718954248
0 0.3724264705882353 0.3901960784313725 0.01838235294117647 0.06143790849673202
9 0.33786764705882355 0.48823529411764705 0.03455882352941177 0.0457516339869281
1 0.23272058823529412 0.5830065359477123 0.021323529411764706 0.0392156862745098
2 0.20441176470588235 0.6065359477124183 0.041176470588235294 0.06797385620915032
0 0.1386029411764706 0.5725490196078431 0.022794117647058822 0.07058823529411765
0 0.1610294117647059 0.4947712418300653 0.020588235294117647 0.06928104575163398
0 0.1488970588235294 0.5222222222222221 0.022794117647058822 0.06666666666666667
0 0.14816176470588235 0.5490196078431372 0.027205882352941177 0.06797385620915032
0 0.2908088235294118 0.4111111111111111 0.013970588235294117 0.06143790849673202
0 0.3044117647058823 0.4130718954248366 0.014705882352941176 0.05751633986928104
0 0.3161764705882353 0.40784313725490196 0.014705882352941176 0.06274509803921569
6 0.20441176470588235 0.3908496732026144 0.075 0.07581699346405228
0 0.15955882352941175 0.4111111111111111 0.01911764705882353 0.06143790849673202
6 0.11580882352941177 0.39999999999999997 0.0875 0.08888888888888888
1 0.12169117647058823 0.44509803921568625 0.022794117647058822 0.06666666666666667
1 0.10882352941176471 0.4588235294117647 0.01764705882352941 0.03660130718954248
9 0.12058823529411765 0.44705882352941173 0.047058823529411764 0.06013071895424836
0 0.07683823529411765 0.4562091503267974 0.022794117647058822 0.065359477124183
0 0.08529411764705883 0.42483660130718953 0.016176470588235292 0.054901960784313725
2 0.06397058823529411 0.42483660130718953 0.027941176470588233 0.054901960784313725
7 0.02610294117647059 0.40392156862745093 0.05220588235294118 0.08627450980392157
3 0.05073529411764706 0.17712418300653593 0.09117647058823529 0.06928104575163398
3 0.18308823529411763 0.1718954248366013 0.06911764705882353 0.0718954248366013
3 0.48933823529411763 0.14313725490196078 0.06985294117647059 0.05359477124183006
2 0.44080882352941175 0.1241830065359477 0.027205882352941177 0.03398692810457516
1 0.44191176470588234 0.11699346405228757 0.011764705882352941 0.043137254901960784
3 0.8466911764705882 0.13006535947712417 0.06544117647058824 0.05359477124183006
0 0.057720588235294114 0.02222222222222222 0.011029411764705881 0.02875816993464052
0 0.04926470588235294 0.01895424836601307 0.011764705882352941 0.03790849673202614
9 0.3261029411764706 0.07450980392156863 0.02426470588235294 0.03137254901960784
1 0.3261029411764706 0.06993464052287582 0.009558823529411765 0.03529411764705882
1 0.3327205882352941 0.07254901960784313 0.008088235294117646 0.03006535947712418
3 0.3084558823529412 0.01111111111111111 0.06397058823529411 0.02222222222222222
6 0.5290441176470588 0.06339869281045751 0.04044117647058824 0.03529411764705882
1 0.53125 0.047058823529411764 0.009558823529411765 0.02875816993464052
3 0.9297794117647059 0.02483660130718954 0.04485294117647059 0.047058823529411764
