3 0.31029411764705883 0.24705882352941175 0.01911764705882353 0.0130718954248366
3 0.2363970588235294 0.2797385620915033 0.015441176470588236 0.0261437908496732
3 0.2426470588235294 0.29346405228758166 0.013235294117647059 0.0196078431372549
1 0.18125 0.36405228758169933 0.008088235294117646 0.0196078431372549
2 0.19448529411764706 0.3803921568627451 0.011029411764705881 0.01830065359477124
2 0.1974264705882353 0.3633986928104575 0.006617647058823529 0.01568627450980392
0 0.20220588235294118 0.3856209150326797 0.0058823529411764705 0.02875816993464052
0 0.13455882352941176 0.4875816993464052 0.01764705882352941 0.06013071895424836
1 0.03823529411764706 0.8117647058823528 0.025 0.065359477124183
0 0.06139705882352941 0.7993464052287581 0.021323529411764706 0.06405228758169934
0 0.10588235294117647 0.6562091503267974 0.020588235294117647 0.07320261437908496
0 0.1349264705882353 0.6986928104575163 0.0125 0.06143790849673202
1 0.1577205882352941 0.7215686274509804 0.021323529411764706 0.0392156862745098
0 0.1514705882352941 0.680392156862745 0.013235294117647059 0.058823529411764705
0 0.15625 0.6712418300653594 0.011029411764705881 0.06405228758169934
0 0.17794117647058824 0.6705882352941176 0.013235294117647059 0.06274509803921569
0 0.18970588235294117 0.661437908496732 0.016176470588235292 0.06797385620915032
0 0.1915441176470588 0.6398692810457516 0.0125 0.05359477124183006
0 0.19705882352941176 0.6379084967320261 0.011764705882352941 0.06013071895424836
0 0.1650735294117647 0.6562091503267974 0.011029411764705881 0.06274509803921569
0 0.16323529411764706 0.6385620915032679 0.008823529411764706 0.050980392156862744
0 0.17058823529411765 0.6392156862745098 0.013235294117647059 0.0522875816993464
8 0.2691176470588235 0.615032679738562 0.09264705882352942 0.1477124183006536
3 0.34154411764705883 0.618954248366013 0.04632352941176471 0.06405228758169934
3 0.39448529411764705 0.661437908496732 0.04779411764705882 0.09411764705882353
3 0.36838235294117644 0.830718954248366 0.06323529411764706 0.14509803921568626
3 0.2139705882352941 0.3176470588235294 0.03676470588235294 0.02091503267973856
8 0.3547794117647059 0.3849673202614379 0.03602941176470588 0.08758169934640522
3 0.37830882352941175 0.4333333333333333 0.027205882352941177 0.03529411764705882
3 0.3900735294117647 0.4542483660130719 0.016911764705882352 0.043137254901960784
3 0.26544117647058824 0.3032679738562091 0.014705882352941176 0.023529411764705882
0 0.2566176470588235 0.2954248366013072 0.004411764705882353 0.01830065359477124
0 0.2595588235294118 0.2941176470588235 0.004411764705882353 0.01830065359477124
0 0.35073529411764703 0.48235294117647054 0.01911764705882353 0.06797385620915032
0 0.3981617647058823 0.46993464052287576 0.0125 0.0718954248366013
0 0.40551470588235294 0.49542483660130715 0.0125 0.07320261437908496
0 0.4202205882352941 0.484313725490196 0.015441176470588236 0.06666666666666667
3 0.3977941176470588 0.4111111111111111 0.020588235294117647 0.03529411764705882
3 0.40183823529411766 0.3875816993464052 0.01838235294117647 0.0326797385620915
3 0.3977941176470588 0.36928104575163395 0.01911764705882353 0.03529411764705882
3 0.4011029411764706 0.34901960784313724 0.016911764705882352 0.02875816993464052
3 0.37720588235294117 0.33856209150326794 0.016176470588235292 0.02875816993464052
3 0.3863970588235294 0.31895424836601305 0.0125 0.02091503267973856
3 0.38235294117647056 0.3052287581699346 0.013235294117647059 0.02222222222222222
3 0.4022058823529412 0.3078431372549019 0.013235294117647059 0.0196078431372549
3 0.4150735294117647 0.3248366013071895 0.015441176470588236 0.02222222222222222
3 0.42316176470588235 0.3477124183006536 0.016911764705882352 0.0261437908496732
3 0.42867647058823527 0.37385620915032675 0.01911764705882353 0.02875816993464052
3 0.4301470588235294 0.3941176470588235 0.022058823529411763 0.03529411764705882
3 0.5794117647058823 0.7627450980392156 0.060294117647058824 0.1111111111111111
3 0.6613970588235294 0.7751633986928104 0.06838235294117646 0.11764705882352941
0 0.5533088235294118 0.4888888888888889 0.01838235294117647 0.06797385620915032
0 0.5621323529411765 0.47320261437908495 0.01838235294117647 0.08104575163398692
0 0.5996323529411764 0.5026143790849673 0.01838235294117647 0.058823529411764705
0 0.5886029411764706 0.4993464052287581 0.015441176470588236 0.05751633986928104
0 0.6650735294117647 0.4836601307189542 0.016911764705882352 0.0915032679738562
0 0.611764705882353 0.43660130718954243 0.025 0.0392156862745098
4 0.5191176470588236 0.42745098039215684 0.025 0.04444444444444444
3 0.5772058823529411 0.40784313725490196 0.022058823529411763 0.03660130718954248
3 0.5426470588235294 0.4052287581699346 0.025 0.03660130718954248
3 0.50625 0.4006535947712418 0.022794117647058822 0.03006535947712418
3 0.4919117647058823 0.361437908496732 0.01764705882352941 0.03006535947712418
3 0.4834558823529412 0.34444444444444444 0.015441176470588236 0.02222222222222222
3 0.4764705882352941 0.33660130718954245 0.013235294117647059 0.02222222222222222
3 0.46911764705882353 0.3254901960784313 0.013235294117647059 0.01830065359477124
3 0.4632352941176471 0.3176470588235294 0.013235294117647059 0.023529411764705882
3 0.45625 0.31045751633986923 0.011029411764705881 0.01699346405228758
3 0.45183823529411765 0.3032679738562091 0.0125 0.01830065359477124
3 0.44191176470588234 0.296078431372549 0.011764705882352941 0.01437908496732026
3 0.43529411764705883 0.2875816993464052 0.010294117647058823 0.0130718954248366
3 0.42867647058823527 0.28169934640522876 0.010294117647058823 0.011764705882352941
3 0.42316176470588235 0.2771241830065359 0.011029411764705881 0.01568627450980392
3 0.4161764705882353 0.2725490196078431 0.010294117647058823 0.01437908496732026
0 0.37830882352941175 0.26405228758169935 0.0022058823529411764 0.01045751633986928
0 0.3764705882352941 0.2620915032679738 0.0029411764705882353 0.01437908496732026
1 0.42058823529411765 0.25816993464052285 0.0029411764705882353 0.00915032679738562
9 0.4209558823529412 0.26274509803921564 0.008088235294117646 0.00784313725490196
0 0.4463235294117647 0.2568627450980392 0.0029411764705882353 0.011764705882352941
1 0.45073529411764707 0.2594771241830065 0.004411764705882353 0.011764705882352941
9 0.45036764705882354 0.2620915032679738 0.008088235294117646 0.00915032679738562
3 0.43419117647058825 0.2725490196078431 0.009558823529411765 0.011764705882352941
3 0.43970588235294117 0.27908496732026145 0.010294117647058823 0.01437908496732026
3 0.44816176470588237 0.2856209150326797 0.011029411764705881 0.011764705882352941
3 0.4540441176470588 0.29084967320261434 0.011029411764705881 0.01437908496732026
3 0.46102941176470585 0.2947712418300653 0.010294117647058823 0.01437908496732026
5 0.46838235294117647 0.30196078431372547 0.011764705882352941 0.01830065359477124
3 0.475 0.3098039215686274 0.011764705882352941 0.01568627450980392
3 0.4823529411764706 0.3183006535947712 0.013235294117647059 0.01699346405228758
3 0.48823529411764705 0.3254901960784313 0.011764705882352941 0.01830065359477124
3 0.4974264705882353 0.33660130718954245 0.013970588235294117 0.0196078431372549
3 0.5084558823529411 0.3457516339869281 0.016911764705882352 0.027450980392156862
3 0.5154411764705882 0.3588235294117647 0.01764705882352941 0.03006535947712418
3 0.5238970588235294 0.37124183006535943 0.015441176470588236 0.0261437908496732
3 0.5702205882352941 0.36732026143790847 0.019852941176470587 0.0261437908496732
3 0.4536764705882353 0.2751633986928104 0.010294117647058823 0.01437908496732026
3 0.4661764705882353 0.28888888888888886 0.011764705882352941 0.0130718954248366
3 0.475 0.2941176470588235 0.011764705882352941 0.01568627450980392
3 0.48161764705882354 0.2980392156862745 0.010294117647058823 0.01568627450980392
3 0.49558823529411766 0.3137254901960784 0.011764705882352941 0.01568627450980392
3 0.5088235294117647 0.3202614379084967 0.016176470588235292 0.023529411764705882
8 0.5349264705882353 0.3359477124183006 0.03602941176470588 0.065359477124183
8 0.4661764705882353 0.2673202614379085 0.023529411764705882 0.0326797385620915
3 0.47720588235294115 0.28169934640522876 0.013235294117647059 0.01437908496732026
3 0.48676470588235293 0.2901960784313725 0.013235294117647059 0.01830065359477124
3 0.49816176470588236 0.2973856209150327 0.0125 0.0196078431372549
3 0.5419117647058823 0.2849673202614379 0.01911764705882353 0.0130718954248366
3 0.5514705882352942 0.28888888888888886 0.022058823529411763 0.0130718954248366
3 0.5621323529411765 0.2901960784313725 0.022794117647058822 0.01568627450980392
3 0.5713235294117647 0.3 0.023529411764705882 0.01699346405228758
1 0.5672794117647059 0.3137254901960784 0.003676470588235294 0.0130718954248366
9 0.5669117647058823 0.32352941176470584 0.0058823529411764705 0.011764705882352941
1 0.5786764705882352 0.32418300653594767 0.0029411764705882353 0.0130718954248366
2 0.5783088235294117 0.3326797385620915 0.005147058823529412 0.011764705882352941
