6 0.22395833333333334 0.9805555555555556 0.03333333333333333 0.03888888888888889
1 0.3703125 0.625925925925926 0.009375 0.022222222222222223
1 0.375 0.6222222222222222 0.010416666666666666 0.037037037037037035
6 0.3755208333333333 0.6268518518518519 0.017708333333333333 0.03888888888888889
5 0.5583333333333333 0.6657407407407407 0.05625 0.12037037037037038
7 0.6067708333333334 0.6592592592592593 0.021875 0.05925925925925926
1 0.6015625 0.6564814814814816 0.007291666666666667 0.024074074074074074
9 0.6041666666666666 0.750925925925926 0.014583333333333334 0.04259259259259259
1 0.6052083333333333 0.7472222222222222 0.0125 0.031481481481481485
1 0.6057291666666667 0.7416666666666667 0.011458333333333333 0.03888888888888889
0 0.7328125 0.8518518518518519 0.017708333333333333 0.04814814814814815
3 0.809375 0.9120370370370371 0.05416666666666667 0.13148148148148148
4 0.890625 0.9787037037037037 0.04583333333333333 0.04259259259259259
5 0.5734375 0.4962962962962963 0.06354166666666666 0.15555555555555556
5 0.5026041666666666 0.40555555555555556 0.046875 0.13703703703703704
3 0.46510416666666665 0.32407407407407407 0.015625 0.02962962962962963
3 0.44479166666666664 0.2888888888888889 0.014583333333333334 0.02592592592592593
5 0.46458333333333335 0.20740740740740743 0.014583333333333334 0.03333333333333333
5 0.4354166666666667 0.18425925925925926 0.016666666666666666 0.053703703703703705
5 0.42864583333333334 0.1425925925925926 0.013541666666666667 0.037037037037037035
3 0.45208333333333334 0.16111111111111112 0.010416666666666666 0.014814814814814815
0 0.14114583333333333 0.48333333333333334 0.011458333333333333 0.040740740740740744
3 0.3421875 0.4527777777777778 0.03229166666666666 0.0462962962962963
1 0.3598958333333333 0.325 0.003125 0.016666666666666666
1 0.36875 0.26296296296296295 0.00625 0.014814814814814815
2 0.3729166666666667 0.2175925925925926 0.004166666666666667 0.020370370370370372
1 0.3734375 0.21666666666666667 0.003125 0.011111111111111112
1 0.37135416666666665 0.2 0.003125 0.011111111111111112
2 0.37135416666666665 0.20462962962962963 0.005208333333333333 0.012962962962962964
2 0.45729166666666665 0.13796296296296298 0.004166666666666667 0.012962962962962964
1 0.4578125 0.13518518518518519 0.003125 0.011111111111111112
9 0.36875 0.26851851851851855 0.00625 0.014814814814814815
9 0.36041666666666666 0.33240740740740743 0.004166666666666667 0.016666666666666666
3 0.41822916666666665 0.0962962962962963 0.005208333333333333 0.007407407407407408
3 0.4296875 0.09537037037037037 0.005208333333333333 0.009259259259259259
3 0.378125 0.13796296296296298 0.008333333333333333 0.012962962962962964
