4 0.49227941176470585 0.03660130718954248 0.013970588235294117 0.03137254901960784
4 0.53125 0.04771241830065359 0.015441176470588236 0.03006535947712418
4 0.5238970588235294 0.02222222222222222 0.02426470588235294 0.02875816993464052
7 0.3386029411764706 0.24248366013071893 0.02426470588235294 0.05620915032679738
4 0.6599264705882353 0.29084967320261434 0.05955882352941176 0.06405228758169934
4 0.6488970588235294 0.2679738562091503 0.05808823529411765 0.0522875816993464
3 0.2555147058823529 0.6026143790849673 0.12720588235294117 0.09411764705882353
3 0.07205882352941176 0.5797385620915032 0.13676470588235293 0.08758169934640522
3 0.19705882352941176 0.4856209150326797 0.10882352941176471 0.09281045751633986
1 0.10808823529411765 0.6411764705882352 0.020588235294117647 0.058823529411764705
1 0.0849264705882353 0.6372549019607843 0.022794117647058822 0.05359477124183006
1 0.09632352941176471 0.630718954248366 0.01911764705882353 0.05359477124183006
3 0.3676470588235294 0.8732026143790849 0.11911764705882352 0.23006535947712417
3 0.5625 0.6941176470588235 0.12352941176470589 0.13333333333333333
3 0.46249999999999997 0.6143790849673202 0.11323529411764706 0.0915032679738562
0 0.5040441176470588 0.8888888888888888 0.01838235294117647 0.054901960784313725
0 0.5033088235294118 0.8705882352941176 0.022794117647058822 0.065359477124183
9 0.5029411764705882 0.8934640522875816 0.022058823529411763 0.09281045751633986
3 0.5838235294117647 0.28366013071895424 0.030882352941176472 0.05751633986928104
3 0.43088235294117644 0.22026143790849673 0.027941176470588233 0.05620915032679738
3 0.41470588235294115 0.3464052287581699 0.039705882352941174 0.07581699346405228
3 0.3577205882352941 0.33137254901960783 0.04191176470588235 0.06666666666666667
3 0.5216911764705883 0.06993464052287582 0.016911764705882352 0.03006535947712418
0 0.4150735294117647 0.0673202614379085 0.006617647058823529 0.03006535947712418
0 0.4264705882352941 0.02810457516339869 0.0058823529411764705 0.02483660130718954
1 0.4404411764705882 0.01503267973856209 0.004411764705882353 0.01699346405228758
1 0.4698529411764706 0.00392156862745098 0.007352941176470588 0.00784313725490196
0 0.5110294117647058 0.07712418300653594 0.004411764705882353 0.02875816993464052
0 0.5330882352941176 0.0784313725490196 0.0058823529411764705 0.02875816993464052
0 0.5371323529411764 0.12941176470588234 0.006617647058823529 0.03398692810457516
0 0.5632352941176471 0.09869281045751634 0.0058823529411764705 0.027450980392156862
9 0.5496323529411765 0.14836601307189543 0.011029411764705881 0.027450980392156862
3 0.5830882352941177 0.13398692810457516 0.04852941176470588 0.03790849673202614
3 0.5613970588235294 0.04836601307189542 0.03602941176470588 0.02875816993464052
3 0.5602941176470588 0.03202614379084967 0.026470588235294117 0.02222222222222222
3 0.5253676470588236 0.00849673202614379 0.013970588235294117 0.01699346405228758
3 0.4213235294117647 0.013725490196078431 0.011764705882352941 0.02483660130718954
3 0.4025735294117647 0.02679738562091503 0.03308823529411765 0.02483660130718954
3 0.3988970588235294 0.049019607843137254 0.028676470588235293 0.02483660130718954
3 0.40404411764705883 0.06339869281045751 0.015441176470588236 0.0326797385620915
3 0.37426470588235294 0.06666666666666667 0.03823529411764706 0.0261437908496732
3 0.38125 0.0849673202614379 0.03897058823529412 0.02875816993464052
3 0.3863970588235294 0.09803921568627451 0.028676470588235293 0.03398692810457516
3 0.38676470588235295 0.12026143790849672 0.025 0.0392156862745098
3 0.3790441176470588 0.14313725490196078 0.025735294117647058 0.04052287581699346
3 0.3738970588235294 0.17254901960784313 0.025735294117647058 0.04444444444444444
3 0.34816176470588234 0.12483660130718953 0.0375 0.03529411764705882
3 0.31985294117647056 0.17124183006535945 0.060294117647058824 0.03660130718954248
3 0.3150735294117647 0.20849673202614377 0.05073529411764706 0.05359477124183006
0 0.35955882352941176 0.20784313725490194 0.007352941176470588 0.04183006535947712
0 0.36838235294117644 0.20784313725490194 0.007352941176470588 0.04183006535947712
0 0.3698529411764706 0.2006535947712418 0.007352941176470588 0.043137254901960784
0 0.3599264705882353 0.01699346405228758 0.003676470588235294 0.023529411764705882
9 0.3775735294117647 0.027450980392156862 0.006617647058823529 0.01830065359477124
9 0.3735294117647059 0.023529411764705882 0.004411764705882353 0.02091503267973856
9 0.36066176470588235 0.04640522875816993 0.006617647058823529 0.02483660130718954
7 0.2566176470588235 0.25816993464052285 0.044117647058823525 0.04836601307189542
3 0.24154411764705883 0.2823529411764706 0.05955882352941176 0.047058823529411764
4 0.26801470588235293 0.2222222222222222 0.08455882352941177 0.06797385620915032
0 0.20625 0.3980392156862745 0.016911764705882352 0.058823529411764705
9 0.07279411764705883 0.2823529411764706 0.026470588235294117 0.02875816993464052
1 0.8121323529411765 0.584313725490196 0.015441176470588236 0.054901960784313725
9 0.8051470588235294 0.6045751633986928 0.044117647058823525 0.03529411764705882
3 0.9573529411764706 0.5888888888888888 0.08529411764705883 0.07973856209150326
4 0.9466911764705882 0.4333333333333333 0.10661764705882353 0.1241830065359477
0 0.9419117647058823 0.35359477124183003 0.007352941176470588 0.0326797385620915
0 0.9198529411764705 0.3405228758169934 0.008823529411764706 0.04836601307189542
0 0.9591911764705883 0.49738562091503263 0.015441176470588236 0.05620915032679738
1 0.9433823529411764 0.5222222222222221 0.016176470588235292 0.050980392156862744
0 0.9599264705882353 0.5098039215686274 0.011029411764705881 0.047058823529411764
0 0.8867647058823529 0.49542483660130715 0.008823529411764706 0.0522875816993464
1 0.7577205882352941 0.48300653594771237 0.013970588235294117 0.03790849673202614
9 0.9011029411764706 0.361437908496732 0.013970588235294117 0.03790849673202614
9 0.8790441176470588 0.35620915032679734 0.015441176470588236 0.043137254901960784
1 0.7676470588235293 0.292156862745098 0.010294117647058823 0.0326797385620915
1 0.7775735294117647 0.28431372549019607 0.009558823529411765 0.03006535947712418
6 0.7683823529411764 0.2973856209150327 0.03529411764705882 0.03790849673202614
9 0.7389705882352942 0.2745098039215686 0.01764705882352941 0.03398692810457516
9 0.7194852941176471 0.2633986928104575 0.021323529411764706 0.03006535947712418
9 0.7040441176470588 0.24967320261437906 0.01838235294117647 0.02875816993464052
6 0.6525735294117647 0.1941176470588235 0.016911764705882352 0.03790849673202614
0 0.6371323529411764 0.17516339869281045 0.006617647058823529 0.04183006535947712
0 0.6290441176470588 0.20130718954248364 0.006617647058823529 0.0392156862745098
0 0.6224264705882353 0.2026143790849673 0.006617647058823529 0.03398692810457516
3 0.6308823529411764 0.24967320261437906 0.05 0.04444444444444444
3 0.6150735294117647 0.2156862745098039 0.06544117647058824 0.04444444444444444
0 0.5893382352941177 0.02483660130718954 0.005147058823529412 0.0261437908496732
