5 0.7308823529411764 0.03071895424836601 0.058823529411764705 0.06143790849673202
5 0.6176470588235294 0.01764705882352941 0.07794117647058824 0.03529411764705882
0 0.6183823529411765 0.02418300653594771 0.008823529411764706 0.04836601307189542
5 0.5283088235294118 0.08104575163398692 0.0375 0.11764705882352941
0 0.5735294117647058 0.0869281045751634 0.008823529411764706 0.05359477124183006
5 0.6290441176470588 0.09803921568627451 0.11544117647058823 0.10718954248366012
5 0.6676470588235294 0.13856209150326795 0.11029411764705882 0.09411764705882353
5 0.6661764705882353 0.2091503267973856 0.1264705882352941 0.10980392156862745
0 0.48713235294117646 0.11830065359477124 0.015441176470588236 0.050980392156862744
0 0.46654411764705883 0.09477124183006536 0.009558823529411765 0.050980392156862744
0 0.4522058823529412 0.08366013071895424 0.008823529411764706 0.04183006535947712
0 0.44595588235294115 0.09542483660130718 0.006617647058823529 0.04183006535947712
0 0.4514705882352941 0.10130718954248365 0.008823529411764706 0.043137254901960784
0 0.45698529411764705 0.11045751633986928 0.011029411764705881 0.050980392156862744
1 0.45073529411764707 0.12156862745098039 0.011764705882352941 0.047058823529411764
9 0.4511029411764706 0.12679738562091503 0.022794117647058822 0.047058823529411764
0 0.44227941176470587 0.12679738562091503 0.022794117647058822 0.054901960784313725
0 0.4183823529411765 0.03594771241830065 0.013235294117647059 0.04836601307189542
0 0.4176470588235294 0.11895424836601307 0.010294117647058823 0.0522875816993464
0 0.4088235294117647 0.11437908496732026 0.010294117647058823 0.050980392156862744
5 0.3900735294117647 0.08562091503267973 0.07867647058823529 0.07450980392156863
5 0.4025735294117647 0.04836601307189542 0.10073529411764706 0.0784313725490196
5 0.41323529411764703 0.029411764705882353 0.09705882352941177 0.058823529411764705
5 0.15992647058823528 0.08300653594771241 0.10367647058823529 0.09542483660130718
0 0.45992647058823527 0.1718954248366013 0.009558823529411765 0.05359477124183006
0 0.46249999999999997 0.28366013071895424 0.011764705882352941 0.05751633986928104
3 0.5371323529411764 0.2751633986928104 0.04191176470588235 0.10065359477124182
0 0.5647058823529412 0.32679738562091504 0.014705882352941176 0.05751633986928104
0 0.5952205882352941 0.31895424836601305 0.015441176470588236 0.05751633986928104
6 0.6113970588235293 0.3424836601307189 0.05514705882352941 0.06797385620915032
3 0.6040441176470588 0.5058823529411764 0.05073529411764706 0.13594771241830064
9 0.6257352941176471 0.5967320261437908 0.022058823529411763 0.08235294117647059
3 0.6286764705882353 0.8954248366013071 0.07058823529411765 0.2091503267973856
3 0.34338235294117647 0.7183006535947712 0.07352941176470588 0.21830065359477122
6 0.37573529411764706 0.565359477124183 0.08970588235294118 0.08235294117647059
9 0.39595588235294116 0.47973856209150323 0.03161764705882353 0.065359477124183
1 0.3029411764705882 0.3098039215686274 0.022058823529411763 0.04444444444444444
0 0.31176470588235294 0.2830065359477124 0.011764705882352941 0.06666666666666667
0 0.31985294117647056 0.3176470588235294 0.01911764705882353 0.06797385620915032
