3 0.45651041666666664 0.763425925925926 0.1171875 0.21203703703703705
3 0.7544270833333333 0.8949074074074075 0.1578125 0.2101851851851852
3 0.6799479166666667 0.9240740740740742 0.15260416666666665 0.15185185185185185
3 0.5518229166666666 0.9555555555555556 0.10364583333333333 0.08888888888888889
3 0.5244791666666666 0.7212962962962963 0.10104166666666667 0.1574074074074074
3 0.6278645833333333 0.7222222222222222 0.12239583333333333 0.18703703703703706
3 0.5375 0.6 0.08541666666666667 0.12222222222222223
3 0.44765625 0.5930555555555556 0.08489583333333334 0.1212962962962963
3 0.390625 0.6402777777777778 0.08958333333333333 0.14537037037037037
3 0.32760416666666664 0.5064814814814815 0.065625 0.11666666666666667
3 0.39401041666666664 0.4990740740740741 0.06197916666666667 0.09814814814814815
3 0.4536458333333333 0.4861111111111111 0.06979166666666667 0.10370370370370371
3 0.5505208333333333 0.4199074074074074 0.06354166666666666 0.0638888888888889
3 0.24296874999999998 0.725 0.08489583333333334 0.16111111111111112
3 0.21692708333333333 0.5935185185185186 0.07447916666666667 0.12592592592592594
3 0.19401041666666666 0.5078703703703704 0.057812499999999996 0.11203703703703705
0 0.17760416666666667 0.7268518518518519 0.026041666666666668 0.0925925925925926
4 0.29270833333333335 0.41620370370370374 0.071875 0.13240740740740742
3 0.34609375 0.42453703703703705 0.057812499999999996 0.08240740740740742
3 0.3950520833333333 0.3944444444444445 0.06197916666666667 0.0962962962962963
3 0.6208333333333333 0.40694444444444444 0.06354166666666666 0.062037037037037036
0 0.17109375 0.9652777777777778 0.0296875 0.06944444444444445
0 0.128125 0.9736111111111111 0.028125 0.05277777777777778
1 0.059895833333333336 0.6592592592592593 0.036458333333333336 0.06481481481481481
9 0.1125 0.45046296296296295 0.019791666666666666 0.05462962962962963
2 0.12630208333333334 0.45231481481481484 0.0140625 0.03796296296296296
2 0.12083333333333333 0.425462962962963 0.015625 0.03981481481481482
2 0.10520833333333333 0.4361111111111111 0.017708333333333333 0.044444444444444446
0 0.11796875 0.3736111111111111 0.013020833333333334 0.058333333333333334
3 0.26171875 0.36944444444444446 0.0421875 0.07037037037037037
3 0.2942708333333333 0.34444444444444444 0.04375 0.06296296296296297
3 0.3520833333333333 0.3425925925925926 0.046875 0.061111111111111116
3 0.20989583333333334 0.3736111111111111 0.042708333333333334 0.07314814814814816
3 0.32135416666666666 0.30092592592592593 0.04375 0.05925925925925926
3 0.26848958333333334 0.29814814814814816 0.0421875 0.05740740740740741
3 0.21796875 0.2986111111111111 0.04010416666666666 0.05648148148148149
3 0.15963541666666667 0.3907407407407408 0.049479166666666664 0.07777777777777778
3 0.14505208333333333 0.3337962962962963 0.0421875 0.058333333333333334
3 0.1390625 0.29305555555555557 0.034375 0.05462962962962963
3 0.13072916666666667 0.2689814814814815 0.034375 0.05462962962962963
3 0.121875 0.2439814814814815 0.03333333333333333 0.04351851851851852
3 0.25494791666666666 0.2611111111111111 0.04010416666666666 0.044444444444444446
3 0.23463541666666665 0.2300925925925926 0.033854166666666664 0.04166666666666667
3 0.20234375 0.2449074074074074 0.030729166666666665 0.05462962962962963
3 0.190625 0.21944444444444444 0.028125 0.04259259259259259
3 0.17578125 0.2 0.027604166666666666 0.04259259259259259
3 0.165625 0.17407407407407408 0.025 0.03518518518518519
3 0.2109375 0.19953703703703704 0.027083333333333334 0.036111111111111115
3 0.21041666666666667 0.19861111111111113 0.027083333333333334 0.036111111111111115
3 0.2716145833333333 0.22962962962962963 0.033854166666666664 0.044444444444444446
3 0.2505208333333333 0.19490740740740742 0.03333333333333333 0.04537037037037037
3 0.23619791666666667 0.17685185185185187 0.030729166666666665 0.03518518518518519
3 0.20260416666666667 0.17083333333333334 0.03125 0.03796296296296296
3 0.21953124999999998 0.15833333333333333 0.0234375 0.03333333333333333
3 0.19375 0.16018518518518518 0.026041666666666668 0.031481481481481485
3 0.17994791666666665 0.1425925925925926 0.0234375 0.02962962962962963
3 0.17552083333333332 0.1328703703703704 0.019791666666666666 0.026851851851851852
3 0.20520833333333333 0.13703703703703704 0.022916666666666665 0.022222222222222223
3 0.19765625 0.12453703703703704 0.021354166666666667 0.02314814814814815
3 0.18984375 0.11203703703703705 0.019270833333333334 0.02592592592592593
3 0.15442708333333333 0.1462962962962963 0.0234375 0.03333333333333333
3 0.14427083333333332 0.1287037037037037 0.021875 0.02962962962962963
1 0.3104166666666667 0.8569444444444445 0.028125 0.09907407407407408
1 0.32786458333333335 0.6907407407407408 0.025520833333333333 0.07222222222222223
1 0.29453125 0.7893518518518519 0.0234375 0.08611111111111111
1 0.2955729166666667 0.6898148148148149 0.024479166666666666 0.07962962962962963
1 0.2817708333333333 0.5180555555555556 0.016666666666666666 0.062037037037037036
1 0.24661458333333333 0.5212962962962964 0.01614583333333333 0.06296296296296297
1 0.21692708333333333 0.4449074074074074 0.015104166666666667 0.05277777777777778
9 0.3286458333333333 0.7162037037037037 0.026041666666666668 0.075
2 0.31015625 0.8930555555555556 0.021354166666666667 0.075
2 0.2934895833333333 0.8222222222222223 0.021354166666666667 0.07592592592592592
2 0.29661458333333335 0.7199074074074074 0.0203125 0.05648148148148149
2 0.2825520833333333 0.5375 0.0203125 0.05648148148148149
2 0.24895833333333334 0.5398148148148149 0.016666666666666666 0.05555555555555556
2 0.2203125 0.4638888888888889 0.013541666666666667 0.04259259259259259
3 0.93203125 0.8171296296296297 0.1359375 0.16574074074074074
1 0.9270833333333334 0.7208333333333333 0.03125 0.05462962962962963
6 0.928125 0.736574074074074 0.05520833333333333 0.06574074074074074
3 0.9244791666666666 0.6462962962962964 0.134375 0.08888888888888889
3 0.7947916666666667 0.5125000000000001 0.1 0.08425925925925926
1 0.8239583333333333 0.6231481481481481 0.025 0.05740740740740741
1 0.7809895833333333 0.5875 0.0234375 0.06018518518518519
1 0.6052083333333333 0.4078703703703704 0.022916666666666665 0.04722222222222222
1 0.7463541666666667 0.44722222222222224 0.019791666666666666 0.04259259259259259
1 0.55859375 0.362962962962963 0.015104166666666667 0.040740740740740744
2 0.8424479166666666 0.4671296296296297 0.0265625 0.03981481481481482
2 0.9627604166666667 0.5472222222222223 0.021354166666666667 0.05925925925925926
2 0.9455729166666667 0.5416666666666667 0.01614583333333333 0.05
2 0.9317708333333333 0.5416666666666667 0.016666666666666666 0.05
2 0.9190104166666666 0.5398148148148149 0.01614583333333333 0.05
2 0.8822916666666667 0.49768518518518523 0.03229166666666666 0.036111111111111115
6 0.9145833333333333 0.5097222222222222 0.058333333333333334 0.04166666666666667
0 0.9450520833333333 0.3490740740740741 0.013020833333333334 0.05555555555555556
0 0.8393229166666667 0.3023148148148148 0.0140625 0.04166666666666667
0 0.68984375 0.4240740740740741 0.0640625 0.06296296296296297
0 0.6260416666666666 0.36944444444444446 0.06770833333333333 0.06481481481481481
4 0.4549479166666667 0.2986111111111111 0.049479166666666664 0.06018518518518519
3 0.53828125 0.2972222222222222 0.04635416666666667 0.05185185185185186
0 0.6255208333333333 0.30092592592592593 0.0125 0.044444444444444446
0 0.6299479166666666 0.23287037037037037 0.009895833333333333 0.04166666666666667
0 0.640625 0.23287037037037037 0.008333333333333333 0.04166666666666667
0 0.5921875 0.21574074074074076 0.007291666666666667 0.02962962962962963
