3 0.48125 0.34351851851851856 0.011458333333333333 0.018518518518518517
3 0.4734375 0.3648148148148148 0.008333333333333333 0.020370370370370372
3 0.46067708333333335 0.40555555555555556 0.009895833333333333 0.020370370370370372
3 0.5364583333333334 0.4185185185185185 0.013541666666666667 0.020370370370370372
3 0.41770833333333335 0.5537037037037037 0.03854166666666667 0.031481481481481485
3 0.45468749999999997 0.5750000000000001 0.03958333333333333 0.037037037037037035
3 0.4473958333333333 0.5388888888888889 0.016666666666666666 0.031481481481481485
3 0.5328125 0.5148148148148148 0.014583333333333334 0.02777777777777778
3 0.471875 0.8092592592592593 0.026041666666666668 0.07592592592592592
3 0.4505208333333333 0.9166666666666667 0.027083333333333334 0.07962962962962963
3 0.5192708333333333 0.7277777777777779 0.022916666666666665 0.05
3 0.4822916666666667 0.6944444444444444 0.021875 0.05740740740740741
3 0.4348958333333333 0.6416666666666667 0.020833333333333332 0.05185185185185186
3 0.5416666666666666 0.4462962962962963 0.011458333333333333 0.024074074074074074
3 0.5447916666666667 0.4712962962962963 0.011458333333333333 0.02592592592592593
7 0.5036458333333333 0.6175925925925926 0.010416666666666666 0.040740740740740744
3 0.5536458333333333 0.8037037037037037 0.020833333333333332 0.06481481481481481
7 0.5739583333333333 0.8555555555555556 0.040625 0.05740740740740741
9 0.4359375 0.4962962962962963 0.010416666666666666 0.02777777777777778
0 0.4109375 0.5287037037037037 0.004166666666666667 0.02592592592592593
0 0.4328125 0.6888888888888889 0.008333333333333333 0.02777777777777778
0 0.39010416666666664 0.8398148148148148 0.00625 0.044444444444444446
0 0.5171875 0.675 0.008333333333333333 0.03333333333333333
0 0.4119791666666667 0.487962962962963 0.0020833333333333333 0.018518518518518517
1 0.48541666666666666 0.5703703703703704 0.005208333333333333 0.016666666666666666
1 0.47031249999999997 0.47962962962962963 0.0020833333333333333 0.016666666666666666
1 0.5375 0.674074074074074 0.005208333333333333 0.024074074074074074
1 0.5364583333333334 0.6953703703703704 0.005208333333333333 0.022222222222222223
1 0.5067708333333333 0.7824074074074074 0.008333333333333333 0.022222222222222223
1 0.53125 0.788888888888889 0.007291666666666667 0.024074074074074074
1 0.5119791666666667 0.8324074074074075 0.00625 0.02592592592592593
1 0.5302083333333333 0.8527777777777779 0.009375 0.03333333333333333
0 0.31354166666666666 0.8342592592592593 0.009375 0.037037037037037035
0 0.553125 0.8731481481481482 0.007291666666666667 0.03333333333333333
0 0.5166666666666666 0.6046296296296296 0.007291666666666667 0.03333333333333333
0 0.5203125 0.6203703703703703 0.00625 0.02777777777777778
0 0.5270833333333333 0.612037037037037 0.007291666666666667 0.018518518518518517
4 0.33177083333333335 0.9185185185185185 0.0625 0.07222222222222223
4 0.36614583333333334 0.7935185185185185 0.05416666666666667 0.044444444444444446
9 0.5401041666666666 0.9222222222222223 0.016666666666666666 0.061111111111111116
9 0.53125 0.8777777777777778 0.007291666666666667 0.024074074074074074
9 0.5109375 0.8490740740740741 0.00625 0.02592592592592593
9 0.5322916666666666 0.8046296296296297 0.007291666666666667 0.022222222222222223
9 0.44479166666666664 0.7583333333333334 0.005208333333333333 0.018518518518518517
9 0.5088541666666666 0.7972222222222223 0.00625 0.014814814814814815
9 0.4552083333333333 0.7018518518518518 0.005208333333333333 0.020370370370370372
1 0.4557291666666667 0.6870370370370371 0.00625 0.02777777777777778
0 0.4479166666666667 0.6574074074074074 0.007291666666666667 0.02777777777777778
1 0.4453125 0.7416666666666667 0.004166666666666667 0.022222222222222223
0 0.5380208333333333 0.6189814814814815 0.007291666666666667 0.032407407407407406
1 0.5364583333333334 0.5976851851851852 0.007291666666666667 0.026851851851851852
0 0.5447916666666667 0.6180555555555556 0.005208333333333333 0.028703703703703703
1 0.5552083333333333 0.6194444444444445 0.005208333333333333 0.024074074074074074
0 0.54765625 0.5995370370370371 0.005729166666666666 0.032407407407407406
9 0.5546875 0.6291666666666667 0.008333333333333333 0.021296296296296296
9 0.5466145833333333 0.6203703703703703 0.009895833333333333 0.02777777777777778
2 0.5317708333333333 0.6240740740740741 0.008333333333333333 0.022222222222222223
9 0.4848958333333333 0.5842592592592593 0.007291666666666667 0.024074074074074074
9 0.5065104166666666 0.5796296296296296 0.013020833333333334 0.014814814814814815
9 0.5005208333333333 0.5240740740740741 0.007291666666666667 0.014814814814814815
9 0.5104166666666666 0.5300925925925926 0.004166666666666667 0.019444444444444445
9 0.5216145833333333 0.5236111111111111 0.005729166666666666 0.021296296296296296
9 0.5119791666666667 0.5083333333333333 0.007291666666666667 0.016666666666666666
9 0.50234375 0.5064814814814815 0.0078125 0.014814814814814815
9 0.50546875 0.4351851851851852 0.005729166666666666 0.011111111111111112
9 0.5119791666666667 0.41944444444444445 0.00625 0.011111111111111112
9 0.50078125 0.37777777777777777 0.0046875 0.011111111111111112
9 0.4942708333333333 0.36203703703703705 0.005208333333333333 0.012962962962962964
9 0.5080729166666667 0.37222222222222223 0.0036458333333333334 0.009259259259259259
1 0.50078125 0.49768518518518523 0.0036458333333333334 0.01388888888888889
1 0.5018229166666667 0.5185185185185185 0.0046875 0.016666666666666666
1 0.5127604166666666 0.5050925925925926 0.0046875 0.017592592592592594
1 0.5216145833333333 0.5171296296296296 0.0067708333333333336 0.019444444444444445
1 0.5104166666666666 0.524537037037037 0.004166666666666667 0.01388888888888889
1 0.50546875 0.5731481481481482 0.005729166666666666 0.020370370370370372
1 0.509375 0.5745370370370371 0.00625 0.017592592592592594
3 0.4903645833333333 0.2986111111111111 0.008854166666666666 0.015740740740740743
3 0.48671875 0.27870370370370373 0.0067708333333333336 0.012962962962962964
3 0.51875 0.36203703703703705 0.010416666666666666 0.016666666666666666
3 0.5239583333333333 0.3763888888888889 0.011458333333333333 0.019444444444444445
3 0.53203125 0.3925925925925926 0.011979166666666666 0.020370370370370372
0 0.5203125 0.41111111111111115 0.004166666666666667 0.018518518518518517
1 0.5119791666666667 0.41481481481481486 0.004166666666666667 0.012962962962962964
1 0.5057291666666667 0.4314814814814815 0.004166666666666667 0.014814814814814815
1 0.5010416666666666 0.3740740740740741 0.003125 0.012962962962962964
1 0.4953125 0.35833333333333334 0.0020833333333333333 0.009259259259259259
1 0.5065104166666666 0.3574074074074074 0.0026041666666666665 0.007407407407407408
1 0.5075520833333333 0.36944444444444446 0.0026041666666666665 0.012962962962962964
9 0.5067708333333333 0.36203703703703705 0.004166666666666667 0.011111111111111112
0 0.4596354166666667 0.4587962962962963 0.0036458333333333334 0.019444444444444445
0 0.46484375 0.4587962962962963 0.0036458333333333334 0.019444444444444445
0 0.4622395833333333 0.42453703703703705 0.0046875 0.021296296296296296
1 0.471875 0.4101851851851852 0.003125 0.012962962962962964
9 0.4713541666666667 0.4166666666666667 0.004166666666666667 0.012962962962962964
3 0.4513020833333333 0.4305555555555556 0.013020833333333334 0.02777777777777778
3 0.4497395833333333 0.4532407407407408 0.013020833333333334 0.02314814814814815
3 0.4510416666666667 0.41064814814814815 0.013541666666666667 0.026851851851851852
3 0.490625 0.26342592592592595 0.008333333333333333 0.010185185185185186
3 0.48828125 0.2388888888888889 0.0067708333333333336 0.009259259259259259
3 0.49921875 0.22592592592592595 0.0046875 0.007407407407407408
3 0.47552083333333334 0.24351851851851852 0.007291666666666667 0.011111111111111112
3 0.47239583333333335 0.2550925925925926 0.008333333333333333 0.017592592592592594
0 0.51484375 0.3421296296296296 0.0036458333333333334 0.015740740740740743
0 0.46249999999999997 0.3856481481481482 0.005208333333333333 0.019444444444444445
0 0.4622395833333333 0.3768518518518519 0.0036458333333333334 0.018518518518518517
0 0.48125 0.2986111111111111 0.003125 0.012037037037037037
3 0.5065104166666666 0.26157407407407407 0.0067708333333333336 0.010185185185185186
0 0.34739583333333335 0.4351851851851852 0.004166666666666667 0.018518518518518517
0 0.3833333333333333 0.42129629629629634 0.003125 0.012962962962962964
1 0.37734375 0.4199074074074074 0.005729166666666666 0.015740740740740743
0 0.3502604166666667 0.41435185185185186 0.0036458333333333334 0.017592592592592594
0 0.3533854166666667 0.4138888888888889 0.0046875 0.016666666666666666
9 0.33541666666666664 0.4388888888888889 0.013541666666666667 0.014814814814814815
9 0.33307291666666666 0.4532407407407408 0.008854166666666666 0.017592592592592594
9 0.3190104166666667 0.45046296296296295 0.009895833333333333 0.01388888888888889
9 0.31145833333333334 0.4587962962962963 0.011458333333333333 0.01388888888888889
0 0.31223958333333335 0.4532407407407408 0.0036458333333333334 0.019444444444444445
1 0.3731770833333333 0.44027777777777777 0.0046875 0.01388888888888889
1 0.38229166666666664 0.40092592592592596 0.003125 0.011111111111111112
1 0.38958333333333334 0.40231481481481485 0.004166666666666667 0.012037037037037037
1 0.3768229166666667 0.40092592592592596 0.0036458333333333334 0.011111111111111112
1 0.37083333333333335 0.4101851851851852 0.003125 0.012962962962962964
0 0.39921875 0.49074074074074076 0.005729166666666666 0.022222222222222223
7 0.35390625 0.8347222222222223 0.04010416666666666 0.049074074074074076
9 0.39427083333333335 0.8300925925925926 0.015625 0.02314814814814815
7 0.5859375 0.8203703703703704 0.028125 0.05185185185185186
3 0.4947916666666667 0.20462962962962963 0.003125 0.007407407407407408
4 0.49557291666666664 0.19583333333333333 0.0036458333333333334 0.006481481481481482
3 0.50703125 0.2189814814814815 0.005729166666666666 0.006481481481481482
3 0.5065104166666666 0.21666666666666667 0.005729166666666666 0.005555555555555556
