4 0.21354166666666666 0.9282407407407408 0.06666666666666667 0.14166666666666666
3 0.4513020833333333 0.8583333333333334 0.050520833333333334 0.11111111111111112
3 0.60546875 0.9314814814814815 0.06510416666666667 0.12222222222222223
3 0.34348958333333335 0.7106481481481481 0.044270833333333336 0.10277777777777779
3 0.26328125 0.7435185185185186 0.050520833333333334 0.10370370370370371
3 0.30442708333333335 0.6324074074074074 0.033854166666666664 0.06666666666666667
3 0.3690104166666667 0.5638888888888889 0.028645833333333332 0.05740740740740741
3 0.3182291666666667 0.5486111111111112 0.034375 0.06759259259259259
4 0.4700520833333333 0.5324074074074074 0.0265625 0.05555555555555556
3 0.52109375 0.5481481481481482 0.0296875 0.05
3 0.39817708333333335 0.45555555555555555 0.019270833333333334 0.03333333333333333
3 0.35260416666666666 0.48194444444444445 0.022916666666666665 0.03981481481481482
4 0.3567708333333333 0.44027777777777777 0.021875 0.03981481481481482
3 0.37473958333333335 0.4041666666666667 0.019270833333333334 0.032407407407407406
3 0.39296875 0.37777777777777777 0.0140625 0.02777777777777778
3 0.35703125 0.3611111111111111 0.01614583333333333 0.022222222222222223
5 0.40572916666666664 0.3337962962962963 0.016666666666666666 0.04351851851851852
4 0.4940104166666667 0.3611111111111111 0.015104166666666667 0.02592592592592593
0 0.5486979166666667 0.4564814814814815 0.0067708333333333336 0.031481481481481485
0 0.5385416666666667 0.42962962962962964 0.004166666666666667 0.024074074074074074
0 0.5341145833333333 0.4273148148148148 0.0046875 0.026851851851851852
0 0.5330729166666667 0.34861111111111115 0.0046875 0.021296296296296296
3 0.46510416666666665 0.33842592592592596 0.0125 0.015740740740740743
3 0.44296874999999997 0.29212962962962963 0.009895833333333333 0.017592592592592594
3 0.4927083333333333 0.3314814814814815 0.0125 0.016666666666666666
3 0.49322916666666666 0.3037037037037037 0.009375 0.014814814814814815
3 0.5091145833333334 0.27361111111111114 0.0067708333333333336 0.012037037037037037
5 0.49635416666666665 0.27175925925925926 0.009375 0.021296296296296296
3 0.4744791666666667 0.25092592592592594 0.00625 0.011111111111111112
3 0.5177083333333333 0.23750000000000002 0.00625 0.010185185185185186
4 0.5026041666666666 0.23472222222222222 0.005208333333333333 0.012037037037037037
0 0.49609375 0.23055555555555557 0.0015625 0.011111111111111112
3 0.4848958333333333 0.2212962962962963 0.005208333333333333 0.007407407407407408
3 0.5057291666666667 0.22175925925925927 0.005208333333333333 0.008333333333333333
3 0.5205729166666666 0.22314814814814815 0.008854166666666666 0.007407407407407408
8 0.5158854166666667 0.20972222222222223 0.0067708333333333336 0.015740740740740743
3 0.51015625 0.20972222222222223 0.0036458333333333334 0.006481481481481482
3 0.5018229166666667 0.20787037037037037 0.0036458333333333334 0.008333333333333333
3 0.49296875 0.2 0.0036458333333333334 0.005555555555555556
0 0.11562499999999999 0.7342592592592593 0.0125 0.03888888888888889
6 0.12057291666666667 0.7398148148148148 0.018229166666666668 0.06481481481481481
