3 0.41360294117647056 0.8666666666666666 0.13602941176470587 0.26666666666666666
3 0.5158088235294117 0.6823529411764705 0.10955882352941176 0.14640522875816991
3 0.5683823529411764 0.5751633986928104 0.09264705882352942 0.11764705882352941
3 0.32169117647058826 0.6045751633986928 0.07426470588235294 0.15816993464052287
3 0.38125 0.396078431372549 0.05661764705882353 0.08366013071895424
3 0.37463235294117647 0.28366013071895424 0.04044117647058824 0.0522875816993464
3 0.31948529411764703 0.27777777777777773 0.03897058823529412 0.05620915032679738
3 0.29191176470588237 0.2196078431372549 0.030882352941176472 0.047058823529411764
3 0.31176470588235294 0.17516339869281045 0.025 0.03137254901960784
3 0.27536764705882355 0.1803921568627451 0.027205882352941177 0.0392156862745098
3 0.26838235294117646 0.15555555555555556 0.022058823529411763 0.03398692810457516
3 0.26066176470588237 0.13856209150326795 0.019852941176470587 0.03137254901960784
3 0.2838235294117647 0.10718954248366012 0.016176470588235292 0.023529411764705882
3 0.29669117647058824 0.47320261437908495 0.05955882352941176 0.10196078431372549
3 0.2827205882352941 0.3980392156862745 0.04926470588235294 0.07973856209150326
3 0.2691176470588235 0.34117647058823525 0.04264705882352941 0.07058823529411765
3 0.2580882352941176 0.2954248366013072 0.03676470588235294 0.06013071895424836
4 0.23860294117647057 0.25098039215686274 0.028676470588235293 0.065359477124183
3 0.24485294117647058 0.23202614379084965 0.027941176470588233 0.04836601307189542
3 0.2286764705882353 0.18823529411764706 0.026470588235294117 0.0392156862745098
3 0.03713235294117647 0.23398692810457514 0.03161764705882353 0.047058823529411764
0 0.041176470588235294 0.5196078431372548 0.023529411764705882 0.07712418300653594
0 0.0375 0.5098039215686274 0.022058823529411763 0.0784313725490196
3 0.5375 0.296078431372549 0.047058823529411764 0.06143790849673202
3 0.555514705882353 0.22875816993464052 0.06397058823529411 0.04967320261437908
3 0.5860294117647059 0.18431372549019606 0.04264705882352941 0.03660130718954248
3 0.6356617647058823 0.19869281045751633 0.05220588235294118 0.04183006535947712
3 0.6544117647058824 0.2241830065359477 0.052941176470588235 0.043137254901960784
4 0.5948529411764706 0.33398692810457514 0.060294117647058824 0.06928104575163398
3 0.6161764705882353 0.3784313725490196 0.06764705882352941 0.06928104575163398
3 0.6551470588235294 0.38888888888888884 0.06911764705882353 0.0849673202614379
6 0.6176470588235294 0.2980392156862745 0.023529411764705882 0.04183006535947712
3 0.5772058823529411 0.1699346405228758 0.041176470588235294 0.03137254901960784
3 0.7764705882352941 0.44313725490196076 0.07058823529411765 0.08366013071895424
3 0.8834558823529411 0.49542483660130715 0.08602941176470588 0.09411764705882353
3 0.9580882352941177 0.5078431372549019 0.0838235294117647 0.09019607843137255
3 0.9566176470588235 0.6313725490196078 0.08676470588235294 0.1045751633986928
1 0.96875 0.7248366013071895 0.03602941176470588 0.10065359477124182
9 0.9665441176470588 0.7405228758169934 0.04485294117647059 0.07973856209150326
0 0.6919117647058823 0.3405228758169934 0.014705882352941176 0.06405228758169934
0 0.6768382352941177 0.3352941176470588 0.015441176470588236 0.05359477124183006
0 0.7974264705882352 0.36666666666666664 0.015441176470588236 0.06143790849673202
0 0.8066176470588236 0.365359477124183 0.011764705882352941 0.050980392156862744
1 0.8051470588235294 0.5222222222222221 0.023529411764705882 0.06405228758169934
9 0.8040441176470589 0.5333333333333333 0.05073529411764706 0.07320261437908496
3 0.23345588235294118 0.08235294117647059 0.013970588235294117 0.01830065359477124
6 0.2529411764705882 0.07777777777777778 0.007352941176470588 0.01699346405228758
3 0.17794117647058824 0.10718954248366012 0.014705882352941176 0.023529411764705882
3 0.19044117647058822 0.08300653594771241 0.029411764705882353 0.02222222222222222
4 0.22720588235294117 0.06601307189542484 0.011764705882352941 0.0196078431372549
3 0.2363970588235294 0.06339869281045751 0.009558823529411765 0.01699346405228758
3 0.24044117647058824 0.04967320261437908 0.011764705882352941 0.01568627450980392
1 0.17463235294117646 0.056862745098039215 0.003676470588235294 0.011764705882352941
3 0.19191176470588234 0.03333333333333333 0.008823529411764706 0.011764705882352941
4 0.20919117647058824 0.03071895424836601 0.008088235294117646 0.01437908496732026
3 0.23308823529411765 0.03856209150326797 0.007352941176470588 0.011764705882352941
3 0.2301470588235294 0.03202614379084967 0.0058823529411764705 0.00915032679738562
1 0.3338235294117647 0.20718954248366012 0.008823529411764706 0.03006535947712418
9 0.3352941176470588 0.21503267973856208 0.010294117647058823 0.027450980392156862
