0 0.5099264705882353 0.0196078431372549 0.003676470588235294 0.01568627450980392
0 0.5066176470588235 0.01503267973856209 0.004411764705882353 0.02483660130718954
1 0.50625 0.06339869281045751 0.005147058823529412 0.02222222222222222
1 0.5970588235294118 0.15359477124183005 0.0058823529411764705 0.03529411764705882
1 0.40845588235294117 0.06143790849673202 0.005147058823529412 0.023529411764705882
1 0.3584558823529412 0.2241830065359477 0.008088235294117646 0.0457516339869281
9 0.50625 0.07124183006535947 0.005147058823529412 0.02222222222222222
9 0.5944852941176471 0.16274509803921566 0.01838235294117647 0.0196078431372549
9 0.4077205882352941 0.06797385620915032 0.005147058823529412 0.023529411764705882
2 0.3636029411764706 0.23790849673202613 0.016911764705882352 0.02091503267973856
2 0.3981617647058823 0.11241830065359476 0.011029411764705881 0.023529411764705882
1 0.3981617647058823 0.10196078431372549 0.006617647058823529 0.023529411764705882
3 0.5261029411764706 0.04967320261437908 0.015441176470588236 0.0261437908496732
3 0.5183823529411765 0.01895424836601307 0.011764705882352941 0.0196078431372549
3 0.42573529411764705 0.04248366013071895 0.016176470588235292 0.03006535947712418
3 0.4514705882352941 0.08039215686274509 0.016176470588235292 0.03529411764705882
3 0.4988970588235294 0.14509803921568626 0.01838235294117647 0.03398692810457516
3 0.46948529411764706 0.2156862745098039 0.0375 0.04967320261437908
3 0.43419117647058825 0.25098039215686274 0.027205882352941177 0.065359477124183
3 0.3988970588235294 0.21045751633986925 0.030147058823529412 0.06274509803921569
5 0.43161764705882355 0.00980392156862745 0.014705882352941176 0.0196078431372549
3 0.3966911764705882 0.00718954248366013 0.013970588235294117 0.01437908496732026
0 0.5930147058823529 0.09673202614379084 0.006617647058823529 0.03137254901960784
1 0.5977941176470588 0.10326797385620914 0.0058823529411764705 0.01830065359477124
9 0.5981617647058823 0.10915032679738561 0.013970588235294117 0.01699346405228758
9 0.5566176470588236 0.07320261437908496 0.013235294117647059 0.01830065359477124
9 0.5738970588235294 0.07450980392156863 0.0125 0.01830065359477124
9 0.5742647058823529 0.3052287581699346 0.008823529411764706 0.043137254901960784
0 0.5775735294117647 0.2797385620915033 0.008088235294117646 0.04444444444444444
0 0.5588235294117647 0.3849673202614379 0.008823529411764706 0.05620915032679738
3 0.49374999999999997 0.41045751633986927 0.03161764705882353 0.07320261437908496
3 0.4253676470588235 0.39999999999999997 0.03602941176470588 0.08627450980392157
1 0.3492647058823529 0.39477124183006534 0.013235294117647059 0.047058823529411764
0 0.28051470588235294 0.2241830065359477 0.009558823529411765 0.0457516339869281
9 0.29411764705882354 0.357516339869281 0.026470588235294117 0.0326797385620915
9 0.28345588235294117 0.4071895424836601 0.03308823529411765 0.03006535947712418
9 0.34963235294117645 0.41241830065359475 0.011029411764705881 0.0457516339869281
9 0.2875 0.5209150326797385 0.016176470588235292 0.05359477124183006
1 0.36213235294117646 0.5300653594771242 0.013970588235294117 0.0457516339869281
9 0.36213235294117646 0.5562091503267973 0.013970588235294117 0.06666666666666667
3 0.4959558823529412 0.6326797385620915 0.04191176470588235 0.10718954248366012
0 0.2672794117647059 0.8346405228758169 0.01838235294117647 0.0849673202614379
0 0.15955882352941175 0.630718954248366 0.01764705882352941 0.0718954248366013
0 0.14485294117647057 0.630718954248366 0.016176470588235292 0.06928104575163398
9 0.26029411764705884 0.6274509803921569 0.023529411764705882 0.05751633986928104
9 0.12205882352941176 0.5934640522875817 0.03823529411764706 0.03660130718954248
9 0.15110294117647058 0.5562091503267973 0.04044117647058824 0.03790849673202614
0 0.1801470588235294 0.25816993464052285 0.013235294117647059 0.04836601307189542
0 0.21838235294117647 0.20849673202614377 0.010294117647058823 0.04052287581699346
0 0.23970588235294119 0.21045751633986925 0.008823529411764706 0.047058823529411764
0 0.26838235294117646 0.23202614379084965 0.010294117647058823 0.043137254901960784
1 0.2613970588235294 0.23594771241830065 0.008088235294117646 0.03006535947712418
3 0.24411764705882352 0.2568627450980392 0.07058823529411765 0.06405228758169934
3 0.1875 0.1679738562091503 0.061764705882352944 0.04052287581699346
0 0.2610294117647059 0.07777777777777778 0.0058823529411764705 0.02222222222222222
0 0.22316176470588234 0.12287581699346405 0.008088235294117646 0.03398692810457516
0 0.21654411764705883 0.12091503267973855 0.008088235294117646 0.03529411764705882
0 0.20955882352941177 0.12222222222222222 0.007352941176470588 0.03529411764705882
3 0.17830882352941177 0.11633986928104574 0.04191176470588235 0.03398692810457516
6 0.22205882352941175 0.0849673202614379 0.013235294117647059 0.0261437908496732
9 0.28713235294117645 0.0738562091503268 0.013970588235294117 0.0196078431372549
0 0.2772058823529412 0.07908496732026143 0.007352941176470588 0.0326797385620915
0 0.25845588235294115 0.06797385620915032 0.006617647058823529 0.03137254901960784
0 0.3338235294117647 0.05555555555555555 0.0058823529411764705 0.03006535947712418
0 0.32941176470588235 0.05163398692810457 0.004411764705882353 0.02483660130718954
0 0.32941176470588235 0.058823529411764705 0.004411764705882353 0.023529411764705882
0 0.3275735294117647 0.05947712418300653 0.005147058823529412 0.02483660130718954
9 0.29448529411764707 0.10130718954248365 0.015441176470588236 0.01699346405228758
9 0.3084558823529412 0.10980392156862745 0.016911764705882352 0.01568627450980392
9 0.3272058823529412 0.08758169934640522 0.013235294117647059 0.01568627450980392
9 0.3246323529411765 0.07973856209150326 0.015441176470588236 0.01830065359477124
2 0.31323529411764706 0.05816993464052287 0.014705882352941176 0.01437908496732026
2 0.3113970588235294 0.052941176470588235 0.015441176470588236 0.01437908496732026
1 0.5797794117647058 0.7313725490196078 0.013970588235294117 0.06666666666666667
9 0.5768382352941176 0.7516339869281046 0.016911764705882352 0.0784313725490196
9 0.7202205882352941 0.6830065359477123 0.05073529411764706 0.0457516339869281
6 0.6930147058823529 0.8450980392156863 0.04485294117647059 0.11372549019607843
