3 0.06360294117647058 0.6464052287581699 0.11691176470588235 0.10065359477124182
3 0.20073529411764707 0.5784313725490196 0.058823529411764705 0.08235294117647059
0 0.22205882352941175 0.5784313725490196 0.013235294117647059 0.05359477124183006
0 0.15404411764705883 0.5699346405228758 0.0125 0.054901960784313725
0 0.11470588235294117 0.4784313725490196 0.011764705882352941 0.0392156862745098
0 0.008455882352941176 0.9601307189542483 0.015441176470588236 0.0718954248366013
3 0.24227941176470588 0.41503267973856206 0.04926470588235294 0.0457516339869281
3 0.39191176470588235 0.2633986928104575 0.016176470588235292 0.02483660130718954
0 0.38529411764705884 0.24640522875816992 0.0029411764705882353 0.0196078431372549
3 0.4036764705882353 0.24313725490196078 0.01764705882352941 0.0261437908496732
3 0.4213235294117647 0.2156862745098039 0.013235294117647059 0.02091503267973856
3 0.39044117647058824 0.22614379084967318 0.023529411764705882 0.023529411764705882
3 0.4102941176470588 0.21045751633986925 0.013235294117647059 0.01830065359477124
3 0.43970588235294117 0.1803921568627451 0.008823529411764706 0.0130718954248366
3 0.45036764705882354 0.18104575163398692 0.009558823529411765 0.01437908496732026
3 0.4496323529411765 0.1679738562091503 0.008088235294117646 0.011764705882352941
3 0.45588235294117646 0.15947712418300652 0.007352941176470588 0.0130718954248366
3 0.4676470588235294 0.14052287581699346 0.007352941176470588 0.00915032679738562
4 0.4727941176470588 0.13137254901960782 0.0058823529411764705 0.00915032679738562
0 0.5676470588235294 0.15751633986928104 0.0029411764705882353 0.01437908496732026
0 0.5856617647058824 0.18888888888888888 0.015441176470588236 0.02483660130718954
0 0.5878676470588236 0.21111111111111108 0.003676470588235294 0.01699346405228758
4 0.618014705882353 0.25620915032679736 0.0125 0.023529411764705882
4 0.6183823529411765 0.2483660130718954 0.020588235294117647 0.023529411764705882
1 0.5948529411764706 0.230718954248366 0.0029411764705882353 0.01437908496732026
2 0.5944852941176471 0.2372549019607843 0.003676470588235294 0.011764705882352941
3 0.6220588235294118 0.2771241830065359 0.022058823529411763 0.0261437908496732
3 0.6301470588235294 0.3032679738562091 0.01911764705882353 0.0261437908496732
3 0.6452205882352942 0.3111111111111111 0.02426470588235294 0.02875816993464052
0 0.638235294117647 0.3176470588235294 0.004411764705882353 0.0261437908496732
1 0.6139705882352942 0.3045751633986928 0.0058823529411764705 0.02091503267973856
9 0.6139705882352942 0.3098039215686274 0.0058823529411764705 0.01568627450980392
3 0.6845588235294118 0.3954248366013072 0.045588235294117645 0.0326797385620915
3 0.6823529411764706 0.4235294117647059 0.030882352941176472 0.0392156862745098
0 0.7602941176470588 0.44705882352941173 0.0058823529411764705 0.03660130718954248
1 0.7680147058823529 0.4444444444444444 0.008088235294117646 0.0392156862745098
2 0.7705882352941177 0.4509803921568627 0.011764705882352941 0.023529411764705882
9 0.7375 0.4418300653594771 0.022058823529411763 0.023529411764705882
9 0.7514705882352941 0.39281045751633986 0.011764705882352941 0.02222222222222222
3 0.7297794117647058 0.4915032679738562 0.06397058823529411 0.04183006535947712
3 0.7194852941176471 0.5320261437908497 0.04338235294117647 0.054901960784313725
3 0.7599264705882353 0.5934640522875817 0.05367647058823529 0.0915032679738562
3 0.7970588235294117 0.6745098039215686 0.06323529411764706 0.10718954248366012
3 0.9069852941176471 0.6849673202614378 0.08897058823529412 0.07058823529411765
3 0.8827205882352941 0.6450980392156862 0.10073529411764706 0.05620915032679738
3 0.9375 0.9588235294117646 0.09117647058823529 0.08235294117647059
3 0.6253676470588235 0.6450980392156862 0.04191176470588235 0.07450980392156863
4 0.5066176470588235 0.665359477124183 0.041176470588235294 0.10980392156862745
4 0.5415441176470588 0.4718954248366013 0.05955882352941176 0.065359477124183
0 0.6209558823529412 0.5261437908496732 0.008088235294117646 0.0457516339869281
0 0.618014705882353 0.5183006535947712 0.008088235294117646 0.043137254901960784
3 0.42977941176470585 0.4130718954248366 0.027205882352941177 0.047058823529411764
4 0.46911764705882353 0.3875816993464052 0.022058823529411763 0.05620915032679738
9 0.4261029411764706 0.32614379084967315 0.006617647058823529 0.0196078431372549
1 0.42573529411764705 0.3202614379084967 0.0058823529411764705 0.02091503267973856
0 0.4349264705882353 0.30653594771241827 0.008088235294117646 0.027450980392156862
9 0.43676470588235294 0.3098039215686274 0.004411764705882353 0.02091503267973856
3 0.5154411764705882 0.3464052287581699 0.022058823529411763 0.03398692810457516
3 0.5536764705882353 0.3464052287581699 0.020588235294117647 0.03137254901960784
3 0.5709558823529411 0.31045751633986923 0.016911764705882352 0.027450980392156862
3 0.5602941176470588 0.2620915032679738 0.016176470588235292 0.02222222222222222
3 0.5202205882352942 0.27320261437908494 0.015441176470588236 0.023529411764705882
4 0.49080882352941174 0.24509803921568626 0.013970588235294117 0.03006535947712418
3 0.46654411764705883 0.22026143790849673 0.0125 0.0196078431372549
3 0.5216911764705883 0.2503267973856209 0.0125 0.0196078431372549
3 0.5235294117647059 0.23464052287581696 0.013235294117647059 0.02222222222222222
3 0.5246323529411765 0.21895424836601304 0.011029411764705881 0.01699346405228758
3 0.49522058823529413 0.21372549019607842 0.0125 0.0196078431372549
3 0.4702205882352941 0.20980392156862743 0.0125 0.02222222222222222
3 0.4768382352941176 0.19215686274509802 0.01838235294117647 0.0130718954248366
3 0.4944852941176471 0.1915032679738562 0.009558823529411765 0.01437908496732026
3 0.5014705882352941 0.20326797385620915 0.010294117647058823 0.01699346405228758
3 0.5220588235294118 0.2065359477124183 0.011764705882352941 0.01568627450980392
3 0.524264705882353 0.1915032679738562 0.010294117647058823 0.01437908496732026
0 0.5117647058823529 0.2065359477124183 0.0029411764705882353 0.01830065359477124
1 0.5477941176470588 0.24967320261437906 0.004411764705882353 0.01568627450980392
2 0.5477941176470588 0.2568627450980392 0.004411764705882353 0.011764705882352941
3 0.5577205882352941 0.23006535947712417 0.0125 0.023529411764705882
1 0.5397058823529411 0.20130718954248364 0.0029411764705882353 0.01045751633986928
2 0.5393382352941176 0.20718954248366012 0.0022058823529411764 0.00915032679738562
1 0.5360294117647059 0.19215686274509802 0.0029411764705882353 0.01045751633986928
2 0.5356617647058823 0.1980392156862745 0.0022058823529411764 0.00915032679738562
3 0.5658088235294118 0.21437908496732025 0.025735294117647058 0.01568627450980392
3 0.5529411764705883 0.20718954248366012 0.011764705882352941 0.01437908496732026
3 0.5488970588235293 0.1941176470588235 0.009558823529411765 0.01437908496732026
3 0.5227941176470589 0.16862745098039214 0.008823529411764706 0.01568627450980392
3 0.5018382352941176 0.16862745098039214 0.008088235294117646 0.01045751633986928
3 0.5058823529411764 0.1568627450980392 0.007352941176470588 0.01568627450980392
1 0.4838235294117647 0.16339869281045752 0.0029411764705882353 0.00784313725490196
2 0.48419117647058824 0.1679738562091503 0.003676470588235294 0.0065359477124183
3 0.48933823529411763 0.15359477124183005 0.008088235294117646 0.011764705882352941
9 0.4970588235294118 0.15555555555555556 0.0029411764705882353 0.00784313725490196
1 0.4974264705882353 0.1522875816993464 0.003676470588235294 0.00915032679738562
3 0.5055147058823529 0.13398692810457516 0.006617647058823529 0.011764705882352941
3 0.5253676470588236 0.14183006535947712 0.006617647058823529 0.00915032679738562
3 0.9738970588235294 0.7633986928104575 0.05220588235294118 0.07581699346405228
6 0.15735294117647058 0.4888888888888889 0.025 0.03660130718954248
0 0.7444852941176471 0.4006535947712418 0.006617647058823529 0.03529411764705882
9 0.6400735294117647 0.2764705882352941 0.0125 0.01437908496732026
3 0.54375 0.14901960784313725 0.008088235294117646 0.01045751633986928
1 0.5378676470588235 0.15163398692810456 0.0022058823529411764 0.00784313725490196
9 0.5375 0.1549019607843137 0.0029411764705882353 0.0065359477124183
