3 0.8775735294117647 0.2869281045751634 0.05661764705882353 0.04836601307189542
3 0.8268382352941176 0.29346405228758166 0.06838235294117646 0.050980392156862744
3 0.6797794117647059 0.3248366013071895 0.06691176470588235 0.04836601307189542
3 0.7654411764705882 0.3398692810457516 0.06470588235294117 0.047058823529411764
3 0.8492647058823529 0.34705882352941175 0.06323529411764706 0.04836601307189542
0 0.7606617647058823 0.36405228758169933 0.009558823529411765 0.0457516339869281
3 0.7625 0.3915032679738562 0.07352941176470588 0.06143790849673202
0 0.6588235294117647 0.38169934640522873 0.011764705882352941 0.047058823529411764
9 0.6779411764705883 0.35359477124183003 0.014705882352941176 0.0326797385620915
3 0.6772058823529412 0.41437908496732023 0.07205882352941176 0.06013071895424836
3 0.6375 0.6392156862745098 0.10147058823529412 0.09673202614379084
3 0.8503676470588235 0.4875816993464052 0.0801470588235294 0.06797385620915032
3 0.7952205882352941 0.5366013071895425 0.06985294117647059 0.11633986928104574
9 0.7830882352941176 0.5751633986928104 0.025 0.04967320261437908
3 0.70625 0.5418300653594771 0.08897058823529412 0.07450980392156863
9 0.6871323529411765 0.5254901960784313 0.027205882352941177 0.047058823529411764
4 0.5922794117647059 0.43006535947712415 0.06985294117647059 0.0784313725490196
0 0.5305147058823529 0.6209150326797385 0.011029411764705881 0.06797385620915032
3 0.4617647058823529 0.4660130718954248 0.09117647058823529 0.06928104575163398
8 0.4323529411764706 0.5359477124183006 0.17205882352941176 0.15424836601307187
2 0.7345588235294117 0.9633986928104574 0.01764705882352941 0.07058823529411765
0 0.6919117647058823 0.8601307189542483 0.026470588235294117 0.0784313725490196
6 0.7172794117647059 0.8718954248366012 0.06838235294117646 0.08888888888888888
6 0.46102941176470585 0.8823529411764706 0.047058823529411764 0.054901960784313725
2 0.4007352941176471 0.8679738562091502 0.04264705882352941 0.06274509803921569
9 0.3952205882352941 0.857516339869281 0.03897058823529412 0.07320261437908496
0 0.2878676470588235 0.8450980392156863 0.015441176470588236 0.0718954248366013
6 0.34852941176470587 0.7516339869281046 0.058823529411764705 0.1045751633986928
9 0.33088235294117646 0.6660130718954248 0.03823529411764706 0.04836601307189542
1 0.3290441176470588 0.649673202614379 0.021323529411764706 0.04967320261437908
1 0.25735294117647056 0.41241830065359475 0.014705882352941176 0.02483660130718954
0 0.2757352941176471 0.4084967320261438 0.008823529411764706 0.0457516339869281
0 0.27904411764705883 0.4032679738562091 0.006617647058823529 0.0457516339869281
9 0.23602941176470588 0.534640522875817 0.030882352941176472 0.04183006535947712
1 0.23566176470588235 0.526797385620915 0.015441176470588236 0.05751633986928104
3 0.13713235294117646 0.5993464052287582 0.10955882352941176 0.08758169934640522
3 0.021323529411764706 0.5026143790849673 0.04264705882352941 0.0849673202614379
9 0.026470588235294117 0.4464052287581699 0.01764705882352941 0.043137254901960784
1 0.026470588235294117 0.4352941176470588 0.014705882352941176 0.04967320261437908
9 0.051470588235294115 0.6398692810457516 0.029411764705882353 0.0457516339869281
1 0.05110294117647059 0.6261437908496732 0.019852941176470587 0.054901960784313725
1 0.041176470588235294 0.626797385620915 0.014705882352941176 0.050980392156862744
9 0.2988970588235294 0.49803921568627446 0.03308823529411765 0.0392156862745098
1 0.29816176470588235 0.4915032679738562 0.015441176470588236 0.0522875816993464
9 0.2772058823529412 0.49019607843137253 0.03676470588235294 0.03660130718954248
1 0.28860294117647056 0.4738562091503268 0.009558823529411765 0.043137254901960784
1 0.28308823529411764 0.4810457516339869 0.007352941176470588 0.03660130718954248
1 0.2761029411764706 0.4836601307189542 0.013970588235294117 0.06013071895424836
0 0.08345588235294117 0.31045751633986923 0.015441176470588236 0.043137254901960784
0 0.09963235294117646 0.31241830065359477 0.011029411764705881 0.04444444444444444
9 0.12352941176470589 0.4411764705882353 0.027941176470588233 0.03529411764705882
1 0.12279411764705882 0.4379084967320261 0.013235294117647059 0.04967320261437908
9 0.06213235294117647 0.37124183006535943 0.013970588235294117 0.03398692810457516
1 0.059926470588235296 0.3660130718954248 0.011029411764705881 0.04183006535947712
0 0.18639705882352942 0.12483660130718953 0.006617647058823529 0.02483660130718954
0 0.2036764705882353 0.1568627450980392 0.007352941176470588 0.03137254901960784
0 0.20955882352941177 0.15359477124183005 0.0058823529411764705 0.03529411764705882
3 0.040808823529411765 0.2947712418300653 0.03308823529411765 0.05359477124183006
9 0.004044117647058823 0.3222222222222222 0.008088235294117646 0.0326797385620915
1 0.0029411764705882353 0.3078431372549019 0.0058823529411764705 0.03529411764705882
3 0.07169117647058823 0.22941176470588234 0.028676470588235293 0.04052287581699346
3 0.011397058823529411 0.1895424836601307 0.022794117647058822 0.04183006535947712
0 0.09338235294117647 0.19934640522875816 0.007352941176470588 0.04052287581699346
0 0.10551470588235294 0.21045751633986925 0.006617647058823529 0.03398692810457516
0 0.11066176470588235 0.2130718954248366 0.005147058823529412 0.02875816993464052
0 0.1349264705882353 0.2065359477124183 0.006617647058823529 0.03398692810457516
6 0.12022058823529412 0.31241830065359477 0.016911764705882352 0.047058823529411764
1 0.11764705882352941 0.30653594771241827 0.010294117647058823 0.04052287581699346
0 0.16139705882352942 0.21503267973856208 0.008088235294117646 0.04052287581699346
0 0.16838235294117646 0.21372549019607842 0.008823529411764706 0.03790849673202614
9 0.004411764705882353 0.11830065359477124 0.008823529411764706 0.02222222222222222
1 0.004411764705882353 0.11307189542483659 0.007352941176470588 0.0196078431372549
3 0.021323529411764706 0.12156862745098039 0.023529411764705882 0.03398692810457516
3 0.030147058823529412 0.09542483660130718 0.020588235294117647 0.02875816993464052
4 0.03786764705882353 0.0673202614379085 0.019852941176470587 0.043137254901960784
9 0.18529411764705883 0.17516339869281045 0.01911764705882353 0.02091503267973856
9 0.1838235294117647 0.15947712418300652 0.014705882352941176 0.023529411764705882
0 0.18308823529411763 0.20784313725490194 0.004411764705882353 0.03137254901960784
3 0.05073529411764706 0.03660130718954248 0.016176470588235292 0.023529411764705882
3 0.07352941176470588 0.1477124183006536 0.023529411764705882 0.03660130718954248
3 0.10330882352941176 0.14313725490196078 0.01838235294117647 0.0326797385620915
3 0.09227941176470589 0.11895424836601307 0.02426470588235294 0.0261437908496732
3 0.06911764705882353 0.09084967320261438 0.020588235294117647 0.02483660130718954
3 0.07205882352941176 0.07254901960784313 0.01764705882352941 0.02483660130718954
3 0.07205882352941176 0.058823529411764705 0.01764705882352941 0.023529411764705882
3 0.06838235294117646 0.11045751633986928 0.022058823529411763 0.03529411764705882
4 0.09852941176470588 0.06209150326797385 0.014705882352941176 0.03006535947712418
8 0.08529411764705883 0.0326797385620915 0.027941176470588233 0.047058823529411764
0 0.11213235294117647 0.050980392156862744 0.003676470588235294 0.02091503267973856
0 0.11397058823529412 0.052941176470588235 0.004411764705882353 0.01699346405228758
3 0.12169117647058823 0.041176470588235294 0.015441176470588236 0.02483660130718954
0 0.11801470588235294 0.03071895424836601 0.005147058823529412 0.02483660130718954
3 0.15735294117647058 0.14967320261437908 0.03823529411764706 0.0326797385620915
