7 0.38203125 0.8611111111111112 0.0328125 0.10740740740740741
9 0.25234375 0.8273148148148148 0.019270833333333334 0.049074074074074076
9 0.2638020833333333 0.6819444444444445 0.009895833333333333 0.04166666666666667
9 0.31927083333333334 0.8212962962962963 0.019791666666666666 0.05925925925925926
9 0.28854166666666664 0.5458333333333334 0.015625 0.030555555555555558
9 0.2171875 0.525 0.010416666666666666 0.02777777777777778
9 0.47031249999999997 0.47731481481481486 0.009375 0.026851851851851852
9 0.453125 0.46851851851851856 0.008333333333333333 0.02962962962962963
9 0.37890625 0.4291666666666667 0.0067708333333333336 0.026851851851851852
9 0.38984375 0.40972222222222227 0.008854166666666666 0.025
9 0.35182291666666665 0.41250000000000003 0.0067708333333333336 0.02314814814814815
9 0.3734375 0.40324074074074073 0.009375 0.025
9 0.3958333333333333 0.3888888888888889 0.009375 0.022222222222222223
9 0.41380208333333335 0.3578703703703704 0.008854166666666666 0.02314814814814815
9 0.390625 0.3513888888888889 0.009375 0.021296296296296296
9 0.4028645833333333 0.34490740740740744 0.005729166666666666 0.017592592592592594
9 0.4942708333333333 0.32916666666666666 0.00625 0.015740740740740743
9 0.4588541666666667 0.3189814814814815 0.00625 0.015740740740740743
9 0.4083333333333333 0.2990740740740741 0.007291666666666667 0.018518518518518517
3 0.48151041666666666 0.44907407407407407 0.04635416666666667 0.040740740740740744
1 0.2520833333333333 0.8101851851851852 0.013541666666666667 0.044444444444444446
1 0.31875 0.8027777777777778 0.0125 0.031481481481481485
1 0.31666666666666665 0.8166666666666667 0.011458333333333333 0.02777777777777778
1 0.26484375 0.6666666666666667 0.011979166666666666 0.02777777777777778
1 0.28619791666666666 0.5365740740740741 0.009895833333333333 0.026851851851851852
1 0.2171875 0.5175925925925926 0.010416666666666666 0.031481481481481485
1 0.45208333333333334 0.4638888888888889 0.008333333333333333 0.03518518518518519
1 0.47031249999999997 0.4708333333333333 0.010416666666666666 0.028703703703703703
1 0.3794270833333333 0.4217592592592593 0.0078125 0.026851851851851852
1 0.38984375 0.4027777777777778 0.008854166666666666 0.02777777777777778
1 0.3729166666666667 0.3962962962962963 0.008333333333333333 0.022222222222222223
1 0.3971354166666667 0.3800925925925926 0.0078125 0.02314814814814815
1 0.41354166666666664 0.3509259259259259 0.008333333333333333 0.020370370370370372
1 0.39036458333333335 0.3490740740740741 0.008854166666666666 0.02592592592592593
1 0.4036458333333333 0.33611111111111114 0.007291666666666667 0.018518518518518517
1 0.49453125 0.32453703703703707 0.005729166666666666 0.02314814814814815
1 0.4591145833333333 0.3148148148148148 0.005729166666666666 0.018518518518518517
1 0.40911458333333334 0.29444444444444445 0.0067708333333333336 0.020370370370370372
9 0.11380208333333333 0.8583333333333334 0.025520833333333333 0.08333333333333334
9 0.03307291666666667 0.9416666666666667 0.04010416666666666 0.06666666666666667
3 0.16302083333333334 0.9495370370370371 0.07604166666666666 0.09537037037037037
7 0.2140625 0.9671296296296297 0.052083333333333336 0.062037037037037036
9 0.05130208333333333 0.9046296296296297 0.034895833333333334 0.0462962962962963
3 0.18802083333333333 0.7824074074074074 0.0625 0.10925925925925926
0 0.21953124999999998 0.7310185185185185 0.013020833333333334 0.05462962962962963
0 0.20130208333333333 0.7046296296296296 0.0109375 0.053703703703703705
0 0.17760416666666667 0.7111111111111111 0.010416666666666666 0.04814814814814815
0 0.17916666666666667 0.7037037037037037 0.0125 0.05
0 0.15338541666666666 0.7217592592592593 0.0109375 0.05092592592592593
0 0.15364583333333334 0.6981481481481482 0.0125 0.053703703703703705
7 0.109375 0.7430555555555556 0.053125 0.09907407407407408
9 0.18958333333333333 0.4810185185185185 0.01875 0.032407407407407406
9 0.19947916666666665 0.44537037037037036 0.021875 0.031481481481481485
9 0.2046875 0.4412037037037037 0.021875 0.026851851851851852
0 0.22421875 0.42638888888888893 0.008854166666666666 0.03425925925925926
0 0.2703125 0.4050925925925926 0.007291666666666667 0.03425925925925926
9 0.23619791666666667 0.4337962962962963 0.0078125 0.030555555555555558
2 0.25 0.42453703703703705 0.005208333333333333 0.025
1 0.23645833333333333 0.4287037037037037 0.009375 0.02962962962962963
1 0.25026041666666665 0.4175925925925926 0.0067708333333333336 0.024074074074074074
9 0.30390625 0.4087962962962963 0.019270833333333334 0.021296296296296296
6 0.2755208333333333 0.5208333333333334 0.04583333333333333 0.049074074074074076
1 0.265625 0.5226851851851853 0.011458333333333333 0.032407407407407406
7 0.28411458333333334 0.40324074074074073 0.018229166666666668 0.03981481481481482
7 0.2955729166666667 0.4712962962962963 0.028645833333333332 0.04814814814814815
9 0.3104166666666667 0.4851851851851852 0.014583333333333334 0.02777777777777778
1 0.30494791666666665 0.4814814814814815 0.008854166666666666 0.024074074074074074
1 0.30807291666666664 0.4763888888888889 0.0078125 0.026851851851851852
0 0.25729166666666664 0.3736111111111111 0.009375 0.030555555555555558
0 0.23385416666666667 0.38796296296296295 0.007291666666666667 0.031481481481481485
0 0.23906249999999998 0.3787037037037037 0.007291666666666667 0.031481481481481485
3 0.3536458333333333 0.37777777777777777 0.02395833333333333 0.03888888888888889
7 0.29765625 0.37824074074074077 0.018229166666666668 0.03796296296296296
0 0.3770833333333333 0.300462962962963 0.005208333333333333 0.025
7 0.3653645833333333 0.3027777777777778 0.013020833333333334 0.03333333333333333
3 0.4236979166666667 0.30972222222222223 0.0171875 0.032407407407407406
7 0.36614583333333334 0.3509259259259259 0.013541666666666667 0.031481481481481485
0 0.3578125 0.34490740740740744 0.005208333333333333 0.026851851851851852
7 0.4088541666666667 0.4115740740740741 0.016666666666666666 0.04166666666666667
6 0.35234375 0.3527777777777778 0.008854166666666666 0.020370370370370372
3 0.38619791666666664 0.2712962962962963 0.024479166666666666 0.024074074074074074
1 0.24765625 0.3560185185185185 0.008854166666666666 0.019444444444444445
4 0.2203125 0.3180555555555556 0.019791666666666666 0.036111111111111115
1 0.23098958333333333 0.28611111111111115 0.005729166666666666 0.012962962962962964
0 0.21666666666666667 0.29120370370370374 0.008333333333333333 0.02314814814814815
0 0.23828125 0.25925925925925924 0.005729166666666666 0.020370370370370372
0 0.72890625 0.5027777777777778 0.0109375 0.037037037037037035
0 0.6177083333333333 0.32546296296296295 0.00625 0.028703703703703703
9 0.4861979166666667 0.2888888888888889 0.0046875 0.016666666666666666
1 0.4864583333333333 0.2898148148148148 0.004166666666666667 0.014814814814814815
1 0.48671875 0.2851851851851852 0.005729166666666666 0.016666666666666666
0 0.5104166666666666 0.2777777777777778 0.00625 0.018518518518518517
3 0.43463541666666666 0.2513888888888889 0.013020833333333334 0.02314814814814815
3 0.471875 0.24444444444444446 0.013541666666666667 0.020370370370370372
3 0.40781249999999997 0.23703703703703705 0.01875 0.020370370370370372
7 0.5096354166666667 0.250462962962963 0.011979166666666666 0.026851851851851852
7 0.5083333333333333 0.23287037037037037 0.008333333333333333 0.021296296296296296
9 0.4973958333333333 0.25416666666666665 0.003125 0.015740740740740743
1 0.4973958333333333 0.25277777777777777 0.005208333333333333 0.020370370370370372
9 0.48072916666666665 0.27037037037037037 0.004166666666666667 0.016666666666666666
1 0.4809895833333333 0.26666666666666666 0.0046875 0.016666666666666666
3 0.43671875 0.22777777777777777 0.011979166666666666 0.020370370370370372
4 0.45807291666666666 0.21851851851851853 0.011979166666666666 0.02592592592592593
2 0.4049479166666667 0.26157407407407407 0.0046875 0.015740740740740743
1 0.4049479166666667 0.25601851851851853 0.0046875 0.021296296296296296
9 0.4223958333333333 0.24212962962962964 0.004166666666666667 0.01388888888888889
1 0.42265625 0.23703703703703705 0.0046875 0.014814814814814815
3 0.3932291666666667 0.23194444444444445 0.0125 0.021296296296296296
7 0.41640625 0.2152777777777778 0.0078125 0.019444444444444445
7 0.4361979166666667 0.19768518518518519 0.0067708333333333336 0.021296296296296296
1 0.43671875 0.19814814814814816 0.0046875 0.012962962962962964
4 0.42734374999999997 0.18888888888888888 0.011979166666666666 0.018518518518518517
7 0.4544270833333333 0.19675925925925927 0.0067708333333333336 0.019444444444444445
4 0.45416666666666666 0.19074074074074074 0.011458333333333333 0.018518518518518517
4 0.4505208333333333 0.1824074074074074 0.011458333333333333 0.016666666666666666
4 0.44296874999999997 0.16805555555555557 0.01614583333333333 0.025
3 0.72890625 0.8810185185185185 0.11302083333333333 0.08425925925925926
3 0.7216145833333333 0.8143518518518519 0.11302083333333333 0.075
3 0.7 0.7625000000000001 0.121875 0.07685185185185185
3 0.6971354166666667 0.7194444444444444 0.08802083333333333 0.06851851851851852
3 0.6783854166666666 0.6717592592592593 0.0703125 0.058333333333333334
3 0.6825520833333333 0.6513888888888889 0.08177083333333333 0.05648148148148149
3 0.6776041666666667 0.6180555555555556 0.07604166666666666 0.04722222222222222
4 0.6653645833333334 0.5722222222222223 0.07760416666666667 0.07037037037037037
3 0.6513020833333333 0.5268518518518519 0.06822916666666666 0.044444444444444446
3 0.6432291666666666 0.5018518518518519 0.059375 0.03333333333333333
4 0.6424479166666667 0.4726851851851852 0.0609375 0.04722222222222222
3 0.6408854166666667 0.4569444444444445 0.057812499999999996 0.036111111111111115
3 0.63671875 0.43842592592592594 0.0609375 0.03796296296296296
4 0.6268229166666667 0.412962962962963 0.05364583333333333 0.05
1 0.64453125 0.3962962962962963 0.005729166666666666 0.018518518518518517
3 0.9658854166666666 0.8569444444444445 0.06822916666666666 0.09166666666666667
3 0.93046875 0.8037037037037037 0.09635416666666667 0.08148148148148149
5 0.8989583333333333 0.75 0.10520833333333333 0.07222222222222223
3 0.8809895833333333 0.6990740740740741 0.0890625 0.061111111111111116
3 0.8583333333333333 0.6550925925925927 0.0875 0.05648148148148149
3 0.8325520833333333 0.6217592592592592 0.08072916666666667 0.049074074074074076
3 0.8325520833333333 0.5861111111111111 0.06510416666666667 0.053703703703703705
3 0.8044270833333333 0.563425925925926 0.06927083333333334 0.04722222222222222
4 0.7989583333333333 0.5337962962962963 0.05520833333333333 0.04537037037037037
4 0.78828125 0.5120370370370371 0.058854166666666666 0.05
3 0.7708333333333334 0.4962962962962963 0.06145833333333333 0.03888888888888889
3 0.7635416666666667 0.47731481481481486 0.05625 0.032407407407407406
3 0.7677083333333333 0.4638888888888889 0.058333333333333334 0.03518518518518519
3 0.75546875 0.4481481481481482 0.057812499999999996 0.037037037037037035
4 0.7473958333333334 0.4217592592592593 0.04583333333333333 0.036111111111111115
3 0.7299479166666667 0.4101851851851852 0.03697916666666667 0.031481481481481485
3 0.7065104166666667 0.38703703703703707 0.0328125 0.03888888888888889
3 0.68203125 0.3597222222222222 0.033854166666666664 0.049074074074074076
6 0.66328125 0.3231481481481482 0.03697916666666667 0.02962962962962963
3 0.6122395833333333 0.3851851851851852 0.0484375 0.03518518518518519
3 0.6033854166666667 0.375462962962963 0.044270833333333336 0.026851851851851852
4 0.6067708333333334 0.362962962962963 0.041666666666666664 0.03333333333333333
0 0.4671875 0.1824074074074074 0.003125 0.014814814814814815
0 0.47213541666666664 0.18333333333333335 0.0046875 0.014814814814814815
0 0.3984375 0.17824074074074076 0.003125 0.015740740740740743
6 0.4075520833333333 0.18472222222222223 0.005729166666666666 0.015740740740740743
1 0.4075520833333333 0.1837962962962963 0.0036458333333333334 0.012037037037037037
3 0.41692708333333334 0.16805555555555557 0.009895833333333333 0.015740740740740743
