1 0.08854166666666667 0.6731481481481482 0.007291666666666667 0.020370370370370372
2 0.08776041666666666 0.6865740740740741 0.0109375 0.019444444444444445
1 0.08984375 0.6518518518518519 0.0026041666666666665 0.014814814814814815
0 0.08802083333333333 0.6416666666666667 0.00625 0.02962962962962963
0 0.08020833333333333 0.6486111111111111 0.007291666666666667 0.030555555555555558
9 0.06692708333333333 0.6486111111111111 0.0171875 0.019444444444444445
0 0.06354166666666666 0.6175925925925926 0.007291666666666667 0.02777777777777778
0 0.015104166666666667 0.6180555555555556 0.007291666666666667 0.028703703703703703
1 0.0036458333333333334 0.5444444444444445 0.007291666666666667 0.016666666666666666
9 0.0036458333333333334 0.5541666666666667 0.00625 0.01388888888888889
2 0.10677083333333333 0.500925925925926 0.007291666666666667 0.014814814814814815
9 0.054427083333333334 0.49212962962962964 0.0078125 0.021296296296296296
0 0.09973958333333333 0.5143518518518518 0.005729166666666666 0.02314814814814815
0 0.09609375 0.5097222222222222 0.005729166666666666 0.021296296296296296
0 0.09010416666666667 0.5166666666666667 0.004166666666666667 0.020370370370370372
0 0.08463541666666667 0.5101851851851852 0.005729166666666666 0.018518518518518517
9 0.015885416666666666 0.47962962962962963 0.008854166666666666 0.022222222222222223
3 0.021614583333333333 0.46111111111111114 0.021354166666666667 0.020370370370370372
3 0.011197916666666667 0.41805555555555557 0.0203125 0.019444444444444445
3 0.4940104166666667 0.25277777777777777 0.005729166666666666 0.009259259259259259
3 0.48984374999999997 0.26851851851851855 0.0046875 0.007407407407407408
3 0.4796875 0.25925925925925924 0.003125 0.007407407407407408
7 0.4861979166666667 0.28425925925925927 0.0046875 0.011111111111111112
3 0.50703125 0.2712962962962963 0.0067708333333333336 0.009259259259259259
1 0.5005208333333333 0.26851851851851855 0.0020833333333333333 0.005555555555555556
9 0.5010416666666666 0.2712962962962963 0.0020833333333333333 0.005555555555555556
3 0.48828125 0.31342592592592594 0.0067708333333333336 0.012037037037037037
1 0.4981770833333333 0.3162037037037037 0.0026041666666666665 0.008333333333333333
9 0.4979166666666667 0.3212962962962963 0.0020833333333333333 0.007407407407407408
0 0.51015625 0.3231481481481482 0.0036458333333333334 0.012962962962962964
1 0.5059895833333333 0.3226851851851852 0.0036458333333333334 0.006481481481481482
9 0.5057291666666667 0.32731481481481484 0.0020833333333333333 0.006481481481481482
1 0.49895833333333334 0.3282407407407408 0.003125 0.006481481481481482
9 0.49973958333333335 0.33425925925925926 0.0026041666666666665 0.007407407407407408
3 0.49192708333333335 0.3375 0.0078125 0.012037037037037037
3 0.4934895833333333 0.3523148148148148 0.0078125 0.01388888888888889
3 0.5171875 0.34120370370370373 0.008333333333333333 0.012037037037037037
3 0.52109375 0.35000000000000003 0.0067708333333333336 0.014814814814814815
3 0.5265625 0.35879629629629634 0.007291666666666667 0.01388888888888889
0 0.5125 0.34305555555555556 0.003125 0.01388888888888889
0 0.5075520833333333 0.33842592592592596 0.0036458333333333334 0.012037037037037037
7 0.5098958333333333 0.3509259259259259 0.004166666666666667 0.012962962962962964
9 0.5041666666666667 0.3490740740740741 0.003125 0.012962962962962964
1 0.5002604166666667 0.34444444444444444 0.0036458333333333334 0.005555555555555556
9 0.5005208333333333 0.3490740740740741 0.0020833333333333333 0.007407407407407408
1 0.48125 0.3282407407407408 0.003125 0.006481481481481482
9 0.48203124999999997 0.3337962962962963 0.0026041666666666665 0.008333333333333333
0 0.4783854166666667 0.32731481481481484 0.0036458333333333334 0.012037037037037037
0 0.47630208333333335 0.3314814814814815 0.0026041666666666665 0.014814814814814815
0 0.4739583333333333 0.33981481481481485 0.003125 0.012962962962962964
0 0.4731770833333333 0.3560185185185185 0.0036458333333333334 0.01388888888888889
0 0.4786458333333333 0.3699074074074074 0.003125 0.01388888888888889
0 0.47682291666666665 0.37222222222222223 0.0026041666666666665 0.011111111111111112
3 0.47031249999999997 0.3689814814814815 0.009375 0.01388888888888889
3 0.5020833333333333 0.37222222222222223 0.010416666666666666 0.016666666666666666
1 0.5111979166666667 0.36203703703703705 0.0026041666666666665 0.007407407407407408
2 0.5111979166666667 0.3689814814814815 0.0036458333333333334 0.010185185185185186
1 0.5221354166666666 0.3652777777777778 0.005729166666666666 0.010185185185185186
9 0.521875 0.3712962962962963 0.005208333333333333 0.009259259259259259
3 0.5299479166666666 0.375462962962963 0.0109375 0.015740740740740743
3 0.5328125 0.3912037037037037 0.009375 0.017592592592592594
4 0.5341145833333333 0.40555555555555556 0.008854166666666666 0.014814814814814815
1 0.52109375 0.3902777777777778 0.0036458333333333334 0.015740740740740743
2 0.5234375 0.3939814814814815 0.003125 0.012037037037037037
3 0.52578125 0.4291666666666667 0.013020833333333334 0.021296296296296296
3 0.465625 0.38333333333333336 0.010416666666666666 0.016666666666666666
3 0.4635416666666667 0.3976851851851852 0.011458333333333333 0.015740740740740743
1 0.47630208333333335 0.39490740740740743 0.0046875 0.010185185185185186
9 0.4765625 0.4027777777777778 0.003125 0.011111111111111112
3 0.4875 0.40185185185185185 0.010416666666666666 0.016666666666666666
3 0.48593749999999997 0.41620370370370374 0.009375 0.017592592592592594
3 0.48776041666666664 0.4305555555555556 0.0109375 0.020370370370370372
7 0.4822916666666667 0.4388888888888889 0.007291666666666667 0.020370370370370372
3 0.46640624999999997 0.4412037037037037 0.011979166666666666 0.019444444444444445
1 0.4544270833333333 0.4291666666666667 0.0036458333333333334 0.01388888888888889
9 0.453125 0.4337962962962963 0.004166666666666667 0.012037037037037037
3 0.4513020833333333 0.4486111111111111 0.018229166666666668 0.019444444444444445
1 0.5049479166666666 0.39722222222222225 0.0046875 0.011111111111111112
9 0.5057291666666667 0.4046296296296297 0.005208333333333333 0.009259259259259259
3 0.49973958333333335 0.412962962962963 0.009895833333333333 0.018518518518518517
1 0.515625 0.41435185185185186 0.004166666666666667 0.010185185185185186
9 0.5153645833333333 0.41944444444444445 0.0046875 0.011111111111111112
1 0.5145833333333333 0.42824074074074076 0.004166666666666667 0.006481481481481482
9 0.5145833333333333 0.4342592592592593 0.003125 0.009259259259259259
1 0.51640625 0.44074074074074077 0.0046875 0.009259259259259259
9 0.5169270833333334 0.44583333333333336 0.0036458333333333334 0.008333333333333333
9 0.53359375 0.47731481481481486 0.0046875 0.021296296296296296
1 0.5263020833333333 0.4800925925925926 0.0036458333333333334 0.010185185185185186
9 0.525 0.48750000000000004 0.010416666666666666 0.012037037037037037
0 0.5229166666666667 0.4740740740740741 0.003125 0.016666666666666666
0 0.5166666666666666 0.47361111111111115 0.003125 0.019444444444444445
2 0.51953125 0.4777777777777778 0.0036458333333333334 0.012962962962962964
1 0.5130208333333334 0.4587962962962963 0.003125 0.012037037037037037
9 0.5135416666666667 0.4652777777777778 0.003125 0.010185185185185186
1 0.5119791666666667 0.48055555555555557 0.003125 0.009259259259259259
1 0.51171875 0.4759259259259259 0.0036458333333333334 0.011111111111111112
9 0.5114583333333333 0.48333333333333334 0.004166666666666667 0.011111111111111112
1 0.5041666666666667 0.46851851851851856 0.004166666666666667 0.012962962962962964
9 0.50390625 0.47731481481481486 0.0026041666666666665 0.01388888888888889
1 0.5002604166666667 0.47962962962962963 0.0036458333333333334 0.011111111111111112
9 0.50078125 0.4861111111111111 0.0046875 0.018518518518518517
1 0.48203124999999997 0.47962962962962963 0.0036458333333333334 0.011111111111111112
2 0.4828125 0.48842592592592593 0.004166666666666667 0.01388888888888889
1 0.4796875 0.4865740740740741 0.004166666666666667 0.012037037037037037
9 0.47994791666666664 0.4953703703703704 0.0046875 0.014814814814814815
3 0.48723958333333334 0.5097222222222222 0.013020833333333334 0.025
3 0.48541666666666666 0.5449074074074074 0.015625 0.028703703703703703
3 0.4596354166666667 0.4865740740740741 0.0140625 0.030555555555555558
0 0.46875 0.5083333333333333 0.004166666666666667 0.018518518518518517
0 0.47031249999999997 0.5013888888888889 0.004166666666666667 0.017592592592592594
2 0.47161458333333334 0.5074074074074074 0.0067708333333333336 0.014814814814814815
0 0.50703125 0.5203703703703704 0.0046875 0.022222222222222223
0 0.5028645833333333 0.5324074074074074 0.0046875 0.024074074074074074
0 0.51640625 0.5060185185185185 0.0046875 0.02314814814814815
2 0.51875 0.5041666666666667 0.004166666666666667 0.015740740740740743
0 0.5252604166666667 0.5069444444444444 0.005729166666666666 0.019444444444444445
1 0.5223958333333333 0.5189814814814815 0.004166666666666667 0.008333333333333333
9 0.5234375 0.5259259259259259 0.005208333333333333 0.014814814814814815
1 0.5138020833333333 0.5259259259259259 0.0036458333333333334 0.011111111111111112
9 0.5145833333333333 0.5356481481481482 0.004166666666666667 0.01388888888888889
3 0.5010416666666666 0.6648148148148149 0.021875 0.04814814814814815
1 0.45703125 0.6101851851851852 0.0046875 0.012962962962962964
1 0.45729166666666665 0.6064814814814815 0.005208333333333333 0.018518518518518517
9 0.45729166666666665 0.6208333333333333 0.004166666666666667 0.019444444444444445
0 0.43854166666666666 0.562962962962963 0.005208333333333333 0.024074074074074074
1 0.47031249999999997 0.6314814814814815 0.005208333333333333 0.018518518518518517
9 0.46953125 0.6402777777777778 0.0036458333333333334 0.012037037037037037
7 0.4705729166666667 0.6652777777777779 0.008854166666666666 0.03796296296296296
1 0.44166666666666665 0.7481481481481482 0.011458333333333333 0.020370370370370372
2 0.44036458333333334 0.7643518518518518 0.0078125 0.028703703703703703
3 0.38828125 0.7444444444444445 0.06197916666666667 0.0462962962962963
1 0.47578125 0.7087962962962964 0.0067708333333333336 0.021296296296296296
1 0.47421874999999997 0.712037037037037 0.005729166666666666 0.014814814814814815
9 0.4752604166666667 0.7212962962962963 0.008854166666666666 0.02962962962962963
0 0.56484375 0.7935185185185185 0.005729166666666666 0.040740740740740744
0 0.5578125 0.788888888888889 0.008333333333333333 0.03888888888888889
1 0.5348958333333333 0.7453703703703703 0.00625 0.020370370370370372
0 0.5375 0.7421296296296297 0.004166666666666667 0.017592592592592594
9 0.5354166666666667 0.7601851851851852 0.00625 0.024074074074074074
7 0.5270833333333333 0.7787037037037038 0.015625 0.05555555555555556
3 0.5393229166666667 0.862037037037037 0.028645833333333332 0.06481481481481481
3 0.49973958333333335 0.8958333333333334 0.030729166666666665 0.08425925925925926
9 0.5684895833333333 0.9777777777777779 0.013020833333333334 0.044444444444444446
1 0.45416666666666666 0.8166666666666667 0.008333333333333333 0.024074074074074074
6 0.45625 0.8412037037037038 0.0125 0.026851851851851852
1 0.46432291666666664 0.9060185185185186 0.008854166666666666 0.032407407407407406
9 0.46380208333333334 0.925 0.0067708333333333336 0.03518518518518519
1 0.4421875 0.9393518518518519 0.010416666666666666 0.026851851851851852
9 0.4432291666666667 0.9550925925925926 0.00625 0.03425925925925926
3 0.42083333333333334 0.8930555555555556 0.030208333333333334 0.08981481481481482
3 0.3546875 0.8962962962962964 0.04583333333333333 0.061111111111111116
