3 0.036397058823529414 0.06601307189542484 0.06544117647058824 0.09281045751633986
3 0.09227941176470589 0.09869281045751634 0.04191176470588235 0.10065359477124182
3 0.15992647058823528 0.1261437908496732 0.05367647058823529 0.11372549019607843
4 0.24338235294117647 0.12745098039215685 0.075 0.08758169934640522
3 0.3125 0.16666666666666666 0.06323529411764706 0.06928104575163398
3 0.06323529411764706 0.24444444444444444 0.0838235294117647 0.07320261437908496
3 0.175 0.3333333333333333 0.08970588235294118 0.08366013071895424
1 0.15919117647058822 0.33398692810457514 0.021323529411764706 0.03529411764705882
2 0.09705882352941177 0.20522875816993463 0.032352941176470584 0.03660130718954248
1 0.09264705882352942 0.1954248366013072 0.016176470588235292 0.03529411764705882
3 0.29816176470588235 0.7379084967320261 0.08602941176470588 0.16601307189542483
2 0.25698529411764703 0.926797385620915 0.01838235294117647 0.08104575163398692
1 0.25625 0.9150326797385621 0.019852941176470587 0.0392156862745098
9 0.29669117647058824 0.2980392156862745 0.03308823529411765 0.03660130718954248
1 0.3025735294117647 0.29869281045751633 0.0125 0.03790849673202614
1 0.29411764705882354 0.2947712418300653 0.016176470588235292 0.04052287581699346
3 0.5088235294117647 0.07124183006535947 0.045588235294117645 0.10326797385620914
3 0.4786764705882353 0.5686274509803921 0.10441176470588236 0.09934640522875816
3 0.5474264705882352 0.7176470588235294 0.10661764705882353 0.1045751633986928
3 0.649264705882353 0.6686274509803921 0.10588235294117647 0.1111111111111111
1 0.48308823529411765 0.18627450980392155 0.013235294117647059 0.04052287581699346
1 0.48419117647058824 0.1764705882352941 0.011029411764705881 0.03660130718954248
1 0.49779411764705883 0.19346405228758168 0.011764705882352941 0.04444444444444444
1 0.5172794117647058 0.19477124183006533 0.015441176470588236 0.047058823529411764
1 0.5194852941176471 0.18627450980392155 0.009558823529411765 0.0326797385620915
1 0.6705882352941176 0.15294117647058822 0.011764705882352941 0.03137254901960784
1 0.5117647058823529 0.3437908496732026 0.013235294117647059 0.0392156862745098
1 0.5073529411764706 0.3418300653594771 0.010294117647058823 0.027450980392156862
9 0.48161764705882354 0.19673202614379084 0.014705882352941176 0.043137254901960784
9 0.49522058823529413 0.20849673202614377 0.0125 0.03790849673202614
9 0.5191176470588236 0.20718954248366012 0.011764705882352941 0.0457516339869281
9 0.6709558823529411 0.16470588235294117 0.011029411764705881 0.04444444444444444
9 0.5102941176470588 0.3477124183006536 0.030882352941176472 0.0392156862745098
0 0.6698529411764705 0.2797385620915033 0.013235294117647059 0.04444444444444444
0 0.6727941176470588 0.2718954248366013 0.011764705882352941 0.04444444444444444
4 0.48455882352941176 0.45359477124183 0.09117647058823529 0.09411764705882353
1 0.46911764705882353 0.4516339869281045 0.020588235294117647 0.03006535947712418
3 0.9128676470588235 0.6228758169934641 0.10955882352941176 0.10065359477124182
5 0.8378676470588236 0.4568627450980392 0.13897058823529412 0.1477124183006536
9 0.9213235294117647 0.461437908496732 0.032352941176470584 0.0392156862745098
1 0.9242647058823529 0.4633986928104575 0.01911764705882353 0.04836601307189542
9 0.9764705882352941 0.4816993464052287 0.033823529411764704 0.04052287581699346
1 0.9827205882352941 0.4738562091503268 0.027205882352941177 0.0326797385620915
