1 0.7135416666666666 0.8652777777777778 0.019791666666666666 0.0638888888888889
2 0.7130208333333333 0.875462962962963 0.030208333333333334 0.05462962962962963
3 0.9388020833333334 0.8245370370370371 0.058854166666666666 0.10092592592592593
3 0.9158854166666667 0.5643518518518519 0.07135416666666666 0.05648148148148149
1 0.7401041666666667 0.4800925925925926 0.007291666666666667 0.026851851851851852
1 0.7447916666666666 0.4800925925925926 0.010416666666666666 0.030555555555555558
9 0.7434895833333334 0.4902777777777778 0.013020833333333334 0.025
3 0.6588541666666666 0.16666666666666669 0.005208333333333333 0.007407407407407408
3 0.66015625 0.1287037037037037 0.0026041666666666665 0.003703703703703704
3 0.659375 0.12268518518518519 0.0020833333333333333 0.002777777777777778
3 0.6572916666666666 0.12083333333333333 0.0020833333333333333 0.002777777777777778
5 0.6580729166666667 0.11805555555555557 0.0026041666666666665 0.004629629629629629
3 0.6583333333333333 0.2967592592592593 0.0125 0.021296296296296296
3 0.6309895833333333 0.412962962962963 0.0203125 0.03518518518518519
3 0.6197916666666666 0.4666666666666667 0.02395833333333333 0.04259259259259259
3 0.5994791666666667 0.5782407407407407 0.034375 0.07685185185185185
3 0.20026041666666666 0.4949074074074074 0.06197916666666667 0.04722222222222222
4 0.4270833333333333 0.4935185185185185 0.06041666666666667 0.05740740740740741
