4 0.30073529411764705 0.515032679738562 0.023529411764705882 0.06013071895424836
4 0.28970588235294115 0.39673202614379083 0.01911764705882353 0.043137254901960784
5 0.44080882352941175 0.5980392156862745 0.03161764705882353 0.07450980392156863
3 0.48161764705882354 0.42810457516339867 0.025 0.03790849673202614
3 0.5485294117647058 0.4359477124183006 0.026470588235294117 0.04052287581699346
3 0.40625 0.2673202614379085 0.013970588235294117 0.02222222222222222
5 0.43529411764705883 0.2522875816993464 0.022058823529411763 0.054901960784313725
1 0.3625 0.5392156862745098 0.011764705882352941 0.0326797385620915
9 0.3625 0.5470588235294117 0.011764705882352941 0.03006535947712418
1 0.36066176470588235 0.41045751633986927 0.006617647058823529 0.0261437908496732
9 0.36066176470588235 0.4163398692810457 0.006617647058823529 0.02483660130718954
5 0.22904411764705881 0.23790849673202613 0.04044117647058824 0.03660130718954248
5 0.2227941176470588 0.2529411764705882 0.030882352941176472 0.02483660130718954
3 0.20955882352941177 0.28823529411764703 0.023529411764705882 0.01699346405228758
3 0.21470588235294116 0.27777777777777773 0.023529411764705882 0.01699346405228758
3 0.18125 0.22287581699346404 0.0125 0.01437908496732026
3 0.14485294117647057 0.22156862745098038 0.014705882352941176 0.01437908496732026
3 0.15992647058823528 0.23594771241830065 0.0125 0.01699346405228758
4 0.12279411764705882 0.24248366013071893 0.01911764705882353 0.02483660130718954
3 0.11433823529411764 0.2281045751633987 0.025735294117647058 0.01437908496732026
3 0.32683823529411765 0.230718954248366 0.009558823529411765 0.01437908496732026
3 0.3338235294117647 0.22549019607843135 0.010294117647058823 0.01437908496732026
3 0.3338235294117647 0.2222222222222222 0.010294117647058823 0.01568627450980392
3 0.34816176470588234 0.21176470588235294 0.008088235294117646 0.0130718954248366
3 0.9661764705882353 0.8405228758169934 0.06764705882352941 0.10196078431372549
3 0.8518382352941176 0.6895424836601307 0.06985294117647059 0.0718954248366013
3 0.7911764705882353 0.6274509803921569 0.051470588235294115 0.06013071895424836
3 0.8382352941176471 0.618954248366013 0.055882352941176466 0.058823529411764705
3 0.7507352941176471 0.565359477124183 0.05 0.058823529411764705
3 0.7856617647058823 0.5640522875816993 0.04485294117647059 0.050980392156862744
3 0.7077205882352942 0.5156862745098039 0.03897058823529412 0.0457516339869281
3 0.7444852941176471 0.5117647058823529 0.04779411764705882 0.050980392156862744
3 0.7636029411764705 0.49019607843137253 0.03897058823529412 0.04183006535947712
3 0.6481617647058824 0.49738562091503263 0.03308823529411765 0.03790849673202614
3 0.7775735294117647 0.4640522875816993 0.0375 0.04183006535947712
5 0.6797794117647059 0.4764705882352941 0.0375 0.0457516339869281
4 0.825735294117647 0.5509803921568627 0.045588235294117645 0.05620915032679738
3 0.7088235294117647 0.4738562091503268 0.03529411764705882 0.04052287581699346
3 0.7165441176470588 0.43856209150326797 0.03161764705882353 0.03529411764705882
3 0.6827205882352941 0.43856209150326797 0.03161764705882353 0.0326797385620915
4 0.6522058823529412 0.4437908496732026 0.033823529411764704 0.04052287581699346
3 0.6330882352941176 0.41764705882352937 0.029411764705882353 0.03529411764705882
3 0.6588235294117647 0.4052287581699346 0.026470588235294117 0.02875816993464052
3 0.6713235294117647 0.39281045751633986 0.026470588235294117 0.03006535947712418
3 0.6926470588235294 0.41503267973856206 0.030882352941176472 0.0326797385620915
3 0.7194852941176471 0.39934640522875814 0.027205882352941177 0.0326797385620915
3 0.6977941176470588 0.3784313725490196 0.027941176470588233 0.0326797385620915
3 0.6775735294117647 0.36013071895424836 0.02426470588235294 0.02483660130718954
3 0.6893382352941176 0.33921568627450976 0.021323529411764706 0.02483660130718954
3 0.6242647058823529 0.39673202614379083 0.026470588235294117 0.03006535947712418
3 0.6397058823529411 0.38627450980392153 0.026470588235294117 0.03006535947712418
3 0.6496323529411765 0.36928104575163395 0.02426470588235294 0.03006535947712418
4 0.6102941176470588 0.37516339869281046 0.022058823529411763 0.03398692810457516
4 0.6238970588235294 0.3627450980392157 0.02426470588235294 0.0326797385620915
4 0.6125 0.3464052287581699 0.01911764705882353 0.0261437908496732
4 0.5904411764705882 0.34444444444444444 0.025 0.03006535947712418
4 0.5941176470588235 0.36209150326797385 0.020588235294117647 0.02875816993464052
3 0.6371323529411764 0.35424836601307186 0.01838235294117647 0.023529411764705882
3 0.6202205882352941 0.3379084967320261 0.019852941176470587 0.02222222222222222
5 0.6658088235294117 0.33856209150326794 0.025735294117647058 0.03137254901960784
5 0.6378676470588235 0.3052287581699346 0.05073529411764706 0.06143790849673202
5 0.6764705882352942 0.31895424836601305 0.023529411764705882 0.02875816993464052
5 0.73125 0.35163398692810455 0.06397058823529411 0.07320261437908496
5 0.7496323529411765 0.41437908496732023 0.04485294117647059 0.065359477124183
5 0.7397058823529412 0.33398692810457514 0.08823529411764705 0.10065359477124182
5 0.6882352941176471 0.2856209150326797 0.041176470588235294 0.058823529411764705
5 0.638235294117647 0.2568627450980392 0.041176470588235294 0.050980392156862744
5 0.6033088235294117 0.2522875816993464 0.027205882352941177 0.0392156862745098
5 0.5665441176470588 0.2437908496732026 0.027205882352941177 0.043137254901960784
5 0.425 0.22614379084967318 0.013235294117647059 0.04183006535947712
8 0.4488970588235294 0.22483660130718952 0.01838235294117647 0.03660130718954248
3 0.3180147058823529 0.20849673202614377 0.0125 0.01437908496732026
3 0.3338235294117647 0.20588235294117646 0.008823529411764706 0.01437908496732026
3 0.606985294117647 0.32614379084967315 0.01838235294117647 0.02222222222222222
3 0.5786764705882352 0.3352941176470588 0.01764705882352941 0.02483660130718954
3 0.5783088235294117 0.322875816993464 0.02426470588235294 0.023529411764705882
3 0.5941176470588235 0.31176470588235294 0.01764705882352941 0.0196078431372549
4 0.5801470588235293 0.2941176470588235 0.01911764705882353 0.0261437908496732
3 0.5680147058823529 0.3111111111111111 0.01838235294117647 0.01830065359477124
3 0.5613970588235294 0.30392156862745096 0.016911764705882352 0.0196078431372549
3 0.6125 0.2699346405228758 0.014705882352941176 0.01437908496732026
3 0.5257352941176471 0.2699346405228758 0.010294117647058823 0.01699346405228758
3 0.5341911764705882 0.27843137254901956 0.0125 0.01568627450980392
3 0.5400735294117647 0.28627450980392155 0.0125 0.01568627450980392
3 0.5441176470588235 0.2973856209150327 0.013235294117647059 0.0196078431372549
3 0.5595588235294118 0.2751633986928104 0.013235294117647059 0.01699346405228758
3 0.5411764705882353 0.2549019607843137 0.013235294117647059 0.01830065359477124
