3 0.12095588235294118 0.04444444444444444 0.016911764705882352 0.01830065359477124
3 0.15919117647058822 0.03006535947712418 0.013970588235294117 0.01830065359477124
3 0.19669117647058823 0.04836601307189542 0.016911764705882352 0.02091503267973856
3 0.20845588235294119 0.0326797385620915 0.0125 0.01568627450980392
3 0.19264705882352942 0.03333333333333333 0.013235294117647059 0.01437908496732026
3 0.2088235294117647 0.01764705882352941 0.022058823529411763 0.01699346405228758
3 0.23529411764705882 0.05032679738562091 0.013235294117647059 0.01699346405228758
3 0.2555147058823529 0.049019607843137254 0.0125 0.02222222222222222
3 0.30367647058823527 0.050980392156862744 0.014705882352941176 0.02091503267973856
3 0.28823529411764703 0.049019607843137254 0.013235294117647059 0.01699346405228758
3 0.2746323529411765 0.047058823529411764 0.0125 0.01830065359477124
3 0.1463235294117647 0.02810457516339869 0.011764705882352941 0.01437908496732026
3 0.1323529411764706 0.03398692810457516 0.022058823529411763 0.0130718954248366
5 0.2727941176470588 0.02287581699346405 0.029411764705882353 0.02483660130718954
3 0.0125 0.3875816993464052 0.025 0.03790849673202614
3 0.041176470588235294 0.357516339869281 0.0661764705882353 0.03529411764705882
3 0.026838235294117645 0.3352941176470588 0.05367647058823529 0.03790849673202614
3 0.04889705882352941 0.31176470588235294 0.06544117647058824 0.03529411764705882
3 0.11029411764705882 0.37385620915032675 0.054411764705882354 0.04183006535947712
3 0.13308823529411765 0.3503267973856209 0.05 0.03398692810457516
3 0.1125 0.32679738562091504 0.055882352941176466 0.03660130718954248
3 0.1264705882352941 0.30653594771241827 0.060294117647058824 0.03790849673202614
3 0.19301470588235295 0.29869281045751633 0.05514705882352941 0.0326797385620915
3 0.18823529411764706 0.3196078431372549 0.047058823529411764 0.03529411764705882
3 0.19375 0.3607843137254902 0.0625 0.047058823529411764
4 0.20698529411764705 0.3372549019607843 0.05220588235294118 0.04444444444444444
3 0.3286764705882353 0.9398692810457515 0.054411764705882354 0.12026143790849672
3 0.4033088235294118 0.8692810457516339 0.04338235294117647 0.1411764705882353
3 0.5459558823529411 0.896078431372549 0.04779411764705882 0.1372549019607843
4 0.5360294117647059 0.6483660130718953 0.032352941176470584 0.10196078431372549
3 0.49117647058823527 0.6437908496732025 0.03529411764705882 0.09542483660130718
3 0.525 0.47777777777777775 0.026470588235294117 0.06143790849673202
4 0.4863970588235294 0.49346405228758167 0.028676470588235293 0.06666666666666667
1 0.5573529411764706 0.46535947712418296 0.007352941176470588 0.023529411764705882
1 0.5573529411764706 0.47516339869281043 0.007352941176470588 0.02222222222222222
9 0.5573529411764706 0.47973856209150323 0.007352941176470588 0.03398692810457516
3 0.4636029411764706 0.4052287581699346 0.025735294117647058 0.04444444444444444
5 0.40698529411764706 0.44705882352941173 0.03602941176470588 0.12287581699346405
3 0.42169117647058824 0.37712418300653594 0.02426470588235294 0.04836601307189542
0 0.32830882352941176 0.28104575163398693 0.008088235294117646 0.03398692810457516
3 0.41654411764705884 0.27320261437908494 0.019852941176470587 0.04183006535947712
3 0.5224264705882353 0.2856209150326797 0.021323529411764706 0.0326797385620915
4 0.4919117647058823 0.26405228758169935 0.01764705882352941 0.04183006535947712
3 0.5025735294117647 0.23594771241830065 0.015441176470588236 0.0326797385620915
4 0.4658088235294118 0.257516339869281 0.022794117647058822 0.04967320261437908
3 0.4617647058823529 0.23137254901960783 0.01911764705882353 0.03398692810457516
3 0.44816176470588237 0.20718954248366012 0.021323529411764706 0.03529411764705882
3 0.4051470588235294 0.2006535947712418 0.030882352941176472 0.027450980392156862
3 0.3264705882352941 0.023529411764705882 0.010294117647058823 0.01568627450980392
3 0.4647058823529412 0.1849673202614379 0.014705882352941176 0.0326797385620915
3 0.4573529411764706 0.1568627450980392 0.014705882352941176 0.0261437908496732
4 0.44338235294117645 0.13856209150326795 0.013235294117647059 0.03137254901960784
3 0.4474264705882353 0.1111111111111111 0.011029411764705881 0.0261437908496732
3 0.46838235294117647 0.10392156862745097 0.011764705882352941 0.027450980392156862
5 0.48933823529411763 0.15359477124183005 0.02426470588235294 0.08758169934640522
5 0.5091911764705882 0.12810457516339868 0.019852941176470587 0.04967320261437908
3 0.8794117647058823 0.2803921568627451 0.033823529411764704 0.0326797385620915
3 0.9441176470588235 0.2222222222222222 0.03529411764705882 0.02875816993464052
3 0.9378676470588235 0.20522875816993463 0.027205882352941177 0.02875816993464052
3 0.8908088235294117 0.20980392156862743 0.03602941176470588 0.03006535947712418
3 0.8966911764705883 0.19869281045751633 0.03602941176470588 0.02875816993464052
3 0.8422794117647059 0.21437908496732025 0.03602941176470588 0.03137254901960784
3 0.8044117647058824 0.23594771241830065 0.039705882352941174 0.027450980392156862
3 0.7919117647058823 0.2196078431372549 0.033823529411764704 0.02875816993464052
3 0.8088235294117647 0.20392156862745098 0.03676470588235294 0.03137254901960784
3 0.7551470588235294 0.2392156862745098 0.039705882352941174 0.02875816993464052
3 0.7477941176470588 0.2241830065359477 0.03676470588235294 0.02483660130718954
3 0.7371323529411764 0.21111111111111108 0.03308823529411765 0.027450980392156862
3 0.7099264705882353 0.2542483660130719 0.03897058823529412 0.03529411764705882
3 0.7036764705882352 0.23856209150326796 0.039705882352941174 0.027450980392156862
3 0.69375 0.22352941176470587 0.0375 0.03137254901960784
3 0.6790441176470589 0.21372549019607842 0.028676470588235293 0.027450980392156862
0 0.7235294117647059 0.1830065359477124 0.0058823529411764705 0.0261437908496732
3 0.6279411764705882 0.21895424836601304 0.039705882352941174 0.027450980392156862
9 0.6220588235294118 0.2045751633986928 0.013235294117647059 0.01437908496732026
1 0.6224264705882353 0.1980392156862745 0.005147058823529412 0.01437908496732026
3 0.5753676470588235 0.21437908496732025 0.0375 0.0261437908496732
3 0.5352941176470588 0.19673202614379084 0.030882352941176472 0.02483660130718954
0 0.5797794117647058 0.1790849673202614 0.003676470588235294 0.023529411764705882
0 0.5742647058823529 0.17777777777777776 0.0058823529411764705 0.0261437908496732
0 0.5658088235294118 0.17777777777777776 0.006617647058823529 0.02875816993464052
0 0.55625 0.17058823529411762 0.005147058823529412 0.02483660130718954
1 0.43272058823529413 0.10065359477124182 0.005147058823529412 0.0130718954248366
2 0.43161764705882355 0.1111111111111111 0.0058823529411764705 0.01045751633986928
9 0.5147058823529411 0.09542483660130718 0.0058823529411764705 0.01045751633986928
9 0.5113970588235294 0.03071895424836601 0.003676470588235294 0.00915032679738562
9 0.5158088235294117 0.0326797385620915 0.003676470588235294 0.00784313725490196
1 0.5158088235294117 0.08823529411764705 0.006617647058823529 0.011764705882352941
1 0.5102941176470588 0.023529411764705882 0.004411764705882353 0.01045751633986928
1 0.5143382352941176 0.023529411764705882 0.0022058823529411764 0.00522875816993464
0 0.5110294117647058 0.05359477124183006 0.004411764705882353 0.01830065359477124
3 0.5198529411764706 0.06143790849673202 0.010294117647058823 0.01830065359477124
3 0.5055147058823529 0.07647058823529411 0.011029411764705881 0.01699346405228758
3 0.49411764705882355 0.09281045751633986 0.011764705882352941 0.02091503267973856
3 0.4926470588235294 0.06470588235294117 0.011764705882352941 0.0196078431372549
3 0.49669117647058825 0.05163398692810457 0.008088235294117646 0.0196078431372549
3 0.5058823529411764 0.03986928104575163 0.007352941176470588 0.01699346405228758
3 0.5025735294117647 0.02875816993464052 0.009558823529411765 0.01568627450980392
3 0.50625 0.02287581699346405 0.008088235294117646 0.011764705882352941
3 0.5029411764705882 0.011764705882352941 0.0058823529411764705 0.0130718954248366
3 0.4930147058823529 0.03398692810457516 0.008088235294117646 0.0130718954248366
3 0.4926470588235294 0.02026143790849673 0.007352941176470588 0.01699346405228758
3 0.4926470588235294 0.00718954248366013 0.0058823529411764705 0.011764705882352941
3 0.4926470588235294 0.0058823529411764705 0.010294117647058823 0.011764705882352941
3 0.5044117647058823 0.0058823529411764705 0.007352941176470588 0.011764705882352941
3 0.5172794117647058 0.01633986928104575 0.006617647058823529 0.01699346405228758
3 0.5165441176470588 0.0065359477124183 0.009558823529411765 0.0130718954248366
3 0.4727941176470588 0.0869281045751634 0.008823529411764706 0.0196078431372549
3 0.4511029411764706 0.08627450980392157 0.013970588235294117 0.023529411764705882
3 0.45845588235294116 0.07516339869281045 0.011029411764705881 0.0196078431372549
3 0.4716911764705882 0.054901960784313725 0.011029411764705881 0.01568627450980392
3 0.47830882352941173 0.03986928104575163 0.009558823529411765 0.01437908496732026
3 0.4797794117647059 0.03398692810457516 0.009558823529411765 0.01830065359477124
5 0.47720588235294115 0.01633986928104575 0.011764705882352941 0.0326797385620915
3 0.4577205882352941 0.054901960784313725 0.011029411764705881 0.01830065359477124
3 0.46286764705882355 0.04248366013071895 0.011029411764705881 0.011764705882352941
8 0.4577205882352941 0.02418300653594771 0.013970588235294117 0.03006535947712418
3 0.4617647058823529 0.021568627450980392 0.010294117647058823 0.01437908496732026
3 0.46102941176470585 0.0065359477124183 0.008823529411764706 0.01045751633986928
