3 0.5533088235294118 0.37712418300653594 0.06985294117647059 0.0849673202614379
3 0.6375 0.29346405228758166 0.06911764705882353 0.08235294117647059
3 0.44926470588235295 0.1764705882352941 0.041176470588235294 0.0522875816993464
3 0.24595588235294116 0.3352941176470588 0.0801470588235294 0.07450980392156863
3 0.24227941176470588 0.7156862745098038 0.10220588235294117 0.15555555555555556
3 0.08455882352941177 0.39738562091503266 0.09852941176470588 0.07581699346405228
3 0.4455882352941176 0.7405228758169934 0.055882352941176466 0.16862745098039214
4 0.44816176470588237 0.5176470588235293 0.06691176470588235 0.16732026143790849
0 0.15441176470588236 0.8673202614379084 0.026470588235294117 0.07712418300653594
0 0.08308823529411764 0.8039215686274509 0.01764705882352941 0.07058823529411765
0 0.10294117647058823 0.7941176470588235 0.01764705882352941 0.06928104575163398
0 0.11801470588235294 0.8673202614379084 0.021323529411764706 0.0718954248366013
0 0.13088235294117648 0.8366013071895424 0.01764705882352941 0.08104575163398692
0 0.16286764705882353 0.9653594771241829 0.02426470588235294 0.06928104575163398
3 0.12867647058823528 0.5934640522875817 0.11323529411764706 0.09934640522875816
0 0.21102941176470588 0.21111111111111108 0.013235294117647059 0.0457516339869281
0 0.21433823529411763 0.16928104575163397 0.009558823529411765 0.03790849673202614
0 0.22463235294117648 0.17058823529411762 0.009558823529411765 0.03790849673202614
1 0.3452205882352941 0.1111111111111111 0.0125 0.023529411764705882
2 0.34595588235294117 0.1261437908496732 0.022794117647058822 0.0196078431372549
3 0.48125 0.0895424836601307 0.030147058823529412 0.04836601307189542
3 0.4338235294117647 0.07058823529411765 0.026470588235294117 0.04967320261437908
3 0.40551470588235294 0.09411764705882353 0.028676470588235293 0.054901960784313725
3 0.4 0.04967320261437908 0.020588235294117647 0.04183006535947712
3 0.4047794117647059 0.01437908496732026 0.022794117647058822 0.02875816993464052
3 0.42867647058823527 0.02026143790849673 0.023529411764705882 0.04052287581699346
3 0.7522058823529412 0.24705882352941175 0.044117647058823525 0.054901960784313725
3 0.8617647058823529 0.2196078431372549 0.0661764705882353 0.065359477124183
3 0.7661764705882352 0.16666666666666666 0.060294117647058824 0.04836601307189542
3 0.8003676470588236 0.19673202614379084 0.06544117647058824 0.05359477124183006
3 0.8330882352941177 0.15163398692810456 0.060294117647058824 0.04967320261437908
3 0.8224264705882353 0.13137254901960782 0.06102941176470588 0.04052287581699346
3 0.8852941176470588 0.1196078431372549 0.052941176470588235 0.0457516339869281
3 0.9183823529411764 0.13594771241830064 0.057352941176470586 0.04967320261437908
3 0.9602941176470589 0.10065359477124182 0.054411764705882354 0.047058823529411764
3 0.9650735294117647 0.15359477124183005 0.05514705882352941 0.058823529411764705
4 0.763235294117647 0.1326797385620915 0.055882352941176466 0.04052287581699346
1 0.756985294117647 0.09673202614379084 0.008088235294117646 0.02875816993464052
2 0.7580882352941176 0.10849673202614378 0.014705882352941176 0.023529411764705882
2 0.9874999999999999 0.05359477124183006 0.01764705882352941 0.023529411764705882
3 0.5367647058823529 0.9156862745098039 0.07794117647058824 0.16862745098039214
8 0.6621323529411764 0.8732026143790849 0.13455882352941176 0.25359477124183005
