3 0.43984375 0.5046296296296297 0.005729166666666666 0.011111111111111112
6 0.46901041666666665 0.5171296296296296 0.005729166666666666 0.012037037037037037
3 0.48046875 0.5162037037037037 0.009895833333333333 0.01388888888888889
3 0.4848958333333333 0.5277777777777778 0.010416666666666666 0.016666666666666666
1 0.4908854166666667 0.513888888888889 0.0036458333333333334 0.009259259259259259
9 0.4908854166666667 0.5171296296296296 0.0026041666666666665 0.008333333333333333
1 0.4934895833333333 0.5328703703703704 0.0036458333333333334 0.012037037037037037
9 0.49374999999999997 0.5351851851851852 0.003125 0.012962962962962964
5 0.5075520833333333 0.5300925925925926 0.013020833333333334 0.026851851851851852
0 0.52109375 0.5527777777777778 0.0046875 0.018518518518518517
3 0.5377604166666666 0.5550925925925926 0.015104166666666667 0.021296296296296296
3 0.47812499999999997 0.562962962962963 0.013541666666666667 0.018518518518518517
1 0.49895833333333334 0.5657407407407408 0.005208333333333333 0.016666666666666666
9 0.49895833333333334 0.5699074074074074 0.004166666666666667 0.01388888888888889
1 0.5276041666666667 0.5865740740740741 0.00625 0.017592592592592594
9 0.52734375 0.5898148148148148 0.005729166666666666 0.018518518518518517
7 0.5677083333333334 0.6333333333333333 0.0125 0.03518518518518519
6 0.578125 0.6615740740740741 0.011458333333333333 0.028703703703703703
3 0.5848958333333333 0.6944444444444444 0.03229166666666666 0.03888888888888889
1 0.6255208333333333 0.7407407407407408 0.011458333333333333 0.03518518518518519
9 0.62421875 0.7513888888888889 0.018229166666666668 0.03425925925925926
1 0.6583333333333333 0.7865740740740741 0.015625 0.04351851851851852
9 0.65859375 0.7949074074074074 0.0328125 0.04166666666666667
1 0.7231770833333333 0.825925925925926 0.019270833333333334 0.05740740740740741
9 0.7200520833333334 0.8305555555555556 0.0390625 0.04814814814814815
3 0.8145833333333333 0.8217592592592593 0.08333333333333333 0.06574074074074074
3 0.771875 0.7402777777777778 0.042708333333333334 0.08611111111111111
3 0.7138020833333333 0.7384259259259259 0.0765625 0.0638888888888889
2 0.7494791666666667 0.7060185185185186 0.017708333333333333 0.026851851851851852
9 0.7393229166666666 0.6953703703703704 0.019270833333333334 0.02777777777777778
0 0.6765625 0.7041666666666667 0.00625 0.04351851851851852
1 0.671875 0.6888888888888889 0.008333333333333333 0.02962962962962963
9 0.6747395833333333 0.6837962962962963 0.018229166666666668 0.025
1 0.6424479166666667 0.6935185185185185 0.008854166666666666 0.031481481481481485
9 0.6419270833333334 0.700925925925926 0.0109375 0.03333333333333333
9 0.6486979166666667 0.6509259259259259 0.0140625 0.022222222222222223
9 0.6361979166666667 0.6361111111111112 0.018229166666666668 0.020370370370370372
1 0.625 0.6606481481481482 0.007291666666666667 0.025
9 0.6252604166666667 0.6666666666666667 0.008854166666666666 0.022222222222222223
7 0.6234375 0.6939814814814815 0.01875 0.05277777777777778
9 0.7546875 0.9050925925925927 0.03333333333333333 0.04537037037037037
3 0.71484375 0.9393518518518519 0.0703125 0.09351851851851853
1 0.590625 0.7777777777777778 0.013541666666666667 0.03888888888888889
1 0.59765625 0.7847222222222222 0.005729166666666666 0.030555555555555558
9 0.5888020833333333 0.788425925925926 0.022395833333333334 0.03425925925925926
1 0.50078125 0.7560185185185185 0.013020833333333334 0.04722222222222222
9 0.5002604166666667 0.7611111111111112 0.027604166666666666 0.03333333333333333
1 0.4901041666666667 0.7421296296296297 0.011458333333333333 0.04351851851851852
9 0.48854166666666665 0.7449074074074075 0.026041666666666668 0.03981481481481482
7 0.47109375 0.7601851851851852 0.034895833333333334 0.061111111111111116
1 0.41562499999999997 0.7643518518518518 0.010416666666666666 0.04166666666666667
9 0.41562499999999997 0.7759259259259259 0.0125 0.040740740740740744
9 0.3653645833333333 0.8384259259259259 0.0140625 0.04537037037037037
1 0.36692708333333335 0.8226851851851852 0.013020833333333334 0.05092592592592593
1 0.32786458333333335 0.9027777777777778 0.011979166666666666 0.044444444444444446
1 0.3375 0.8981481481481481 0.013541666666666667 0.05185185185185186
0 0.3307291666666667 0.925462962962963 0.01875 0.05277777777777778
6 0.3328125 0.9356481481481482 0.03125 0.09722222222222222
3 0.27760416666666665 0.9013888888888889 0.06041666666666667 0.09351851851851853
3 0.30026041666666664 0.8074074074074075 0.034895833333333334 0.07777777777777778
6 0.33671875 0.7138888888888889 0.021354166666666667 0.05185185185185186
3 0.3580729166666667 0.675462962962963 0.019270833333333334 0.04166666666666667
1 0.41796875 0.6513888888888889 0.0078125 0.028703703703703703
9 0.4171875 0.6592592592592593 0.007291666666666667 0.02592592592592593
0 0.39375 0.6148148148148148 0.00625 0.02592592592592593
3 0.4203125 0.6175925925925926 0.01875 0.031481481481481485
1 0.40078125 0.6319444444444444 0.0067708333333333336 0.02314814814814815
9 0.40078125 0.637962962962963 0.005729166666666666 0.022222222222222223
1 0.4458333333333333 0.6134259259259259 0.005208333333333333 0.019444444444444445
7 0.44557291666666665 0.612037037037037 0.0109375 0.03518518518518519
3 0.4510416666666667 0.5939814814814816 0.017708333333333333 0.026851851851851852
1 0.42916666666666664 0.5865740740740741 0.00625 0.019444444444444445
9 0.42864583333333334 0.5902777777777778 0.00625 0.019444444444444445
1 0.40572916666666664 0.5949074074074074 0.005208333333333333 0.019444444444444445
9 0.4049479166666667 0.5995370370370371 0.0067708333333333336 0.017592592592592594
6 0.3921875 0.5944444444444444 0.01875 0.020370370370370372
7 0.3966145833333333 0.5740740740740741 0.008854166666666666 0.02777777777777778
7 0.4015625 0.5703703703703704 0.008333333333333333 0.024074074074074074
7 0.4046875 0.5597222222222222 0.013541666666666667 0.02314814814814815
7 0.42083333333333334 0.5388888888888889 0.00625 0.016666666666666666
1 0.4536458333333333 0.5648148148148149 0.005208333333333333 0.018518518518518517
9 0.45338541666666665 0.5680555555555555 0.0046875 0.015740740740740743
1 0.43828125 0.5324074074074074 0.0046875 0.012962962962962964
9 0.43776041666666665 0.5347222222222222 0.0046875 0.012037037037037037
3 0.44609375 0.537962962962963 0.009895833333333333 0.016666666666666666
3 0.45260416666666664 0.5310185185185186 0.011458333333333333 0.017592592592592594
1 0.42343749999999997 0.5212962962962964 0.004166666666666667 0.011111111111111112
9 0.4236979166666667 0.5236111111111111 0.0036458333333333334 0.010185185185185186
9 0.17942708333333332 0.9606481481481481 0.05364583333333333 0.06759259259259259
7 0.10104166666666667 0.9569444444444445 0.071875 0.08611111111111111
6 0.22239583333333332 0.8763888888888889 0.035416666666666666 0.06759259259259259
3 0.25338541666666664 0.7981481481481482 0.0453125 0.08703703703703704
3 0.3059895833333333 0.7069444444444445 0.0390625 0.06018518518518519
3 0.39375 0.5125000000000001 0.014583333333333334 0.019444444444444445
