0 0.475 0.3699346405228758 0.01911764705882353 0.07581699346405228
0 0.5441176470588235 0.30392156862745096 0.01764705882352941 0.09019607843137255
0 0.5738970588235294 0.3 0.01838235294117647 0.08758169934640522
0 0.5886029411764706 0.3477124183006536 0.01838235294117647 0.1045751633986928
0 0.6011029411764706 0.4679738562091503 0.02426470588235294 0.10196078431372549
0 0.6227941176470588 0.4915032679738562 0.01764705882352941 0.10196078431372549
0 0.6411764705882352 0.5169934640522875 0.01911764705882353 0.09803921568627451
0 0.6595588235294118 0.55359477124183 0.016176470588235292 0.1111111111111111
0 0.6720588235294117 0.522875816993464 0.023529411764705882 0.10980392156862745
0 0.7378676470588236 0.8522875816993464 0.027205882352941177 0.10718954248366012
0 0.7724264705882353 0.7777777777777777 0.027205882352941177 0.1045751633986928
0 0.5602941176470588 0.503921568627451 0.026470588235294117 0.08758169934640522
0 0.8110294117647059 0.841830065359477 0.032352941176470584 0.10980392156862745
0 0.9286764705882353 0.9235294117647058 0.058823529411764705 0.09542483660130718
0 0.9419117647058823 0.9640522875816993 0.033823529411764704 0.0718954248366013
1 0.8606617647058823 0.33137254901960783 0.022794117647058822 0.05359477124183006
0 0.8669117647058824 0.32156862745098036 0.025 0.065359477124183
1 0.5047794117647059 0.2418300653594771 0.022794117647058822 0.054901960784313725
6 0.4488970588235294 0.09346405228758169 0.05073529411764706 0.09281045751633986
0 0.5238970588235294 0.0784313725490196 0.016911764705882352 0.05751633986928104
0 0.6073529411764705 0.03202614379084967 0.011764705882352941 0.06143790849673202
0 0.7025735294117647 0.09019607843137255 0.0125 0.06013071895424836
0 0.6375 0.0392156862745098 0.010294117647058823 0.05751633986928104
3 0.3584558823529412 0.14183006535947712 0.09779411764705882 0.1111111111111111
4 0.38345588235294115 0.045098039215686274 0.10073529411764706 0.09019607843137255
3 0.8709558823529412 0.12483660130718953 0.07426470588235294 0.10326797385620914
3 0.9838235294117647 0.09477124183006536 0.032352941176470584 0.10065359477124182
0 0.9919117647058824 0.4006535947712418 0.016176470588235292 0.08235294117647059
