0 0.0671875 0.8990740740740741 0.03854166666666667 0.07222222222222223
0 0.12343749999999999 0.9305555555555556 0.04479166666666667 0.07962962962962963
0 0.1578125 0.8990740740740741 0.030208333333333334 0.06851851851851852
0 0.6697916666666667 0.5453703703703704 0.025 0.08333333333333334
0 0.4630208333333333 0.5675925925925926 0.021875 0.07962962962962963
0 0.4270833333333333 0.587037037037037 0.020833333333333332 0.05925925925925926
0 0.5083333333333333 0.4138888888888889 0.022916666666666665 0.061111111111111116
0 0.5026041666666666 0.4398148148148148 0.017708333333333333 0.053703703703703705
0 0.7807291666666667 0.22592592592592595 0.019791666666666666 0.05555555555555556
0 0.7020833333333333 0.18981481481481483 0.01875 0.053703703703703705
0 0.6921875 0.16296296296296298 0.011458333333333333 0.04814814814814815
0 0.6838541666666667 0.16944444444444445 0.013541666666666667 0.0462962962962963
0 0.5380208333333333 0.17777777777777778 0.017708333333333333 0.05185185185185186
0 0.46875 0.33425925925925926 0.016666666666666666 0.05740740740740741
0 0.47552083333333334 0.3425925925925926 0.011458333333333333 0.05925925925925926
0 0.3328125 0.2212962962962963 0.02395833333333333 0.0462962962962963
0 0.3921875 0.20555555555555557 0.019791666666666666 0.04814814814814815
0 0.39166666666666666 0.17407407407407408 0.016666666666666666 0.05185185185185186
0 0.35625 0.17685185185185187 0.020833333333333332 0.061111111111111116
0 0.4322916666666667 0.1712962962962963 0.01875 0.05740740740740741
0 0.3770833333333333 0.0462962962962963 0.014583333333333334 0.04814814814814815
0 0.4083333333333333 0.05648148148148149 0.0125 0.04259259259259259
0 0.41562499999999997 0.05462962962962963 0.0125 0.04259259259259259
1 0.5354166666666667 0.07962962962962963 0.0125 0.03333333333333333
0 0.53125 0.1212962962962963 0.0125 0.053703703703703705
0 0.5822916666666667 0.16296296296296298 0.0125 0.044444444444444446
0 0.5760416666666667 0.20092592592592592 0.010416666666666666 0.053703703703703705
0 0.5828125 0.20370370370370372 0.011458333333333333 0.04814814814814815
0 0.38385416666666666 0.11944444444444445 0.007291666666666667 0.04259259259259259
0 0.38958333333333334 0.11851851851851852 0.010416666666666666 0.040740740740740744
0 0.3953125 0.11666666666666667 0.011458333333333333 0.044444444444444446
0 0.4036458333333333 0.11666666666666667 0.011458333333333333 0.044444444444444446
0 0.5802083333333333 0.05648148148148149 0.010416666666666666 0.0462962962962963
0 0.5854166666666667 0.05277777777777778 0.008333333333333333 0.04259259259259259
0 0.5942708333333333 0.05277777777777778 0.009375 0.05
0 0.6005208333333333 0.05925925925925926 0.009375 0.044444444444444446
9 0.5828125 0.1 0.017708333333333333 0.03333333333333333
0 0.6875 0.08611111111111111 0.0125 0.04259259259259259
0 0.6994791666666667 0.09351851851851853 0.013541666666666667 0.05
0 0.7401041666666667 0.10833333333333334 0.013541666666666667 0.05740740740740741
0 0.9828125 0.0925925925925926 0.019791666666666666 0.044444444444444446
0 0.7083333333333334 0.025 0.010416666666666666 0.04259259259259259
0 0.7333333333333333 0.0462962962962963 0.0125 0.04814814814814815
0 0.7515625 0.07777777777777778 0.009375 0.03333333333333333
0 0.8489583333333334 0.08240740740740742 0.014583333333333334 0.053703703703703705
0 0.8166666666666667 0.09722222222222222 0.0125 0.05
0 0.7989583333333333 0.06296296296296297 0.0125 0.040740740740740744
0 0.8369791666666666 0.021296296296296296 0.011458333333333333 0.03888888888888889
0 0.8161458333333333 0.025 0.011458333333333333 0.0462962962962963
0 0.5630208333333333 0.01388888888888889 0.009375 0.02777777777777778
0 0.6645833333333333 0.017592592592592594 0.010416666666666666 0.03518518518518519
0 0.6791666666666667 0.016666666666666666 0.010416666666666666 0.03333333333333333
0 0.6729166666666666 0.016666666666666666 0.00625 0.03333333333333333
0 0.8119791666666667 0.0712962962962963 0.007291666666666667 0.03888888888888889
0 0.8182291666666667 0.07222222222222223 0.009375 0.040740740740740744
1 0.3598958333333333 0.8787037037037038 0.026041666666666668 0.06851851851851852
0 0.03333333333333333 0.23425925925925928 0.027083333333333334 0.061111111111111116
0 0.31197916666666664 0.0962962962962963 0.015625 0.044444444444444446
0 0.31666666666666665 0.15185185185185185 0.016666666666666666 0.05555555555555556
0 0.3307291666666667 0.10370370370370371 0.011458333333333333 0.05555555555555556
0 0.33489583333333334 0.10648148148148148 0.013541666666666667 0.04259259259259259
0 0.4552083333333333 0.021296296296296296 0.008333333333333333 0.03888888888888889
0 0.4588541666666667 0.026851851851851852 0.009375 0.03518518518518519
0 0.1984375 0.017592592592592594 0.015625 0.03518518518518519
0 0.2796875 0.017592592592592594 0.013541666666666667 0.03518518518518519
2 0.36041666666666666 0.8962962962962964 0.03125 0.05185185185185186
