0 0.9529411764705882 0.8562091503267973 0.007352941176470588 0.03660130718954248
0 0.9404411764705882 0.8516339869281045 0.011764705882352941 0.04836601307189542
4 0.8154411764705882 0.7836601307189542 0.061764705882352944 0.06666666666666667
3 0.7897058823529411 0.6516339869281045 0.054411764705882354 0.03529411764705882
3 0.788235294117647 0.6117647058823529 0.044117647058823525 0.03137254901960784
3 0.7738970588235294 0.5947712418300654 0.04338235294117647 0.03137254901960784
0 0.7481617647058824 0.6261437908496732 0.005147058823529412 0.023529411764705882
0 0.7397058823529412 0.6281045751633987 0.007352941176470588 0.03006535947712418
0 0.7246323529411764 0.7333333333333333 0.008088235294117646 0.0392156862745098
0 0.7169117647058824 0.7352941176470588 0.007352941176470588 0.03790849673202614
0 0.7102941176470589 0.7248366013071895 0.0058823529411764705 0.03790849673202614
1 0.7143382352941177 0.7084967320261437 0.011029411764705881 0.02091503267973856
1 0.6316176470588235 0.8411764705882352 0.011764705882352941 0.0326797385620915
9 0.6305147058823529 0.8581699346405228 0.011029411764705881 0.04052287581699346
0 0.33492647058823527 0.8490196078431372 0.013970588235294117 0.050980392156862744
3 0.3713235294117647 0.7895424836601307 0.03676470588235294 0.06797385620915032
3 0.1602941176470588 0.8156862745098039 0.07647058823529412 0.054901960784313725
1 0.026838235294117645 0.6862745098039216 0.013970588235294117 0.0261437908496732
1 0.009926470588235294 0.6954248366013072 0.011029411764705881 0.023529411764705882
1 0.0029411764705882353 0.6973856209150326 0.0058823529411764705 0.02483660130718954
6 0.044117647058823525 0.7032679738562091 0.03529411764705882 0.0522875816993464
0 0.16176470588235295 0.5928104575163399 0.007352941176470588 0.03529411764705882
2 0.7286764705882353 0.522875816993464 0.016176470588235292 0.02091503267973856
4 0.7069852941176471 0.496078431372549 0.013970588235294117 0.02483660130718954
3 0.6705882352941176 0.5326797385620915 0.020588235294117647 0.01699346405228758
3 0.6257352941176471 0.5522875816993463 0.01911764705882353 0.027450980392156862
3 0.5323529411764706 0.534640522875817 0.016176470588235292 0.023529411764705882
1 0.5477941176470588 0.49803921568627446 0.004411764705882353 0.01045751633986928
9 0.5481617647058823 0.5058823529411764 0.005147058823529412 0.0130718954248366
0 0.6003676470588235 0.5065359477124183 0.005147058823529412 0.02222222222222222
3 0.6102941176470588 0.5032679738562091 0.013235294117647059 0.0261437908496732
3 0.6367647058823529 0.4562091503267974 0.014705882352941176 0.023529411764705882
5 0.5974264705882353 0.461437908496732 0.025735294117647058 0.054901960784313725
5 0.5698529411764706 0.41437908496732023 0.016176470588235292 0.03398692810457516
5 0.6036764705882353 0.38169934640522873 0.008823529411764706 0.01568627450980392
4 0.5893382352941177 0.38627450980392153 0.008088235294117646 0.01437908496732026
3 0.5558823529411765 0.4058823529411764 0.008823529411764706 0.01699346405228758
3 0.5246323529411765 0.41960784313725485 0.008088235294117646 0.0130718954248366
3 0.5227941176470589 0.4071895424836601 0.007352941176470588 0.011764705882352941
4 0.5209558823529412 0.3986928104575163 0.005147058823529412 0.0130718954248366
3 0.5194852941176471 0.3901960784313725 0.006617647058823529 0.00915032679738562
3 0.5165441176470588 0.3830065359477124 0.006617647058823529 0.01045751633986928
3 0.5128676470588235 0.37124183006535943 0.006617647058823529 0.01045751633986928
3 0.5102941176470588 0.36666666666666664 0.0058823529411764705 0.011764705882352941
3 0.5110294117647058 0.357516339869281 0.0058823529411764705 0.00915032679738562
3 0.5080882352941176 0.34117647058823525 0.0058823529411764705 0.00784313725490196
3 0.5022058823529412 0.47124183006535947 0.011764705882352941 0.0196078431372549
3 0.5051470588235294 0.4006535947712418 0.008823529411764706 0.011764705882352941
4 0.5003676470588235 0.39281045751633986 0.006617647058823529 0.01437908496732026
1 0.5158088235294117 0.42745098039215684 0.003676470588235294 0.01045751633986928
9 0.5158088235294117 0.4359477124183006 0.003676470588235294 0.011764705882352941
0 0.5330882352941176 0.4333333333333333 0.0029411764705882353 0.01699346405228758
3 0.49779411764705883 0.3725490196078431 0.0058823529411764705 0.01045751633986928
7 0.5025735294117647 0.36666666666666664 0.005147058823529412 0.011764705882352941
1 0.5040441176470588 0.37777777777777777 0.003676470588235294 0.00784313725490196
6 0.5044117647058823 0.3810457516339869 0.0058823529411764705 0.00915032679738562
3 0.49522058823529413 0.35424836601307186 0.005147058823529412 0.00784313725490196
3 0.49926470588235294 0.34901960784313724 0.004411764705882353 0.00784313725490196
3 0.49374999999999997 0.34509803921568627 0.005147058823529412 0.00784313725490196
3 0.49522058823529413 0.3405228758169934 0.005147058823529412 0.00915032679738562
4 0.4852941176470588 0.33660130718954245 0.004411764705882353 0.00915032679738562
3 0.4852941176470588 0.3464052287581699 0.004411764705882353 0.00784313725490196
3 0.48933823529411763 0.3581699346405228 0.006617647058823529 0.00784313725490196
3 0.4768382352941176 0.38888888888888884 0.008088235294117646 0.011764705882352941
4 0.4647058823529412 0.3705882352941176 0.0058823529411764705 0.00915032679738562
3 0.4647058823529412 0.3790849673202614 0.0058823529411764705 0.01045751633986928
3 0.46249999999999997 0.38692810457516336 0.007352941176470588 0.0130718954248366
4 0.4713235294117647 0.4026143790849673 0.008823529411764706 0.01830065359477124
3 0.48198529411764707 0.41764705882352937 0.009558823529411765 0.01437908496732026
3 0.4661764705882353 0.4137254901960784 0.008823529411764706 0.01699346405228758
7 0.45845588235294116 0.4398692810457516 0.006617647058823529 0.02222222222222222
1 0.45845588235294116 0.4392156862745098 0.003676470588235294 0.01045751633986928
1 0.3636029411764706 0.5542483660130718 0.005147058823529412 0.01830065359477124
9 0.36323529411764705 0.565359477124183 0.007352941176470588 0.0196078431372549
1 0.28051470588235294 0.5777777777777777 0.009558823529411765 0.02091503267973856
9 0.27941176470588236 0.5869281045751633 0.013235294117647059 0.0261437908496732
0 0.17169117647058824 0.6026143790849673 0.005147058823529412 0.0130718954248366
4 0.1988970588235294 0.5732026143790849 0.04779411764705882 0.03790849673202614
3 0.2125 0.5529411764705882 0.044117647058823525 0.02875816993464052
3 0.225 0.5431372549019607 0.039705882352941174 0.03006535947712418
3 0.23566176470588235 0.530718954248366 0.03602941176470588 0.0261437908496732
3 0.2485294117647059 0.5248366013071895 0.039705882352941174 0.027450980392156862
3 0.26323529411764707 0.5143790849673202 0.033823529411764704 0.0196078431372549
9 0.2463235294117647 0.5026143790849673 0.004411764705882353 0.01437908496732026
3 0.2650735294117647 0.49281045751633984 0.027205882352941177 0.023529411764705882
9 0.27352941176470585 0.4771241830065359 0.010294117647058823 0.0130718954248366
9 0.28051470588235294 0.4725490196078431 0.009558823529411765 0.00915032679738562
0 0.27941176470588236 0.45228758169934635 0.004411764705882353 0.02091503267973856
3 0.33492647058823527 0.47516339869281043 0.013970588235294117 0.02222222222222222
3 0.3514705882352941 0.45555555555555555 0.011764705882352941 0.01699346405228758
3 0.3628676470588235 0.43725490196078426 0.011029411764705881 0.0196078431372549
3 0.37316176470588236 0.42745098039215684 0.021323529411764706 0.01568627450980392
5 0.3694852941176471 0.42156862745098034 0.009558823529411765 0.01437908496732026
4 0.38235294117647056 0.4117647058823529 0.008823529411764706 0.01568627450980392
4 0.3838235294117647 0.4071895424836601 0.007352941176470588 0.01437908496732026
6 0.3224264705882353 0.4339869281045751 0.011029411764705881 0.0130718954248366
1 0.34595588235294117 0.4294117647058823 0.003676470588235294 0.00915032679738562
1 0.34191176470588236 0.4287581699346405 0.0029411764705882353 0.01045751633986928
1 0.3382352941176471 0.4294117647058823 0.0029411764705882353 0.00915032679738562
0 0.3610294117647059 0.4052287581699346 0.004411764705882353 0.0130718954248366
0 0.35661764705882354 0.4006535947712418 0.0029411764705882353 0.011764705882352941
3 0.3669117647058823 0.3849673202614379 0.008823529411764706 0.011764705882352941
0 0.40294117647058825 0.43660130718954243 0.004411764705882353 0.01568627450980392
3 0.41948529411764707 0.41241830065359475 0.011029411764705881 0.01437908496732026
3 0.42720588235294116 0.3941176470588235 0.007352941176470588 0.011764705882352941
3 0.425 0.3555555555555555 0.013235294117647059 0.01045751633986928
3 0.3886029411764706 0.36013071895424836 0.006617647058823529 0.011764705882352941
3 0.39852941176470585 0.3549019607843137 0.011764705882352941 0.00915032679738562
3 0.40147058823529413 0.34444444444444444 0.0058823529411764705 0.00915032679738562
3 0.4224264705882353 0.3437908496732026 0.003676470588235294 0.00784313725490196
3 0.4253676470588235 0.3352941176470588 0.005147058823529412 0.00915032679738562
0 0.41948529411764707 0.3398692810457516 0.0022058823529411764 0.01045751633986928
4 0.4150735294117647 0.33137254901960783 0.003676470588235294 0.0065359477124183
