0 0.3536458333333333 0.5481481481481482 0.04895833333333333 0.1851851851851852
0 0.37083333333333335 0.4314814814814815 0.035416666666666666 0.13703703703703704
0 0.47552083333333334 0.3851851851851852 0.03229166666666666 0.11481481481481481
1 0.6921875 0.36203703703703705 0.017708333333333333 0.05
1 0.5807291666666666 0.31666666666666665 0.013541666666666667 0.06296296296296297
1 0.5755208333333334 0.312962962962963 0.026041666666666668 0.08148148148148149
9 0.5770833333333333 0.3351851851851852 0.014583333333333334 0.05555555555555556
1 0.634375 0.3231481481481482 0.025 0.08703703703703704
9 0.6364583333333333 0.33981481481481485 0.014583333333333334 0.06481481481481481
1 0.6640625 0.2972222222222222 0.017708333333333333 0.08703703703703704
9 0.6630208333333333 0.3212962962962963 0.03854166666666667 0.05740740740740741
1 0.6802083333333333 0.2240740740740741 0.0125 0.040740740740740744
1 0.6817708333333333 0.21666666666666667 0.015625 0.044444444444444446
0 0.7338541666666667 0.18981481481481483 0.013541666666666667 0.05
1 0.7854166666666667 0.25 0.016666666666666666 0.037037037037037035
9 0.7494791666666667 0.24351851851851852 0.017708333333333333 0.05740740740740741
7 0.6953125 0.16018518518518518 0.034375 0.04259259259259259
0 0.8109375 0.325 0.017708333333333333 0.07222222222222223
0 0.8229166666666666 0.3287037037037037 0.014583333333333334 0.06481481481481481
0 0.8286458333333333 0.3212962962962963 0.015625 0.06481481481481481
0 0.69375 0.27037037037037037 0.014583333333333334 0.06296296296296297
1 0.684375 0.2935185185185185 0.016666666666666666 0.061111111111111116
9 0.6833333333333333 0.31666666666666665 0.027083333333333334 0.044444444444444446
9 0.728125 0.2638888888888889 0.03125 0.0462962962962963
9 0.7192708333333333 0.27685185185185185 0.03229166666666666 0.05
0 0.7541666666666667 0.1925925925925926 0.010416666666666666 0.04814814814814815
0 0.7458333333333333 0.18981481481481483 0.0125 0.05
0 0.8119791666666667 0.2212962962962963 0.011458333333333333 0.053703703703703705
0 0.771875 0.20370370370370372 0.010416666666666666 0.04814814814814815
0 0.76875 0.20462962962962963 0.008333333333333333 0.0462962962962963
0 0.8239583333333333 0.1638888888888889 0.008333333333333333 0.03518518518518519
0 0.8109375 0.16296296296296298 0.011458333333333333 0.040740740740740744
0 0.8234374999999999 0.275 0.009375 0.03888888888888889
0 0.8390624999999999 0.2712962962962963 0.009375 0.05
0 0.8624999999999999 0.3074074074074074 0.014583333333333334 0.05185185185185186
1 0.8354166666666667 0.23333333333333334 0.014583333333333334 0.03333333333333333
0 0.8489583333333334 0.24351851851851852 0.010416666666666666 0.03888888888888889
0 0.8510416666666667 0.27685185185185185 0.010416666666666666 0.04259259259259259
0 0.8729166666666667 0.2574074074074074 0.0125 0.05185185185185186
0 0.8604166666666666 0.25092592592592594 0.010416666666666666 0.03888888888888889
0 0.8598958333333333 0.225 0.011458333333333333 0.04259259259259259
0 0.8703124999999999 0.21203703703703705 0.009375 0.03518518518518519
0 0.8807291666666667 0.20555555555555557 0.009375 0.037037037037037035
9 0.6505208333333333 0.20185185185185187 0.021875 0.044444444444444446
9 0.6328125 0.21296296296296297 0.030208333333333334 0.040740740740740744
1 0.7895833333333333 0.2851851851851852 0.020833333333333332 0.04814814814814815
