3 0.39375 0.7333333333333334 0.04583333333333333 0.0962962962962963
3 0.46640624999999997 0.8180555555555555 0.049479166666666664 0.11018518518518519
3 0.5481770833333334 0.8361111111111111 0.059895833333333336 0.1277777777777778
3 0.47760416666666666 0.962037037037037 0.05520833333333333 0.07592592592592592
3 0.6325520833333333 0.9486111111111112 0.06302083333333333 0.10277777777777779
3 0.7981770833333334 0.9032407407407408 0.13072916666666667 0.09722222222222222
3 0.7794270833333333 0.8310185185185186 0.11614583333333334 0.09166666666666667
3 0.8661458333333333 0.9689814814814816 0.19791666666666666 0.062037037037037036
0 0.9458333333333333 0.9087962962962963 0.021875 0.0787037037037037
0 0.98515625 0.9375 0.019270833333333334 0.0638888888888889
0 0.9911458333333333 0.9032407407407408 0.017708333333333333 0.07314814814814816
0 0.98984375 0.9666666666666667 0.0203125 0.061111111111111116
0 0.8575520833333333 0.6314814814814815 0.019270833333333334 0.05740740740740741
0 0.7526041666666666 0.7032407407407407 0.016666666666666666 0.062037037037037036
0 0.8158854166666667 0.6837962962962963 0.0171875 0.06574074074074074
0 0.7963541666666667 0.6824074074074075 0.015625 0.05925925925925926
0 0.7658854166666667 0.6462962962962964 0.013020833333333334 0.05555555555555556
0 0.7567708333333333 0.6509259259259259 0.0125 0.05740740740740741
9 0.9401041666666666 0.8148148148148149 0.027083333333333334 0.061111111111111116
1 0.94140625 0.7962962962962963 0.021354166666666667 0.0462962962962963
0 0.74921875 0.6212962962962963 0.0140625 0.05740740740740741
0 0.7580729166666667 0.6111111111111112 0.009895833333333333 0.04814814814814815
2 0.7557291666666667 0.5777777777777778 0.008333333333333333 0.031481481481481485
2 0.7059895833333333 0.6041666666666667 0.009895833333333333 0.04166666666666667
1 0.7075520833333333 0.5925925925925926 0.011979166666666666 0.04814814814814815
1 0.75703125 0.5680555555555555 0.008854166666666666 0.03981481481481482
0 0.7270833333333333 0.5509259259259259 0.010416666666666666 0.044444444444444446
0 0.7197916666666666 0.5509259259259259 0.008333333333333333 0.0462962962962963
0 0.7119791666666666 0.5486111111111112 0.009375 0.04351851851851852
0 0.7044270833333334 0.5125000000000001 0.0109375 0.04351851851851852
0 0.75078125 0.525 0.011979166666666666 0.040740740740740744
0 0.7330729166666666 0.5240740740740741 0.008854166666666666 0.0462962962962963
0 0.725 0.5259259259259259 0.009375 0.037037037037037035
0 0.7359375 0.5027777777777778 0.010416666666666666 0.037037037037037035
9 0.67890625 0.5643518518518519 0.013020833333333334 0.032407407407407406
1 0.6825520833333333 0.5611111111111111 0.009895833333333333 0.02592592592592593
1 0.6802083333333333 0.5578703703703703 0.0125 0.036111111111111115
3 0.5916666666666667 0.7032407407407407 0.052083333333333336 0.075
3 0.5166666666666666 0.7180555555555556 0.04375 0.08425925925925926
3 0.4588541666666667 0.7148148148148148 0.04375 0.08333333333333334
3 0.459375 0.6328703703703704 0.035416666666666666 0.0638888888888889
8 0.5135416666666667 0.5745370370370371 0.06666666666666667 0.1787037037037037
3 0.45703125 0.5699074074074074 0.030729166666666665 0.05462962962962963
3 0.5619791666666667 0.5148148148148148 0.030208333333333334 0.044444444444444446
3 0.5333333333333333 0.5189814814814815 0.027083333333333334 0.04537037037037037
3 0.4544270833333333 0.5240740740740741 0.028645833333333332 0.04259259259259259
4 0.45338541666666665 0.4791666666666667 0.025520833333333333 0.04537037037037037
3 0.41875 0.44027777777777777 0.022916666666666665 0.04537037037037037
3 0.41822916666666665 0.3907407407407408 0.020833333333333332 0.037037037037037035
3 0.45 0.44907407407407407 0.021875 0.03518518518518519
3 0.45260416666666664 0.4236111111111111 0.020833333333333332 0.032407407407407406
3 0.44921875 0.4013888888888889 0.0203125 0.028703703703703703
3 0.515625 0.4412037037037037 0.020833333333333332 0.036111111111111115
3 0.5119791666666667 0.41481481481481486 0.02395833333333333 0.02777777777777778
3 0.55078125 0.4712962962962963 0.0265625 0.037037037037037035
3 0.54375 0.4365740740740741 0.027083333333333334 0.03796296296296296
3 0.5315104166666667 0.37962962962962965 0.021354166666666667 0.031481481481481485
8 0.4895833333333333 0.44212962962962965 0.042708333333333334 0.09907407407407408
3 0.5010416666666666 0.3861111111111111 0.019791666666666666 0.02962962962962963
3 0.52109375 0.3574074074074074 0.0171875 0.022222222222222223
3 0.515625 0.33842592592592596 0.017708333333333333 0.021296296296296296
3 0.47812499999999997 0.39675925925925926 0.016666666666666666 0.025
3 0.47291666666666665 0.36064814814814816 0.017708333333333333 0.02314814814814815
3 0.471875 0.3421296296296296 0.014583333333333334 0.017592592592592594
3 0.4479166666666667 0.3402777777777778 0.014583333333333334 0.017592592592592594
3 0.4283854166666667 0.3263888888888889 0.01614583333333333 0.026851851851851852
4 0.45078124999999997 0.37962962962962965 0.01614583333333333 0.02592592592592593
3 0.4497395833333333 0.3597222222222222 0.018229166666666668 0.026851851851851852
4 0.47604166666666664 0.3800925925925926 0.01875 0.02314814814814815
4 0.4942708333333333 0.3462962962962963 0.016666666666666666 0.02592592592592593
3 0.41770833333333335 0.30462962962962964 0.019791666666666666 0.020370370370370372
3 0.37213541666666666 0.31203703703703706 0.0328125 0.022222222222222223
2 0.3333333333333333 0.3023148148148148 0.011458333333333333 0.01388888888888889
1 0.33229166666666665 0.2962962962962963 0.004166666666666667 0.016666666666666666
2 0.3182291666666667 0.33333333333333337 0.010416666666666666 0.018518518518518517
1 0.3182291666666667 0.32685185185185184 0.005208333333333333 0.018518518518518517
3 0.72890625 0.4287037037037037 0.028645833333333332 0.03518518518518519
3 0.6817708333333333 0.524537037037037 0.035416666666666666 0.04722222222222222
0 0.7026041666666667 0.4615740740740741 0.008333333333333333 0.03796296296296296
0 0.6736979166666667 0.46111111111111114 0.009895833333333333 0.03888888888888889
0 0.6645833333333333 0.46435185185185185 0.007291666666666667 0.036111111111111115
8 0.5088541666666666 0.3041666666666667 0.022916666666666665 0.05462962962962963
2 0.5994791666666667 0.4310185185185185 0.00625 0.021296296296296296
1 0.5997395833333333 0.4240740740740741 0.005729166666666666 0.024074074074074074
1 0.5817708333333333 0.3944444444444445 0.00625 0.024074074074074074
1 0.5901041666666667 0.37962962962962965 0.008333333333333333 0.022222222222222223
2 0.5815104166666667 0.40046296296296297 0.0046875 0.021296296296296296
2 0.5908854166666666 0.3856481481481482 0.0067708333333333336 0.019444444444444445
2 0.57890625 0.3712962962962963 0.0036458333333333334 0.018518518518518517
1 0.5794270833333334 0.36342592592592593 0.005729166666666666 0.021296296296296296
0 0.5705729166666667 0.3601851851851852 0.005729166666666666 0.02777777777777778
0 0.5802083333333333 0.43703703703703706 0.00625 0.03333333333333333
0 0.1421875 0.4620370370370371 0.008333333333333333 0.037037037037037035
0 0.10286458333333333 0.49212962962962964 0.0078125 0.036111111111111115
9 0.10729166666666666 0.5217592592592593 0.013541666666666667 0.036111111111111115
1 0.10625 0.5111111111111112 0.009375 0.037037037037037035
2 0.20781249999999998 0.39351851851851855 0.00625 0.022222222222222223
1 0.20729166666666665 0.38796296296296295 0.00625 0.024074074074074074
2 0.06979166666666667 0.5861111111111111 0.013541666666666667 0.03333333333333333
2 0.05416666666666667 0.5898148148148148 0.013541666666666667 0.037037037037037035
1 0.05364583333333333 0.5740740740740741 0.008333333333333333 0.037037037037037035
1 0.06875 0.5745370370370371 0.009375 0.04351851851851852
0 0.019791666666666666 0.7143518518518519 0.015625 0.05648148148148149
3 0.016666666666666666 0.5398148148148149 0.03333333333333333 0.05
3 0.029427083333333333 0.5180555555555556 0.058854166666666666 0.04537037037037037
3 0.03463541666666667 0.4962962962962963 0.0671875 0.037037037037037035
3 0.04401041666666666 0.4814814814814815 0.06822916666666666 0.03518518518518519
3 0.08385416666666666 0.45787037037037037 0.06354166666666666 0.03796296296296296
3 0.09635416666666667 0.4398148148148148 0.06041666666666667 0.031481481481481485
3 0.09609375 0.42824074074074076 0.057812499999999996 0.030555555555555558
3 0.10598958333333333 0.4189814814814815 0.059895833333333336 0.030555555555555558
3 0.11796875 0.4083333333333333 0.05677083333333333 0.02962962962962963
3 0.12838541666666667 0.3912037037037037 0.05260416666666667 0.030555555555555558
0 0.016927083333333332 0.4462962962962963 0.0067708333333333336 0.03518518518518519
0 0.01171875 0.4476851851851852 0.009895833333333333 0.03425925925925926
0 0.0734375 0.3962962962962963 0.007291666666666667 0.031481481481481485
0 0.08567708333333333 0.3962962962962963 0.0078125 0.031481481481481485
0 0.049479166666666664 0.3768518518518519 0.00625 0.031481481481481485
9 0.47109375 0.3050925925925926 0.0109375 0.012037037037037037
1 0.4731770833333333 0.3013888888888889 0.005729166666666666 0.015740740740740743
2 0.47031249999999997 0.28935185185185186 0.009375 0.012037037037037037
1 0.4700520833333333 0.28425925925925927 0.0046875 0.014814814814814815
3 0.49713541666666666 0.28703703703703703 0.024479166666666666 0.018518518518518517
3 0.43828125 0.274537037037037 0.022395833333333334 0.021296296296296296
3 0.40781249999999997 0.26805555555555555 0.01875 0.019444444444444445
4 0.4817708333333333 0.2657407407407408 0.016666666666666666 0.018518518518518517
3 0.30885416666666665 0.2662037037037037 0.020833333333333332 0.015740740740740743
3 0.15989583333333332 0.3666666666666667 0.04895833333333333 0.02962962962962963
3 0.16614583333333333 0.35879629629629634 0.04375 0.025
3 0.17890625 0.35324074074074074 0.0421875 0.025
4 0.18619791666666666 0.3439814814814815 0.04010416666666666 0.02314814814814815
3 0.18802083333333333 0.33981481481481485 0.042708333333333334 0.018518518518518517
3 0.19791666666666666 0.33055555555555555 0.035416666666666666 0.020370370370370372
2 0.22161458333333334 0.38101851851851853 0.0046875 0.019444444444444445
1 0.22057291666666667 0.3736111111111111 0.005729166666666666 0.02314814814814815
0 0.18619791666666666 0.3212962962962963 0.0036458333333333334 0.018518518518518517
0 0.20026041666666666 0.31203703703703706 0.005729166666666666 0.020370370370370372
0 0.20364583333333333 0.3106481481481482 0.005208333333333333 0.019444444444444445
0 0.21041666666666667 0.3060185185185185 0.005208333333333333 0.02314814814814815
4 0.22421875 0.30462962962962964 0.03697916666666667 0.022222222222222223
4 0.22942708333333334 0.3 0.0328125 0.024074074074074074
0 0.14921875 0.3236111111111111 0.0046875 0.02314814814814815
0 0.15286458333333333 0.3226851851851852 0.0046875 0.021296296296296296
0 0.14166666666666666 0.3106481481481482 0.005208333333333333 0.02314814814814815
0 0.14453125 0.3074074074074074 0.005729166666666666 0.024074074074074074
0 0.6127604166666667 0.4828703703703704 0.0078125 0.032407407407407406
2 0.62109375 0.46342592592592596 0.005729166666666666 0.02314814814814815
1 0.6223958333333334 0.45740740740740743 0.009375 0.02777777777777778
1 0.6260416666666666 0.47685185185185186 0.005208333333333333 0.014814814814814815
1 0.625 0.47222222222222227 0.00625 0.022222222222222223
3 0.39348958333333334 0.26157407407407407 0.013020833333333334 0.017592592592592594
3 0.4419270833333333 0.2476851851851852 0.0109375 0.01388888888888889
3 0.4653645833333333 0.24583333333333335 0.0109375 0.01388888888888889
3 0.4471354166666667 0.23703703703703705 0.009895833333333333 0.014814814814814815
3 0.4348958333333333 0.22685185185185186 0.008333333333333333 0.011111111111111112
3 0.4453125 0.22314814814814815 0.008333333333333333 0.011111111111111112
3 0.4309895833333333 0.2199074074074074 0.0078125 0.012037037037037037
3 0.4596354166666667 0.24166666666666667 0.0109375 0.012962962962962964
3 0.46458333333333335 0.23657407407407408 0.007291666666666667 0.012037037037037037
3 0.4583333333333333 0.23101851851851854 0.015625 0.010185185185185186
4 0.45989583333333334 0.22453703703703703 0.008333333333333333 0.01388888888888889
3 0.4783854166666667 0.2555555555555556 0.008854166666666666 0.012962962962962964
3 0.4783854166666667 0.2476851851851852 0.008854166666666666 0.012037037037037037
3 0.4421875 0.2101851851851852 0.008333333333333333 0.011111111111111112
3 0.4393229166666667 0.2064814814814815 0.0078125 0.009259259259259259
3 0.43307291666666664 0.20370370370370372 0.0067708333333333336 0.009259259259259259
