3 0.5119791666666667 0.7643518518518518 0.04583333333333333 0.10833333333333334
3 0.4380208333333333 0.6759259259259259 0.036458333333333336 0.08888888888888889
3 0.3265625 0.7111111111111111 0.03958333333333333 0.09444444444444444
3 0.2890625 0.5666666666666667 0.03333333333333333 0.061111111111111116
3 0.4302083333333333 0.45925925925925926 0.020833333333333332 0.044444444444444446
3 0.3953125 0.38333333333333336 0.017708333333333333 0.037037037037037035
3 0.4283854166666667 0.3731481481481482 0.01614583333333333 0.02962962962962963
3 0.5307291666666667 0.9050925925925927 0.05520833333333333 0.14722222222222223
3 0.7325520833333333 0.913425925925926 0.07552083333333333 0.12314814814814816
3 0.5658854166666667 0.5337962962962963 0.033854166666666664 0.049074074074074076
3 0.5130208333333334 0.4467592592592593 0.022916666666666665 0.030555555555555558
3 0.5739583333333333 0.4375 0.027083333333333334 0.036111111111111115
3 0.51875 0.37962962962962965 0.019791666666666666 0.02962962962962963
3 0.4778645833333333 0.34675925925925927 0.015104166666666667 0.02314814814814815
3 0.4713541666666667 0.3106481481481482 0.015625 0.02314814814814815
3 0.48046875 0.2740740740740741 0.0109375 0.016666666666666666
3 0.4552083333333333 0.25972222222222224 0.009375 0.01388888888888889
3 0.4830729166666667 0.24629629629629632 0.009895833333333333 0.014814814814814815
3 0.4614583333333333 0.23796296296296296 0.008333333333333333 0.014814814814814815
3 0.44895833333333335 0.23981481481481481 0.007291666666666667 0.012962962962962964
3 0.4200520833333333 0.22962962962962963 0.0078125 0.012962962962962964
3 0.4041666666666667 0.23333333333333334 0.007291666666666667 0.012962962962962964
3 0.4067708333333333 0.21481481481481482 0.007291666666666667 0.011111111111111112
3 0.4158854166666667 0.2087962962962963 0.0067708333333333336 0.012037037037037037
3 0.453125 0.20925925925925926 0.00625 0.009259259259259259
3 0.4557291666666667 0.19166666666666668 0.00625 0.009259259259259259
3 0.44687499999999997 0.19166666666666668 0.00625 0.009259259259259259
3 0.46249999999999997 0.2064814814814815 0.00625 0.009259259259259259
3 0.4049479166666667 0.19166666666666668 0.005729166666666666 0.011111111111111112
3 0.50625 0.6759259259259259 0.036458333333333336 0.08148148148148149
3 0.49583333333333335 0.6152777777777778 0.03125 0.06759259259259259
3 0.48359375 0.5583333333333333 0.028645833333333332 0.05925925925925926
3 0.4783854166666667 0.5050925925925926 0.025520833333333333 0.05648148148148149
3 0.4739583333333333 0.4675925925925926 0.022916666666666665 0.040740740740740744
3 0.46458333333333335 0.4365740740740741 0.020833333333333332 0.03981481481481482
3 0.4510416666666667 0.18425925925925926 0.004166666666666667 0.007407407407407408
3 0.4484375 0.17175925925925928 0.004166666666666667 0.006481481481481482
3 0.4401041666666667 0.17037037037037037 0.004166666666666667 0.007407407407407408
3 0.44479166666666664 0.1587962962962963 0.004166666666666667 0.006481481481481482
3 0.4401041666666667 0.16018518518518518 0.003125 0.003703703703703704
3 0.4432291666666667 0.18425925925925926 0.004166666666666667 0.007407407407407408
3 0.44166666666666665 0.18055555555555555 0.004166666666666667 0.007407407407407408
3 0.45078124999999997 0.15925925925925927 0.0036458333333333334 0.005555555555555556
3 0.4505208333333333 0.1564814814814815 0.003125 0.005555555555555556
6 0.51953125 0.2800925925925926 0.0067708333333333336 0.015740740740740743
0 0.5190104166666667 0.27731481481481485 0.0036458333333333334 0.010185185185185186
0 0.5455729166666666 0.3189814814814815 0.0036458333333333334 0.015740740740740743
2 0.54609375 0.32407407407407407 0.005729166666666666 0.014814814814814815
6 0.70078125 0.5805555555555556 0.015104166666666667 0.040740740740740744
0 0.6989583333333333 0.5722222222222223 0.011458333333333333 0.03333333333333333
0 0.7981770833333334 0.7578703703703704 0.013020833333333334 0.03981481481481482
0 0.7958333333333333 0.7449074074074075 0.013541666666666667 0.04351851851851852
9 0.7940104166666666 0.7574074074074074 0.018229166666666668 0.05740740740740741
4 0.4674479166666667 0.2962962962962963 0.009895833333333333 0.020370370370370372
