0 0.6988970588235294 0.5418300653594771 0.009558823529411765 0.04836601307189542
0 0.5591911764705882 0.365359477124183 0.005147058823529412 0.03006535947712418
0 0.5496323529411765 0.37124183006535943 0.005147058823529412 0.03398692810457516
0 0.4227941176470588 0.2588235294117647 0.004411764705882353 0.02875816993464052
0 0.3205882352941176 0.5124183006535947 0.008823529411764706 0.04967320261437908
9 0.9533088235294117 0.7529411764705882 0.030147058823529412 0.06013071895424836
9 0.9147058823529411 0.7633986928104575 0.027941176470588233 0.07058823529411765
9 0.8794117647058823 0.7692810457516339 0.022058823529411763 0.05359477124183006
2 0.8966911764705883 0.7686274509803921 0.02426470588235294 0.05751633986928104
2 0.638235294117647 0.37385620915032675 0.01911764705882353 0.0261437908496732
2 0.6577205882352941 0.3758169934640523 0.021323529411764706 0.0196078431372549
2 0.731985294117647 0.3758169934640523 0.019852941176470587 0.02222222222222222
9 0.7617647058823529 0.3790849673202614 0.010294117647058823 0.03137254901960784
9 0.9893382352941177 0.7620915032679738 0.021323529411764706 0.06274509803921569
3 0.8617647058823529 0.5718954248366013 0.08235294117647059 0.058823529411764705
3 0.8286764705882352 0.49803921568627446 0.07058823529411765 0.06013071895424836
3 0.49080882352941174 0.5607843137254902 0.03161764705882353 0.06797385620915032
3 0.4338235294117647 0.48235294117647054 0.030882352941176472 0.065359477124183
3 0.45073529411764707 0.3045751633986928 0.020588235294117647 0.0392156862745098
3 0.4036764705882353 0.2823529411764706 0.020588235294117647 0.04183006535947712
3 0.4878676470588235 0.2091503267973856 0.015441176470588236 0.023529411764705882
3 0.48566176470588235 0.13006535947712417 0.011029411764705881 0.0196078431372549
3 0.5275735294117647 0.1941176470588235 0.02426470588235294 0.02483660130718954
3 0.5113970588235294 0.1372549019607843 0.0125 0.02091503267973856
3 0.4661764705882353 0.11307189542483659 0.011764705882352941 0.0196078431372549
3 0.47205882352941175 0.050980392156862744 0.007352941176470588 0.01045751633986928
3 0.4860294117647059 0.052941176470588235 0.0058823529411764705 0.011764705882352941
3 0.5040441176470588 0.04183006535947712 0.006617647058823529 0.01045751633986928
3 0.48566176470588235 0.03529411764705882 0.006617647058823529 0.00784313725490196
3 0.5029411764705882 0.0673202614379085 0.008823529411764706 0.011764705882352941
3 0.7823529411764706 0.949673202614379 0.1323529411764706 0.09803921568627451
3 0.7639705882352941 0.8647058823529411 0.10588235294117647 0.08235294117647059
3 0.7433823529411765 0.7379084967320261 0.10294117647058823 0.07712418300653594
3 0.7161764705882353 0.6392156862745098 0.08235294117647059 0.065359477124183
3 0.6952205882352941 0.37777777777777777 0.05514705882352941 0.04444444444444444
3 0.5613970588235294 0.35359477124183003 0.02426470588235294 0.03790849673202614
3 0.5584558823529412 0.39215686274509803 0.02426470588235294 0.04444444444444444
3 0.41911764705882354 0.25163398692810457 0.01911764705882353 0.03529411764705882
3 0.3966911764705882 0.12352941176470587 0.022794117647058822 0.01699346405228758
3 0.44338235294117645 0.09542483660130718 0.010294117647058823 0.01830065359477124
3 0.4511029411764706 0.0849673202614379 0.009558823529411765 0.0130718954248366
3 0.47095588235294117 0.065359477124183 0.006617647058823529 0.01045751633986928
3 0.4926470588235294 0.08366013071895424 0.007352941176470588 0.0130718954248366
3 0.5573529411764706 0.14901960784313725 0.026470588235294117 0.01568627450980392
3 0.5573529411764706 0.15555555555555556 0.026470588235294117 0.01830065359477124
3 0.5944852941176471 0.10392156862745097 0.022794117647058822 0.01699346405228758
3 0.5838235294117647 0.07973856209150326 0.01911764705882353 0.0130718954248366
3 0.5735294117647058 0.07254901960784313 0.01911764705882353 0.01437908496732026
3 0.54375 0.07124183006535947 0.008088235294117646 0.01437908496732026
3 0.5577205882352941 0.04640522875816993 0.015441176470588236 0.00915032679738562
3 0.5610294117647059 0.1372549019607843 0.026470588235294117 0.01568627450980392
3 0.5536764705882353 0.1457516339869281 0.025 0.01699346405228758
3 0.5558823529411765 0.130718954248366 0.026470588235294117 0.0130718954248366
3 0.5558823529411765 0.12745098039215685 0.025 0.01437908496732026
3 0.5547794117647059 0.12222222222222222 0.022794117647058822 0.0196078431372549
3 0.5716911764705882 0.10326797385620914 0.0125 0.01830065359477124
4 0.54375 0.10718954248366012 0.025735294117647058 0.02091503267973856
4 0.5272058823529412 0.07712418300653594 0.01911764705882353 0.01568627450980392
4 0.5279411764705882 0.07254901960784313 0.01911764705882353 0.01699346405228758
7 0.5602941176470588 0.11307189542483659 0.016176470588235292 0.01699346405228758
0 0.6003676470588235 0.14901960784313725 0.003676470588235294 0.01568627450980392
0 0.5772058823529411 0.08104575163398692 0.004411764705882353 0.01568627450980392
0 0.5628676470588235 0.050980392156862744 0.0022058823529411764 0.01045751633986928
1 0.5183823529411765 0.22091503267973855 0.0058823529411764705 0.01830065359477124
1 0.4522058823529412 0.14901960784313725 0.004411764705882353 0.01830065359477124
3 0.4742647058823529 0.041176470588235294 0.0058823529411764705 0.011764705882352941
3 0.4573529411764706 0.03464052287581699 0.0058823529411764705 0.00915032679738562
5 0.45330882352941176 0.052941176470588235 0.008088235294117646 0.0196078431372549
5 0.4860294117647059 0.08823529411764705 0.013235294117647059 0.04052287581699346
5 0.5147058823529411 0.32679738562091504 0.03529411764705882 0.14901960784313725
5 0.3900735294117647 0.8222222222222222 0.05808823529411765 0.18562091503267972
5 0.3099264705882353 0.17712418300653593 0.02426470588235294 0.043137254901960784
5 0.3448529411764706 0.16078431372549018 0.033823529411764704 0.06797385620915032
5 0.3224264705882353 0.15359477124183005 0.028676470588235293 0.04836601307189542
5 0.4088235294117647 0.2091503267973856 0.07058823529411765 0.06013071895424836
5 0.3113970588235294 0.2594771241830065 0.04926470588235294 0.10588235294117647
4 0.48676470588235293 0.4209150326797385 0.023529411764705882 0.05751633986928104
9 0.518014705882353 0.2281045751633987 0.005147058823529412 0.01699346405228758
9 0.4522058823529412 0.15294117647058822 0.004411764705882353 0.01045751633986928
7 0.33198529411764705 0.5836601307189542 0.03455882352941177 0.08758169934640522
