3 0.2529411764705882 0.5503267973856208 0.13823529411764707 0.12026143790849672
3 0.17573529411764705 0.6477124183006535 0.15588235294117647 0.1477124183006536
3 0.08676470588235294 0.7568627450980392 0.17058823529411765 0.18562091503267972
3 0.6705882352941176 0.6156862745098038 0.1602941176470588 0.1411764705882353
4 0.5720588235294117 0.9176470588235294 0.19411764705882353 0.16470588235294117
3 0.7088235294117647 0.4875816993464052 0.13676470588235293 0.11764705882352941
3 0.7235294117647059 0.43660130718954243 0.11323529411764706 0.0915032679738562
3 0.04852941176470588 0.5522875816993463 0.09558823529411764 0.18169934640522875
3 0.16838235294117646 0.426797385620915 0.11470588235294117 0.13202614379084968
3 0.4944852941176471 0.27777777777777773 0.08897058823529412 0.09019607843137255
3 0.5150735294117647 0.24901960784313723 0.07573529411764705 0.07450980392156863
3 0.5371323529411764 0.22875816993464052 0.07867647058823529 0.06797385620915032
3 0.5551470588235294 0.20522875816993463 0.075 0.065359477124183
3 0.5727941176470588 0.18366013071895423 0.07205882352941176 0.06143790849673202
3 0.5889705882352941 0.16470588235294117 0.06470588235294117 0.06274509803921569
3 0.6011029411764706 0.1411764705882353 0.07573529411764705 0.06274509803921569
5 0.9253676470588235 0.22483660130718952 0.1375 0.14640522875816991
3 0.7393382352941177 0.396078431372549 0.1213235294117647 0.0915032679738562
3 0.7463235294117647 0.3431372549019608 0.1161764705882353 0.07712418300653594
3 0.7551470588235294 0.3071895424836601 0.11029411764705882 0.0784313725490196
3 0.7558823529411764 0.26862745098039215 0.09558823529411764 0.06405228758169934
3 0.7702205882352942 0.2483660130718954 0.08602941176470588 0.06274509803921569
3 0.7676470588235293 0.2130718954248366 0.09117647058823529 0.06013071895424836
3 0.788235294117647 0.18823529411764706 0.08235294117647059 0.065359477124183
3 0.794485294117647 0.17058823529411762 0.08455882352941177 0.05620915032679738
3 0.794485294117647 0.14509803921568626 0.07720588235294118 0.04444444444444444
3 0.7963235294117647 0.12810457516339868 0.06764705882352941 0.04444444444444444
3 0.8018382352941177 0.11830065359477124 0.06544117647058824 0.0457516339869281
3 0.8084558823529412 0.11045751633986928 0.06691176470588235 0.050980392156862744
4 0.8102941176470588 0.09019607843137255 0.060294117647058824 0.04183006535947712
3 0.8106617647058824 0.08104575163398692 0.06397058823529411 0.0392156862745098
3 0.8158088235294118 0.07124183006535947 0.05808823529411765 0.03790849673202614
3 0.8165441176470588 0.06274509803921569 0.05808823529411765 0.03660130718954248
3 0.8224264705882353 0.05751633986928104 0.05514705882352941 0.0392156862745098
3 0.8246323529411764 0.04771241830065359 0.05220588235294118 0.0326797385620915
3 0.6341911764705882 0.09477124183006536 0.0625 0.06143790849673202
3 0.6654411764705882 0.07647058823529411 0.058823529411764705 0.05620915032679738
4 0.6727941176470588 0.04640522875816993 0.051470588235294115 0.04836601307189542
3 0.6794117647058824 0.03856209150326797 0.045588235294117645 0.04052287581699346
5 0.7 0.0130718954248366 0.027941176470588233 0.0261437908496732
4 0.8283088235294117 0.03660130718954248 0.04338235294117647 0.03137254901960784
3 0.26580882352941176 0.30653594771241827 0.07426470588235294 0.06143790849673202
5 0.8386029411764706 0.03006535947712418 0.05955882352941176 0.054901960784313725
3 0.3584558823529412 0.19607843137254902 0.04485294117647059 0.05751633986928104
3 0.42205882352941176 0.20784313725490194 0.047058823529411764 0.05751633986928104
