5 0.05477941176470588 0.8176470588235294 0.10955882352941176 0.36470588235294116
0 0.45625 0.7294117647058823 0.019852941176470587 0.08366013071895424
3 0.5389705882352941 0.8464052287581699 0.06911764705882353 0.14248366013071895
3 0.8117647058823529 0.6477124183006535 0.07647058823529412 0.06928104575163398
3 0.9555147058823529 0.680392156862745 0.08897058823529412 0.06666666666666667
5 0.8610294117647058 0.5823529411764705 0.11911764705882352 0.13202614379084968
3 0.7768382352941177 0.5522875816993463 0.0375 0.043137254901960784
3 0.6580882352941176 0.45359477124183 0.01764705882352941 0.02091503267973856
0 0.6713235294117647 0.45816993464052286 0.0058823529411764705 0.0196078431372549
3 0.5941176470588235 0.45555555555555555 0.020588235294117647 0.02483660130718954
0 0.5536764705882353 0.5169934640522875 0.008823529411764706 0.03529411764705882
3 0.40404411764705883 0.5725490196078431 0.0125 0.04444444444444444
3 0.4875 0.5568627450980391 0.027941176470588233 0.04967320261437908
3 0.40588235294117647 0.5607843137254902 0.025 0.0392156862745098
3 0.4849264705882353 0.5333333333333333 0.02426470588235294 0.03137254901960784
3 0.48161764705882354 0.5124183006535947 0.020588235294117647 0.02875816993464052
3 0.48198529411764707 0.5006535947712418 0.01838235294117647 0.03137254901960784
5 0.41066176470588234 0.5209150326797385 0.0375 0.05359477124183006
3 0.4238970588235294 0.4875816993464052 0.019852941176470587 0.0261437908496732
5 0.25220588235294117 0.5209150326797385 0.075 0.12156862745098039
5 0.35625 0.4875816993464052 0.04191176470588235 0.0915032679738562
0 0.47941176470588237 0.48235294117647054 0.016176470588235292 0.0261437908496732
0 0.4875 0.47777777777777775 0.016176470588235292 0.02483660130718954
0 0.46654411764705883 0.47320261437908495 0.016911764705882352 0.023529411764705882
