3 0.9650735294117647 0.265359477124183 0.06838235294117646 0.08104575163398692
4 0.8963235294117647 0.10065359477124182 0.07205882352941176 0.08104575163398692
0 0.6154411764705883 0.1941176470588235 0.01764705882352941 0.06405228758169934
4 0.6661764705882353 0.5823529411764705 0.12941176470588234 0.13202614379084968
3 0.29044117647058826 0.8986928104575163 0.18823529411764706 0.1790849673202614
3 0.29154411764705884 0.6830065359477123 0.14779411764705883 0.1477124183006536
3 0.23272058823529412 0.6078431372549019 0.14779411764705883 0.13594771241830064
3 0.3466911764705882 0.4516339869281045 0.12867647058823528 0.12679738562091503
1 0.34044117647058825 0.2633986928104575 0.016176470588235292 0.058823529411764705
2 0.34191176470588236 0.28366013071895424 0.026470588235294117 0.04444444444444444
1 0.23051470588235293 0.27124183006535946 0.01838235294117647 0.058823529411764705
1 0.22720588235294117 0.26013071895424833 0.01911764705882353 0.04183006535947712
9 0.22977941176470587 0.2954248366013072 0.016911764705882352 0.03660130718954248
1 0.14963235294117647 0.24771241830065358 0.019852941176470587 0.05620915032679738
9 0.1474264705882353 0.26078431372549016 0.021323529411764706 0.04836601307189542
9 0.11433823529411764 0.1477124183006536 0.03308823529411765 0.03398692810457516
3 0.2698529411764706 0.05555555555555555 0.041176470588235294 0.07450980392156863
3 0.32573529411764707 0.01830065359477124 0.039705882352941174 0.03660130718954248
3 0.25735294117647056 0.011764705882352941 0.03529411764705882 0.023529411764705882
