4 0.42083333333333334 0.9370370370370371 0.09375 0.12592592592592594
9 0.4041666666666667 0.8388888888888889 0.014583333333333334 0.05555555555555556
3 0.4635416666666667 0.7814814814814816 0.05625 0.07407407407407407
3 0.5229166666666667 0.6861111111111111 0.03333333333333333 0.05740740740740741
3 0.6026041666666666 0.6240740740740741 0.02395833333333333 0.05185185185185186
3 0.6796875 0.5925925925925926 0.026041666666666668 0.05555555555555556
4 0.8338541666666667 0.6046296296296296 0.026041666666666668 0.05
3 0.7963541666666667 0.4388888888888889 0.017708333333333333 0.02592592592592593
3 0.728125 0.32037037037037036 0.020833333333333332 0.014814814814814815
3 0.6317708333333333 0.5342592592592593 0.019791666666666666 0.04259259259259259
3 0.6041666666666666 0.4990740740740741 0.0375 0.02777777777777778
3 0.6255208333333333 0.45092592592592595 0.019791666666666666 0.031481481481481485
3 0.6322916666666667 0.4342592592592593 0.03333333333333333 0.024074074074074074
3 0.6348958333333333 0.4175925925925926 0.03229166666666666 0.024074074074074074
3 0.6901041666666666 0.37592592592592594 0.013541666666666667 0.022222222222222223
5 0.8583333333333333 0.5055555555555555 0.016666666666666666 0.02962962962962963
3 0.8572916666666667 0.4675925925925926 0.020833333333333332 0.03518518518518519
3 0.9385416666666666 0.513888888888889 0.05 0.02777777777777778
3 0.9260416666666667 0.46851851851851856 0.03958333333333333 0.02962962962962963
3 0.9697916666666666 0.5916666666666667 0.06041666666666667 0.0462962962962963
0 0.9197916666666667 0.9157407407407407 0.014583333333333334 0.0462962962962963
3 0.7838541666666666 0.9518518518518518 0.090625 0.0962962962962963
3 0.8171875 0.3592592592592593 0.011458333333333333 0.018518518518518517
3 0.8229166666666666 0.3462962962962963 0.0125 0.018518518518518517
3 0.778125 0.2814814814814815 0.00625 0.011111111111111112
3 0.8026041666666667 0.2675925925925926 0.007291666666666667 0.009259259259259259
3 0.8072916666666666 0.2833333333333333 0.00625 0.011111111111111112
3 0.8125 0.2972222222222222 0.008333333333333333 0.012962962962962964
3 0.8151041666666666 0.3111111111111111 0.009375 0.011111111111111112
3 0.8161458333333333 0.3194444444444445 0.011458333333333333 0.012962962962962964
3 0.8203125 0.3287037037037037 0.009375 0.016666666666666666
3 0.9552083333333333 0.44537037037037036 0.020833333333333332 0.03518518518518519
3 0.7828125 0.23425925925925928 0.011458333333333333 0.009259259259259259
3 0.7953125 0.24074074074074076 0.005208333333333333 0.007407407407407408
3 0.7104166666666667 0.3055555555555556 0.008333333333333333 0.014814814814814815
3 0.7239583333333334 0.27222222222222225 0.010416666666666666 0.011111111111111112
3 0.7213541666666666 0.27870370370370373 0.007291666666666667 0.012962962962962964
3 0.7182291666666667 0.2851851851851852 0.007291666666666667 0.014814814814814815
3 0.715625 0.2935185185185185 0.008333333333333333 0.012962962962962964
3 0.49583333333333335 0.6194444444444445 0.035416666666666666 0.05740740740740741
0 0.46822916666666664 0.637962962962963 0.007291666666666667 0.03518518518518519
0 0.4609375 0.6407407407407407 0.007291666666666667 0.03333333333333333
0 0.453125 0.638888888888889 0.008333333333333333 0.037037037037037035
3 0.06666666666666667 0.45 0.041666666666666664 0.022222222222222223
6 0.18541666666666667 0.5259259259259259 0.020833333333333332 0.02962962962962963
6 0.09270833333333334 0.5462962962962963 0.01875 0.02962962962962963
6 0.12916666666666665 0.5703703703703704 0.03125 0.03333333333333333
0 0.22291666666666665 0.6101851851851852 0.010416666666666666 0.03518518518518519
6 0.15677083333333333 0.5111111111111112 0.028125 0.03333333333333333
6 0.10520833333333333 0.4861111111111111 0.020833333333333332 0.031481481481481485
6 0.04479166666666667 0.47962962962962963 0.027083333333333334 0.03333333333333333
6 0.0515625 0.4638888888888889 0.021875 0.024074074074074074
9 0.9083333333333333 0.6425925925925926 0.0125 0.037037037037037035
9 0.04479166666666667 0.5361111111111111 0.0125 0.020370370370370372
3 0.8312499999999999 0.38796296296296295 0.014583333333333334 0.020370370370370372
3 0.8395833333333333 0.4064814814814815 0.016666666666666666 0.020370370370370372
5 0.8494791666666667 0.4342592592592593 0.019791666666666666 0.03518518518518519
