3 0.4536764705882353 0.841830065359477 0.01911764705882353 0.08366013071895424
3 0.45588235294117646 0.6366013071895424 0.01764705882352941 0.0784313725490196
3 0.6014705882352941 0.6797385620915032 0.01764705882352941 0.06797385620915032
3 0.5088235294117647 0.522875816993464 0.01764705882352941 0.065359477124183
3 0.49522058823529413 0.2915032679738562 0.016911764705882352 0.06013071895424836
3 0.518014705882353 0.19999999999999998 0.015441176470588236 0.05751633986928104
3 0.4591911764705882 0.2045751633986928 0.016911764705882352 0.07712418300653594
3 0.4632352941176471 0.03594771241830065 0.016176470588235292 0.06143790849673202
3 0.08235294117647059 0.7209150326797386 0.044117647058823525 0.03529411764705882
3 0.09044117647058823 0.6235294117647059 0.041176470588235294 0.03398692810457516
3 0.09595588235294117 0.5431372549019607 0.04191176470588235 0.0326797385620915
4 0.45441176470588235 0.4464052287581699 0.013235294117647059 0.058823529411764705
0 0.3720588235294118 0.43202614379084964 0.007352941176470588 0.011764705882352941
0 0.36433823529411763 0.43202614379084964 0.006617647058823529 0.01437908496732026
0 0.3599264705882353 0.4339869281045751 0.006617647058823529 0.0130718954248366
9 0.09448529411764706 0.32614379084967315 0.013970588235294117 0.01699346405228758
3 0.09448529411764706 0.17973856209150327 0.04044117647058824 0.03006535947712418
9 0.09595588235294117 0.2895424836601307 0.013970588235294117 0.01699346405228758
9 0.10551470588235294 0.23856209150326796 0.013970588235294117 0.01699346405228758
2 0.09926470588235294 0.2549019607843137 0.01764705882352941 0.01830065359477124
3 0.35404411764705884 0.6209150326797385 0.019852941176470587 0.07320261437908496
4 0.5488970588235293 0.10784313725490195 0.022794117647058822 0.05620915032679738
1 0.4261029411764706 0.4457516339869281 0.006617647058823529 0.0130718954248366
1 0.4253676470588235 0.430718954248366 0.006617647058823529 0.01437908496732026
9 0.42573529411764705 0.4444444444444444 0.008823529411764706 0.02875816993464052
0 0.5772058823529411 0.822875816993464 0.007352941176470588 0.00915032679738562
0 0.5713235294117647 0.8215686274509804 0.0058823529411764705 0.011764705882352941
0 0.5661764705882353 0.8235294117647058 0.0058823529411764705 0.01045751633986928
3 0.5988970588235294 0.29869281045751633 0.01838235294117647 0.07450980392156863
3 0.606985294117647 0.20392156862745098 0.03161764705882353 0.06013071895424836
3 0.8959558823529412 0.10522875816993463 0.03602941176470588 0.02483660130718954
3 0.8599264705882352 0.10849673202614378 0.025735294117647058 0.02091503267973856
0 0.7996323529411764 0.09999999999999999 0.008088235294117646 0.01699346405228758
0 0.8632352941176471 0.06143790849673202 0.010294117647058823 0.01830065359477124
