3 0.045588235294117645 0.8751633986928103 0.09117647058823529 0.1764705882352941
3 0.10367647058823529 0.6862745098039216 0.075 0.16209150326797384
4 0.14816176470588235 0.49803921568627446 0.05955882352941176 0.1411764705882353
3 0.18345588235294116 0.39999999999999997 0.04779411764705882 0.09673202614379084
3 0.21029411764705883 0.2980392156862745 0.041176470588235294 0.07320261437908496
3 0.23713235294117646 0.01633986928104575 0.02426470588235294 0.0326797385620915
3 0.24411764705882352 0.11045751633986928 0.027941176470588233 0.04836601307189542
3 0.31691176470588234 0.03202614379084967 0.020588235294117647 0.03790849673202614
1 0.1827205882352941 0.12222222222222222 0.011029411764705881 0.02222222222222222
9 0.18235294117647058 0.13921568627450978 0.010294117647058823 0.03006535947712418
3 0.45625 0.03464052287581699 0.015441176470588236 0.02483660130718954
3 0.4540441176470588 0.06143790849673202 0.01838235294117647 0.03137254901960784
4 0.4551470588235294 0.09084967320261438 0.044117647058823525 0.0457516339869281
4 0.4886029411764706 0.11241830065359476 0.04338235294117647 0.04444444444444444
4 0.48051470588235295 0.15163398692810456 0.022794117647058822 0.054901960784313725
4 0.4970588235294118 0.22941176470588234 0.026470588235294117 0.05620915032679738
5 0.5165441176470588 0.05424836601307189 0.10661764705882353 0.09281045751633986
0 0.5790441176470588 0.06470588235294117 0.009558823529411765 0.0326797385620915
0 0.5893382352941177 0.0673202614379085 0.008088235294117646 0.0326797385620915
0 0.6040441176470588 0.03529411764705882 0.006617647058823529 0.03398692810457516
0 0.6110294117647058 0.03725490196078431 0.007352941176470588 0.03529411764705882
0 0.6518382352941177 0.03071895424836601 0.005147058823529412 0.03006535947712418
3 0.5220588235294118 0.32745098039215687 0.039705882352941174 0.06928104575163398
3 0.5430147058823529 0.43725490196078426 0.05220588235294118 0.09542483660130718
3 0.5672794117647059 0.5470588235294117 0.05661764705882353 0.11372549019607843
3 0.5930147058823529 0.6718954248366013 0.06544117647058824 0.1437908496732026
6 0.6371323529411764 0.826797385620915 0.05661764705882353 0.11895424836601307
3 0.6698529411764705 0.9588235294117646 0.06764705882352941 0.08235294117647059
3 0.6330882352941176 0.4130718954248366 0.07941176470588235 0.0784313725490196
9 0.6503676470588236 0.557516339869281 0.025735294117647058 0.058823529411764705
3 0.6547794117647059 0.06405228758169934 0.04338235294117647 0.02875816993464052
5 0.6816176470588236 0.07647058823529411 0.07647058823529412 0.06928104575163398
3 0.6724264705882352 0.12483660130718953 0.05661764705882353 0.043137254901960784
3 0.7169117647058824 0.1718954248366013 0.07205882352941176 0.04836601307189542
9 0.7680147058823529 0.19084967320261437 0.02426470588235294 0.03137254901960784
9 0.7860294117647059 0.2196078431372549 0.026470588235294117 0.03398692810457516
9 0.8003676470588236 0.24248366013071893 0.011029411764705881 0.04052287581699346
0 0.7246323529411764 0.2797385620915033 0.011029411764705881 0.047058823529411764
3 0.7555147058823529 0.265359477124183 0.0801470588235294 0.06013071895424836
9 0.8253676470588235 0.29346405228758166 0.028676470588235293 0.03790849673202614
9 0.8654411764705883 0.31699346405228757 0.03823529411764706 0.050980392156862744
9 0.8845588235294117 0.3300653594771242 0.039705882352941174 0.03790849673202614
3 0.7827205882352941 0.3875816993464052 0.05955882352941176 0.09803921568627451
3 0.8459558823529412 0.4058823529411764 0.07279411764705883 0.11372549019607843
2 0.8709558823529412 0.3660130718954248 0.030147058823529412 0.0392156862745098
2 0.8426470588235294 0.46470588235294114 0.032352941176470584 0.04836601307189542
9 0.8113970588235294 0.4542483660130719 0.03161764705882353 0.0457516339869281
9 0.78125 0.4339869281045751 0.028676470588235293 0.0392156862745098
9 0.7761029411764706 0.46078431372549017 0.03308823529411765 0.043137254901960784
9 0.7724264705882353 0.5045751633986928 0.03602941176470588 0.0522875816993464
9 0.7959558823529411 0.5222222222222221 0.03897058823529412 0.043137254901960784
9 0.7661764705882352 0.5470588235294117 0.03823529411764706 0.043137254901960784
9 0.8224264705882353 0.503921568627451 0.01838235294117647 0.04836601307189542
2 0.8386029411764706 0.5013071895424837 0.02426470588235294 0.05620915032679738
2 0.8209558823529411 0.5509803921568627 0.0375 0.043137254901960784
2 0.8242647058823529 0.5594771241830065 0.030882352941176472 0.0392156862745098
2 0.8290441176470588 0.5660130718954248 0.03308823529411765 0.04967320261437908
6 0.7783088235294118 0.6084967320261437 0.0625 0.058823529411764705
9 0.794485294117647 0.6503267973856208 0.05073529411764706 0.050980392156862744
9 0.85 0.5980392156862745 0.03823529411764706 0.04836601307189542
9 0.8647058823529412 0.6287581699346405 0.03676470588235294 0.04967320261437908
9 0.9191176470588235 0.6065359477124183 0.032352941176470584 0.0522875816993464
9 0.9069852941176471 0.5777777777777777 0.03602941176470588 0.04183006535947712
9 0.8955882352941177 0.5686274509803921 0.03529411764705882 0.04967320261437908
9 0.875 0.5470588235294117 0.029411764705882353 0.0457516339869281
9 0.8709558823529412 0.5366013071895425 0.04044117647058824 0.02483660130718954
9 0.868014705882353 0.5287581699346405 0.04044117647058824 0.03529411764705882
9 0.8716911764705882 0.49999999999999994 0.0375 0.04836601307189542
9 0.9253676470588235 0.4686274509803921 0.03455882352941177 0.04052287581699346
9 0.9441176470588235 0.4915032679738562 0.032352941176470584 0.03398692810457516
9 0.9128676470588235 0.5019607843137255 0.03308823529411765 0.03660130718954248
9 0.9183823529411764 0.5176470588235293 0.026470588235294117 0.047058823529411764
9 0.9301470588235294 0.5366013071895425 0.026470588235294117 0.043137254901960784
9 0.9463235294117647 0.5431372549019607 0.026470588235294117 0.04052287581699346
9 0.9518382352941176 0.5601307189542484 0.0375 0.043137254901960784
9 0.9613970588235294 0.5163398692810457 0.01838235294117647 0.04444444444444444
9 0.9764705882352941 0.5862745098039215 0.029411764705882353 0.0457516339869281
9 0.9849264705882352 0.5973856209150327 0.025735294117647058 0.0522875816993464
9 0.9922794117647059 0.6143790849673202 0.015441176470588236 0.04444444444444444
9 0.9941176470588236 0.49019607843137253 0.011764705882352941 0.02875816993464052
2 0.975735294117647 0.5300653594771242 0.025 0.04052287581699346
2 0.9849264705882352 0.5490196078431372 0.030147058823529412 0.0392156862745098
0 0.9327205882352941 0.6660130718954248 0.015441176470588236 0.05620915032679738
9 0.9411764705882353 0.722875816993464 0.03676470588235294 0.054901960784313725
9 0.9474264705882353 0.7392156862745097 0.03308823529411765 0.04836601307189542
9 0.9628676470588236 0.7562091503267974 0.0375 0.05620915032679738
9 0.9783088235294117 0.7745098039215685 0.027205882352941177 0.06143790849673202
9 0.9893382352941177 0.792156862745098 0.021323529411764706 0.06013071895424836
2 0.9860294117647058 0.8908496732026143 0.027941176470588233 0.07450980392156863
1 0.9272058823529412 0.926797385620915 0.025 0.03137254901960784
