3 0.8932291666666666 0.22962962962962963 0.053125 0.037037037037037035
3 0.88125 0.24629629629629632 0.052083333333333336 0.037037037037037035
3 0.7833333333333333 0.23796296296296296 0.05 0.03888888888888889
0 0.7375 0.22685185185185186 0.008333333333333333 0.02777777777777778
0 0.7026041666666667 0.2240740740740741 0.007291666666666667 0.02962962962962963
3 0.696875 0.01388888888888889 0.014583333333333334 0.024074074074074074
0 0.64375 0.05925925925925926 0.004166666666666667 0.022222222222222223
0 0.715625 0.13425925925925927 0.008333333333333333 0.02777777777777778
0 0.7072916666666667 0.13055555555555556 0.00625 0.020370370370370372
0 0.6984375 0.13148148148148148 0.007291666666666667 0.02592592592592593
3 0.6182291666666666 0.02592592592592593 0.015625 0.022222222222222223
3 0.5489583333333333 0.008333333333333333 0.0125 0.016666666666666666
9 0.50625 0.016666666666666666 0.004166666666666667 0.018518518518518517
1 0.5057291666666667 0.014814814814814815 0.003125 0.014814814814814815
3 0.5822916666666667 0.0712962962962963 0.014583333333333334 0.02777777777777778
3 0.5505208333333333 0.10370370370370371 0.015625 0.02962962962962963
3 0.6078125 0.11851851851851852 0.013541666666666667 0.02962962962962963
0 0.45677083333333335 0.026851851851851852 0.005208333333333333 0.02777777777777778
3 0.16197916666666667 0.24166666666666667 0.02395833333333333 0.061111111111111116
5 0.20833333333333334 0.32685185185185184 0.07083333333333333 0.05740740740740741
3 0.6072916666666667 0.4203703703703704 0.035416666666666666 0.05925925925925926
3 0.55625 0.44907407407407407 0.027083333333333334 0.06851851851851852
3 0.5026041666666666 0.4861111111111111 0.03229166666666666 0.08333333333333334
3 0.421875 0.2555555555555556 0.027083333333333334 0.04814814814814815
3 0.3833333333333333 0.425 0.035416666666666666 0.06851851851851852
3 0.4583333333333333 0.7657407407407407 0.05 0.1388888888888889
4 0.4359375 0.5398148148148149 0.05520833333333333 0.07592592592592592
0 0.4161458333333333 0.5990740740740741 0.007291666666666667 0.03888888888888889
3 0.14791666666666667 0.31666666666666665 0.05416666666666667 0.05185185185185186
6 0.050520833333333334 0.750925925925926 0.09270833333333334 0.1537037037037037
3 0.240625 0.65 0.06041666666666667 0.11481481481481481
9 0.5958333333333333 0.22592592592592595 0.008333333333333333 0.02962962962962963
1 0.5963541666666666 0.2212962962962963 0.007291666666666667 0.020370370370370372
