3 0.2453125 0.8314814814814815 0.08541666666666667 0.12962962962962962
9 0.2877604166666667 0.7537037037037038 0.022395833333333334 0.06851851851851852
9 0.27708333333333335 0.7425925925925926 0.020833333333333332 0.05185185185185186
3 0.6513020833333333 0.9273148148148148 0.10364583333333333 0.14537037037037037
2 0.5489583333333333 0.9412037037037038 0.030208333333333334 0.1175925925925926
1 0.5497395833333333 0.9111111111111111 0.030729166666666665 0.1277777777777778
3 0.35234375 0.7643518518518518 0.0734375 0.09351851851851853
3 0.4458333333333333 0.7611111111111112 0.0625 0.09074074074074075
3 0.403125 0.6893518518518519 0.04375 0.06759259259259259
3 0.3846354166666667 0.6356481481481482 0.06614583333333333 0.04537037037037037
3 0.6119791666666666 0.8208333333333334 0.071875 0.11388888888888889
3 0.5927083333333333 0.7495370370370371 0.065625 0.09722222222222222
3 0.5791666666666666 0.7032407407407407 0.04791666666666666 0.05648148148148149
3 0.5700520833333333 0.6773148148148148 0.0421875 0.058333333333333334
3 0.5640625 0.6537037037037037 0.036458333333333336 0.0462962962962963
3 0.5622395833333333 0.6305555555555555 0.0296875 0.037037037037037035
3 0.55 0.6 0.022916666666666665 0.03518518518518519
3 0.47213541666666664 0.6597222222222222 0.03802083333333333 0.05092592592592593
3 0.4518229166666667 0.5995370370370371 0.0234375 0.03425925925925926
3 0.48203124999999997 0.6203703703703703 0.028645833333333332 0.04259259259259259
3 0.5002604166666667 0.5782407407407407 0.018229166666666668 0.026851851851851852
3 0.51484375 0.5888888888888889 0.022395833333333334 0.03518518518518519
2 0.46979166666666666 0.600925925925926 0.007291666666666667 0.024074074074074074
1 0.46822916666666664 0.5949074074074074 0.010416666666666666 0.030555555555555558
3 0.46328125 0.5842592592592593 0.022395833333333334 0.02962962962962963
3 0.4666666666666667 0.575462962962963 0.01875 0.02314814814814815
2 0.5221354166666666 0.6310185185185185 0.009895833333333333 0.032407407407407406
1 0.52265625 0.6199074074074075 0.008854166666666666 0.03796296296296296
9 0.5328125 0.5824074074074075 0.008333333333333333 0.020370370370370372
1 0.5328125 0.5773148148148148 0.007291666666666667 0.025
2 0.534375 0.6268518518518519 0.008333333333333333 0.03333333333333333
1 0.5348958333333333 0.6162037037037037 0.008333333333333333 0.03796296296296296
2 0.5322916666666666 0.6074074074074074 0.008333333333333333 0.024074074074074074
1 0.5328125 0.5981481481481482 0.00625 0.020370370370370372
3 0.378125 0.9638888888888889 0.11979166666666667 0.07222222222222223
