0 0.23958333333333334 0.9296296296296297 0.06041666666666667 0.0925925925925926
0 0.3953125 0.8768518518518519 0.030208333333333334 0.061111111111111116
0 0.428125 0.9083333333333333 0.041666666666666664 0.061111111111111116
0 0.21458333333333332 0.7592592592592593 0.052083333333333336 0.08148148148148149
0 0.32135416666666666 0.737037037037037 0.040625 0.07777777777777778
0 0.4 0.7601851851851852 0.03958333333333333 0.09814814814814815
0 0.5135416666666667 0.725 0.025 0.07222222222222223
0 0.5479166666666666 0.6962962962962963 0.029166666666666667 0.08148148148148149
0 0.6526041666666667 0.6981481481481482 0.02395833333333333 0.07037037037037037
0 0.7276041666666666 0.6851851851851852 0.03854166666666667 0.05555555555555556
0 0.9265625 0.6027777777777777 0.028125 0.053703703703703705
0 0.9390625 0.6712962962962963 0.053125 0.06481481481481481
0 0.03958333333333333 0.6703703703703704 0.06875 0.07777777777777778
0 0.23645833333333333 0.5212962962962964 0.041666666666666664 0.08333333333333334
0 0.33541666666666664 0.5018518518518519 0.03958333333333333 0.07777777777777778
0 0.39166666666666666 0.4851851851851852 0.03125 0.08148148148148149
0 0.48541666666666666 0.4842592592592593 0.029166666666666667 0.08333333333333334
0 0.6348958333333333 0.5666666666666667 0.034375 0.08148148148148149
0 0.7078125 0.5509259259259259 0.034375 0.06851851851851852
0 0.5833333333333334 0.44907407407407407 0.025 0.07592592592592592
0 0.6109375 0.4537037037037037 0.017708333333333333 0.07407407407407407
0 0.6005208333333333 0.375 0.02395833333333333 0.07962962962962963
0 0.6453125 0.3416666666666667 0.030208333333333334 0.07962962962962963
0 0.6182291666666666 0.3425925925925926 0.017708333333333333 0.08148148148148149
0 0.5697916666666667 0.31574074074074077 0.025 0.06481481481481481
0 0.4895833333333333 0.3194444444444445 0.027083333333333334 0.07592592592592592
0 0.40520833333333334 0.3148148148148148 0.022916666666666665 0.07407407407407407
0 0.3307291666666667 0.31851851851851853 0.03854166666666667 0.08518518518518518
0 0.24583333333333332 0.32685185185185184 0.03958333333333333 0.08333333333333334
0 0.9015624999999999 0.25462962962962965 0.04479166666666667 0.08333333333333334
1 0.94375 0.2638888888888889 0.03125 0.0462962962962963
0 0.8515625 0.08888888888888889 0.03229166666666666 0.07777777777777778
0 0.8255208333333334 0.06759259259259259 0.030208333333333334 0.07962962962962963
0 0.5546875 0.19722222222222224 0.015625 0.07222222222222223
1 0.44427083333333334 0.26296296296296295 0.02395833333333333 0.07037037037037037
1 0.4661458333333333 0.24722222222222223 0.019791666666666666 0.06481481481481481
1 0.37083333333333335 0.2537037037037037 0.020833333333333332 0.06296296296296297
1 0.39375 0.23796296296296296 0.025 0.06481481481481481
0 0.6109375 0.05555555555555556 0.021875 0.0925925925925926
0 0.5390625 0.09722222222222222 0.017708333333333333 0.08333333333333334
0 0.515625 0.07777777777777778 0.016666666666666666 0.0925925925925926
0 0.390625 0.1175925925925926 0.025 0.08333333333333334
0 0.38125 0.16018518518518518 0.022916666666666665 0.07962962962962963
0 0.3421875 0.05555555555555556 0.021875 0.08518518518518518
0 0.3494791666666667 0.18333333333333335 0.02395833333333333 0.07407407407407407
0 0.3286458333333333 0.1712962962962963 0.026041666666666668 0.07222222222222223
1 0.26197916666666665 0.26296296296296295 0.026041666666666668 0.05925925925925926
1 0.23958333333333334 0.26203703703703707 0.020833333333333332 0.05740740740740741
2 0.17083333333333334 0.2564814814814815 0.041666666666666664 0.07222222222222223
0 0.21666666666666667 0.21296296296296297 0.027083333333333334 0.08148148148148149
0 0.2015625 0.21296296296296297 0.034375 0.08148148148148149
1 0.19166666666666665 0.16944444444444445 0.027083333333333334 0.07222222222222223
2 0.17239583333333333 0.2 0.03229166666666666 0.06666666666666667
0 0.16770833333333332 0.16574074074074074 0.03333333333333333 0.07222222222222223
0 0.13020833333333334 0.2518518518518519 0.03958333333333333 0.08148148148148149
0 0.11770833333333333 0.21574074074074076 0.029166666666666667 0.06851851851851852
0 0.1140625 0.1851851851851852 0.046875 0.07407407407407407
0 0.13697916666666665 0.14907407407407408 0.03854166666666667 0.08333333333333334
0 0.071875 0.2212962962962963 0.03958333333333333 0.06851851851851852
0 0.027083333333333334 0.25 0.04583333333333333 0.07777777777777778
0 0.09322916666666667 0.18796296296296297 0.036458333333333336 0.08703703703703704
0 0.0875 0.1388888888888889 0.03958333333333333 0.07407407407407407
2 0.10104166666666667 0.12685185185185185 0.020833333333333332 0.08703703703703704
0 0.121875 0.07777777777777778 0.03958333333333333 0.08888888888888889
0 0.1140625 0.02962962962962963 0.028125 0.05925925925925926
0 0.10208333333333333 0.04537037037037037 0.03125 0.07962962962962963
0 0.07083333333333333 0.06944444444444445 0.03125 0.07222222222222223
0 0.06927083333333334 0.16018518518518518 0.03854166666666667 0.07592592592592592
0 0.058333333333333334 0.12592592592592594 0.03958333333333333 0.06296296296296297
0 0.0703125 0.02592592592592593 0.030208333333333334 0.05185185185185186
0 0.041666666666666664 0.19907407407407407 0.04583333333333333 0.061111111111111116
1 0.028125 0.20740740740740743 0.022916666666666665 0.03333333333333333
0 0.04375 0.18333333333333335 0.0375 0.06666666666666667
0 0.018229166666666668 0.20833333333333334 0.036458333333333336 0.061111111111111116
0 0.0296875 0.14074074074074075 0.04479166666666667 0.07407407407407407
0 0.015625 0.13425925925925927 0.03125 0.061111111111111116
0 0.05 0.0787037037037037 0.03125 0.061111111111111116
1 0.18385416666666665 0.058333333333333334 0.019791666666666666 0.04259259259259259
1 0.20052083333333334 0.04722222222222222 0.021875 0.0462962962962963
1 0.20885416666666667 0.025 0.019791666666666666 0.03888888888888889
1 0.16979166666666667 0.05277777777777778 0.014583333333333334 0.04259259259259259
1 0.175 0.021296296296296296 0.01875 0.03888888888888889
