3 0.7272058823529411 0.9196078431372549 0.0838235294117647 0.16078431372549018
9 0.7863970588235294 0.8215686274509804 0.03455882352941177 0.03529411764705882
3 0.6808823529411765 0.696078431372549 0.07058823529411765 0.16078431372549018
0 0.7216911764705882 0.42549019607843136 0.0125 0.050980392156862744
9 0.7165441176470588 0.3725490196078431 0.028676470588235293 0.03660130718954248
9 0.6952205882352941 0.34117647058823525 0.02426470588235294 0.03660130718954248
3 0.6463235294117647 0.5215686274509803 0.045588235294117645 0.09411764705882353
3 0.6264705882352941 0.40196078431372545 0.047058823529411764 0.09542483660130718
3 0.6746323529411765 0.2725490196078431 0.07279411764705883 0.058823529411764705
9 0.7044117647058823 0.20392156862745098 0.01764705882352941 0.03137254901960784
9 0.6863970588235294 0.15816993464052287 0.01838235294117647 0.023529411764705882
9 0.6367647058823529 0.19673202614379084 0.01911764705882353 0.03006535947712418
3 0.5871323529411765 0.19084967320261437 0.030147058823529412 0.05751633986928104
3 0.5761029411764705 0.14313725490196078 0.03161764705882353 0.058823529411764705
0 0.6165441176470589 0.16209150326797384 0.006617647058823529 0.04183006535947712
0 0.6261029411764706 0.17058823529411762 0.006617647058823529 0.04052287581699346
2 0.6363970588235294 0.16470588235294117 0.01838235294117647 0.02875816993464052
3 0.425 0.48300653594771237 0.041176470588235294 0.11372549019607843
0 0.575735294117647 0.6477124183006535 0.011764705882352941 0.05620915032679738
0 0.5720588235294117 0.6228758169934641 0.013235294117647059 0.06666666666666667
0 0.6323529411764706 0.14248366013071895 0.008823529411764706 0.04444444444444444
3 0.56875 0.09999999999999999 0.028676470588235293 0.04836601307189542
0 0.6591911764705882 0.11568627450980391 0.0125 0.03529411764705882
0 0.6323529411764706 0.05163398692810457 0.008823529411764706 0.03529411764705882
3 0.5632352941176471 0.05424836601307189 0.025 0.0457516339869281
3 0.5547794117647059 0.01633986928104575 0.025735294117647058 0.0326797385620915
3 0.36433823529411763 0.02026143790849673 0.025735294117647058 0.04052287581699346
3 0.35698529411764707 0.06013071895424836 0.025735294117647058 0.054901960784313725
3 0.3529411764705882 0.10196078431372549 0.027941176470588233 0.06013071895424836
2 0.29816176470588235 0.07973856209150326 0.016911764705882352 0.0261437908496732
0 0.2540441176470588 0.10718954248366012 0.008088235294117646 0.04183006535947712
9 0.29558823529411765 0.13856209150326795 0.01764705882352941 0.0261437908496732
6 0.3338235294117647 0.22614379084967318 0.01911764705882353 0.047058823529411764
4 0.31727941176470587 0.2915032679738562 0.03897058823529412 0.09411764705882353
3 0.30625 0.39215686274509803 0.04044117647058824 0.09934640522875816
3 0.2676470588235294 0.22549019607843135 0.06911764705882353 0.06666666666666667
3 0.24558823529411763 0.2830065359477124 0.06764705882352941 0.06666666666666667
3 0.22352941176470587 0.44248366013071894 0.07941176470588235 0.07973856209150326
0 0.31875 0.6156862745098038 0.01838235294117647 0.05751633986928104
9 0.35661764705882354 0.5738562091503268 0.016176470588235292 0.06013071895424836
1 0.35551470588235295 0.5549019607843136 0.013970588235294117 0.043137254901960784
3 0.2426470588235294 0.7777777777777777 0.06911764705882353 0.1803921568627451
0 0.23455882352941176 0.9091503267973856 0.016176470588235292 0.06666666666666667
3 0.20073529411764707 0.9287581699346404 0.07058823529411765 0.14248366013071895
3 0.09852941176470588 0.8026143790849672 0.10882352941176471 0.17516339869281045
