3 0.7003676470588235 0.7281045751633987 0.027205882352941177 0.1045751633986928
3 0.7474264705882353 0.726797385620915 0.04338235294117647 0.07581699346405228
3 0.7033088235294117 0.6503267973856208 0.05661764705882353 0.0457516339869281
3 0.6213235294117647 0.44052287581699345 0.026470588235294117 0.06274509803921569
3 0.5786764705882352 0.4241830065359477 0.022058823529411763 0.058823529411764705
8 0.5018382352941176 0.47320261437908495 0.03455882352941177 0.15163398692810456
3 0.6091911764705882 0.35686274509803917 0.028676470588235293 0.0784313725490196
3 0.6205882352941177 0.3032679738562091 0.039705882352941174 0.0522875816993464
4 0.5830882352941177 0.322875816993464 0.01911764705882353 0.04967320261437908
3 0.5919117647058824 0.2091503267973856 0.020588235294117647 0.04444444444444444
3 0.5658088235294118 0.20522875816993463 0.022794117647058822 0.054901960784313725
4 0.58125 0.15098039215686274 0.016911764705882352 0.043137254901960784
3 0.5790441176470588 0.09607843137254901 0.019852941176470587 0.03790849673202614
3 0.5713235294117647 0.054901960784313725 0.01911764705882353 0.03137254901960784
3 0.5658088235294118 0.02222222222222222 0.01838235294117647 0.03660130718954248
3 0.5161764705882352 0.10849673202614378 0.022058823529411763 0.04444444444444444
3 0.5220588235294118 0.2718954248366013 0.03676470588235294 0.065359477124183
3 0.3963235294117647 0.30849673202614375 0.023529411764705882 0.065359477124183
3 0.16213235294117648 0.9679738562091502 0.03602941176470588 0.06405228758169934
4 0.17169117647058824 0.780392156862745 0.04779411764705882 0.0522875816993464
3 0.20845588235294119 0.6986928104575163 0.03455882352941177 0.09803921568627451
3 0.20147058823529412 0.6248366013071895 0.055882352941176466 0.08104575163398692
3 0.23933823529411766 0.5320261437908497 0.0375 0.0784313725490196
3 0.20588235294117646 0.4764705882352941 0.054411764705882354 0.07712418300653594
3 0.25735294117647056 0.31895424836601305 0.047058823529411764 0.0522875816993464
3 0.3058823529411765 0.18104575163398692 0.01911764705882353 0.04836601307189542
3 0.3136029411764706 0.12941176470588234 0.01838235294117647 0.04444444444444444
3 0.3202205882352941 0.09477124183006536 0.01838235294117647 0.03790849673202614
3 0.3338235294117647 0.045098039215686274 0.016176470588235292 0.0326797385620915
6 0.2849264705882353 0.24771241830065358 0.008088235294117646 0.027450980392156862
0 0.22794117647058823 0.2594771241830065 0.007352941176470588 0.03006535947712418
0 0.21838235294117647 0.27058823529411763 0.007352941176470588 0.03137254901960784
0 0.20625 0.2745098039215686 0.008088235294117646 0.02875816993464052
0 0.19926470588235293 0.27124183006535946 0.007352941176470588 0.03006535947712418
9 0.19779411764705881 0.29084967320261434 0.014705882352941176 0.02222222222222222
1 0.19338235294117648 0.3091503267973856 0.013235294117647059 0.02222222222222222
9 0.18676470588235294 0.3248366013071895 0.01764705882352941 0.02222222222222222
0 0.21801470588235294 0.34705882352941175 0.008088235294117646 0.03006535947712418
0 0.31066176470588236 0.35686274509803917 0.005147058823529412 0.02875816993464052
0 0.3150735294117647 0.3529411764705882 0.005147058823529412 0.02091503267973856
0 0.47720588235294115 0.3509803921568627 0.0058823529411764705 0.027450980392156862
0 0.4536764705882353 0.3660130718954248 0.007352941176470588 0.0261437908496732
3 0.4536764705882353 0.37450980392156863 0.010294117647058823 0.027450980392156862
3 0.4764705882352941 0.3581699346405228 0.008823529411764706 0.02875816993464052
0 0.5253676470588236 0.361437908496732 0.006617647058823529 0.027450980392156862
0 0.49926470588235294 0.26666666666666666 0.0058823529411764705 0.02875816993464052
0 0.46249999999999997 0.19869281045751633 0.008823529411764706 0.02091503267973856
3 0.46213235294117644 0.2065359477124183 0.009558823529411765 0.02091503267973856
0 0.5834558823529412 0.37450980392156863 0.006617647058823529 0.027450980392156862
0 0.5886029411764706 0.3790849673202614 0.003676470588235294 0.01568627450980392
9 0.6327205882352941 0.48823529411764705 0.011029411764705881 0.02483660130718954
0 0.6169117647058824 0.19999999999999998 0.0058823529411764705 0.0261437908496732
0 0.5856617647058824 0.06666666666666667 0.005147058823529412 0.023529411764705882
2 0.6882352941176471 0.32745098039215687 0.01911764705882353 0.0196078431372549
2 0.7025735294117647 0.3901960784313725 0.015441176470588236 0.01437908496732026
2 0.6996323529411764 0.36732026143790847 0.015441176470588236 0.01830065359477124
2 0.6772058823529412 0.4130718954248366 0.010294117647058823 0.02875816993464052
9 0.7161764705882353 0.5980392156862745 0.01911764705882353 0.02222222222222222
3 0.6996323529411764 0.9294117647058823 0.05514705882352941 0.0522875816993464
