0 0.9834558823529411 0.6143790849673202 0.016911764705882352 0.0784313725490196
0 0.9724264705882353 0.6777777777777777 0.015441176470588236 0.06928104575163398
0 0.9904411764705883 0.6627450980392157 0.014705882352941176 0.07581699346405228
0 0.8705882352941177 0.6254901960784314 0.016176470588235292 0.07450980392156863
0 0.856985294117647 0.6261437908496732 0.016911764705882352 0.07581699346405228
0 0.8485294117647059 0.7568627450980392 0.023529411764705882 0.08627450980392157
0 0.7213235294117647 0.7215686274509804 0.023529411764705882 0.08104575163398692
0 0.29669117647058824 0.8143790849673203 0.02426470588235294 0.10718954248366012
0 0.3966911764705882 0.2647058823529412 0.008088235294117646 0.03790849673202614
0 0.4172794117647059 0.1477124183006536 0.003676470588235294 0.023529411764705882
3 0.2727941176470588 0.6869281045751634 0.07647058823529412 0.15294117647058822
3 0.21911764705882353 0.8784313725490196 0.10441176470588236 0.2196078431372549
3 0.4430147058823529 0.21372549019607842 0.019852941176470587 0.03529411764705882
3 0.4852941176470588 0.18235294117647058 0.01764705882352941 0.027450980392156862
3 0.45441176470588235 0.12156862745098039 0.013235294117647059 0.02091503267973856
3 0.4338235294117647 0.11503267973856209 0.014705882352941176 0.023529411764705882
3 0.48455882352941176 0.1588235294117647 0.01764705882352941 0.027450980392156862
3 0.475 0.14509803921568626 0.01764705882352941 0.023529411764705882
3 0.4801470588235294 0.07973856209150326 0.008823529411764706 0.01568627450980392
3 0.7849264705882353 0.6830065359477123 0.11838235294117647 0.10326797385620914
3 0.5507352941176471 0.6503267973856208 0.057352941176470586 0.12156862745098039
3 0.45183823529411765 0.6366013071895424 0.05073529411764706 0.13856209150326795
3 0.5452205882352941 0.46535947712418296 0.0375 0.07320261437908496
3 0.33455882352941174 0.4790849673202614 0.045588235294117645 0.0849673202614379
3 0.45294117647058824 0.24313725490196078 0.022058823529411763 0.04444444444444444
3 0.4974264705882353 0.23986928104575161 0.022794117647058822 0.03790849673202614
3 0.4919117647058823 0.20718954248366012 0.01911764705882353 0.03006535947712418
3 0.44485294117647056 0.1588235294117647 0.016176470588235292 0.027450980392156862
3 0.4540441176470588 0.18562091503267972 0.016911764705882352 0.02875816993464052
3 0.5044117647058823 0.13986928104575164 0.014705882352941176 0.0261437908496732
3 0.5386029411764706 0.3287581699346405 0.028676470588235293 0.04836601307189542
3 0.6819852941176471 0.7352941176470588 0.07867647058823529 0.14509803921568626
3 0.4415441176470588 0.13202614379084968 0.028676470588235293 0.02091503267973856
3 0.45808823529411763 0.11045751633986928 0.010294117647058823 0.0196078431372549
3 0.45845588235294116 0.09999999999999999 0.009558823529411765 0.01437908496732026
3 0.5066176470588235 0.10980392156862745 0.010294117647058823 0.01568627450980392
9 0.4988970588235294 0.12091503267973855 0.0125 0.02483660130718954
3 0.48161764705882354 0.09019607843137255 0.010294117647058823 0.01830065359477124
3 0.47830882352941173 0.065359477124183 0.008088235294117646 0.0130718954248366
3 0.4661764705882353 0.05424836601307189 0.007352941176470588 0.00915032679738562
3 0.47904411764705884 0.05163398692810457 0.006617647058823529 0.00915032679738562
3 0.45294117647058824 0.052941176470588235 0.007352941176470588 0.00915032679738562
3 0.49338235294117644 0.05947712418300653 0.0058823529411764705 0.00915032679738562
3 0.5095588235294117 0.060784313725490195 0.013235294117647059 0.00915032679738562
7 0.524264705882353 0.1045751633986928 0.01764705882352941 0.01830065359477124
4 0.40661764705882353 0.12222222222222222 0.023529411764705882 0.02483660130718954
4 0.39963235294117644 0.13398692810457516 0.027205882352941177 0.027450980392156862
1 0.4209558823529412 0.1437908496732026 0.003676470588235294 0.0130718954248366
1 0.42205882352941176 0.165359477124183 0.004411764705882353 0.0196078431372549
1 0.4158088235294118 0.20522875816993463 0.005147058823529412 0.023529411764705882
1 0.40551470588235294 0.22941176470588234 0.006617647058823529 0.027450980392156862
1 0.42720588235294116 0.2751633986928104 0.010294117647058823 0.03006535947712418
1 0.41360294117647056 0.2954248366013072 0.008088235294117646 0.0261437908496732
1 0.41360294117647056 0.29281045751633983 0.008088235294117646 0.0261437908496732
1 0.34558823529411764 0.8346405228758169 0.022058823529411763 0.07450980392156863
1 0.3474264705882353 0.8254901960784313 0.025735294117647058 0.07973856209150326
9 0.3463235294117647 0.8699346405228757 0.030882352941176472 0.09542483660130718
0 0.21066176470588235 0.9718954248366012 0.015441176470588236 0.05359477124183006
9 0.9349264705882353 0.6581699346405229 0.030147058823529412 0.06928104575163398
9 0.9584558823529412 0.7098039215686274 0.030147058823529412 0.06274509803921569
2 0.981985294117647 0.7183006535947712 0.028676470588235293 0.06666666666666667
2 0.9496323529411764 0.6535947712418301 0.03455882352941177 0.07058823529411765
9 0.5856617647058824 0.3686274509803921 0.015441176470588236 0.0392156862745098
4 0.4551470588235294 0.322875816993464 0.026470588235294117 0.06797385620915032
9 0.4275735294117647 0.28431372549019607 0.009558823529411765 0.03006535947712418
9 0.41360294117647056 0.3045751633986928 0.008088235294117646 0.03398692810457516
9 0.4158088235294118 0.21241830065359477 0.008088235294117646 0.02222222222222222
9 0.4224264705882353 0.1718954248366013 0.005147058823529412 0.01699346405228758
9 0.4198529411764706 0.14901960784313725 0.0058823529411764705 0.0130718954248366
2 0.40588235294117647 0.2372549019607843 0.007352941176470588 0.02483660130718954
9 0.44705882352941173 0.10915032679738561 0.0029411764705882353 0.011764705882352941
2 0.34852941176470587 0.10784313725490195 0.010294117647058823 0.011764705882352941
0 0.3790441176470588 0.1241830065359477 0.005147058823529412 0.01830065359477124
4 0.3264705882352941 0.11764705882352941 0.026470588235294117 0.01830065359477124
7 0.5595588235294118 0.27777777777777773 0.014705882352941176 0.043137254901960784
8 0.5279411764705882 0.22549019607843135 0.033823529411764704 0.10326797385620914
3 0.9246323529411764 0.9215686274509803 0.14779411764705883 0.13856209150326795
5 0.7077205882352942 0.90718954248366 0.11544117647058823 0.1803921568627451
