4 0.37316176470588236 0.7117647058823529 0.08602941176470588 0.22614379084967318
3 0.7246323529411764 0.75359477124183 0.15955882352941175 0.20522875816993463
3 0.45698529411764705 0.8836601307189542 0.10514705882352941 0.23267973856209148
3 0.43419117647058825 0.5084967320261438 0.05367647058823529 0.12287581699346405
3 0.518014705882353 0.45032679738562087 0.04779411764705882 0.10849673202614378
3 0.4573529411764706 0.32745098039215687 0.039705882352941174 0.08758169934640522
3 0.5176470588235293 0.3137254901960784 0.039705882352941174 0.0784313725490196
3 0.5841911764705883 0.2333333333333333 0.03161764705882353 0.05620915032679738
3 0.6716911764705882 0.34705882352941175 0.04632352941176471 0.07450980392156863
3 0.5231617647058824 0.22156862745098038 0.030147058823529412 0.058823529411764705
3 0.475 0.24444444444444444 0.03529411764705882 0.06274509803921569
3 0.4801470588235294 0.1915032679738562 0.029411764705882353 0.06405228758169934
3 0.48455882352941176 0.14509803921568626 0.027941176470588233 0.047058823529411764
3 0.5238970588235294 0.1457516339869281 0.025735294117647058 0.050980392156862744
3 0.5231617647058824 0.09999999999999999 0.019852941176470587 0.03790849673202614
4 0.5301470588235294 0.02418300653594771 0.016176470588235292 0.03790849673202614
4 0.4613970588235294 0.05620915032679738 0.019852941176470587 0.04967320261437908
3 0.4900735294117647 0.058823529411764705 0.016911764705882352 0.03398692810457516
3 0.4176470588235294 0.13006535947712417 0.04852941176470588 0.04052287581699346
3 0.43419117647058825 0.08562091503267973 0.04632352941176471 0.04052287581699346
3 0.6139705882352942 0.02222222222222222 0.032352941176470584 0.0261437908496732
3 0.6268382352941176 0.041176470588235294 0.028676470588235293 0.02222222222222222
3 0.6301470588235294 0.05947712418300653 0.033823529411764704 0.027450980392156862
3 0.6426470588235293 0.07320261437908496 0.032352941176470584 0.02875816993464052
3 0.6544117647058824 0.09411764705882353 0.03529411764705882 0.023529411764705882
3 0.6455882352941177 0.10849673202614378 0.039705882352941174 0.03137254901960784
3 0.6577205882352941 0.11895424836601307 0.04044117647058824 0.03398692810457516
4 0.725 0.30653594771241827 0.06323529411764706 0.06666666666666667
3 0.7279411764705882 0.2568627450980392 0.07205882352941176 0.05620915032679738
3 0.7375 0.23986928104575161 0.06764705882352941 0.05359477124183006
3 0.7036764705882352 0.21437908496732025 0.057352941176470586 0.04444444444444444
3 0.6801470588235294 0.2045751633986928 0.052941176470588235 0.04836601307189542
3 0.6647058823529411 0.17058823529411762 0.04852941176470588 0.03529411764705882
2 0.10110294117647059 0.388235294117647 0.03308823529411765 0.047058823529411764
1 0.9183823529411764 0.7 0.023529411764705882 0.09281045751633986
9 0.9099264705882353 0.7091503267973855 0.05220588235294118 0.06143790849673202
1 0.9470588235294117 0.6366013071895424 0.027941176470588233 0.08888888888888888
9 0.9455882352941176 0.6464052287581699 0.04852941176470588 0.06143790849673202
0 0.6783088235294118 0.25816993464052285 0.011029411764705881 0.05359477124183006
0 0.6871323529411765 0.26013071895424833 0.011029411764705881 0.06013071895424836
0 0.6011029411764706 0.09281045751633986 0.006617647058823529 0.03398692810457516
0 0.6143382352941177 0.10392156862745097 0.008088235294117646 0.0326797385620915
0 0.6191176470588236 0.11699346405228757 0.008823529411764706 0.03529411764705882
0 0.6213235294117647 0.09738562091503267 0.007352941176470588 0.0326797385620915
0 0.625 0.10392156862745097 0.007352941176470588 0.0326797385620915
0 0.6316176470588235 0.19673202614379084 0.010294117647058823 0.0457516339869281
0 0.6393382352941176 0.2006535947712418 0.009558823529411765 0.04052287581699346
1 0.7113970588235294 0.10588235294117647 0.008088235294117646 0.02091503267973856
0 0.475 0.06928104575163398 0.0058823529411764705 0.0261437908496732
1 0.6573529411764706 0.4111111111111111 0.01764705882352941 0.06405228758169934
9 0.65625 0.4235294117647059 0.01838235294117647 0.0522875816993464
1 0.6330882352941176 0.3 0.011764705882352941 0.04836601307189542
4 0.6330882352941176 0.3111111111111111 0.010294117647058823 0.047058823529411764
1 0.5911764705882353 0.15751633986928104 0.010294117647058823 0.0326797385620915
9 0.5911764705882353 0.16601307189542483 0.010294117647058823 0.03398692810457516
0 0.5790441176470588 0.06013071895424836 0.006617647058823529 0.01830065359477124
6 0.5794117647058823 0.06862745098039215 0.008823529411764706 0.02483660130718954
0 0.6044117647058823 0.03529411764705882 0.007352941176470588 0.0261437908496732
6 0.4904411764705882 0.0915032679738562 0.011764705882352941 0.02875816993464052
1 0.48970588235294116 0.08888888888888888 0.007352941176470588 0.02091503267973856
1 0.4345588235294118 0.2679738562091503 0.013235294117647059 0.04444444444444444
1 0.4375 0.27058823529411763 0.014705882352941176 0.04444444444444444
2 0.4349264705882353 0.28169934640522876 0.0125 0.0457516339869281
3 0.44779411764705884 0.00784313725490196 0.030882352941176472 0.01568627450980392
3 0.4606617647058823 0.01437908496732026 0.03161764705882353 0.02091503267973856
0 0.41360294117647056 0.06797385620915032 0.005147058823529412 0.023529411764705882
0 0.40955882352941175 0.06928104575163398 0.0058823529411764705 0.023529411764705882
0 0.4319852941176471 0.02418300653594771 0.005147058823529412 0.02483660130718954
0 0.4985294117647059 0.0065359477124183 0.004411764705882353 0.0130718954248366
3 0.5963235294117647 0.00522875816993464 0.01764705882352941 0.01045751633986928
