4 0.22604166666666667 0.03333333333333333 0.029166666666666667 0.06666666666666667
7 0.09479166666666666 0.05092592592592593 0.01875 0.04259259259259259
6 0.10781249999999999 0.0962962962962963 0.026041666666666668 0.040740740740740744
3 0.14635416666666667 0.0787037037037037 0.026041666666666668 0.0462962962962963
0 0.16145833333333334 0.053703703703703705 0.0125 0.02962962962962963
0 0.09791666666666667 0.1462962962962963 0.0125 0.03333333333333333
3 0.175 0.17685185185185187 0.06666666666666667 0.053703703703703705
3 0.1953125 0.2 0.051041666666666666 0.044444444444444446
4 0.14114583333333333 0.23055555555555557 0.040625 0.08703703703703704
4 0.2046875 0.2212962962962963 0.06145833333333333 0.053703703703703705
4 0.190625 0.26666666666666666 0.07083333333333333 0.05555555555555556
3 0.19322916666666667 0.3092592592592593 0.078125 0.06666666666666667
4 0.12395833333333334 0.337037037037037 0.04375 0.0962962962962963
9 0.033854166666666664 0.1962962962962963 0.017708333333333333 0.037037037037037035
3 0.04479166666666667 0.32592592592592595 0.041666666666666664 0.08148148148148149
5 0.10520833333333333 0.45462962962962966 0.05416666666666667 0.12407407407407407
3 0.19270833333333334 0.35555555555555557 0.07916666666666666 0.06666666666666667
0 0.20104166666666667 0.4953703703703704 0.020833333333333332 0.02777777777777778
5 0.20052083333333334 0.5472222222222223 0.10729166666666666 0.10185185185185186
5 0.19895833333333332 0.6305555555555555 0.125 0.11666666666666667
4 0.21927083333333333 0.7037037037037037 0.10104166666666667 0.11111111111111112
3 0.17760416666666667 0.8101851851851852 0.11562499999999999 0.13148148148148148
5 0.21822916666666667 0.8675925925925926 0.134375 0.13148148148148148
0 0.06458333333333333 0.8953703703703704 0.027083333333333334 0.061111111111111116
3 0.2671875 0.009259259259259259 0.034375 0.018518518518518517
4 0.23958333333333334 0.11203703703703705 0.03125 0.061111111111111116
3 0.25104166666666666 0.17777777777777778 0.03125 0.06296296296296297
1 0.33958333333333335 0.3416666666666667 0.014583333333333334 0.03888888888888889
2 0.3380208333333333 0.34351851851851856 0.02395833333333333 0.06851851851851852
1 0.2625 0.39166666666666666 0.016666666666666666 0.03888888888888889
6 0.26197916666666665 0.38796296296296295 0.026041666666666668 0.07592592592592592
3 0.38125 0.44351851851851853 0.03958333333333333 0.10185185185185186
3 0.3619791666666667 0.9120370370370371 0.06770833333333333 0.17592592592592593
3 0.5557291666666666 0.7092592592592593 0.06979166666666667 0.15185185185185185
3 0.34375 0.015740740740740743 0.022916666666666665 0.031481481481481485
4 0.4395833333333333 0.07314814814814816 0.029166666666666667 0.0462962962962963
3 0.4734375 0.13796296296296298 0.034375 0.0462962962962963
6 0.5489583333333333 0.13333333333333333 0.01875 0.037037037037037035
2 0.6 0.2111111111111111 0.022916666666666665 0.03333333333333333
3 0.5848958333333333 0.12685185185185185 0.051041666666666666 0.04259259259259259
0 0.6489583333333333 0.16666666666666669 0.010416666666666666 0.040740740740740744
3 0.5697916666666667 0.10740740740740741 0.04583333333333333 0.044444444444444446
5 0.5609375 0.09166666666666667 0.046875 0.05
3 0.55 0.07592592592592592 0.04375 0.037037037037037035
3 0.6171875 0.08796296296296297 0.028125 0.0462962962962963
3 0.6520833333333333 0.011111111111111112 0.03958333333333333 0.022222222222222223
3 0.6635416666666667 0.017592592592592594 0.041666666666666664 0.03518518518518519
3 0.671875 0.03518518518518519 0.041666666666666664 0.03333333333333333
3 0.6557291666666667 0.08240740740740742 0.036458333333333336 0.04259259259259259
3 0.675 0.1 0.041666666666666664 0.04814814814814815
9 0.6869791666666667 0.11481481481481481 0.017708333333333333 0.03333333333333333
0 0.6572916666666666 0.1212962962962963 0.010416666666666666 0.03518518518518519
4 0.7296875 0.1564814814814815 0.046875 0.0462962962962963
3 0.7458333333333333 0.17685185185185187 0.05416666666666667 0.05
9 0.7526041666666666 0.19907407407407407 0.026041666666666668 0.03518518518518519
4 0.7864583333333334 0.21574074074074076 0.05 0.05
3 0.684375 0.2888888888888889 0.06458333333333333 0.05555555555555556
3 0.7484375 0.35833333333333334 0.059375 0.05740740740740741
3 0.7796875 0.40555555555555556 0.065625 0.07777777777777778
0 0.8026041666666667 0.3416666666666667 0.013541666666666667 0.03888888888888889
0 0.8453125 0.4351851851851852 0.017708333333333333 0.05555555555555556
3 0.8958333333333334 0.5814814814814815 0.08958333333333333 0.08888888888888889
3 0.9723958333333333 0.5787037037037037 0.05520833333333333 0.11296296296296297
7 0.7958333333333333 0.9175925925925926 0.06458333333333333 0.11296296296296297
6 0.7651041666666667 0.9398148148148149 0.06770833333333333 0.12037037037037038
1 0.7838541666666666 0.962962962962963 0.021875 0.04814814814814815
5 0.7182291666666667 0.9444444444444445 0.08229166666666667 0.11111111111111112
5 0.8395833333333333 0.8240740740740741 0.13958333333333334 0.21481481481481482
5 0.8807291666666667 0.7481481481481482 0.11145833333333333 0.18888888888888888
6 0.9651041666666667 0.9064814814814816 0.06979166666666667 0.09074074074074075
3 0.7072916666666667 0.6314814814814815 0.09583333333333333 0.11481481481481481
6 0.6932291666666667 0.5601851851851852 0.05520833333333333 0.07592592592592592
3 0.6380208333333334 0.46111111111111114 0.057291666666666664 0.0962962962962963
6 0.5838541666666667 0.4314814814814815 0.034375 0.07037037037037037
0 0.5979166666666667 0.4240740740740741 0.010416666666666666 0.04814814814814815
6 0.5953125 0.37592592592592594 0.021875 0.05925925925925926
4 0.5651041666666666 0.32222222222222224 0.040625 0.07407407407407407
0 0.8140625 0.24351851851851852 0.013541666666666667 0.03888888888888889
3 0.8453125 0.23796296296296296 0.059375 0.061111111111111116
0 0.8385416666666666 0.2138888888888889 0.0125 0.0462962962962963
3 0.8921875 0.28055555555555556 0.059375 0.05740740740740741
0 0.8494791666666667 0.21481481481481482 0.009375 0.040740740740740744
0 0.8786458333333333 0.2212962962962963 0.013541666666666667 0.03888888888888889
3 0.9395833333333333 0.312962962962963 0.06875 0.06666666666666667
3 0.9640624999999999 0.3490740740740741 0.06354166666666666 0.05740740740740741
3 0.9796874999999999 0.3787037037037037 0.040625 0.06851851851851852
0 0.8703124999999999 0.03425925925925926 0.013541666666666667 0.03888888888888889
0 0.8520833333333333 0.04259259259259259 0.0125 0.040740740740740744
