3 0.4834558823529412 0.1895424836601307 0.009558823529411765 0.01568627450980392
3 0.4547794117647059 0.20849673202614377 0.011029411764705881 0.01699346405228758
0 0.43529411764705883 0.2542483660130719 0.0029411764705882353 0.0196078431372549
3 0.4253676470588235 0.22026143790849673 0.0125 0.02222222222222222
3 0.48933823529411763 0.30130718954248364 0.016911764705882352 0.03006535947712418
3 0.4496323529411765 0.26666666666666666 0.015441176470588236 0.023529411764705882
3 0.4113970588235294 0.24901960784313723 0.02426470588235294 0.02222222222222222
3 0.3849264705882353 0.3176470588235294 0.016911764705882352 0.03137254901960784
3 0.4238970588235294 0.37124183006535943 0.021323529411764706 0.0392156862745098
3 0.5735294117647058 0.24771241830065358 0.026470588235294117 0.02222222222222222
9 0.5459558823529411 0.2522875816993464 0.005147058823529412 0.01830065359477124
1 0.5459558823529411 0.25163398692810457 0.003676470588235294 0.011764705882352941
1 0.5459558823529411 0.2503267973856209 0.005147058823529412 0.01437908496732026
3 0.5158088235294117 0.28627450980392155 0.016911764705882352 0.023529411764705882
3 0.5147058823529411 0.2549019607843137 0.014705882352941176 0.0261437908496732
3 0.5742647058823529 0.26405228758169935 0.025 0.02091503267973856
3 0.5724264705882353 0.2745098039215686 0.021323529411764706 0.02091503267973856
3 0.58125 0.2869281045751634 0.021323529411764706 0.02222222222222222
4 0.5827205882352942 0.2947712418300653 0.016911764705882352 0.03006535947712418
3 0.5882352941176471 0.3176470588235294 0.023529411764705882 0.02875816993464052
9 0.5742647058823529 0.33464052287581697 0.0058823529411764705 0.02091503267973856
1 0.5742647058823529 0.32941176470588235 0.007352941176470588 0.023529411764705882
1 0.6316176470588235 0.2594771241830065 0.004411764705882353 0.0196078431372549
3 0.6202205882352941 0.30849673202614375 0.0375 0.02875816993464052
0 0.611764705882353 0.330718954248366 0.007352941176470588 0.0261437908496732
0 0.5617647058823529 0.47973856209150323 0.008823529411764706 0.04183006535947712
3 0.5294117647058824 0.4915032679738562 0.026470588235294117 0.0522875816993464
3 0.6334558823529411 0.42745098039215684 0.030147058823529412 0.0392156862745098
9 0.6014705882352941 0.4359477124183006 0.008823529411764706 0.03006535947712418
1 0.6022058823529411 0.4287581699346405 0.007352941176470588 0.03398692810457516
3 0.6536764705882353 0.4725490196078431 0.03676470588235294 0.04836601307189542
9 0.6334558823529411 0.5313725490196078 0.011029411764705881 0.04052287581699346
1 0.6356617647058823 0.5333333333333333 0.009558823529411765 0.0261437908496732
1 0.6338235294117647 0.5209150326797385 0.008823529411764706 0.03529411764705882
9 0.6455882352941177 0.5784313725490196 0.011764705882352941 0.03790849673202614
1 0.6455882352941177 0.5686274509803921 0.008823529411764706 0.04444444444444444
0 0.6757352941176471 0.5058823529411764 0.007352941176470588 0.04183006535947712
6 0.6573529411764706 0.5196078431372548 0.01764705882352941 0.04836601307189542
3 0.7080882352941177 0.5352941176470588 0.08088235294117647 0.05620915032679738
0 0.7893382352941176 0.4947712418300653 0.006617647058823529 0.050980392156862744
0 0.7893382352941176 0.515032679738562 0.005147058823529412 0.0261437908496732
1 0.7959558823529411 0.5169934640522875 0.008088235294117646 0.03006535947712418
1 0.7985294117647058 0.5209150326797385 0.008823529411764706 0.027450980392156862
1 0.8084558823529412 0.5222222222222221 0.009558823529411765 0.0326797385620915
0 0.8691176470588236 0.5490196078431372 0.022058823529411763 0.054901960784313725
3 0.7886029411764706 0.6405228758169934 0.07867647058823529 0.07320261437908496
0 0.8544117647058823 0.630718954248366 0.013235294117647059 0.05359477124183006
1 0.8875 0.6411764705882352 0.01911764705882353 0.04052287581699346
1 0.9058823529411765 0.692156862745098 0.020588235294117647 0.043137254901960784
1 0.8702205882352941 0.6986928104575163 0.016911764705882352 0.043137254901960784
1 0.8599264705882352 0.7058823529411764 0.021323529411764706 0.04444444444444444
4 0.7654411764705882 0.7509803921568627 0.06470588235294117 0.134640522875817
9 0.9180147058823529 0.9196078431372549 0.04632352941176471 0.06143790849673202
9 0.875 0.8346405228758169 0.03823529411764706 0.0457516339869281
3 0.8481617647058823 0.9450980392156862 0.09338235294117647 0.10980392156862745
3 0.5606617647058824 0.7333333333333333 0.05367647058823529 0.11241830065359476
3 0.4176470588235294 0.7398692810457516 0.052941176470588235 0.10980392156862745
9 0.4875 0.6222222222222222 0.013235294117647059 0.047058823529411764
1 0.48713235294117646 0.6091503267973856 0.013970588235294117 0.047058823529411764
3 0.3816176470588235 0.20326797385620915 0.01911764705882353 0.01437908496732026
3 0.3849264705882353 0.21241830065359477 0.011029411764705881 0.01437908496732026
3 0.3775735294117647 0.21895424836601304 0.016911764705882352 0.01437908496732026
3 0.3529411764705882 0.24117647058823527 0.020588235294117647 0.02222222222222222
3 0.35110294117647056 0.25816993464052285 0.016911764705882352 0.02222222222222222
3 0.36875 0.23202614379084965 0.013970588235294117 0.0196078431372549
3 0.3275735294117647 0.28823529411764703 0.021323529411764706 0.027450980392156862
3 0.3154411764705882 0.3045751633986928 0.022058823529411763 0.03137254901960784
9 0.2933823529411765 0.28169934640522876 0.007352941176470588 0.0196078431372549
3 0.2746323529411765 0.3156862745098039 0.04338235294117647 0.03006535947712418
9 0.2849264705882353 0.30130718954248364 0.015441176470588236 0.01437908496732026
3 0.29044117647058826 0.3405228758169934 0.025 0.03006535947712418
3 0.2863970588235294 0.35947712418300654 0.027205882352941177 0.03660130718954248
3 0.2540441176470588 0.3915032679738562 0.03455882352941177 0.04052287581699346
9 0.23602941176470588 0.36013071895424836 0.010294117647058823 0.01437908496732026
2 0.23933823529411766 0.3529411764705882 0.015441176470588236 0.01568627450980392
3 0.07757352941176471 0.42810457516339867 0.06544117647058824 0.04836601307189542
3 0.11470588235294117 0.49019607843137253 0.08823529411764705 0.054901960784313725
9 0.2150735294117647 0.41699346405228754 0.008088235294117646 0.0261437908496732
1 0.19411764705882353 0.42156862745098034 0.0058823529411764705 0.01699346405228758
6 0.19375 0.4313725490196078 0.04191176470588235 0.0261437908496732
3 0.04154411764705882 0.6738562091503267 0.0801470588235294 0.10588235294117647
6 0.3095588235294118 0.6274509803921569 0.025 0.054901960784313725
1 0.3058823529411765 0.6071895424836601 0.013235294117647059 0.03790849673202614
3 0.3573529411764706 0.3758169934640523 0.026470588235294117 0.03790849673202614
