3 0.5109375 0.837962962962963 0.040625 0.13518518518518519
4 0.07864583333333333 0.9472222222222223 0.09270833333333334 0.10555555555555556
4 0.16041666666666665 0.7546296296296297 0.0875 0.19074074074074074
3 0.3463541666666667 0.5601851851851852 0.042708333333333334 0.09814814814814815
3 0.09479166666666666 0.7083333333333334 0.07916666666666666 0.19444444444444445
0 0.153125 0.6851851851851852 0.020833333333333332 0.05555555555555556
3 0.434375 0.49259259259259264 0.04583333333333333 0.08518518518518518
0 0.21302083333333333 0.5564814814814815 0.015625 0.0462962962962963
0 0.21145833333333333 0.5240740740740741 0.014583333333333334 0.040740740740740744
0 0.20052083333333334 0.5222222222222223 0.011458333333333333 0.04814814814814815
0 0.11510416666666666 0.5083333333333333 0.017708333333333333 0.053703703703703705
3 0.13854166666666667 0.44722222222222224 0.04583333333333333 0.10185185185185186
4 0.17083333333333334 0.4425925925925926 0.07083333333333333 0.15185185185185185
4 0.21614583333333334 0.4444444444444445 0.04895833333333333 0.12222222222222223
0 0.42343749999999997 0.43333333333333335 0.011458333333333333 0.044444444444444446
3 0.31666666666666665 0.39537037037037037 0.035416666666666666 0.07222222222222223
3 0.36614583333333334 0.3277777777777778 0.026041666666666668 0.05925925925925926
0 0.32708333333333334 0.35000000000000003 0.0125 0.037037037037037035
0 0.2947916666666667 0.3574074074074074 0.008333333333333333 0.03333333333333333
0 0.28072916666666664 0.35555555555555557 0.013541666666666667 0.037037037037037035
3 0.3375 0.3194444444444445 0.029166666666666667 0.06481481481481481
6 0.3541666666666667 0.2611111111111111 0.027083333333333334 0.05555555555555556
3 0.22291666666666665 0.25833333333333336 0.035416666666666666 0.053703703703703705
3 0.19895833333333332 0.25 0.027083333333333334 0.05925925925925926
3 0.24635416666666665 0.1675925925925926 0.036458333333333336 0.02777777777777778
3 0.1875 0.1824074074074074 0.029166666666666667 0.03518518518518519
3 0.17291666666666666 0.19722222222222224 0.025 0.02777777777777778
3 0.2526041666666667 0.15092592592592594 0.03854166666666667 0.024074074074074074
0 0.20520833333333333 0.09074074074074075 0.008333333333333333 0.02592592592592593
0 0.2328125 0.09907407407407408 0.009375 0.02777777777777778
3 0.26875 0.1287037037037037 0.029166666666666667 0.024074074074074074
3 0.2755208333333333 0.12037037037037038 0.028125 0.02592592592592593
0 0.3171875 0.10370370370370371 0.005208333333333333 0.022222222222222223
0 0.32135416666666666 0.10277777777777779 0.005208333333333333 0.02777777777777778
0 0.3177083333333333 0.08240740740740742 0.00625 0.020370370370370372
0 0.29375 0.08518518518518518 0.008333333333333333 0.02592592592592593
0 0.39166666666666666 0.12037037037037038 0.008333333333333333 0.02592592592592593
0 0.3828125 0.16018518518518518 0.005208333333333333 0.024074074074074074
3 0.3770833333333333 0.1638888888888889 0.00625 0.02777777777777778
0 0.37395833333333334 0.1574074074074074 0.004166666666666667 0.02962962962962963
0 0.39739583333333334 0.10833333333333334 0.007291666666666667 0.02777777777777778
0 0.3984375 0.09907407407407408 0.009375 0.031481481481481485
3 0.48333333333333334 0.19722222222222224 0.020833333333333332 0.03888888888888889
6 0.5 0.5037037037037038 0.016666666666666666 0.05555555555555556
1 0.5015625 0.48703703703703705 0.007291666666666667 0.018518518518518517
3 0.5125 0.3990740740740741 0.029166666666666667 0.06481481481481481
6 0.4640625 0.15092592592592594 0.013541666666666667 0.03518518518518519
3 0.28541666666666665 0.10925925925925926 0.029166666666666667 0.02592592592592593
3 0.26927083333333335 0.10092592592592593 0.030208333333333334 0.024074074074074074
3 0.27447916666666666 0.08888888888888889 0.028125 0.018518518518518517
3 0.2739583333333333 0.08148148148148149 0.03125 0.018518518518518517
3 0.275 0.0787037037037037 0.027083333333333334 0.020370370370370372
3 0.2895833333333333 0.06944444444444445 0.020833333333333332 0.016666666666666666
3 0.29583333333333334 0.06574074074074074 0.025 0.016666666666666666
3 0.3052083333333333 0.05648148148148149 0.029166666666666667 0.016666666666666666
6 0.3234375 0.05648148148148149 0.013541666666666667 0.016666666666666666
0 0.24687499999999998 0.09166666666666667 0.004166666666666667 0.016666666666666666
0 0.25729166666666664 0.10462962962962963 0.004166666666666667 0.016666666666666666
0 0.2625 0.10925925925925926 0.004166666666666667 0.018518518518518517
0 0.24687499999999998 0.1 0.004166666666666667 0.014814814814814815
3 0.38177083333333334 0.21203703703703705 0.021875 0.05
3 0.39166666666666666 0.17592592592592593 0.01875 0.02962962962962963
8 0.425 0.1574074074074074 0.027083333333333334 0.06666666666666667
0 0.5125 0.16666666666666669 0.008333333333333333 0.02592592592592593
3 0.5375 0.19166666666666668 0.01875 0.03888888888888889
6 0.4822916666666667 0.15185185185185185 0.0125 0.03333333333333333
1 0.44375 0.11574074074074074 0.004166666666666667 0.009259259259259259
6 0.44427083333333334 0.11944444444444445 0.009375 0.031481481481481485
4 0.4140625 0.11018518518518519 0.015625 0.031481481481481485
3 0.4671875 0.09351851851851853 0.015625 0.02777777777777778
3 0.484375 0.11944444444444445 0.014583333333333334 0.024074074074074074
6 0.5401041666666666 0.12222222222222223 0.011458333333333333 0.022222222222222223
3 0.4192708333333333 0.08703703703703704 0.013541666666666667 0.02592592592592593
0 0.428125 0.0925925925925926 0.00625 0.022222222222222223
0 0.4505208333333333 0.1 0.007291666666666667 0.022222222222222223
3 0.5 0.09074074074074075 0.014583333333333334 0.022222222222222223
8 0.5166666666666666 0.06481481481481481 0.016666666666666666 0.044444444444444446
3 0.4927083333333333 0.07037037037037037 0.014583333333333334 0.022222222222222223
3 0.4822916666666667 0.049074074074074076 0.01875 0.020370370370370372
3 0.4296875 0.06944444444444445 0.017708333333333333 0.020370370370370372
6 0.4484375 0.05555555555555556 0.013541666666666667 0.02592592592592593
4 0.43072916666666666 0.05555555555555556 0.013541666666666667 0.022222222222222223
0 0.4583333333333333 0.032407407407407406 0.004166666666666667 0.009259259259259259
9 0.45677083333333335 0.03888888888888889 0.009375 0.011111111111111112
1 0.471875 0.03333333333333333 0.004166666666666667 0.011111111111111112
9 0.471875 0.03981481481481482 0.00625 0.009259259259259259
3 0.5067708333333333 0.04814814814814815 0.009375 0.018518518518518517
3 0.4822916666666667 0.017592592592592594 0.010416666666666666 0.016666666666666666
3 0.4505208333333333 0.022222222222222223 0.009375 0.014814814814814815
3 0.4484375 0.011111111111111112 0.011458333333333333 0.018518518518518517
0 0.4635416666666667 0.030555555555555558 0.004166666666666667 0.012962962962962964
8 0.5630208333333333 0.6462962962962964 0.042708333333333334 0.1814814814814815
4 0.5552083333333333 0.525 0.03125 0.06481481481481481
4 0.5536458333333333 0.4175925925925926 0.034375 0.09074074074074075
3 0.553125 0.33796296296296297 0.029166666666666667 0.06481481481481481
3 0.5505208333333333 0.2851851851851852 0.034375 0.06296296296296297
3 0.5375 0.05648148148148149 0.0125 0.020370370370370372
3 0.5395833333333333 0.04537037037037037 0.0125 0.016666666666666666
3 0.5348958333333333 0.032407407407407406 0.011458333333333333 0.016666666666666666
3 0.5380208333333333 0.024074074074074074 0.011458333333333333 0.014814814814814815
3 0.6510416666666666 0.675 0.08333333333333333 0.06851851851851852
2 0.8203125 0.674074074074074 0.019791666666666666 0.04814814814814815
9 0.78125 0.6138888888888889 0.014583333333333334 0.05
9 0.7958333333333333 0.6083333333333334 0.01875 0.05
0 0.7380208333333333 0.5638888888888889 0.015625 0.0462962962962963
6 0.7427083333333333 0.5046296296296297 0.029166666666666667 0.061111111111111116
2 0.725 0.39351851851851855 0.014583333333333334 0.031481481481481485
0 0.6484375 0.33240740740740743 0.009375 0.03888888888888889
3 0.6177083333333333 0.27222222222222225 0.029166666666666667 0.05185185185185186
0 0.671875 0.3138888888888889 0.008333333333333333 0.031481481481481485
6 0.6927083333333334 0.3074074074074074 0.020833333333333332 0.044444444444444446
0 0.6932291666666667 0.25462962962962965 0.007291666666666667 0.031481481481481485
0 0.6880208333333333 0.2490740740740741 0.007291666666666667 0.03518518518518519
9 0.66875 0.19907407407407407 0.010416666666666666 0.02777777777777778
0 0.6671875 0.1527777777777778 0.007291666666666667 0.024074074074074074
3 0.5822916666666667 0.19444444444444445 0.03958333333333333 0.02592592592592593
3 0.5994791666666667 0.1685185185185185 0.028125 0.03333333333333333
3 0.5703125 0.17685185185185187 0.03229166666666666 0.024074074074074074
3 0.5635416666666666 0.1638888888888889 0.03333333333333333 0.031481481481481485
3 0.5703125 0.14907407407407408 0.034375 0.02777777777777778
3 0.5989583333333334 0.1388888888888889 0.020833333333333332 0.02592592592592593
3 0.6416666666666666 0.1287037037037037 0.020833333333333332 0.03518518518518519
3 0.565625 0.13518518518518519 0.0375 0.022222222222222223
3 0.5958333333333333 0.11388888888888889 0.01875 0.031481481481481485
3 0.6088541666666667 0.0462962962962963 0.013541666666666667 0.02592592592592593
4 0.5619791666666667 0.0925925925925926 0.034375 0.02592592592592593
4 0.5614583333333333 0.08425925925925926 0.03333333333333333 0.024074074074074074
3 0.5640625 0.07685185185185185 0.03229166666666666 0.020370370370370372
5 0.5604166666666667 0.0712962962962963 0.029166666666666667 0.020370370370370372
5 0.5703125 0.05 0.03229166666666666 0.02592592592592593
0 0.5989583333333334 0.03518518518518519 0.004166666666666667 0.018518518518518517
0 0.5921875 0.021296296296296296 0.005208333333333333 0.016666666666666666
0 0.6020833333333333 0.032407407407407406 0.004166666666666667 0.020370370370370372
4 0.5614583333333333 0.032407407407407406 0.022916666666666665 0.020370370370370372
4 0.5567708333333333 0.02777777777777778 0.017708333333333333 0.022222222222222223
3 0.5979166666666667 0.012037037037037037 0.008333333333333333 0.020370370370370372
