3 0.33308823529411763 0.05359477124183006 0.054411764705882354 0.10718954248366012
3 0.3654411764705882 0.4915032679738562 0.07647058823529412 0.21437908496732025
0 0.2838235294117647 0.047058823529411764 0.016176470588235292 0.07581699346405228
0 0.2952205882352941 0.0326797385620915 0.015441176470588236 0.065359477124183
0 0.36617647058823527 0.03660130718954248 0.010294117647058823 0.05751633986928104
0 0.3724264705882353 0.045098039215686274 0.009558823529411765 0.0457516339869281
0 0.38088235294117645 0.04248366013071895 0.014705882352941176 0.06405228758169934
0 0.3922794117647059 0.17254901960784313 0.015441176470588236 0.07320261437908496
0 0.41654411764705884 0.1790849673202614 0.016911764705882352 0.07320261437908496
0 0.41066176470588234 0.14836601307189543 0.01838235294117647 0.07450980392156863
0 0.2463235294117647 0.35947712418300654 0.022058823529411763 0.08104575163398692
0 0.22426470588235295 0.39738562091503266 0.01911764705882353 0.08627450980392157
0 0.2977941176470588 0.5686274509803921 0.023529411764705882 0.08366013071895424
0 0.33051470588235293 0.592156862745098 0.028676470588235293 0.08888888888888888
0 0.25588235294117645 0.7555555555555555 0.023529411764705882 0.07581699346405228
0 0.2742647058823529 0.7366013071895424 0.030882352941176472 0.08758169934640522
0 0.48419117647058824 0.8529411764705882 0.02426470588235294 0.10065359477124182
0 0.4349264705882353 0.9607843137254901 0.027205882352941177 0.0784313725490196
0 0.4209558823529412 0.8359477124183006 0.01838235294117647 0.10065359477124182
1 0.4400735294117647 0.7568627450980392 0.02426470588235294 0.04444444444444444
1 0.4455882352941176 0.8039215686274509 0.029411764705882353 0.06797385620915032
0 0.4727941176470588 0.6986928104575163 0.014705882352941176 0.0849673202614379
0 0.4878676470588235 0.7183006535947712 0.019852941176470587 0.09019607843137255
0 0.5352941176470588 0.6163398692810457 0.01764705882352941 0.07973856209150326
0 0.524264705882353 0.5392156862745098 0.016176470588235292 0.08235294117647059
0 0.4363970588235294 0.39738562091503266 0.015441176470588236 0.08888888888888888
0 0.4588235294117647 0.49281045751633984 0.016176470588235292 0.07581699346405228
0 0.43088235294117644 0.49803921568627446 0.020588235294117647 0.08627450980392157
0 0.49338235294117644 0.12941176470588234 0.016176470588235292 0.07320261437908496
0 0.4602941176470588 0.1568627450980392 0.016176470588235292 0.07320261437908496
0 0.3966911764705882 0.21045751633986925 0.016911764705882352 0.07320261437908496
0 0.4073529411764706 0.2418300653594771 0.01764705882352941 0.0784313725490196
0 0.5257352941176471 0.8444444444444443 0.020588235294117647 0.10196078431372549
0 0.5636029411764706 0.8411764705882352 0.022794117647058822 0.08758169934640522
0 0.5897058823529412 0.7816993464052288 0.020588235294117647 0.08627450980392157
0 0.6316176470588235 0.8013071895424836 0.025 0.09411764705882353
0 0.6841911764705882 0.7699346405228757 0.028676470588235293 0.0915032679738562
0 0.6323529411764706 0.7078431372549019 0.022058823529411763 0.08758169934640522
0 0.6235294117647059 0.7732026143790849 0.025 0.10588235294117647
1 0.7213235294117647 0.8797385620915033 0.032352941176470584 0.065359477124183
0 0.5974264705882353 0.6026143790849673 0.019852941176470587 0.08627450980392157
0 0.5827205882352942 0.5326797385620915 0.01838235294117647 0.08758169934640522
0 0.6294117647058823 0.5248366013071895 0.01764705882352941 0.0849673202614379
0 0.6279411764705882 0.4764705882352941 0.01911764705882353 0.07450980392156863
0 0.6775735294117647 0.5124183006535947 0.01838235294117647 0.08104575163398692
0 0.6786764705882353 0.4444444444444444 0.01764705882352941 0.08366013071895424
0 0.6099264705882352 0.4084967320261438 0.015441176470588236 0.08235294117647059
0 0.6588235294117647 0.38692810457516336 0.016176470588235292 0.0784313725490196
0 0.6863970588235294 0.3509803921568627 0.016911764705882352 0.08235294117647059
0 0.6415441176470588 0.35620915032679734 0.021323529411764706 0.07712418300653594
0 0.51875 0.4745098039215686 0.0125 0.08627450980392157
0 0.5525735294117647 0.4666666666666666 0.0125 0.08104575163398692
0 0.61875 0.13006535947712417 0.016911764705882352 0.0718954248366013
0 0.649264705882353 0.22614379084967318 0.016176470588235292 0.07581699346405228
0 0.6676470588235294 0.29346405228758166 0.01911764705882353 0.07712418300653594
0 0.6011029411764706 0.3137254901960784 0.016911764705882352 0.0784313725490196
0 0.5794117647058823 0.3503267973856209 0.011764705882352941 0.0784313725490196
0 0.5544117647058824 0.322875816993464 0.014705882352941176 0.0784313725490196
0 0.5422794117647058 0.3732026143790849 0.013970588235294117 0.07973856209150326
0 0.5213235294117647 0.33464052287581697 0.016176470588235292 0.08104575163398692
0 0.7294117647058823 0.2751633986928104 0.022058823529411763 0.07712418300653594
0 0.75 0.3588235294117647 0.01764705882352941 0.07973856209150326
0 0.6981617647058823 0.28431372549019607 0.019852941176470587 0.0849673202614379
0 0.69375 0.2549019607843137 0.01838235294117647 0.054901960784313725
1 0.70625 0.12222222222222222 0.016911764705882352 0.050980392156862744
1 0.7294117647058823 0.14967320261437908 0.016176470588235292 0.050980392156862744
1 0.7621323529411764 0.161437908496732 0.016911764705882352 0.0457516339869281
1 0.7503676470588235 0.14444444444444443 0.0125 0.04052287581699346
0 0.6522058823529412 0.2771241830065359 0.011764705882352941 0.04444444444444444
0 0.6268382352941176 0.22614379084967318 0.016911764705882352 0.08366013071895424
0 0.5908088235294118 0.2745098039215686 0.015441176470588236 0.07581699346405228
0 0.5709558823529411 0.2503267973856209 0.013970588235294117 0.058823529411764705
0 0.5823529411764706 0.23660130718954248 0.014705882352941176 0.07320261437908496
0 0.5511029411764706 0.11437908496732026 0.016911764705882352 0.06928104575163398
0 0.5621323529411765 0.12941176470588234 0.011029411764705881 0.054901960784313725
0 0.5852941176470589 0.13333333333333333 0.016176470588235292 0.07320261437908496
0 0.5606617647058824 0.17254901960784313 0.015441176470588236 0.0522875816993464
0 0.5595588235294118 0.20130718954248364 0.016176470588235292 0.07058823529411765
0 0.6125 0.18431372549019606 0.016176470588235292 0.07058823529411765
0 0.6095588235294117 0.22287581699346404 0.01911764705882353 0.06928104575163398
0 0.5919117647058824 0.1895424836601307 0.013235294117647059 0.0784313725490196
0 0.5882352941176471 0.15816993464052287 0.013235294117647059 0.07058823529411765
0 0.46948529411764706 0.1895424836601307 0.0125 0.06274509803921569
0 0.44338235294117645 0.2620915032679738 0.011764705882352941 0.06928104575163398
0 0.4496323529411765 0.3032679738562091 0.013970588235294117 0.07320261437908496
0 0.47720588235294115 0.33921568627450976 0.01911764705882353 0.07450980392156863
0 0.5080882352941176 0.2875816993464052 0.014705882352941176 0.07581699346405228
0 0.4797794117647059 0.2594771241830065 0.013970588235294117 0.07712418300653594
0 0.46911764705882353 0.22875816993464052 0.013235294117647059 0.07058823529411765
0 0.5058823529411764 0.4032679738562091 0.022058823529411763 0.08235294117647059
0 0.5128676470588235 0.4313725490196078 0.015441176470588236 0.07581699346405228
0 0.55625 0.41699346405228754 0.015441176470588236 0.07320261437908496
0 0.9525735294117647 0.9091503267973856 0.04044117647058824 0.07973856209150326
0 0.9514705882352941 0.8771241830065359 0.047058823529411764 0.07058823529411765
9 0.5455882352941176 0.11176470588235293 0.039705882352941174 0.0457516339869281
