3 0.41796875 0.33194444444444443 0.011979166666666666 0.025
3 0.4354166666666667 0.3388888888888889 0.013541666666666667 0.018518518518518517
3 0.33177083333333335 0.8537037037037037 0.053125 0.12222222222222223
3 0.5268229166666667 0.913425925925926 0.05364583333333333 0.13611111111111113
3 0.50625 0.763425925925926 0.04583333333333333 0.09722222222222222
3 0.4940104166666667 0.612037037037037 0.033854166666666664 0.06666666666666667
9 0.5770833333333333 0.7518518518518519 0.02395833333333333 0.06296296296296297
1 0.5755208333333334 0.7537037037037038 0.015625 0.03518518518518519
1 0.5924479166666666 0.6657407407407407 0.009895833333333333 0.03518518518518519
9 0.590625 0.6787037037037037 0.010416666666666666 0.02962962962962963
2 0.546875 0.6444444444444445 0.01875 0.05
1 0.5453125 0.6430555555555556 0.009375 0.028703703703703703
1 0.48541666666666666 0.5453703703703704 0.00625 0.02962962962962963
1 0.48385416666666664 0.5458333333333334 0.008333333333333333 0.028703703703703703
9 0.48333333333333334 0.5555555555555556 0.011458333333333333 0.024074074074074074
1 0.5229166666666667 0.5199074074074074 0.008333333333333333 0.026851851851851852
1 0.5216145833333333 0.512962962962963 0.0067708333333333336 0.024074074074074074
9 0.521875 0.5231481481481481 0.010416666666666666 0.018518518518518517
1 0.4640625 0.49444444444444446 0.007291666666666667 0.02777777777777778
9 0.4635416666666667 0.5120370370370371 0.005208333333333333 0.024074074074074074
1 0.46822916666666664 0.5097222222222222 0.007291666666666667 0.025
9 0.46822916666666664 0.5208333333333334 0.00625 0.019444444444444445
1 0.48671875 0.5018518518518519 0.0067708333333333336 0.024074074074074074
9 0.48541666666666666 0.5111111111111112 0.009375 0.020370370370370372
1 0.49583333333333335 0.49722222222222223 0.008333333333333333 0.022222222222222223
9 0.49557291666666664 0.5064814814814815 0.008854166666666666 0.022222222222222223
9 0.5033854166666667 0.49074074074074076 0.01614583333333333 0.02962962962962963
0 0.503125 0.4814814814814815 0.009375 0.022222222222222223
1 0.475 0.4287037037037037 0.005208333333333333 0.014814814814814815
9 0.4734375 0.4398148148148148 0.009375 0.024074074074074074
3 0.9283854166666666 0.9037037037037038 0.0828125 0.11851851851851852
3 0.3533854166666667 0.7425925925925926 0.04635416666666667 0.09074074074074075
