3 0.159375 0.9222222222222223 0.05416666666666667 0.1425925925925926
0 0.07838541666666667 0.9087962962962963 0.018229166666666668 0.0638888888888889
3 0.21796875 0.6851851851851852 0.0484375 0.08888888888888889
3 0.1359375 0.7287037037037037 0.057291666666666664 0.0962962962962963
3 0.06614583333333333 0.7388888888888889 0.06666666666666667 0.09444444444444444
3 0.023177083333333334 0.7199074074074074 0.04635416666666667 0.10277777777777779
3 0.17916666666666667 0.6361111111111112 0.046875 0.07592592592592592
3 0.121875 0.6476851851851853 0.052083333333333336 0.07685185185185185
3 0.08020833333333333 0.6324074074074074 0.05625 0.07777777777777778
3 0.12708333333333333 0.5555555555555556 0.04583333333333333 0.05740740740740741
3 0.16927083333333334 0.5620370370370371 0.040625 0.05925925925925926
4 0.25885416666666666 0.5745370370370371 0.042708333333333334 0.08981481481481482
3 0.290625 0.4981481481481482 0.03333333333333333 0.053703703703703705
4 0.24505208333333334 0.49444444444444446 0.034895833333333334 0.061111111111111116
3 0.21223958333333334 0.48703703703703705 0.034895833333333334 0.05
3 0.18203125 0.46435185185185185 0.03697916666666667 0.05462962962962963
3 0.31223958333333335 0.4412037037037037 0.027604166666666666 0.03981481481481482
3 0.27447916666666666 0.4449074074074074 0.030208333333333334 0.04166666666666667
3 0.23854166666666665 0.4365740740740741 0.03229166666666666 0.04166666666666667
3 0.228125 0.39675925925925926 0.027083333333333334 0.03796296296296296
1 0.24479166666666666 0.3125 0.00625 0.01388888888888889
2 0.24453125 0.32407407407407407 0.0067708333333333336 0.014814814814814815
3 0.28020833333333334 0.36388888888888893 0.022916666666666665 0.03333333333333333
3 0.30807291666666664 0.3402777777777778 0.019270833333333334 0.030555555555555558
5 0.33229166666666665 0.3703703703703704 0.04375 0.08333333333333334
3 0.3546875 0.3314814814814815 0.019791666666666666 0.031481481481481485
4 0.33619791666666665 0.3092592592592593 0.0171875 0.03518518518518519
4 0.35651041666666666 0.3060185185185185 0.01614583333333333 0.030555555555555558
3 0.3671875 0.29120370370370374 0.016666666666666666 0.030555555555555558
3 0.33671875 0.2935185185185185 0.022395833333333334 0.02777777777777778
3 0.3481770833333333 0.27685185185185185 0.0171875 0.022222222222222223
3 0.37838541666666664 0.26712962962962966 0.015104166666666667 0.025
3 0.31588541666666664 0.2189814814814815 0.0036458333333333334 0.019444444444444445
1 0.3302083333333333 0.2050925925925926 0.005208333333333333 0.010185185185185186
2 0.3307291666666667 0.21064814814814817 0.004166666666666667 0.010185185185185186
3 0.44375 0.3055555555555556 0.014583333333333334 0.02592592592592593
3 0.44947916666666665 0.2189814814814815 0.009375 0.015740740740740743
3 0.4515625 0.18472222222222223 0.008333333333333333 0.01388888888888889
1 0.46640624999999997 0.17175925925925928 0.0026041666666666665 0.004629629629629629
6 0.46640624999999997 0.17500000000000002 0.0036458333333333334 0.007407407407407408
3 0.38776041666666666 0.2425925925925926 0.011979166666666666 0.020370370370370372
3 0.3731770833333333 0.22870370370370371 0.0109375 0.018518518518518517
3 0.38046875 0.21666666666666667 0.011979166666666666 0.018518518518518517
3 0.3927083333333333 0.2263888888888889 0.009375 0.015740740740740743
3 0.39817708333333335 0.21805555555555556 0.009895833333333333 0.015740740740740743
3 0.36614583333333334 0.21157407407407408 0.011458333333333333 0.017592592592592594
3 0.3520833333333333 0.20462962962962963 0.011458333333333333 0.018518518518518517
3 0.3723958333333333 0.19583333333333333 0.009375 0.01388888888888889
3 0.37604166666666666 0.16620370370370371 0.008333333333333333 0.012037037037037037
3 0.3854166666666667 0.18101851851851852 0.008333333333333333 0.01388888888888889
4 0.38567708333333334 0.17592592592592593 0.0078125 0.016666666666666666
4 0.40182291666666664 0.20694444444444446 0.0109375 0.02314814814814815
4 0.4049479166666667 0.18888888888888888 0.008854166666666666 0.012962962962962964
4 0.41015625 0.18333333333333335 0.008854166666666666 0.018518518518518517
3 0.4044270833333333 0.19675925925925927 0.009895833333333333 0.015740740740740743
3 0.4 0.1736111111111111 0.009375 0.01388888888888889
3 0.3966145833333333 0.16666666666666669 0.0078125 0.011111111111111112
4 0.3924479166666667 0.1615740740740741 0.0067708333333333336 0.015740740740740743
4 0.38828125 0.15185185185185185 0.0067708333333333336 0.011111111111111112
3 0.39739583333333334 0.15185185185185185 0.00625 0.009259259259259259
3 0.4044270833333333 0.15787037037037038 0.0078125 0.010185185185185186
5 0.4145833333333333 0.16064814814814815 0.013541666666666667 0.03981481481481482
3 0.42083333333333334 0.15416666666666667 0.007291666666666667 0.012037037037037037
3 0.42343749999999997 0.1462962962962963 0.007291666666666667 0.009259259259259259
3 0.4244791666666667 0.14305555555555557 0.00625 0.010185185185185186
3 0.4263020833333333 0.14074074074074075 0.0067708333333333336 0.011111111111111112
3 0.428125 0.13611111111111113 0.00625 0.007407407407407408
3 0.42890625 0.13148148148148148 0.005729166666666666 0.009259259259259259
3 0.4302083333333333 0.1300925925925926 0.004166666666666667 0.006481481481481482
3 0.4328125 0.12407407407407407 0.004166666666666667 0.009259259259259259
4 0.4393229166666667 0.13703703703703704 0.005729166666666666 0.011111111111111112
4 0.44140625 0.1328703703703704 0.005729166666666666 0.012037037037037037
4 0.4427083333333333 0.12268518518518519 0.005208333333333333 0.012037037037037037
3 0.46067708333333335 0.10740740740740741 0.0046875 0.007407407407407408
3 0.4518229166666667 0.10972222222222222 0.0036458333333333334 0.004629629629629629
4 0.4049479166666667 0.13611111111111113 0.005729166666666666 0.012962962962962964
3 0.4005208333333333 0.13148148148148148 0.005208333333333333 0.007407407407407408
3 0.40520833333333334 0.12453703703703704 0.004166666666666667 0.008333333333333333
3 0.41354166666666664 0.12638888888888888 0.005208333333333333 0.008333333333333333
3 0.4231770833333333 0.12268518518518519 0.0067708333333333336 0.008333333333333333
3 0.4184895833333333 0.11666666666666667 0.0036458333333333334 0.007407407407407408
4 0.4283854166666667 0.1087962962962963 0.0046875 0.010185185185185186
3 0.4239583333333333 0.10555555555555556 0.004166666666666667 0.007407407407407408
3 0.41692708333333334 0.10972222222222222 0.0036458333333333334 0.006481481481481482
3 0.4109375 0.11574074074074074 0.005208333333333333 0.009259259259259259
