3 0.39595588235294116 0.922875816993464 0.06544117647058824 0.15424836601307187
3 0.26066176470588237 0.8653594771241829 0.11838235294117647 0.09673202614379084
4 0.06544117647058824 0.9490196078431372 0.11470588235294117 0.10196078431372549
3 0.07426470588235294 0.896078431372549 0.08235294117647059 0.11633986928104574
3 0.03051470588235294 0.8098039215686273 0.06102941176470588 0.09803921568627451
9 0.03051470588235294 0.8431372549019607 0.04044117647058824 0.047058823529411764
9 0.016176470588235292 0.8856209150326797 0.032352941176470584 0.05620915032679738
3 0.2838235294117647 0.7797385620915032 0.09411764705882353 0.08758169934640522
3 0.02426470588235294 0.5790849673202614 0.04852941176470588 0.08366013071895424
3 0.03419117647058823 0.4993464052287581 0.06691176470588235 0.0522875816993464
3 0.07647058823529412 0.5588235294117647 0.047058823529411764 0.07973856209150326
3 0.2977941176470588 0.6705882352941176 0.08823529411764705 0.11764705882352941
3 0.33897058823529413 0.5797385620915032 0.03529411764705882 0.09542483660130718
3 0.33897058823529413 0.7300653594771241 0.04264705882352941 0.10588235294117647
3 0.18786764705882353 0.44967320261437904 0.06544117647058824 0.0522875816993464
6 0.075 0.3758169934640523 0.032352941176470584 0.0457516339869281
0 0.13198529411764706 0.34444444444444444 0.009558823529411765 0.03529411764705882
1 0.1400735294117647 0.3954248366013072 0.008088235294117646 0.0196078431372549
3 0.27683823529411766 0.42222222222222217 0.06544117647058824 0.047058823529411764
2 0.2988970588235294 0.3915032679738562 0.009558823529411765 0.03529411764705882
9 0.30183823529411763 0.3633986928104575 0.008088235294117646 0.03137254901960784
4 0.3338235294117647 0.38954248366013067 0.029411764705882353 0.06274509803921569
9 0.36323529411764705 0.3836601307189542 0.01764705882352941 0.03790849673202614
3 0.3886029411764706 0.4130718954248366 0.028676470588235293 0.054901960784313725
3 0.4143382352941176 0.3934640522875817 0.025735294117647058 0.0522875816993464
2 0.3816176470588235 0.37450980392156863 0.016176470588235292 0.02483660130718954
9 0.4415441176470588 0.36209150326797385 0.022794117647058822 0.0261437908496732
1 0.47904411764705884 0.36405228758169933 0.009558823529411765 0.02222222222222222
1 0.49779411764705883 0.33137254901960783 0.0058823529411764705 0.02483660130718954
3 0.47573529411764703 0.4633986928104575 0.06323529411764706 0.050980392156862744
0 0.3676470588235294 0.5601307189542484 0.013235294117647059 0.0457516339869281
2 0.3654411764705882 0.5738562091503268 0.010294117647058823 0.03660130718954248
1 0.3841911764705882 0.5431372549019607 0.011029411764705881 0.0326797385620915
9 0.3845588235294118 0.549673202614379 0.011764705882352941 0.027450980392156862
9 0.3897058823529412 0.5176470588235293 0.020588235294117647 0.03398692810457516
1 0.39080882352941176 0.5104575163398692 0.011029411764705881 0.03529411764705882
0 0.5305147058823529 0.02810457516339869 0.005147058823529412 0.0196078431372549
4 0.5386029411764706 0.42287581699346405 0.06691176470588235 0.058823529411764705
3 0.6125 0.426797385620915 0.058823529411764705 0.0457516339869281
9 0.5448529411764705 0.3732026143790849 0.020588235294117647 0.027450980392156862
9 0.5279411764705882 0.38888888888888884 0.01764705882352941 0.02222222222222222
2 0.5856617647058824 0.3699346405228758 0.022794117647058822 0.023529411764705882
9 0.6161764705882353 0.37973856209150325 0.0058823529411764705 0.03006535947712418
9 0.6408088235294117 0.3836601307189542 0.006617647058823529 0.027450980392156862
2 0.6404411764705882 0.37189542483660126 0.020588235294117647 0.02222222222222222
3 0.5422794117647058 0.5745098039215686 0.04191176470588235 0.0718954248366013
3 0.6867647058823529 0.43267973856209146 0.061764705882352944 0.04444444444444444
0 0.7180147058823529 0.3830065359477124 0.005147058823529412 0.03660130718954248
1 0.725 0.37712418300653594 0.011764705882352941 0.027450980392156862
1 0.7400735294117647 0.37712418300653594 0.006617647058823529 0.0196078431372549
9 0.7753676470588236 0.4111111111111111 0.008088235294117646 0.0326797385620915
2 0.8110294117647059 0.3836601307189542 0.020588235294117647 0.02222222222222222
9 0.8632352941176471 0.3986928104575163 0.007352941176470588 0.03137254901960784
9 0.8705882352941177 0.39215686274509803 0.007352941176470588 0.03137254901960784
0 0.8455882352941176 0.4065359477124183 0.007352941176470588 0.03137254901960784
6 0.9036764705882353 0.43464052287581695 0.04852941176470588 0.04052287581699346
9 0.9569852941176471 0.43856209150326797 0.02426470588235294 0.02483660130718954
9 0.9360294117647059 0.4183006535947712 0.007352941176470588 0.03137254901960784
6 0.6466911764705883 0.5450980392156862 0.05073529411764706 0.03660130718954248
3 0.6261029411764706 0.6006535947712418 0.04044117647058824 0.08758169934640522
3 0.6272058823529412 0.692156862745098 0.041176470588235294 0.09281045751633986
3 0.5213235294117647 0.7215686274509804 0.041176470588235294 0.10718954248366012
0 0.5599264705882353 0.7594771241830065 0.011029411764705881 0.04967320261437908
3 0.5985294117647059 0.8196078431372549 0.04264705882352941 0.11503267973856209
3 0.6720588235294117 0.7692810457516339 0.08823529411764705 0.07712418300653594
3 0.6533088235294118 0.8967320261437908 0.04632352941176471 0.13856209150326795
4 0.6602941176470588 0.984313725490196 0.047058823529411764 0.03137254901960784
3 0.8529411764705882 0.5980392156862745 0.05 0.09019607843137255
4 0.7033088235294117 0.6137254901960784 0.05661764705882353 0.10849673202614378
3 0.7452205882352941 0.5895424836601306 0.05808823529411765 0.09934640522875816
3 0.7889705882352941 0.5947712418300654 0.058823529411764705 0.08888888888888888
0 0.7503676470588235 0.5320261437908497 0.009558823529411765 0.04183006535947712
4 0.9316176470588236 0.5627450980392157 0.075 0.09542483660130718
1 0.010294117647058823 0.365359477124183 0.011764705882352941 0.0326797385620915
0 0.14852941176470588 0.3522875816993464 0.010294117647058823 0.03529411764705882
0 0.15220588235294116 0.365359477124183 0.008823529411764706 0.0326797385620915
7 0.12389705882352942 0.27581699346405225 0.027205882352941177 0.047058823529411764
