0 0.19114583333333332 0.10740740740740741 0.009375 0.05185185185185186
0 0.18697916666666667 0.14166666666666666 0.013541666666666667 0.053703703703703705
0 0.23802083333333332 0.13703703703703704 0.013541666666666667 0.04814814814814815
0 0.353125 0.15833333333333333 0.0125 0.05740740740740741
0 0.3328125 0.33240740740740743 0.017708333333333333 0.11296296296296297
0 0.3833333333333333 0.4398148148148148 0.020833333333333332 0.1537037037037037
0 0.21927083333333333 0.3666666666666667 0.028125 0.11481481481481481
0 0.16510416666666666 0.4759259259259259 0.028125 0.15185185185185185
0 0.3046875 0.5814814814814815 0.03854166666666667 0.17407407407407408
0 0.365625 0.562962962962963 0.03125 0.16296296296296298
0 0.3385416666666667 0.49074074074074076 0.025 0.15555555555555556
0 0.5604166666666667 0.7361111111111112 0.04583333333333333 0.22037037037037038
0 0.7177083333333333 0.7537037037037038 0.0375 0.24814814814814815
0 0.55625 0.5120370370370371 0.03958333333333333 0.16481481481481483
0 0.43072916666666666 0.47222222222222227 0.03229166666666666 0.15555555555555556
0 0.39791666666666664 0.1 0.010416666666666666 0.05555555555555556
0 0.42343749999999997 0.12037037037037038 0.013541666666666667 0.05185185185185186
0 0.6375 0.1527777777777778 0.0125 0.07222222222222223
0 0.559375 0.2175925925925926 0.016666666666666666 0.08333333333333334
0 0.6046875 0.08981481481481482 0.009375 0.04259259259259259
0 0.6125 0.10833333333333334 0.010416666666666666 0.0462962962962963
0 0.7265625 0.11666666666666667 0.013541666666666667 0.05925925925925926
0 0.6786458333333333 0.19444444444444445 0.015625 0.07407407407407407
0 0.7520833333333333 0.14722222222222223 0.010416666666666666 0.06481481481481481
0 0.7895833333333333 0.23425925925925928 0.014583333333333334 0.07962962962962963
0 0.8463541666666666 0.18703703703703706 0.009375 0.04814814814814815
0 0.8489583333333334 0.22870370370370371 0.014583333333333334 0.07222222222222223
0 0.8640625 0.2777777777777778 0.017708333333333333 0.10370370370370371
0 0.9494791666666667 0.23703703703703705 0.015625 0.08518518518518518
0 0.9 0.3314814814814815 0.025 0.12962962962962962
0 0.9489583333333333 0.3231481481481482 0.027083333333333334 0.10555555555555556
0 0.9901041666666667 0.40092592592592596 0.019791666666666666 0.1425925925925926
0 0.9796874999999999 0.24537037037037038 0.021875 0.07962962962962963
0 0.9723958333333333 0.18888888888888888 0.013541666666666667 0.08518518518518518
0 0.7942708333333334 0.18888888888888888 0.011458333333333333 0.05185185185185186
0 0.6869791666666667 0.15092592592592594 0.009375 0.053703703703703705
0 0.7666666666666666 0.1277777777777778 0.010416666666666666 0.05925925925925926
0 0.7802083333333333 0.09537037037037037 0.0125 0.06481481481481481
1 0.91875 0.19814814814814816 0.01875 0.044444444444444446
1 0.825 0.2851851851851852 0.025 0.08518518518518518
1 0.8072916666666666 0.2916666666666667 0.027083333333333334 0.09444444444444444
9 0.8744791666666667 0.14444444444444446 0.019791666666666666 0.037037037037037035
9 0.8979166666666667 0.15555555555555556 0.027083333333333334 0.040740740740740744
9 0.9114583333333334 0.1685185185185185 0.025 0.03333333333333333
9 0.9354166666666667 0.16203703703703703 0.03333333333333333 0.04259259259259259
9 0.8515625 0.14814814814814814 0.02395833333333333 0.040740740740740744
9 0.8421875 0.14351851851851852 0.03229166666666666 0.03518518518518519
9 0.8255208333333334 0.13611111111111113 0.030208333333333334 0.0462962962962963
9 0.7994791666666666 0.12685185185185185 0.03229166666666666 0.03518518518518519
9 0.7473958333333334 0.11481481481481481 0.030208333333333334 0.02962962962962963
9 0.703125 0.10370370370370371 0.03125 0.02592592592592593
9 0.6984375 0.09907407407407408 0.028125 0.02777777777777778
9 0.6817708333333333 0.09722222222222222 0.030208333333333334 0.031481481481481485
9 0.6776041666666667 0.08796296296296297 0.034375 0.03518518518518519
9 0.64375 0.08518518518518518 0.020833333333333332 0.02962962962962963
9 0.6119791666666666 0.0787037037037037 0.02395833333333333 0.03518518518518519
0 0.7375 0.1277777777777778 0.010416666666666666 0.05185185185185186
0 0.603125 0.18796296296296297 0.016666666666666666 0.05
0 0.5359375 0.11203703703703705 0.013541666666666667 0.03518518518518519
0 0.5546875 0.43333333333333335 0.019791666666666666 0.12962962962962962
1 0.5494791666666666 0.3453703703703704 0.026041666666666668 0.06851851851851852
0 0.5328125 0.32037037037037036 0.021875 0.0925925925925926
1 0.571875 0.03888888888888889 0.010416666666666666 0.02592592592592593
9 0.5734375 0.0462962962962963 0.013541666666666667 0.014814814814814815
1 0.3286458333333333 0.1675925925925926 0.013541666666666667 0.0462962962962963
0 0.4145833333333333 0.32222222222222224 0.01875 0.10370370370370371
0 0.42135416666666664 0.3101851851851852 0.021875 0.11666666666666667
1 0.4119791666666667 0.2972222222222222 0.011458333333333333 0.04259259259259259
2 0.4359375 0.36574074074074076 0.042708333333333334 0.05740740740740741
0 0.12447916666666667 0.34351851851851856 0.019791666666666666 0.053703703703703705
1 0.09583333333333333 0.33333333333333337 0.027083333333333334 0.06296296296296297
1 0.1453125 0.2490740740740741 0.013541666666666667 0.031481481481481485
1 0.1328125 0.24074074074074076 0.015625 0.02962962962962963
1 0.11927083333333333 0.2490740740740741 0.015625 0.02777777777777778
1 0.10260416666666666 0.2425925925925926 0.021875 0.044444444444444446
1 0.11770833333333333 0.23240740740740742 0.014583333333333334 0.04259259259259259
1 0.10833333333333334 0.23240740740740742 0.014583333333333334 0.05
1 0.14479166666666665 0.1462962962962963 0.010416666666666666 0.02592592592592593
1 0.13802083333333334 0.12685185185185185 0.013541666666666667 0.02777777777777778
1 0.11822916666666666 0.12685185185185185 0.015625 0.03518518518518519
0 0.15833333333333333 0.10925925925925926 0.010416666666666666 0.03333333333333333
