0 0.3584558823529412 0.618954248366013 0.02426470588235294 0.08758169934640522
0 0.5345588235294118 0.4620915032679738 0.01764705882352941 0.06666666666666667
0 0.46654411764705883 0.39673202614379083 0.013970588235294117 0.06666666666666667
0 0.4485294117647059 0.4058823529411764 0.014705882352941176 0.06666666666666667
0 0.43529411764705883 0.3849673202614379 0.014705882352941176 0.06666666666666667
0 0.4227941176470588 0.39934640522875814 0.013235294117647059 0.06928104575163398
0 0.40036764705882355 0.3856209150326797 0.013970588235294117 0.07581699346405228
0 0.3625 0.3679738562091503 0.016176470588235292 0.06405228758169934
0 0.3849264705882353 0.2823529411764706 0.0125 0.06274509803921569
0 0.13529411764705881 0.27843137254901956 0.013235294117647059 0.06013071895424836
0 0.6823529411764706 0.3875816993464052 0.013235294117647059 0.06928104575163398
0 0.7227941176470588 0.3418300653594771 0.011764705882352941 0.0326797385620915
0 0.7375 0.26601307189542484 0.013235294117647059 0.058823529411764705
0 0.7511029411764706 0.27058823529411763 0.011029411764705881 0.05751633986928104
0 0.8389705882352941 0.35620915032679734 0.011764705882352941 0.06143790849673202
0 0.8941176470588235 0.35424836601307186 0.01764705882352941 0.065359477124183
0 0.919485294117647 0.35620915032679734 0.021323529411764706 0.058823529411764705
0 0.8117647058823529 0.46535947712418296 0.016176470588235292 0.065359477124183
0 0.7988970588235293 0.4640522875816993 0.015441176470588236 0.06274509803921569
0 0.7970588235294117 0.3758169934640523 0.010294117647058823 0.03529411764705882
0 0.7783088235294118 0.3849673202614379 0.01838235294117647 0.06928104575163398
0 0.7889705882352941 0.3660130718954248 0.013235294117647059 0.06013071895424836
0 0.0400735294117647 0.19738562091503267 0.015441176470588236 0.047058823529411764
0 0.14816176470588235 0.16470588235294117 0.0125 0.04967320261437908
0 0.16544117647058823 0.1588235294117647 0.010294117647058823 0.04836601307189542
0 0.28566176470588234 0.23529411764705882 0.01838235294117647 0.047058823529411764
0 0.3 0.22875816993464052 0.014705882352941176 0.04444444444444444
0 0.31286764705882353 0.2457516339869281 0.008088235294117646 0.04967320261437908
0 0.3125 0.22614379084967318 0.011764705882352941 0.0392156862745098
9 0.28308823529411764 0.24444444444444444 0.011764705882352941 0.04183006535947712
9 0.29705882352941176 0.24313725490196078 0.011764705882352941 0.04183006535947712
9 0.3099264705882353 0.23464052287581696 0.015441176470588236 0.043137254901960784
0 0.5091911764705882 0.14705882352941174 0.011029411764705881 0.043137254901960784
0 0.5709558823529411 0.10522875816993463 0.008088235294117646 0.03529411764705882
0 0.5595588235294118 0.10849673202614378 0.0058823529411764705 0.01830065359477124
0 0.5511029411764706 0.08562091503267973 0.006617647058823529 0.03790849673202614
0 0.7121323529411765 0.0849673202614379 0.011029411764705881 0.03660130718954248
0 0.763235294117647 0.09215686274509803 0.014705882352941176 0.043137254901960784
0 0.7352941176470588 0.07254901960784313 0.007352941176470588 0.03529411764705882
0 0.7503676470588235 0.065359477124183 0.0125 0.03660130718954248
0 0.7636029411764705 0.05816993464052287 0.009558823529411765 0.0326797385620915
0 0.7746323529411765 0.0522875816993464 0.009558823529411765 0.03398692810457516
0 0.8327205882352942 0.10261437908496732 0.006617647058823529 0.01699346405228758
0 0.9069852941176471 0.13594771241830064 0.011029411764705881 0.04444444444444444
0 0.8639705882352942 0.10849673202614378 0.011764705882352941 0.0392156862745098
0 0.8441176470588235 0.09869281045751634 0.008823529411764706 0.03790849673202614
0 0.8264705882352941 0.07124183006535947 0.008823529411764706 0.03529411764705882
0 0.020955882352941175 0.12156862745098039 0.011029411764705881 0.0392156862745098
0 0.05919117647058823 0.10784313725490195 0.011029411764705881 0.03790849673202614
0 0.17169117647058824 0.13660130718954247 0.008088235294117646 0.03529411764705882
0 0.2639705882352941 0.12941176470588234 0.008823529411764706 0.03660130718954248
0 0.2838235294117647 0.12091503267973855 0.007352941176470588 0.03529411764705882
0 0.2911764705882353 0.12026143790849672 0.007352941176470588 0.03660130718954248
0 0.3625 0.11045751633986928 0.010294117647058823 0.03790849673202614
0 0.3698529411764706 0.1065359477124183 0.007352941176470588 0.04052287581699346
0 0.3323529411764706 0.06993464052287582 0.0058823529411764705 0.03529411764705882
0 0.3992647058823529 0.08823529411764705 0.004411764705882353 0.0326797385620915
0 0.40588235294117647 0.09411764705882353 0.004411764705882353 0.0261437908496732
0 0.4290441176470588 0.09411764705882353 0.005147058823529412 0.02875816993464052
0 0.45183823529411765 0.10065359477124182 0.006617647058823529 0.0392156862745098
0 0.5080882352941176 0.0915032679738562 0.0058823529411764705 0.03660130718954248
0 0.5036764705882353 0.1241830065359477 0.007352941176470588 0.03398692810457516
0 0.49522058823529413 0.0849673202614379 0.005147058823529412 0.03398692810457516
0 0.4808823529411765 0.08169934640522876 0.0058823529411764705 0.03529411764705882
0 0.6643382352941176 0.0673202614379085 0.008088235294117646 0.03529411764705882
0 0.6536764705882353 0.065359477124183 0.0058823529411764705 0.03398692810457516
0 0.6415441176470588 0.06797385620915032 0.008088235294117646 0.0261437908496732
0 0.6349264705882353 0.06405228758169934 0.008088235294117646 0.0261437908496732
0 0.7238970588235294 0.04771241830065359 0.008088235294117646 0.03529411764705882
0 0.7955882352941176 0.043137254901960784 0.007352941176470588 0.03660130718954248
0 0.9694852941176471 0.05424836601307189 0.008088235294117646 0.03529411764705882
0 0.8878676470588235 0.09477124183006536 0.008088235294117646 0.03529411764705882
0 0.88125 0.09346405228758169 0.009558823529411765 0.03529411764705882
0 0.8628676470588236 0.09019607843137255 0.006617647058823529 0.03137254901960784
0 0.8511029411764706 0.08366013071895424 0.005147058823529412 0.02875816993464052
0 0.8352941176470589 0.06405228758169934 0.007352941176470588 0.03660130718954248
0 0.8169117647058823 0.06143790849673202 0.007352941176470588 0.03398692810457516
0 0.7330882352941176 0.043137254901960784 0.007352941176470588 0.03660130718954248
0 0.6084558823529411 0.05816993464052287 0.005147058823529412 0.0326797385620915
0 0.6253676470588235 0.05947712418300653 0.005147058823529412 0.0326797385620915
0 0.5816176470588236 0.07647058823529411 0.004411764705882353 0.03006535947712418
0 0.5860294117647059 0.07908496732026143 0.004411764705882353 0.0196078431372549
0 0.5731617647058823 0.0784313725490196 0.006617647058823529 0.03398692810457516
0 0.45588235294117646 0.049019607843137254 0.0058823529411764705 0.0326797385620915
0 0.4466911764705882 0.05032679738562091 0.006617647058823529 0.03006535947712418
0 0.4301470588235294 0.0784313725490196 0.0058823529411764705 0.0261437908496732
0 0.42573529411764705 0.07712418300653594 0.0058823529411764705 0.03398692810457516
0 0.3029411764705882 0.12745098039215685 0.007352941176470588 0.0326797385620915
0 0.3235294117647059 0.1261437908496732 0.007352941176470588 0.03006535947712418
0 0.2702205882352941 0.02026143790849673 0.008088235294117646 0.027450980392156862
0 0.15110294117647058 0.10261437908496732 0.009558823529411765 0.03790849673202614
0 0.16286764705882353 0.0869281045751634 0.009558823529411765 0.03006535947712418
0 0.18235294117647058 0.14640522875816991 0.010294117647058823 0.03137254901960784
0 0.18198529411764705 0.1261437908496732 0.006617647058823529 0.03006535947712418
0 0.1775735294117647 0.12352941176470587 0.006617647058823529 0.03006535947712418
0 0.20073529411764707 0.13856209150326795 0.008823529411764706 0.04444444444444444
0 0.21875 0.14444444444444443 0.008088235294117646 0.03529411764705882
0 0.22830882352941176 0.14183006535947712 0.006617647058823529 0.03529411764705882
0 0.3125 0.06993464052287582 0.0058823529411764705 0.0326797385620915
0 0.3224264705882353 0.06797385620915032 0.005147058823529412 0.03398692810457516
0 0.4047794117647059 0.08823529411764705 0.005147058823529412 0.0326797385620915
0 0.6985294117647058 0.05163398692810457 0.0058823529411764705 0.03529411764705882
0 0.6933823529411764 0.03398692810457516 0.0058823529411764705 0.02875816993464052
0 0.6977941176470588 0.03137254901960784 0.0058823529411764705 0.02875816993464052
0 0.7025735294117647 0.0392156862745098 0.005147058823529412 0.02875816993464052
0 0.7448529411764706 0.047058823529411764 0.007352941176470588 0.023529411764705882
0 0.75 0.04444444444444444 0.007352941176470588 0.03398692810457516
0 0.9117647058823529 0.10196078431372549 0.008823529411764706 0.03398692810457516
0 0.9165441176470588 0.3150326797385621 0.008088235294117646 0.04183006535947712
0 0.9345588235294118 0.33398692810457514 0.011764705882352941 0.05620915032679738
1 0.8727941176470588 0.3130718954248366 0.014705882352941176 0.0457516339869281
1 0.9584558823529412 0.31176470588235294 0.013970588235294117 0.03006535947712418
1 0.9430147058823529 0.31437908496732025 0.015441176470588236 0.05359477124183006
1 0.9647058823529412 0.10849673202614378 0.007352941176470588 0.01830065359477124
1 0.9551470588235293 0.10718954248366012 0.0058823529411764705 0.01830065359477124
1 0.9496323529411764 0.10718954248366012 0.005147058823529412 0.02091503267973856
1 0.9345588235294118 0.1045751633986928 0.008823529411764706 0.02091503267973856
1 0.9272058823529412 0.10915032679738561 0.0058823529411764705 0.02483660130718954
1 0.9216911764705882 0.11045751633986928 0.009558823529411765 0.02222222222222222
1 0.9080882352941176 0.09215686274509803 0.007352941176470588 0.02222222222222222
1 0.9036764705882353 0.08562091503267973 0.011764705882352941 0.02483660130718954
1 0.8966911764705883 0.07973856209150326 0.008088235294117646 0.023529411764705882
0 0.8886029411764705 0.08039215686274509 0.006617647058823529 0.0326797385620915
0 0.9555147058823529 0.0915032679738562 0.009558823529411765 0.04183006535947712
0 0.9257352941176471 0.0522875816993464 0.007352941176470588 0.03137254901960784
0 0.8731617647058824 0.07516339869281045 0.011029411764705881 0.04052287581699346
0 0.8496323529411764 0.06470588235294117 0.006617647058823529 0.03006535947712418
0 0.8588235294117647 0.08169934640522876 0.007352941176470588 0.04052287581699346
0 0.8393382352941177 0.16732026143790849 0.009558823529411765 0.03137254901960784
9 0.8389705882352941 0.17777777777777776 0.022058823529411763 0.02875816993464052
6 0.79375 0.2856209150326797 0.04779411764705882 0.06928104575163398
0 0.5974264705882353 0.5823529411764705 0.019852941176470587 0.07973856209150326
0 0.5775735294117647 0.5915032679738562 0.019852941176470587 0.07973856209150326
0 0.5283088235294118 0.6633986928104575 0.022794117647058822 0.09019607843137255
0 0.5386029411764706 0.6385620915032679 0.0125 0.08235294117647059
4 0.33602941176470585 0.0261437908496732 0.03823529411764706 0.03660130718954248
4 0.37169117647058825 0.02026143790849673 0.0375 0.03529411764705882
3 0.40404411764705883 0.01895424836601307 0.03455882352941177 0.02222222222222222
3 0.44705882352941173 0.0130718954248366 0.04264705882352941 0.0261437908496732
3 0.4985294117647059 0.01111111111111111 0.04264705882352941 0.02222222222222222
4 0.5268382352941177 0.0392156862745098 0.03602941176470588 0.03398692810457516
3 0.506985294117647 0.05359477124183006 0.04485294117647059 0.03137254901960784
3 0.5051470588235294 0.06993464052287582 0.033823529411764704 0.03006535947712418
3 0.4485294117647059 0.07254901960784313 0.032352941176470584 0.0326797385620915
4 0.3886029411764706 0.06339869281045751 0.04191176470588235 0.043137254901960784
6 0.4047794117647059 0.07973856209150326 0.02426470588235294 0.04444444444444444
9 0.41911764705882354 0.07973856209150326 0.0058823529411764705 0.023529411764705882
3 0.29705882352941176 0.08235294117647059 0.04264705882352941 0.03398692810457516
3 0.3610294117647059 0.09019607843137255 0.032352941176470584 0.04444444444444444
4 0.6496323529411765 0.02287581699346405 0.03602941176470588 0.03006535947712418
4 0.6283088235294118 0.04967320261437908 0.0375 0.04183006535947712
4 0.7191176470588235 0.029411764705882353 0.032352941176470584 0.04836601307189542
3 0.7577205882352941 0.02091503267973856 0.03897058823529412 0.03137254901960784
3 0.794485294117647 0.01241830065359477 0.0375 0.02483660130718954
3 0.6716911764705882 0.03986928104575163 0.027205882352941177 0.03006535947712418
6 0.59375 0.05424836601307189 0.03455882352941177 0.03529411764705882
5 0.544485294117647 0.06470588235294117 0.04191176470588235 0.03006535947712418
2 0.05919117647058823 0.6732026143790849 0.05955882352941176 0.07058823529411765
1 0.017279411764705883 0.7163398692810456 0.03455882352941177 0.08104575163398692
9 0.12058823529411765 0.16078431372549018 0.011764705882352941 0.02875816993464052
3 0.12610294117647058 0.12679738562091503 0.05220588235294118 0.04444444444444444
3 0.032352941176470584 0.09607843137254901 0.06323529411764706 0.0326797385620915
3 0.05845588235294118 0.06013071895424836 0.05073529411764706 0.03137254901960784
3 0.11764705882352941 0.04640522875816993 0.026470588235294117 0.0326797385620915
3 0.16286764705882353 0.043137254901960784 0.04926470588235294 0.03660130718954248
3 0.21654411764705883 0.056862745098039215 0.04338235294117647 0.03529411764705882
3 0.2349264705882353 0.03464052287581699 0.04632352941176471 0.03529411764705882
3 0.28602941176470587 0.025490196078431372 0.025 0.0326797385620915
9 0.17610294117647057 0.01568627450980392 0.013970588235294117 0.01568627450980392
9 0.20404411764705882 0.01045751633986928 0.015441176470588236 0.01568627450980392
9 0.33786764705882355 0.11372549019607843 0.015441176470588236 0.01568627450980392
1 0.3529411764705882 0.12549019607843137 0.0058823529411764705 0.01830065359477124
1 0.3463235294117647 0.1261437908496732 0.0058823529411764705 0.0196078431372549
0 0.33125 0.1261437908496732 0.008088235294117646 0.027450980392156862
1 0.24191176470588235 0.14183006535947712 0.008823529411764706 0.02222222222222222
1 0.24963235294117647 0.13856209150326795 0.009558823529411765 0.02091503267973856
1 0.2595588235294118 0.13856209150326795 0.007352941176470588 0.02091503267973856
1 0.20661764705882352 0.14313725490196078 0.010294117647058823 0.02222222222222222
0 0.17830882352941177 0.1522875816993464 0.006617647058823529 0.02222222222222222
9 0.16654411764705881 0.09673202614379084 0.019852941176470587 0.02091503267973856
9 0.02463235294117647 0.041176470588235294 0.013970588235294117 0.02222222222222222
9 0.3180147058823529 0.12222222222222222 0.021323529411764706 0.01699346405228758
0 0.38198529411764703 0.11633986928104574 0.008088235294117646 0.01830065359477124
0 0.3911764705882353 0.11699346405228757 0.007352941176470588 0.01699346405228758
6 0.4698529411764706 0.06274509803921569 0.025 0.04183006535947712
6 0.45698529411764705 0.08888888888888888 0.03455882352941177 0.02875816993464052
0 0.6801470588235294 0.01111111111111111 0.0058823529411764705 0.02222222222222222
0 0.669485294117647 0.01241830065359477 0.005147058823529412 0.02483660130718954
0 0.6716911764705882 0.01568627450980392 0.005147058823529412 0.01830065359477124
