3 0.9558823529411764 0.18366013071895423 0.08823529411764705 0.09281045751633986
4 0.9676470588235294 0.3705882352941176 0.06470588235294117 0.09803921568627451
3 0.9058823529411765 0.2901960784313725 0.09264705882352942 0.09673202614379084
3 0.8047794117647059 0.21437908496732025 0.08455882352941177 0.09673202614379084
3 0.7845588235294118 0.3633986928104575 0.09411764705882353 0.1045751633986928
3 0.8397058823529412 0.5169934640522875 0.09411764705882353 0.10588235294117647
5 0.6577205882352941 0.580392156862745 0.10073529411764706 0.10718954248366012
3 0.6496323529411765 0.47516339869281043 0.09632352941176471 0.1111111111111111
3 0.5363970588235294 0.5516339869281045 0.09338235294117647 0.10980392156862745
3 0.4661764705882353 0.4457516339869281 0.10147058823529412 0.11241830065359476
3 0.4154411764705882 0.3379084967320261 0.07205882352941176 0.0849673202614379
3 0.4125 0.6281045751633987 0.10882352941176471 0.11372549019607843
3 0.46911764705882353 0.7032679738562091 0.1 0.12026143790849672
3 0.2775735294117647 0.696078431372549 0.10661764705882353 0.1241830065359477
3 0.18198529411764705 0.8673202614379084 0.12279411764705882 0.13202614379084968
3 0.125 0.7915032679738562 0.10882352941176471 0.11633986928104574
