2 0.7611979166666667 0.7833333333333333 0.025520833333333333 0.09074074074074075
3 0.6216145833333333 0.9185185185185185 0.15364583333333334 0.16296296296296298
0 0.36744791666666665 0.788888888888889 0.028645833333333332 0.1425925925925926
2 0.16848958333333333 0.7143518518518519 0.0265625 0.062037037037037036
2 0.18515625 0.6939814814814815 0.0234375 0.062037037037037036
3 0.5822916666666667 0.8023148148148148 0.096875 0.13611111111111113
0 0.5861979166666667 0.7055555555555556 0.0171875 0.09814814814814815
3 0.5390625 0.7194444444444444 0.06979166666666667 0.0925925925925926
3 0.5184895833333333 0.6657407407407407 0.050520833333333334 0.07222222222222223
3 0.50859375 0.6328703703703704 0.044270833333333336 0.06759259259259259
0 0.5411458333333333 0.5875 0.008333333333333333 0.03796296296296296
2 0.3111979166666667 0.5930555555555556 0.013020833333333334 0.028703703703703703
3 0.3333333333333333 0.6268518518518519 0.046875 0.07037037037037037
3 0.35234375 0.5648148148148149 0.025520833333333333 0.040740740740740744
0 0.39453125 0.5560185185185186 0.005729166666666666 0.03425925925925926
3 0.4036458333333333 0.5402777777777777 0.015625 0.021296296296296296
3 0.40989583333333335 0.5333333333333333 0.011458333333333333 0.018518518518518517
3 0.4192708333333333 0.5569444444444445 0.019791666666666666 0.028703703703703703
3 0.4296875 0.5333333333333333 0.011458333333333333 0.016666666666666666
3 0.4309895833333333 0.5398148148148149 0.015104166666666667 0.020370370370370372
3 0.4966145833333333 0.6162037037037037 0.0328125 0.049074074074074076
3 0.49166666666666664 0.6018518518518519 0.029166666666666667 0.04259259259259259
3 0.4875 0.587962962962963 0.025 0.037037037037037035
2 0.4700520833333333 0.6837962962962963 0.015104166666666667 0.06018518518518519
1 0.4705729166666667 0.6666666666666667 0.0140625 0.07222222222222223
9 0.4479166666666667 0.5648148148148149 0.007291666666666667 0.024074074074074074
1 0.4479166666666667 0.5606481481481481 0.007291666666666667 0.028703703703703703
9 0.45286458333333335 0.5962962962962963 0.011979166666666666 0.037037037037037035
1 0.45390625 0.5888888888888889 0.0109375 0.03518518518518519
3 0.48020833333333335 0.5824074074074075 0.02395833333333333 0.03333333333333333
3 0.47942708333333334 0.5722222222222223 0.022395833333333334 0.031481481481481485
9 0.4591145833333333 0.6439814814814815 0.015104166666666667 0.04351851851851852
1 0.4596354166666667 0.6361111111111112 0.009895833333333333 0.04814814814814815
1 0.4588541666666667 0.6324074074074074 0.0125 0.05555555555555556
