3 0.10330882352941176 0.7405228758169934 0.13014705882352942 0.330718954248366
3 0.1948529411764706 0.4888888888888889 0.175 0.22483660130718952
4 0.743014705882353 0.9326797385620914 0.2051470588235294 0.134640522875817
3 0.8783088235294118 0.5522875816993463 0.20808823529411766 0.21830065359477122
3 0.8209558823529411 0.36928104575163395 0.17426470588235293 0.1738562091503268
3 0.6727941176470588 0.32745098039215687 0.17058823529411765 0.18431372549019606
3 0.950735294117647 0.2764705882352941 0.09852941176470588 0.1503267973856209
9 0.8143382352941176 0.20392156862745098 0.05661764705882353 0.07320261437908496
1 0.8268382352941176 0.18562091503267972 0.021323529411764706 0.07058823529411765
2 0.5345588235294118 0.2954248366013072 0.060294117647058824 0.07058823529411765
1 0.5393382352941176 0.2947712418300653 0.03161764705882353 0.08758169934640522
0 0.45808823529411763 0.33137254901960783 0.025 0.09281045751633986
4 0.65 0.16928104575163397 0.13676470588235293 0.16601307189542483
0 0.6308823529411764 0.11176470588235293 0.020588235294117647 0.09019607843137255
0 0.5819852941176471 0.11895424836601307 0.019852941176470587 0.09673202614379084
0 0.5540441176470589 0.11568627450980391 0.025735294117647058 0.09542483660130718
9 0.6231617647058824 0.08169934640522876 0.05073529411764706 0.05359477124183006
0 0.6286764705882353 0.0673202614379085 0.023529411764705882 0.09281045751633986
9 0.7047794117647058 0.047058823529411764 0.027205882352941177 0.08104575163398692
3 0.9577205882352942 0.0718954248366013 0.08455882352941177 0.11503267973856209
2 0.4889705882352941 0.07450980392156863 0.030882352941176472 0.0915032679738562
9 0.7474264705882353 0.025490196078431372 0.0375 0.050980392156862744
9 0.22830882352941176 0.043137254901960784 0.03602941176470588 0.0784313725490196
