3 0.31927083333333334 0.5231481481481481 0.04479166666666667 0.03888888888888889
3 0.3307291666666667 0.6351851851851852 0.046875 0.044444444444444446
9 0.24166666666666667 0.7361111111111112 0.020833333333333332 0.02777777777777778
9 0.29010416666666666 0.6962962962962963 0.013541666666666667 0.02592592592592593
1 0.28802083333333334 0.6814814814814815 0.009375 0.02592592592592593
6 0.2875 0.7611111111111112 0.0375 0.05925925925925926
1 0.3109375 0.5731481481481482 0.009375 0.031481481481481485
1 0.4223958333333333 0.6462962962962964 0.009375 0.02962962962962963
1 0.4864583333333333 0.7148148148148148 0.008333333333333333 0.037037037037037035
9 0.3104166666666667 0.5851851851851853 0.014583333333333334 0.022222222222222223
9 0.4239583333333333 0.6648148148148149 0.010416666666666666 0.02962962962962963
9 0.4822916666666667 0.7305555555555556 0.01875 0.024074074074074074
9 0.5895833333333333 0.6972222222222223 0.022916666666666665 0.02777777777777778
9 0.3651041666666667 0.5962962962962963 0.019791666666666666 0.022222222222222223
9 0.35260416666666666 0.5546296296296297 0.019791666666666666 0.024074074074074074
9 0.4427083333333333 0.612037037037037 0.014583333333333334 0.020370370370370372
9 0.38229166666666664 0.6074074074074074 0.020833333333333332 0.022222222222222223
0 0.39166666666666666 0.6027777777777777 0.00625 0.03518518518518519
0 0.40781249999999997 0.5972222222222222 0.009375 0.03518518518518519
9 0.396875 0.625925925925926 0.022916666666666665 0.02592592592592593
9 0.40729166666666666 0.6268518518518519 0.027083333333333334 0.016666666666666666
9 0.4119791666666667 0.6305555555555555 0.019791666666666666 0.016666666666666666
9 0.41822916666666665 0.6351851851851852 0.017708333333333333 0.022222222222222223
9 0.41510416666666666 0.6194444444444445 0.021875 0.024074074074074074
9 0.4380208333333333 0.6129629629629629 0.019791666666666666 0.014814814814814815
3 0.471875 0.612037037037037 0.041666666666666664 0.04259259259259259
3 0.2817708333333333 0.4851851851851852 0.030208333333333334 0.02592592592592593
6 0.3223958333333333 0.8694444444444445 0.028125 0.05740740740740741
0 0.24375 0.9564814814814815 0.010416666666666666 0.053703703703703705
0 0.2609375 0.9490740740740741 0.011458333333333333 0.0462962962962963
1 0.35572916666666665 0.9444444444444445 0.013541666666666667 0.03333333333333333
9 0.3416666666666667 0.9740740740740741 0.020833333333333332 0.044444444444444446
9 0.7098958333333333 0.7083333333333334 0.021875 0.024074074074074074
2 0.6348958333333333 0.7620370370370371 0.015625 0.03518518518518519
3 0.5536458333333333 0.8240740740740741 0.071875 0.07407407407407407
3 0.55625 0.9148148148148149 0.08958333333333333 0.1
3 0.7791666666666667 0.7898148148148149 0.08125 0.07222222222222223
3 0.9755208333333333 0.7305555555555556 0.04895833333333333 0.07962962962962963
9 0.946875 0.7703703703703704 0.01875 0.037037037037037035
9 0.9239583333333333 0.7472222222222222 0.016666666666666666 0.031481481481481485
1 0.9916666666666667 0.875925925925926 0.0125 0.02962962962962963
0 0.9302083333333333 0.9277777777777778 0.0125 0.05925925925925926
0 0.8786458333333333 0.7231481481481482 0.009375 0.05740740740740741
0 0.8708333333333333 0.7166666666666667 0.0125 0.05555555555555556
0 0.7125 0.8407407407407408 0.010416666666666666 0.05925925925925926
0 0.696875 0.8398148148148148 0.010416666666666666 0.05740740740740741
0 0.6921875 0.8296296296296297 0.011458333333333333 0.06296296296296297
0 0.7317708333333334 0.8444444444444444 0.009375 0.05555555555555556
0 0.7375 0.8537037037037037 0.010416666666666666 0.04814814814814815
0 0.7140625 0.8925925925925926 0.011458333333333333 0.05555555555555556
0 0.7520833333333333 0.8527777777777779 0.0125 0.05
1 0.6239583333333333 0.7814814814814816 0.010416666666666666 0.037037037037037035
1 0.6572916666666666 0.8462962962962963 0.014583333333333334 0.044444444444444446
1 0.7203125 0.9222222222222223 0.013541666666666667 0.040740740740740744
1 0.6708333333333333 0.913888888888889 0.016666666666666666 0.05740740740740741
1 0.621875 0.7518518518518519 0.010416666666666666 0.03333333333333333
1 0.6333333333333333 0.850925925925926 0.0125 0.03888888888888889
1 0.6375 0.8685185185185186 0.014583333333333334 0.04814814814814815
1 0.7432291666666666 0.8981481481481481 0.013541666666666667 0.05925925925925926
1 0.7677083333333333 0.8944444444444445 0.016666666666666666 0.05185185185185186
1 0.7427083333333333 0.9842592592592593 0.010416666666666666 0.024074074074074074
1 0.7557291666666667 0.9851851851851853 0.009375 0.02962962962962963
1 0.7510416666666666 0.9796296296296296 0.0125 0.040740740740740744
1 0.8552083333333333 0.9842592592592593 0.014583333333333334 0.031481481481481485
9 0.8088541666666667 0.9287037037037037 0.046875 0.05
6 0.8609375 0.8990740740740741 0.02395833333333333 0.06851851851851852
6 0.9078125 0.9083333333333333 0.034375 0.05
6 0.8864583333333333 0.9166666666666667 0.022916666666666665 0.05185185185185186
6 0.8239583333333333 0.8851851851851852 0.022916666666666665 0.06296296296296297
1 0.8291666666666666 0.887962962962963 0.0125 0.04259259259259259
6 0.79375 0.8666666666666667 0.029166666666666667 0.07037037037037037
6 0.765625 0.850925925925926 0.029166666666666667 0.061111111111111116
6 0.7291666666666666 0.8296296296296297 0.029166666666666667 0.06296296296296297
9 0.63125 0.8805555555555555 0.025 0.031481481481481485
9 0.65625 0.862037037037037 0.03125 0.04259259259259259
9 0.6682291666666667 0.9268518518518519 0.026041666666666668 0.03518518518518519
9 0.7125 0.8916666666666667 0.03125 0.053703703703703705
9 0.7177083333333333 0.9435185185185185 0.027083333333333334 0.04259259259259259
9 0.7697916666666667 0.9120370370370371 0.01875 0.03518518518518519
6 0.49635416666666665 0.6870370370370371 0.026041666666666668 0.05185185185185186
6 0.5197916666666667 0.700925925925926 0.022916666666666665 0.0462962962962963
6 0.5380208333333333 0.6870370370370371 0.030208333333333334 0.05925925925925926
0 0.49635416666666665 0.7083333333333334 0.009375 0.05
0 0.5020833333333333 0.7000000000000001 0.0125 0.05185185185185186
0 0.6057291666666667 0.674074074074074 0.009375 0.05185185185185186
1 0.5916666666666667 0.6657407407407407 0.010416666666666666 0.02777777777777778
1 0.3796875 0.9750000000000001 0.017708333333333333 0.05
