3 0.21286764705882352 0.03202614379084967 0.025735294117647058 0.03006535947712418
3 0.17426470588235293 0.09542483660130718 0.027941176470588233 0.0392156862745098
3 0.3125 0.2830065359477124 0.044117647058823525 0.06143790849673202
3 0.17058823529411765 0.1830065359477124 0.055882352941176466 0.04444444444444444
7 0.14816176470588235 0.1549019607843137 0.03161764705882353 0.04836601307189542
3 0.14448529411764705 0.13986928104575164 0.04632352941176471 0.05751633986928104
9 0.2610294117647059 0.03137254901960784 0.007352941176470588 0.01568627450980392
9 0.26801470588235293 0.029411764705882353 0.006617647058823529 0.01437908496732026
9 0.2661764705882353 0.03529411764705882 0.013235294117647059 0.01830065359477124
9 0.32426470588235295 0.08562091503267973 0.022058823529411763 0.02483660130718954
2 0.3044117647058823 0.06928104575163398 0.007352941176470588 0.0261437908496732
6 0.29411764705882354 0.07712418300653594 0.01764705882352941 0.03398692810457516
0 0.25330882352941175 0.08104575163398692 0.009558823529411765 0.03660130718954248
0 0.3069852941176471 0.0673202614379085 0.006617647058823529 0.0326797385620915
9 0.2772058823529412 0.04771241830065359 0.014705882352941176 0.01699346405228758
0 0.2797794117647059 0.0457516339869281 0.006617647058823529 0.03398692810457516
3 0.4661764705882353 0.269281045751634 0.044117647058823525 0.047058823529411764
3 0.41066176470588234 0.21895424836601304 0.04485294117647059 0.04052287581699346
3 0.42463235294117646 0.16078431372549018 0.04926470588235294 0.04183006535947712
3 0.40845588235294117 0.15163398692810456 0.04485294117647059 0.03660130718954248
3 0.5786764705882352 0.3202614379084967 0.061764705882352944 0.08104575163398692
3 0.7621323529411764 0.5568627450980391 0.0875 0.10718954248366012
3 0.6720588235294117 0.45816993464052286 0.075 0.09281045751633986
0 0.9867647058823529 0.6725490196078431 0.023529411764705882 0.07973856209150326
3 0.9522058823529411 0.8581699346405228 0.09558823529411764 0.12679738562091503
3 0.6643382352941176 0.8222222222222222 0.11102941176470588 0.18562091503267972
3 0.5915441176470588 0.9281045751633986 0.12426470588235294 0.1437908496732026
0 0.2974264705882353 0.8928104575163398 0.02426470588235294 0.08627450980392157
0 0.47463235294117645 0.7235294117647059 0.015441176470588236 0.07450980392156863
3 0.3533088235294118 0.5352941176470588 0.06838235294117646 0.10849673202614378
3 0.2952205882352941 0.4379084967320261 0.0625 0.08888888888888888
3 0.2772058823529412 0.3588235294117647 0.051470588235294115 0.07450980392156863
0 0.21580882352941178 0.37189542483660126 0.013970588235294117 0.06143790849673202
0 0.20551470588235293 0.3764705882352941 0.015441176470588236 0.05751633986928104
0 0.8577205882352941 0.5483660130718954 0.015441176470588236 0.06405228758169934
