3 0.44485294117647056 0.17254901960784313 0.008823529411764706 0.0130718954248366
3 0.4400735294117647 0.18562091503267972 0.015441176470588236 0.01830065359477124
0 0.4602941176470588 0.19738562091503267 0.004411764705882353 0.01568627450980392
3 0.4849264705882353 0.1954248366013072 0.011029411764705881 0.01437908496732026
3 0.5102941176470588 0.19215686274509802 0.010294117647058823 0.01568627450980392
0 0.4985294117647059 0.1849673202614379 0.004411764705882353 0.011764705882352941
0 0.5 0.1980392156862745 0.004411764705882353 0.0196078431372549
1 0.5014705882352941 0.30653594771241827 0.0058823529411764705 0.01437908496732026
9 0.5003676470588235 0.3156862745098039 0.008088235294117646 0.02222222222222222
1 0.5007352941176471 0.3130718954248366 0.004411764705882353 0.01437908496732026
3 0.5172794117647058 0.23006535947712417 0.013970588235294117 0.01830065359477124
3 0.5257352941176471 0.2718954248366013 0.014705882352941176 0.0261437908496732
0 0.5330882352941176 0.2633986928104575 0.0058823529411764705 0.02222222222222222
3 0.5283088235294118 0.3091503267973856 0.01838235294117647 0.03006535947712418
3 0.5345588235294118 0.34444444444444444 0.023529411764705882 0.03529411764705882
3 0.5709558823529411 0.4810457516339869 0.03308823529411765 0.054901960784313725
3 0.5488970588235293 0.19869281045751633 0.015441176470588236 0.01568627450980392
3 0.5558823529411765 0.21633986928104573 0.014705882352941176 0.0196078431372549
3 0.5724264705882353 0.21241830065359477 0.015441176470588236 0.01437908496732026
0 0.5591911764705882 0.23856209150326796 0.005147058823529412 0.0196078431372549
3 0.5746323529411764 0.23594771241830065 0.022794117647058822 0.01437908496732026
6 0.5680147058823529 0.24640522875816992 0.009558823529411765 0.011764705882352941
5 0.5735294117647058 0.25163398692810457 0.011764705882352941 0.01699346405228758
3 0.5808823529411765 0.2633986928104575 0.014705882352941176 0.0196078431372549
3 0.5992647058823529 0.27908496732026145 0.03676470588235294 0.02222222222222222
4 0.6040441176470588 0.31176470588235294 0.01838235294117647 0.03529411764705882
3 0.6165441176470589 0.33921568627450976 0.022794117647058822 0.0326797385620915
4 0.6330882352941176 0.3522875816993464 0.020588235294117647 0.03529411764705882
4 0.6430147058823529 0.3915032679738562 0.027205882352941177 0.043137254901960784
4 0.6738970588235293 0.43725490196078426 0.03161764705882353 0.06143790849673202
3 0.6871323529411765 0.4967320261437908 0.04191176470588235 0.054901960784313725
1 0.5720588235294117 0.2875816993464052 0.004411764705882353 0.0130718954248366
1 0.5709558823529411 0.28366013071895424 0.005147058823529412 0.01568627450980392
9 0.5705882352941176 0.292156862745098 0.0058823529411764705 0.01699346405228758
1 0.6121323529411765 0.39673202614379083 0.006617647058823529 0.01699346405228758
9 0.6121323529411765 0.4071895424836601 0.005147058823529412 0.0196078431372549
1 0.6341911764705882 0.44248366013071894 0.009558823529411765 0.02483660130718954
1 0.6360294117647058 0.4516339869281045 0.0058823529411764705 0.01699346405228758
9 0.6338235294117647 0.4549019607843137 0.010294117647058823 0.02875816993464052
9 0.7121323529411765 0.5215686274509803 0.025735294117647058 0.02091503267973856
3 0.7220588235294118 0.5542483660130718 0.045588235294117645 0.06013071895424836
1 0.6966911764705882 0.5856209150326797 0.011029411764705881 0.03660130718954248
2 0.6948529411764706 0.6065359477124183 0.013235294117647059 0.04444444444444444
3 0.4294117647058823 0.20980392156862743 0.008823529411764706 0.0196078431372549
3 0.42169117647058824 0.23464052287581696 0.0125 0.0196078431372549
7 0.4452205882352941 0.22156862745098038 0.009558823529411765 0.02483660130718954
0 0.43566176470588236 0.21045751633986925 0.003676470588235294 0.01830065359477124
1 0.42316176470588235 0.2568627450980392 0.005147058823529412 0.0196078431372549
9 0.4227941176470588 0.26274509803921564 0.011764705882352941 0.0130718954248366
3 0.48125 0.3405228758169934 0.021323529411764706 0.03790849673202614
1 0.4496323529411765 0.2588235294117647 0.005147058823529412 0.0130718954248366
1 0.45036764705882354 0.2568627450980392 0.005147058823529412 0.01437908496732026
9 0.45 0.2673202614379085 0.0058823529411764705 0.01699346405228758
1 0.7073529411764706 0.3581699346405228 0.008823529411764706 0.0261437908496732
1 0.7279411764705882 0.3901960784313725 0.007352941176470588 0.027450980392156862
1 0.7779411764705882 0.45228758169934635 0.011764705882352941 0.03137254901960784
0 0.78125 0.4588235294117647 0.006617647058823529 0.03398692810457516
3 0.763235294117647 0.6352941176470588 0.058823529411764705 0.07320261437908496
6 0.8040441176470589 0.7143790849673202 0.05955882352941176 0.08758169934640522
6 0.8617647058823529 0.7052287581699346 0.06323529411764706 0.06928104575163398
6 0.9180147058823529 0.7581699346405228 0.04191176470588235 0.07058823529411765
3 0.8639705882352942 0.8183006535947712 0.0838235294117647 0.130718954248366
0 0.8084558823529412 0.8183006535947712 0.013970588235294117 0.07581699346405228
0 0.7900735294117647 0.8084967320261437 0.01838235294117647 0.07712418300653594
1 0.5716911764705882 0.6790849673202614 0.013970588235294117 0.03790849673202614
6 0.575 0.7065359477124182 0.027941176470588233 0.0718954248366013
3 0.34816176470588234 0.9006535947712417 0.07573529411764705 0.19346405228758168
3 0.39080882352941176 0.20326797385620915 0.0125 0.0196078431372549
3 0.38676470588235295 0.21045751633986925 0.013235294117647059 0.01568627450980392
3 0.37941176470588234 0.226797385620915 0.013235294117647059 0.01699346405228758
3 0.36727941176470585 0.2372549019607843 0.015441176470588236 0.0196078431372549
3 0.36433823529411763 0.21176470588235294 0.02426470588235294 0.01568627450980392
7 0.3636029411764706 0.26274509803921564 0.011029411764705881 0.023529411764705882
3 0.3238970588235294 0.26274509803921564 0.028676470588235293 0.02091503267973856
6 0.34411764705882353 0.2503267973856209 0.01764705882352941 0.011764705882352941
0 0.3426470588235294 0.2437908496732026 0.0029411764705882353 0.011764705882352941
3 0.021323529411764706 0.4163398692810457 0.04264705882352941 0.0457516339869281
3 0.10477941176470588 0.5235294117647058 0.07867647058823529 0.06666666666666667
3 0.18345588235294116 0.42549019607843136 0.06544117647058824 0.04836601307189542
3 0.25588235294117645 0.3986928104575163 0.033823529411764704 0.047058823529411764
3 0.3113970588235294 0.32091503267973853 0.02426470588235294 0.0326797385620915
3 0.3095588235294118 0.3071895424836601 0.044117647058823525 0.02875816993464052
3 0.3264705882352941 0.2947712418300653 0.01764705882352941 0.027450980392156862
8 0.04632352941176471 0.692156862745098 0.09264705882352942 0.23137254901960783
1 0.11470588235294117 0.7261437908496732 0.014705882352941176 0.05620915032679738
7 0.10992647058823529 0.7562091503267974 0.0375 0.07450980392156863
