3 0.6610294117647059 0.7091503267973855 0.15735294117647058 0.134640522875817
3 0.5610294117647059 0.5300653594771242 0.11176470588235293 0.16862745098039214
3 0.12022058823529412 0.3686274509803921 0.1125 0.14901960784313725
3 0.0375 0.3764705882352941 0.075 0.11503267973856209
3 0.4264705882352941 0.0261437908496732 0.052941176470588235 0.0522875816993464
3 0.41911764705882354 0.09084967320261438 0.06323529411764706 0.07712418300653594
9 0.2698529411764706 0.9339869281045751 0.044117647058823525 0.10588235294117647
1 0.26544117647058824 0.9183006535947712 0.033823529411764704 0.06666666666666667
3 0.8573529411764705 0.0673202614379085 0.08088235294117647 0.06928104575163398
3 0.8720588235294118 0.03856209150326797 0.07205882352941176 0.05620915032679738
1 0.8139705882352941 0.27385620915032677 0.016176470588235292 0.04836601307189542
1 0.8312499999999999 0.2869281045751634 0.019852941176470587 0.027450980392156862
1 0.8308823529411764 0.26274509803921564 0.013235294117647059 0.0261437908496732
1 0.888235294117647 0.23856209150326796 0.014705882352941176 0.043137254901960784
1 0.9139705882352941 0.24640522875816992 0.016176470588235292 0.0457516339869281
0 0.9375 0.14183006535947712 0.01911764705882353 0.05620915032679738
0 0.9503676470588235 0.14444444444444443 0.016911764705882352 0.058823529411764705
9 0.9724264705882353 0.04444444444444444 0.011029411764705881 0.03398692810457516
9 0.8275735294117647 0.14836601307189543 0.027205882352941177 0.027450980392156862
1 0.9874999999999999 0.1738562091503268 0.013235294117647059 0.0522875816993464
3 0.09411764705882353 0.15947712418300652 0.07941176470588235 0.1045751633986928
3 0.18933823529411764 0.09803921568627451 0.07573529411764705 0.065359477124183
3 0.015073529411764706 0.10196078431372549 0.030147058823529412 0.06013071895424836
3 0.06985294117647059 0.06209150326797385 0.08235294117647059 0.06405228758169934
2 0.9613970588235294 0.44705882352941173 0.022794117647058822 0.07058823529411765
