3 0.24411764705882352 0.6281045751633987 0.07352941176470588 0.11895424836601307
3 0.20735294117647057 0.492156862745098 0.09411764705882353 0.08235294117647059
3 0.3003676470588235 0.48235294117647054 0.04191176470588235 0.10718954248366012
3 0.3150735294117647 0.2869281045751634 0.028676470588235293 0.05620915032679738
3 0.2948529411764706 0.2372549019607843 0.06911764705882353 0.0457516339869281
3 0.6294117647058823 0.8222222222222222 0.08088235294117647 0.17254901960784313
3 0.7084558823529412 0.684313725490196 0.12279411764705882 0.10065359477124182
3 0.6882352941176471 0.6156862745098038 0.09852941176470588 0.0784313725490196
3 0.5584558823529412 0.5026143790849673 0.05073529411764706 0.09542483660130718
3 0.5297794117647059 0.3941176470588235 0.03897058823529412 0.07450980392156863
3 0.51875 0.33660130718954245 0.03455882352941177 0.058823529411764705
3 0.37941176470588234 0.16601307189542483 0.026470588235294117 0.047058823529411764
3 0.41470588235294115 0.15424836601307187 0.020588235294117647 0.04183006535947712
3 0.4713235294117647 0.14705882352941174 0.023529411764705882 0.03529411764705882
3 0.4919117647058823 0.2392156862745098 0.032352941176470584 0.04967320261437908
3 0.4838235294117647 0.20392156862745098 0.025 0.0392156862745098
3 0.6044117647058823 0.3130718954248366 0.051470588235294115 0.05359477124183006
3 0.5966911764705882 0.36209150326797385 0.07426470588235294 0.065359477124183
4 0.3235294117647059 0.18888888888888888 0.022058823529411763 0.06405228758169934
3 0.3352941176470588 0.16862745098039214 0.01911764705882353 0.0392156862745098
3 0.4036764705882353 0.9287581699346404 0.06764705882352941 0.14248366013071895
3 0.6176470588235294 0.42483660130718953 0.06911764705882353 0.04967320261437908
3 0.3316176470588235 0.09346405228758169 0.014705882352941176 0.03006535947712418
4 0.34154411764705883 0.07581699346405228 0.011029411764705881 0.03137254901960784
4 0.41323529411764703 0.060784313725490195 0.013235294117647059 0.03006535947712418
4 0.4415441176470588 0.065359477124183 0.015441176470588236 0.023529411764705882
4 0.45 0.049019607843137254 0.023529411764705882 0.027450980392156862
4 0.4591911764705882 0.09738562091503267 0.013970588235294117 0.0326797385620915
4 0.4878676470588235 0.09999999999999999 0.030147058823529412 0.0326797385620915
4 0.4838235294117647 0.058823529411764705 0.032352941176470584 0.0261437908496732
9 0.9011029411764706 0.8836601307189542 0.03308823529411765 0.08888888888888888
9 0.9327205882352941 0.8999999999999999 0.025735294117647058 0.0849673202614379
9 0.6720588235294117 0.5163398692810457 0.029411764705882353 0.03660130718954248
0 0.5216911764705883 0.9013071895424836 0.0125 0.04836601307189542
0 0.525 0.8915032679738562 0.010294117647058823 0.0784313725490196
0 0.16470588235294117 0.5019607843137255 0.011764705882352941 0.047058823529411764
0 0.6411764705882352 0.3254901960784313 0.010294117647058823 0.047058823529411764
0 0.6529411764705882 0.32091503267973853 0.008823529411764706 0.0457516339869281
9 0.7025735294117647 0.418954248366013 0.01838235294117647 0.0457516339869281
9 0.7147058823529412 0.4392156862745098 0.014705882352941176 0.04967320261437908
1 0.44448529411764703 0.22941176470588234 0.006617647058823529 0.03006535947712418
1 0.45808823529411763 0.25098039215686274 0.007352941176470588 0.023529411764705882
9 0.4577205882352941 0.2673202614379085 0.009558823529411765 0.02222222222222222
0 0.1963235294117647 0.25098039215686274 0.008823529411764706 0.04183006535947712
1 0.44595588235294115 0.11372549019607843 0.003676470588235294 0.023529411764705882
