3 0.18892857142857142 0.689047619047619 0.21071428571428572 0.1380952380952381
2 0.10678571428571429 0.770952380952381 0.06785714285714285 0.054285714285714284
2 0.12285714285714286 0.4976190476190476 0.03 0.06380952380952382
3 0.22428571428571428 0.5904761904761905 0.17142857142857143 0.10666666666666666
3 0.24785714285714286 0.5214285714285715 0.1657142857142857 0.1
3 0.29464285714285715 0.46714285714285714 0.12357142857142857 0.08476190476190476
3 0.3275 0.41333333333333333 0.11928571428571429 0.07238095238095238
3 0.3357142857142857 0.37285714285714283 0.10571428571428572 0.06761904761904762
3 0.3517857142857143 0.3361904761904762 0.115 0.06476190476190476
3 0.36392857142857143 0.28714285714285714 0.105 0.06190476190476191
3 0.39321428571428574 0.21904761904761905 0.08785714285714286 0.05523809523809524
3 0.405 0.19952380952380952 0.06571428571428571 0.037142857142857144
3 0.4225 0.16714285714285715 0.07928571428571428 0.04857142857142857
0 0.44892857142857145 0.1519047619047619 0.015 0.037142857142857144
0 0.4735714285714286 0.1357142857142857 0.017142857142857144 0.035238095238095235
0 0.5335714285714286 0.13476190476190475 0.011428571428571429 0.04666666666666667
0 0.48214285714285715 0.3680952380952381 0.018571428571428572 0.06190476190476191
3 0.5832142857142857 0.07571428571428572 0.025 0.039047619047619046
3 0.5825 0.11952380952380952 0.02642857142857143 0.04666666666666667
3 0.6210714285714286 0.19428571428571428 0.039285714285714285 0.06285714285714286
3 0.5839285714285715 0.19428571428571428 0.030714285714285715 0.05714285714285714
0 0.6064285714285714 0.2538095238095238 0.014285714285714285 0.035238095238095235
0 0.6067857142857143 0.2561904761904762 0.007857142857142858 0.04380952380952381
3 0.5853571428571429 0.2895238095238095 0.039285714285714285 0.07809523809523809
3 0.5853571428571429 0.379047619047619 0.05071428571428571 0.10095238095238095
3 0.5896428571428571 0.49047619047619045 0.05357142857142857 0.13714285714285715
3 0.5042857142857143 0.439047619047619 0.05142857142857143 0.10666666666666666
3 0.49392857142857144 0.6123809523809524 0.07071428571428572 0.16
3 0.5907142857142857 0.6647619047619048 0.08142857142857143 0.21523809523809523
4 0.6467857142857143 0.3380952380952381 0.055 0.12761904761904763
3 0.09678571428571428 0.9423809523809524 0.19357142857142856 0.11523809523809524
3 0.7028571428571428 0.16380952380952382 0.03571428571428571 0.049523809523809526
5 0.6728571428571428 0.05952380952380952 0.03 0.06380952380952382
3 0.6928571428571428 0.03190476190476191 0.017142857142857144 0.023809523809523808
9 0.6721428571428572 0.018095238095238095 0.005714285714285714 0.013333333333333332
9 0.7114285714285714 0.03142857142857143 0.007142857142857143 0.011428571428571429
1 0.6732142857142858 0.010952380952380953 0.0064285714285714285 0.010476190476190476
1 0.7117857142857142 0.022857142857142857 0.005 0.017142857142857144
1 0.8189285714285715 0.1657142857142857 0.010714285714285714 0.02095238095238095
9 0.8207142857142857 0.1761904761904762 0.015714285714285715 0.022857142857142857
3 0.7225 0.07904761904761905 0.03214285714285714 0.02857142857142857
3 0.7771428571428571 0.09 0.03857142857142857 0.029523809523809525
3 0.7435714285714285 0.05238095238095238 0.02 0.02857142857142857
3 0.7260714285714286 0.014761904761904763 0.017857142857142856 0.021904761904761906
3 0.7464285714285714 0.02 0.018571428571428572 0.02095238095238095
3 0.7378571428571429 0.011428571428571429 0.008571428571428572 0.013333333333333332
3 0.7682142857142857 0.05238095238095238 0.020714285714285713 0.024761904761904763
3 0.7575 0.03333333333333333 0.017857142857142856 0.01904761904761905
3 0.7821428571428571 0.06857142857142857 0.02857142857142857 0.024761904761904763
3 0.8060714285714285 0.07095238095238095 0.025 0.02761904761904762
3 0.8317857142857142 0.0719047619047619 0.02214285714285714 0.02761904761904762
3 0.8096428571428571 0.045714285714285714 0.02214285714285714 0.022857142857142857
3 0.8514285714285714 0.04 0.02857142857142857 0.022857142857142857
3 0.9010714285714285 0.06523809523809523 0.039285714285714285 0.02761904761904762
0 0.8214285714285714 0.043333333333333335 0.005714285714285714 0.025714285714285714
0 0.8578571428571429 0.05952380952380952 0.008571428571428572 0.025714285714285714
0 0.8528571428571429 0.04476190476190476 0.007142857142857143 0.026666666666666665
2 0.8153571428571429 0.10095238095238095 0.0064285714285714285 0.022857142857142857
0 0.8164285714285714 0.08952380952380952 0.008571428571428572 0.01904761904761905
3 0.8432142857142857 0.1219047619047619 0.04071428571428572 0.0380952380952381
3 0.8675 0.1519047619047619 0.04357142857142857 0.037142857142857144
3 0.8685714285714285 0.11476190476190476 0.02857142857142857 0.03333333333333333
3 0.8928571428571429 0.13476190476190475 0.045714285714285714 0.040952380952380955
4 0.9203571428571429 0.15142857142857144 0.045 0.05523809523809524
3 0.9007142857142857 0.1819047619047619 0.055714285714285716 0.049523809523809526
3 0.9628571428571429 0.1957142857142857 0.05857142857142857 0.05047619047619047
3 0.9357142857142857 0.2257142857142857 0.054285714285714284 0.05714285714285714
5 0.9717857142857143 0.2785714285714286 0.05357142857142857 0.10952380952380952
5 0.9264285714285714 0.30238095238095236 0.03 0.040952380952380955
1 0.9307142857142857 0.28095238095238095 0.014285714285714285 0.030476190476190476
0 0.945 0.1280952380952381 0.011428571428571429 0.03333333333333333
0 0.9564285714285714 0.1376190476190476 0.012857142857142857 0.035238095238095235
3 0.9825 0.11523809523809524 0.03214285714285714 0.030476190476190476
3 0.9817857142857143 0.1357142857142857 0.035 0.040952380952380955
3 0.5153571428571428 0.35 0.039285714285714285 0.07714285714285714
3 0.4739285714285714 0.8423809523809523 0.11785714285714285 0.22
3 0.5871428571428572 0.9028571428571428 0.12571428571428572 0.17523809523809525
