3 0.03678571428571428 0.42333333333333334 0.07071428571428572 0.11714285714285715
3 0.11285714285714285 0.44857142857142857 0.10571428571428572 0.15047619047619049
3 0.15678571428571428 0.48904761904761906 0.115 0.15714285714285714
3 0.3025 0.7904761904761904 0.16642857142857143 0.15619047619047619
3 0.37214285714285716 0.7114285714285714 0.15428571428571428 0.14666666666666667
4 0.5467857142857143 0.36857142857142855 0.105 0.11047619047619048
3 0.6017857142857143 0.3361904761904762 0.10928571428571429 0.12
3 0.6853571428571429 0.9461904761904761 0.07785714285714286 0.10380952380952381
2 0.2357142857142857 0.5047619047619047 0.025714285714285714 0.05904761904761905
2 0.38142857142857145 0.5766666666666667 0.02857142857142857 0.06571428571428571
9 0.3475 0.5595238095238095 0.02642857142857143 0.054285714285714284
9 0.3264285714285714 0.5457142857142857 0.04 0.05333333333333333
9 0.26535714285714285 0.5152380952380953 0.027857142857142858 0.06095238095238095
9 0.2910714285714286 0.5185714285714286 0.030714285714285715 0.058095238095238096
9 0.3053571428571429 0.5271428571428571 0.03642857142857143 0.06190476190476191
0 0.5985714285714285 0.4723809523809524 0.02 0.05142857142857143
0 0.6882142857142857 0.2923809523809524 0.02642857142857143 0.05714285714285714
2 0.5871428571428572 0.25047619047619046 0.03 0.030476190476190476
4 0.8192857142857143 0.44047619047619047 0.07428571428571429 0.12666666666666668
4 0.8353571428571429 0.32285714285714284 0.05357142857142857 0.1219047619047619
0 0.7717857142857143 0.17142857142857143 0.015 0.06095238095238095
0 0.7610714285714286 0.10857142857142857 0.017857142857142856 0.05142857142857143
0 0.7442857142857143 0.11095238095238096 0.017142857142857144 0.04857142857142857
0 0.7067857142857142 0.0838095238095238 0.016428571428571428 0.05523809523809524
0 0.7096428571428571 0.05142857142857143 0.010714285714285714 0.05714285714285714
0 0.7057142857142857 0.04476190476190476 0.015714285714285715 0.04380952380952381
3 0.89 0.1138095238095238 0.06285714285714286 0.08476190476190476
2 0.7467857142857143 0.5747619047619048 0.05071428571428571 0.040952380952380955
1 0.7446428571428572 0.660952380952381 0.023571428571428573 0.03428571428571429
3 0.04178571428571429 0.9523809523809523 0.07928571428571428 0.09523809523809523
3 0.03 0.6761904761904762 0.06 0.11619047619047619
