3 0.12928571428571428 0.9048223350253807 0.04 0.06852791878172589
3 0.13892857142857143 0.9511421319796953 0.03785714285714286 0.0748730964467005
3 0.2275 0.6821065989847716 0.030714285714285715 0.05456852791878172
3 0.28964285714285715 0.6091370558375634 0.027857142857142858 0.04568527918781726
8 0.3475 0.5190355329949238 0.05785714285714286 0.12690355329949238
4 0.3732142857142857 0.4181472081218274 0.02214285714285714 0.03680203045685279
3 0.3357142857142857 0.4473350253807106 0.024285714285714285 0.03680203045685279
4 0.43535714285714283 0.40736040609137053 0.02214285714285714 0.04568527918781726
4 0.4089285714285714 0.2982233502538071 0.019285714285714285 0.032994923857868015
3 0.44357142857142856 0.2906091370558375 0.02 0.027918781725888322
3 0.48642857142857143 0.3876903553299492 0.018571428571428572 0.04187817258883248
3 0.5325 0.2696700507614213 0.017857142857142856 0.03426395939086294
3 0.5310714285714285 0.20875634517766495 0.015 0.03680203045685279
4 0.5082142857142857 0.11040609137055837 0.016428571428571428 0.027918781725888322
3 0.5128571428571429 0.06345177664974619 0.014285714285714285 0.02030456852791878
3 0.5342857142857143 0.5133248730964467 0.032857142857142856 0.03680203045685279
4 0.9642857142857143 0.7252538071065989 0.04428571428571428 0.049492385786802026
5 0.5757142857142857 0.04060913705583756 0.014285714285714285 0.032994923857868015
3 0.6025 0.025380710659898477 0.012142857142857143 0.025380710659898477
0 0.5667857142857143 0.45050761421319796 0.005 0.02284263959390863
