0 0.4185714285714286 0.5047619047619047 0.014285714285714285 0.04380952380952381
0 0.4082142857142857 0.5919047619047619 0.023571428571428573 0.040952380952380955
1 0.3410714285714286 0.5571428571428572 0.03357142857142857 0.02857142857142857
1 0.3582142857142857 0.5376190476190477 0.019285714285714285 0.02761904761904762
1 0.34035714285714286 0.5280952380952381 0.023571428571428573 0.025714285714285714
1 0.4860714285714286 0.638095238095238 0.017857142857142856 0.022857142857142857
1 0.5082142857142857 0.6085714285714285 0.019285714285714285 0.03428571428571429
1 0.48964285714285716 0.6052380952380952 0.017857142857142856 0.029523809523809525
1 0.4664285714285714 0.6314285714285715 0.022857142857142857 0.030476190476190476
1 0.79 0.5666666666666667 0.027142857142857142 0.02857142857142857
1 0.7696428571428572 0.5852380952380952 0.019285714285714285 0.03333333333333333
1 0.6910714285714286 0.7114285714285714 0.025 0.03428571428571429
1 0.7239285714285715 0.6838095238095238 0.04214285714285714 0.03428571428571429
1 0.6825 0.6695238095238095 0.017857142857142856 0.03619047619047619
1 0.7257142857142858 0.6628571428571428 0.024285714285714285 0.030476190476190476
1 0.6925 0.6471428571428571 0.023571428571428573 0.040952380952380955
1 0.7067857142857142 0.6314285714285715 0.023571428571428573 0.04
0 0.2017857142857143 0.017619047619047618 0.020714285714285713 0.035238095238095235
