3 0.8767857142857143 0.4085714285714286 0.04357142857142857 0.05523809523809524
3 0.8882142857142857 0.4723809523809524 0.04928571428571429 0.06857142857142857
3 0.7435714285714285 0.27904761904761904 0.024285714285714285 0.03238095238095238
3 0.7085714285714285 0.2742857142857143 0.025714285714285714 0.03428571428571429
3 0.6746428571428571 0.26761904761904765 0.023571428571428573 0.03428571428571429
3 0.5425 0.24476190476190476 0.030714285714285715 0.03428571428571429
3 0.5685714285714286 0.2509523809523809 0.025714285714285714 0.029523809523809525
3 0.5407142857142857 0.34476190476190477 0.06142857142857143 0.0380952380952381
3 0.38107142857142856 0.3933333333333333 0.07214285714285715 0.0419047619047619
3 0.205 0.6490476190476191 0.10571428571428572 0.07904761904761905
3 0.4139285714285714 0.2785714285714286 0.04928571428571429 0.035238095238095235
3 0.4442857142857143 0.2523809523809524 0.05142857142857143 0.02857142857142857
3 0.4492857142857143 0.2361904761904762 0.05 0.02857142857142857
3 0.28714285714285714 0.5371428571428571 0.08571428571428572 0.05904761904761905
9 0.7907142857142857 0.34523809523809523 0.007142857142857143 0.023809523809523808
9 0.8053571428571429 0.3495238095238095 0.009285714285714286 0.02857142857142857
9 0.8182142857142857 0.35095238095238096 0.012142857142857143 0.03333333333333333
9 0.8342857142857143 0.35285714285714287 0.012857142857142857 0.035238095238095235
9 0.8439285714285715 0.3566666666666667 0.013571428571428571 0.029523809523809525
9 0.8553571428571428 0.35904761904761906 0.013571428571428571 0.030476190476190476
9 0.8664285714285714 0.36047619047619045 0.015714285714285715 0.03333333333333333
9 0.8728571428571429 0.3438095238095238 0.011428571428571429 0.030476190476190476
9 0.7864285714285715 0.32142857142857145 0.008571428571428572 0.02761904761904762
