5 0.3585714285714286 0.9321065989847716 0.07428571428571429 0.10786802030456852
5 0.5564285714285714 0.9187817258883249 0.05 0.09644670050761421
5 0.55 0.8648477157360406 0.055714285714285716 0.10025380710659898
5 0.5264285714285715 0.7519035532994923 0.047142857142857146 0.06725888324873096
5 0.8039285714285714 0.5057106598984771 0.017857142857142856 0.03426395939086294
5 0.8689285714285714 0.41941624365482233 0.0064285714285714285 0.016497461928934008
5 0.8378571428571429 0.39911167512690354 0.005714285714285714 0.016497461928934008
3 0.31892857142857145 0.9505076142131978 0.030714285714285715 0.04060913705583756
3 0.455 0.8388324873096447 0.03142857142857143 0.04060913705583756
3 0.43214285714285716 0.9815989847715735 0.041428571428571426 0.03426395939086294
3 0.6607142857142857 0.766497461928934 0.022857142857142857 0.03807106598984771
3 0.6528571428571428 0.6478426395939085 0.017142857142857144 0.021573604060913704
3 0.6917857142857143 0.6763959390862944 0.015 0.027918781725888322
3 0.6414285714285715 0.6351522842639593 0.015714285714285715 0.021573604060913704
3 0.6364285714285715 0.6186548223350253 0.015714285714285715 0.019035532994923856
3 0.6942857142857143 0.6383248730964467 0.017142857142857144 0.02284263959390863
3 0.7278571428571429 0.6243654822335025 0.015714285714285715 0.02284263959390863
3 0.7646428571428572 0.6002538071065989 0.013571428571428571 0.02284263959390863
3 0.6764285714285714 0.5958121827411167 0.012857142857142857 0.019035532994923856
3 0.71 0.583756345177665 0.014285714285714285 0.017766497461928932
3 0.7532142857142857 0.5590101522842639 0.010714285714285714 0.019035532994923856
3 0.7010714285714286 0.5532994923857868 0.012142857142857143 0.015228426395939085
3 0.7567857142857143 0.5266497461928934 0.012142857142857143 0.017766497461928932
3 0.7757142857142857 0.5050761421319797 0.01 0.012690355329949238
3 0.7635714285714286 0.49873096446700504 0.01 0.012690355329949238
3 0.7696428571428572 0.482233502538071 0.009285714285714286 0.012690355329949238
3 0.7925 0.4860406091370558 0.007857142857142858 0.012690355329949238
3 0.8296428571428571 0.5012690355329948 0.009285714285714286 0.012690355329949238
3 0.8282142857142857 0.4841370558375634 0.007857142857142858 0.011421319796954314
3 0.8103571428571429 0.4625634517766497 0.0064285714285714285 0.008883248730964466
3 0.7996428571428571 0.4486040609137055 0.0064285714285714285 0.011421319796954314
3 0.8346428571428571 0.45304568527918776 0.0064285714285714285 0.012690355329949238
3 0.8246428571428571 0.440989847715736 0.007857142857142858 0.011421319796954314
3 0.8142857142857143 0.4302030456852792 0.007142857142857143 0.01015228426395939
3 0.8496428571428571 0.4441624365482233 0.007857142857142858 0.012690355329949238
3 0.8546428571428571 0.4314720812182741 0.005 0.012690355329949238
3 0.8360714285714286 0.42385786802030456 0.005 0.01015228426395939
3 0.8889285714285714 0.6903553299492385 0.012142857142857143 0.017766497461928932
3 0.9039285714285714 0.6928934010152283 0.012142857142857143 0.02030456852791878
3 0.8664285714285714 0.6871827411167513 0.014285714285714285 0.019035532994923856
3 0.9157142857142857 0.7373096446700507 0.011428571428571429 0.017766497461928932
3 0.8807142857142857 0.6541878172588832 0.011428571428571429 0.019035532994923856
3 0.8939285714285714 0.6002538071065989 0.007857142857142858 0.012690355329949238
3 0.9271428571428572 0.6370558375634517 0.011428571428571429 0.025380710659898477
3 0.9303571428571429 0.6104060913705583 0.007857142857142858 0.015228426395939085
3 0.9260714285714285 0.5596446700507614 0.007857142857142858 0.012690355329949238
3 0.9364285714285714 0.572969543147208 0.008571428571428572 0.021573604060913704
3 0.8417857142857142 0.4111675126903553 0.005 0.012690355329949238
3 0.8342857142857143 0.41180203045685276 0.004285714285714286 0.008883248730964466
3 0.8621428571428571 0.4156091370558375 0.004285714285714286 0.006345177664974619
3 0.8567857142857143 0.39974619289340096 0.0035714285714285713 0.0076142131979695426
3 0.8625 0.4035532994923858 0.005 0.01015228426395939
4 0.6717857142857143 0.581218274111675 0.015 0.017766497461928932
9 0.7339285714285714 0.5901015228426395 0.007857142857142858 0.015228426395939085
4 0.7764285714285715 0.4758883248730964 0.01 0.012690355329949238
4 0.7846428571428572 0.5190355329949238 0.010714285714285714 0.02030456852791878
8 0.5996428571428571 0.6725888324873096 0.04071428571428572 0.055837563451776644
8 0.7385714285714285 0.5063451776649746 0.02142857142857143 0.03807106598984771
0 0.8021428571428572 0.8128172588832486 0.005714285714285714 0.016497461928934008
0 0.8335714285714285 0.7772842639593908 0.005714285714285714 0.016497461928934008
0 0.9328571428571428 0.9321065989847716 0.005714285714285714 0.024111675126903553
0 0.9107142857142857 0.8502538071065989 0.007142857142857143 0.017766497461928932
0 0.9196428571428571 0.848984771573604 0.005 0.017766497461928932
0 0.7514285714285714 0.840736040609137 0.005714285714285714 0.016497461928934008
0 0.7567857142857143 0.8362944162436547 0.005 0.02030456852791878
4 0.8985714285714286 0.972715736040609 0.024285714285714285 0.052030456852791875
3 0.9596428571428571 0.9403553299492385 0.027857142857142858 0.027918781725888322
5 0.9221428571428572 0.6776649746192893 0.012857142857142857 0.04060913705583756
5 0.9332142857142857 0.5970812182741116 0.012142857142857143 0.03426395939086294
5 0.9378571428571428 0.5596446700507614 0.014285714285714285 0.027918781725888322
4 0.5075 0.7468274111675126 0.019285714285714285 0.031725888324873094
0 0.5278571428571428 0.6802030456852791 0.004285714285714286 0.012690355329949238
0 0.5367857142857143 0.6675126903553299 0.0035714285714285713 0.012690355329949238
0 0.5389285714285714 0.6662436548223349 0.0035714285714285713 0.012690355329949238
0 0.5478571428571428 0.656725888324873 0.002857142857142857 0.013959390862944161
0 0.5507142857142857 0.656725888324873 0.002857142857142857 0.016497461928934008
0 0.5578571428571428 0.6491116751269035 0.005714285714285714 0.011421319796954314
0 0.6646428571428571 0.5590101522842639 0.0035714285714285713 0.011421319796954314
3 0.7414285714285714 0.5450507614213198 0.01 0.013959390862944161
3 0.9167857142857143 0.7227157360406091 0.009285714285714286 0.019035532994923856
3 0.8678571428571429 0.6630710659898477 0.011428571428571429 0.019035532994923856
3 0.8696428571428572 0.648477157360406 0.010714285714285714 0.015228426395939085
3 0.8739285714285714 0.6351522842639593 0.009285714285714286 0.016497461928934008
3 0.8857142857142857 0.5939086294416244 0.008571428571428572 0.017766497461928932
3 0.8828571428571429 0.6015228426395939 0.008571428571428572 0.012690355329949238
3 0.8807142857142857 0.6097715736040609 0.011428571428571429 0.013959390862944161
3 0.8778571428571429 0.6199238578680203 0.011428571428571429 0.013959390862944161
4 0.9207142857142857 0.697969543147208 0.01 0.025380710659898477
