3 0.43607142857142855 0.5640862944162436 0.017857142857142856 0.06218274111675126
3 0.3575 0.9187817258883249 0.027857142857142858 0.07868020304568528
3 0.325 0.8483502538071065 0.022857142857142857 0.05964467005076142
3 0.39714285714285713 0.06027918781725888 0.014285714285714285 0.026649746192893398
3 0.4332142857142857 0.018401015228426396 0.010714285714285714 0.021573604060913704
3 0.2825 0.15355329949238578 0.027857142857142858 0.017766497461928932
3 0.44785714285714284 0.12309644670050761 0.011428571428571429 0.027918781725888322
3 0.45071428571428573 0.09263959390862943 0.01 0.025380710659898477
3 0.4303571428571429 0.06218274111675126 0.009285714285714286 0.02284263959390863
3 0.4875 0.07868020304568528 0.009285714285714286 0.025380710659898477
3 0.48964285714285716 0.3426395939086294 0.013571428571428571 0.04314720812182741
3 0.4907142857142857 0.6637055837563451 0.02 0.07106598984771573
4 0.4107142857142857 0.9251269035532994 0.022857142857142857 0.08629441624365482
4 0.34 0.49048223350253806 0.02 0.049492385786802026
4 0.44821428571428573 0.33248730964467005 0.016428571428571428 0.04314720812182741
4 0.4828571428571429 0.26586294416243655 0.012857142857142857 0.03680203045685279
4 0.4707142857142857 0.21700507614213196 0.014285714285714285 0.03807106598984771
4 0.47214285714285714 0.12563451776649745 0.014285714285714285 0.03807106598984771
4 0.47 0.06281725888324872 0.011428571428571429 0.03426395939086294
3 0.48928571428571427 0.47144670050761417 0.017142857142857144 0.04695431472081218
4 0.9060714285714285 0.4225888324873096 0.056428571428571425 0.04060913705583756
8 0.9632142857142857 0.4422588832487309 0.07357142857142857 0.05710659898477157
0 0.6067857142857143 0.07296954314720812 0.0064285714285714285 0.021573604060913704
0 0.5871428571428572 0.07170050761421319 0.004285714285714286 0.019035532994923856
