3 0.6221428571428571 0.6408629441624365 0.09 0.07614213197969542
3 0.41714285714285715 0.6541878172588832 0.08428571428571428 0.06725888324873096
3 0.2710714285714286 0.6751269035532994 0.08642857142857142 0.06345177664974619
5 0.3375 0.4815989847715736 0.14785714285714285 0.12563451776649745
9 0.20642857142857143 0.49048223350253806 0.03571428571428571 0.04695431472081218
1 0.205 0.48477157360406087 0.018571428571428572 0.035532994923857864
8 0.055714285714285716 0.2626903553299492 0.05142857142857143 0.17258883248730963
8 0.06678571428571428 0.059010152284263956 0.04642857142857143 0.11802030456852791
0 0.39321428571428574 0.34708121827411165 0.010714285714285714 0.031725888324873094
0 0.4075 0.3699238578680203 0.010714285714285714 0.03426395939086294
0 0.5460714285714285 0.3680203045685279 0.013571428571428571 0.032994923857868015
