4 0.0275 0.27347715736040606 0.023571428571428573 0.019035532994923856
3 0.20785714285714285 0.08502538071065989 0.022857142857142857 0.017766497461928932
3 0.11428571428571428 0.31979695431472077 0.024285714285714285 0.02284263959390863
3 0.1175 0.2772842639593908 0.02214285714285714 0.021573604060913704
5 0.15714285714285714 0.3312182741116751 0.04 0.035532994923857864
3 0.2764285714285714 0.266497461928934 0.022857142857142857 0.025380710659898477
3 0.30178571428571427 0.09581218274111675 0.02214285714285714 0.019035532994923856
3 0.35214285714285715 0.1979695431472081 0.018571428571428572 0.02030456852791878
3 0.4139285714285714 0.053299492385786795 0.020714285714285713 0.015228426395939085
3 0.03857142857142857 0.7874365482233502 0.012857142857142857 0.03680203045685279
4 0.021785714285714287 0.897208121827411 0.012142857142857143 0.035532994923857864
3 0.31035714285714283 0.8870558375634517 0.019285714285714285 0.015228426395939085
3 0.31392857142857145 0.8654822335025381 0.019285714285714285 0.015228426395939085
3 0.31464285714285717 0.8451776649746192 0.020714285714285713 0.017766497461928932
3 0.3217857142857143 0.8032994923857867 0.02214285714285714 0.017766497461928932
4 0.3182142857142857 0.825507614213198 0.020714285714285713 0.013959390862944161
3 0.3439285714285714 0.7550761421319796 0.009285714285714286 0.03807106598984771
3 0.36142857142857143 0.7626903553299492 0.008571428571428572 0.035532994923857864
3 0.3732142857142857 0.766497461928934 0.010714285714285714 0.035532994923857864
3 0.38535714285714284 0.7690355329949238 0.007857142857142858 0.035532994923857864
3 0.3960714285714286 0.7715736040609137 0.009285714285714286 0.04060913705583756
3 0.40714285714285714 0.7772842639593908 0.011428571428571429 0.03680203045685279
3 0.41964285714285715 0.7804568527918782 0.010714285714285714 0.03807106598984771
5 0.43535714285714283 0.21065989847715735 0.02642857142857143 0.03045685279187817
5 0.5885714285714285 0.1618020304568528 0.032857142857142856 0.03426395939086294
5 0.6153571428571428 0.18591370558375633 0.04214285714285714 0.031725888324873094
5 0.5292857142857142 0.24873096446700504 0.06 0.03807106598984771
3 0.42964285714285716 0.7848984771573604 0.012142857142857143 0.03934010152284264
3 0.44285714285714284 0.7887055837563451 0.011428571428571429 0.03680203045685279
3 0.4525 0.7918781725888324 0.010714285714285714 0.035532994923857864
3 0.4725 0.7988578680203045 0.012142857142857143 0.03934010152284264
3 0.5042857142857143 0.766497461928934 0.02 0.02030456852791878
3 0.5064285714285715 0.7436548223350253 0.02 0.02030456852791878
3 0.5082142857142857 0.723984771573604 0.020714285714285713 0.019035532994923856
3 0.5682142857142857 0.9422588832487309 0.023571428571428573 0.021573604060913704
3 0.5707142857142857 0.9187817258883249 0.02142857142857143 0.02030456852791878
3 0.5425 0.9333756345177664 0.025 0.024111675126903553
3 0.54 0.9511421319796953 0.022857142857142857 0.024111675126903553
3 0.5360714285714285 0.973984771573604 0.020714285714285713 0.019035532994923856
3 0.5339285714285714 0.9942893401015228 0.02214285714285714 0.008883248730964466
9 0.4967857142857143 0.8071065989847716 0.010714285714285714 0.0076142131979695426
9 0.48642857142857143 0.8090101522842639 0.004285714285714286 0.019035532994923856
9 0.4975 0.7969543147208121 0.009285714285714286 0.0076142131979695426
9 0.49642857142857144 0.7912436548223349 0.008571428571428572 0.011421319796954314
9 0.5039285714285714 0.7855329949238578 0.010714285714285714 0.01015228426395939
3 0.5142857142857142 0.6725888324873096 0.018571428571428572 0.02030456852791878
3 0.5157142857142857 0.6529187817258882 0.02 0.019035532994923856
3 0.5167857142857143 0.6326142131979695 0.02214285714285714 0.021573604060913704
3 0.5192857142857142 0.6110406091370558 0.02142857142857143 0.021573604060913704
3 0.5228571428571429 0.590736040609137 0.022857142857142857 0.019035532994923856
3 0.5285714285714286 0.5513959390862944 0.02142857142857143 0.021573604060913704
3 0.5296428571428572 0.5336294416243654 0.025 0.021573604060913704
3 0.7914285714285715 0.7341370558375634 0.02142857142857143 0.021573604060913704
4 0.5242857142857142 0.5697969543147208 0.025714285714285714 0.02030456852791878
4 0.6139285714285714 0.5044416243654822 0.019285714285714285 0.016497461928934008
4 0.6796428571428571 0.4416243654822335 0.02214285714285714 0.017766497461928932
4 0.5975 0.3972081218274111 0.023571428571428573 0.017766497461928932
4 0.5985714285714285 0.38071065989847713 0.018571428571428572 0.02030456852791878
4 0.6267857142857143 0.3661167512690355 0.02214285714285714 0.019035532994923856
3 0.5875 0.49682741116751267 0.023571428571428573 0.019035532994923856
3 0.5896428571428571 0.473984771573604 0.023571428571428573 0.021573604060913704
3 0.5921428571428572 0.4555837563451776 0.022857142857142857 0.02030456852791878
3 0.6139285714285714 0.482233502538071 0.02214285714285714 0.02030456852791878
3 0.6146428571428572 0.46510152284263956 0.02214285714285714 0.019035532994923856
3 0.6171428571428571 0.44543147208121825 0.022857142857142857 0.02030456852791878
3 0.5957142857142858 0.416243654822335 0.02142857142857143 0.02030456852791878
3 0.62 0.42385786802030456 0.022857142857142857 0.02284263959390863
3 0.6239285714285714 0.40672588832487305 0.02214285714285714 0.019035532994923856
3 0.6246428571428572 0.38515228426395937 0.02214285714285714 0.024111675126903553
3 0.6285714285714286 0.3477157360406091 0.02142857142857143 0.02030456852791878
3 0.6739285714285714 0.523477157360406 0.020714285714285713 0.019035532994923856
3 0.6703571428571429 0.5431472081218274 0.023571428571428573 0.02030456852791878
3 0.7035714285714286 0.4708121827411167 0.018571428571428572 0.017766497461928932
3 0.6760714285714285 0.48350253807106597 0.019285714285714285 0.015228426395939085
3 0.6778571428571428 0.4606598984771573 0.02142857142857143 0.025380710659898477
3 0.7039285714285715 0.45050761421319796 0.02214285714285714 0.02030456852791878
3 0.7185714285714285 0.41180203045685276 0.022857142857142857 0.019035532994923856
3 0.6864285714285714 0.3845177664974619 0.022857142857142857 0.02030456852791878
3 0.6867857142857143 0.3629441624365482 0.020714285714285713 0.02284263959390863
3 0.6925 0.3445431472081218 0.017857142857142856 0.019035532994923856
3 0.6910714285714286 0.324238578680203 0.023571428571428573 0.019035532994923856
3 0.7125 0.37373096446700504 0.02214285714285714 0.016497461928934008
3 0.7135714285714285 0.3527918781725888 0.022857142857142857 0.02030456852791878
3 0.7178571428571429 0.33248730964467005 0.025714285714285714 0.02284263959390863
9 0.7378571428571429 0.5266497461928934 0.007142857142857143 0.015228426395939085
9 0.7646428571428572 0.648477157360406 0.007857142857142858 0.017766497461928932
3 0.7389285714285714 0.19606598984771573 0.02642857142857143 0.019035532994923856
4 0.7939285714285714 0.11992385786802029 0.025 0.021573604060913704
4 0.8867857142857143 0.06408629441624365 0.023571428571428573 0.019035532994923856
3 0.8214285714285714 0.04695431472081218 0.024285714285714285 0.017766497461928932
5 0.8067857142857143 0.14593908629441624 0.055 0.032994923857868015
3 0.9021428571428571 0.11167512690355329 0.024285714285714285 0.017766497461928932
3 0.9085714285714286 0.6535532994923857 0.02142857142857143 0.03045685279187817
3 0.8585714285714285 0.8635786802030456 0.025714285714285714 0.021573604060913704
3 0.8610714285714286 0.822969543147208 0.02642857142857143 0.019035532994923856
3 0.8632142857142857 0.8032994923857867 0.023571428571428573 0.02284263959390863
3 0.8639285714285714 0.7823604060913705 0.020714285714285713 0.019035532994923856
3 0.8667857142857143 0.7645939086294415 0.019285714285714285 0.026649746192893398
3 0.87 0.7430203045685279 0.025714285714285714 0.024111675126903553
3 0.8571428571428571 0.8838832487309644 0.024285714285714285 0.021573604060913704
3 0.8535714285714285 0.9035532994923857 0.025714285714285714 0.02284263959390863
3 0.8510714285714286 0.9244923857868019 0.02642857142857143 0.021573604060913704
3 0.8410714285714286 0.9549492385786801 0.023571428571428573 0.024111675126903553
3 0.8389285714285715 0.9752538071065989 0.023571428571428573 0.024111675126903553
