7 0.5224425887265135 0.6873840445269017 0.011482254697286011 0.03710575139146568
1 0.5232254697286012 0.6897031539888683 0.004697286012526096 0.0176252319109462
3 0.55741127348643 0.4253246753246753 0.009394572025052192 0.0176252319109462
3 0.5636743215031315 0.46985157699443414 0.010438413361169102 0.01948051948051948
5 0.565501043841336 0.5445269016697588 0.009916492693110646 0.029684601113172542
5 0.5352296450939457 0.24118738404452691 0.0057411273486430055 0.014842300556586271
6 0.6343945720250521 0.589517625231911 0.028705636743215027 0.0287569573283859
9 0.6803235908141961 0.6813543599257885 0.01826722338204593 0.01948051948051948
3 0.7025052192066805 0.9039888682745826 0.04697286012526095 0.041743970315398886
6 0.7032881002087682 0.8631725417439703 0.017223382045929016 0.049165120593692026
7 0.5908141962421711 0.6103896103896104 0.010438413361169102 0.025974025974025976
9 0.5190501043841336 0.6266233766233766 0.0057411273486430055 0.0176252319109462
5 0.5675887265135698 0.3395176252319109 0.008872651356993735 0.02411873840445269
3 0.18710855949895613 0.3427643784786642 0.012004175365344467 0.012059369202226345
1 0.5193110647181628 0.6219851576994434 0.0041753653444676405 0.0176252319109462
