3 0.27925 0.5873333333333333 0.0415 0.06799999999999999
3 0.41200000000000003 0.7016666666666667 0.088 0.082
3 0.3525 0.5846666666666667 0.052000000000000005 0.08133333333333333
3 0.31325000000000003 0.43166666666666664 0.0335 0.041999999999999996
3 0.2915 0.34833333333333333 0.021 0.04066666666666666
3 0.1515 0.33399999999999996 0.039 0.022666666666666665
3 0.051250000000000004 0.3466666666666667 0.0365 0.029333333333333333
0 0.066 0.35766666666666663 0.012 0.024666666666666667
3 0.029500000000000002 0.38766666666666666 0.059000000000000004 0.033999999999999996
5 0.2185 0.19233333333333333 0.014 0.02733333333333333
4 0.38425 0.371 0.0345 0.035333333333333335
0 0.4205 0.45066666666666666 0.009000000000000001 0.029333333333333333
0 0.788 0.8016666666666666 0.019 0.05266666666666667
3 0.7917500000000001 0.6693333333333333 0.0845 0.06933333333333333
0 0.202 0.5246666666666666 0.013000000000000001 0.03733333333333333
0 0.21075 0.5273333333333333 0.0105 0.03333333333333333
3 0.91925 0.6126666666666667 0.0755 0.072
