5 0.36857142857142855 0.9385714285714286 0.10142857142857142 0.12285714285714286
3 0.48 0.9285714285714286 0.05285714285714286 0.14285714285714285
5 0.08071428571428571 0.820952380952381 0.07142857142857142 0.16952380952380952
9 0.10214285714285715 0.5119047619047619 0.047142857142857146 0.02761904761904762
3 0.14785714285714285 0.5242857142857142 0.05857142857142857 0.11523809523809524
3 0.17642857142857143 0.4104761904761905 0.05 0.10095238095238095
3 0.19964285714285715 0.30095238095238097 0.04642857142857143 0.09523809523809523
9 0.2332142857142857 0.48428571428571426 0.017857142857142856 0.04285714285714286
9 0.5367857142857143 0.6209523809523809 0.02214285714285714 0.05142857142857143
1 0.5375 0.6185714285714285 0.017857142857142856 0.023809523809523808
9 0.20892857142857144 0.23238095238095238 0.023571428571428573 0.03428571428571429
5 0.18928571428571428 0.15666666666666668 0.06142857142857143 0.12476190476190477
3 0.14214285714285715 0.16238095238095238 0.04285714285714286 0.07904761904761905
3 0.16285714285714287 0.041428571428571426 0.06571428571428571 0.04476190476190476
9 0.38321428571428573 0.3566666666666667 0.015 0.04857142857142857
1 0.3817857142857143 0.3504761904761905 0.010714285714285714 0.02857142857142857
3 0.44392857142857145 0.37523809523809526 0.039285714285714285 0.09333333333333334
9 0.2732142857142857 0.6195238095238095 0.020714285714285713 0.06380952380952382
1 0.27214285714285713 0.62 0.017142857142857144 0.045714285714285714
9 0.6171428571428571 0.589047619047619 0.014285714285714285 0.04666666666666667
3 0.5675 0.4695238095238095 0.04071428571428572 0.10285714285714286
0 0.5617857142857143 0.5261904761904762 0.012142857142857143 0.021904761904761906
0 0.6203571428571428 0.5128571428571429 0.010714285714285714 0.014285714285714285
5 0.5617857142857143 0.3580952380952381 0.03642857142857143 0.10095238095238095
0 0.6507142857142857 0.33904761904761904 0.011428571428571429 0.03428571428571429
9 0.5575 0.28809523809523807 0.030714285714285715 0.025714285714285714
9 0.5921428571428572 0.19 0.011428571428571429 0.035238095238095235
3 0.5560714285714285 0.14523809523809525 0.030714285714285715 0.06952380952380953
3 0.5546428571428571 0.06666666666666667 0.029285714285714286 0.06095238095238095
3 0.4689285714285714 0.08523809523809524 0.029285714285714286 0.06190476190476191
9 0.5010714285714286 0.017142857142857144 0.010714285714285714 0.03428571428571429
1 0.5010714285714286 0.01 0.009285714285714286 0.02
9 0.5578571428571428 0.018095238095238095 0.015714285714285715 0.03428571428571429
9 0.34785714285714286 0.1261904761904762 0.011428571428571429 0.039047619047619046
