8 0.5425 0.7258883248730964 0.03642857142857143 0.2639593908629441
5 0.5017857142857143 0.6637055837563451 0.02214285714285714 0.10152284263959391
3 0.4675 0.19035532994923857 0.017857142857142856 0.053299492385786795
3 0.5164285714285715 0.06218274111675126 0.015714285714285715 0.048223350253807105
0 0.7882142857142858 0.22398477157360405 0.009285714285714286 0.021573604060913704
0 0.7735714285714286 0.2144670050761421 0.007142857142857143 0.02030456852791878
0 0.7621428571428571 0.2081218274111675 0.007142857142857143 0.02030456852791878
0 0.7675 0.12690355329949238 0.0064285714285714285 0.025380710659898477
0 0.7421428571428571 0.1611675126903553 0.007142857142857143 0.02030456852791878
0 0.8225 0.12944162436548223 0.0064285714285714285 0.027918781725888322
0 0.8478571428571429 0.05774111675126903 0.007142857142857143 0.026649746192893398
0 0.8071428571428572 0.019035532994923856 0.005714285714285714 0.02284263959390863
0 0.7567857142857143 0.15736040609137056 0.005 0.017766497461928932
0 0.76 0.14593908629441624 0.004285714285714286 0.017766497461928932
0 0.7557142857142857 0.14340101522842638 0.007142857142857143 0.02030456852791878
0 0.7032142857142857 0.758248730964467 0.009285714285714286 0.029187817258883246
