9 0.125 0.27411167512690354 0.005714285714285714 0.012690355329949238
0 0.15714285714285714 0.15736040609137056 0.002857142857142857 0.012690355329949238
0 0.18107142857142858 0.15609137055837563 0.0035714285714285713 0.012690355329949238
0 0.17714285714285713 0.14911167512690354 0.004285714285714286 0.013959390862944161
0 0.15142857142857144 0.2626903553299492 0.005714285714285714 0.017766497461928932
0 0.18321428571428572 0.13578680203045684 0.005 0.015228426395939085
0 0.15392857142857141 0.2531725888324873 0.005 0.011421319796954314
3 0.21035714285714285 0.2626903553299492 0.019285714285714285 0.04568527918781726
4 0.21107142857142858 0.16878172588832485 0.020714285714285713 0.048223350253807105
4 0.25785714285714284 0.053299492385786795 0.015714285714285715 0.032994923857868015
4 0.2567857142857143 0.26776649746192893 0.025 0.06091370558375634
4 0.15071428571428572 0.5133248730964467 0.024285714285714285 0.05456852791878172
3 0.4517857142857143 0.01713197969543147 0.029285714285714286 0.03426395939086294
9 0.12178571428571429 0.6364213197969543 0.009285714285714286 0.031725888324873094
1 0.12035714285714286 0.6357868020304568 0.009285714285714286 0.015228426395939085
5 0.5575 0.9048223350253807 0.07214285714285715 0.1649746192893401
4 0.5407142857142857 0.6954314720812182 0.02 0.06852791878172589
3 0.5342857142857143 0.5869289340101522 0.017142857142857144 0.06472081218274112
3 0.5089285714285714 0.5488578680203046 0.012142857142857143 0.05964467005076142
3 0.5175 0.3147208121827411 0.016428571428571428 0.04314720812182741
4 0.5032142857142857 0.4644670050761421 0.015 0.06091370558375634
4 0.5310714285714285 0.47715736040609136 0.017857142857142856 0.08121827411167512
4 0.5264285714285715 0.39974619289340096 0.014285714285714285 0.053299492385786795
3 0.49785714285714283 0.3927664974619289 0.014285714285714285 0.05456852791878172
3 0.7417857142857143 0.09961928934010152 0.02642857142857143 0.04187817258883248
3 0.6153571428571428 0.01015228426395939 0.010714285714285714 0.02030456852791878
3 0.49142857142857144 0.3052030456852792 0.017142857142857144 0.05456852791878172
3 0.48892857142857143 0.03934010152284264 0.023571428571428573 0.035532994923857864
3 0.49357142857142855 0.016497461928934008 0.027142857142857142 0.032994923857868015
