3 0.04928571428571429 0.3 0.055714285714285716 0.04
4 0.11142857142857143 0.2985714285714286 0.06571428571428571 0.039047619047619046
0 0.16428571428571428 0.2838095238095238 0.014285714285714285 0.02095238095238095
0 0.17357142857142857 0.2714285714285714 0.012857142857142857 0.017142857142857144
0 0.2642857142857143 0.1361904761904762 0.01 0.02095238095238095
0 0.2860714285714286 0.1180952380952381 0.009285714285714286 0.022857142857142857
0 0.2775 0.12238095238095238 0.0064285714285714285 0.014285714285714285
0 0.27714285714285714 0.05380952380952381 0.008571428571428572 0.023809523809523808
4 0.285 0.023333333333333334 0.05142857142857143 0.039047619047619046
4 0.38571428571428573 0.026666666666666665 0.047142857142857146 0.04
9 0.42392857142857143 0.09571428571428571 0.007857142857142858 0.02761904761904762
1 0.42392857142857143 0.08952380952380952 0.009285714285714286 0.017142857142857144
0 0.3360714285714286 0.14285714285714285 0.010714285714285714 0.02857142857142857
3 0.33071428571428574 0.08142857142857143 0.037142857142857144 0.05619047619047619
3 0.3560714285714286 0.14333333333333334 0.027857142857142858 0.06190476190476191
3 0.42178571428571426 0.21619047619047618 0.035 0.07047619047619047
9 0.3417857142857143 0.3157142857142857 0.009285714285714286 0.03333333333333333
1 0.3417857142857143 0.3138095238095238 0.010714285714285714 0.021904761904761906
4 0.2975 0.26285714285714284 0.027857142857142858 0.08571428571428572
9 0.3417857142857143 0.44095238095238093 0.010714285714285714 0.030476190476190476
1 0.3410714285714286 0.4357142857142857 0.009285714285714286 0.02
1 0.3425 0.4276190476190476 0.007857142857142858 0.017142857142857144
0 0.24321428571428572 0.5223809523809524 0.012142857142857143 0.02
9 0.23357142857142857 0.42238095238095236 0.015714285714285715 0.03142857142857143
1 0.22214285714285714 0.6038095238095238 0.015714285714285715 0.02095238095238095
1 0.21928571428571428 0.6190476190476191 0.018571428571428572 0.007619047619047619
1 0.21821428571428572 0.6195238095238095 0.007857142857142858 0.008571428571428572
3 0.29 0.539047619047619 0.037142857142857144 0.08571428571428572
5 0.2517857142857143 0.7466666666666667 0.05928571428571429 0.14476190476190476
4 0.2325 0.8833333333333333 0.04357142857142857 0.09047619047619047
2 0.26535714285714285 0.94 0.013571428571428571 0.04380952380952381
1 0.265 0.9376190476190476 0.014285714285714285 0.021904761904761906
1 0.5932142857142857 0.09952380952380953 0.009285714285714286 0.01619047619047619
3 0.5707142857142857 0.04 0.05 0.0419047619047619
3 0.525 0.32095238095238093 0.025714285714285714 0.06476190476190476
4 0.5221428571428571 0.539047619047619 0.027142857142857142 0.06476190476190476
4 0.5164285714285715 0.7838095238095238 0.027142857142857142 0.08761904761904762
4 0.5135714285714286 0.9652380952380952 0.03 0.06952380952380953
7 0.5878571428571429 0.13904761904761906 0.012857142857142857 0.04
3 0.9071428571428571 0.02238095238095238 0.06 0.039047619047619046
