3 0.5441022964509394 0.8719851576994434 0.04749478079331941 0.19480519480519481
3 0.5341858037578288 0.6442486085343229 0.05375782881002087 0.1567717996289425
7 0.5835073068893527 0.3803339517625232 0.021920668058455113 0.06493506493506494
7 0.5174843423799582 0.36410018552875695 0.02453027139874739 0.06771799628942486
1 0.5610647181628392 0.28385899814471244 0.008350730688935281 0.0352504638218924
6 0.5587160751565762 0.29730983302411873 0.014091858037578286 0.043599257884972174
3 0.6367432150313151 0.08998144712430427 0.0615866388308977 0.05380333951762523
9 0.6341336116910229 0.14981447124304267 0.013569937369519832 0.04730983302411874
9 0.6756263048016701 0.15630797773654917 0.022442588726513567 0.02504638218923933
9 0.688152400835073 0.16512059369202226 0.023486430062630476 0.02411873840445269
9 0.688152400835073 0.3070500927643785 0.03079331941544885 0.029684601113172542
9 0.6779749478079331 0.3761595547309833 0.025052192066805843 0.030612244897959183
9 0.6931106471816283 0.44990723562152135 0.030271398747390394 0.027829313543599257
9 0.6662317327766178 0.6289424860853432 0.02974947807933194 0.05009276437847866
9 0.33246346555323586 0.8140074211502784 0.028183716075156573 0.05844155844155844
3 0.3410751565762004 0.274582560296846 0.0662839248434238 0.06493506493506494
9 0.3418580375782881 0.19990723562152135 0.024008350730688934 0.030612244897959183
0 0.33611691022964507 0.16975881261595546 0.010438413361169102 0.03339517625231911
0 0.4512004175365344 0.10528756957328386 0.006784968684759916 0.03246753246753247
0 0.44128392484342377 0.10111317254174397 0.0057411273486430055 0.03896103896103896
7 0.4566805845511482 0.06910946196660482 0.022964509394572022 0.07142857142857142
9 0.4261482254697286 0.37430426716141 0.008872651356993735 0.041743970315398886
1 0.4264091858037578 0.36131725417439703 0.009394572025052192 0.030612244897959183
1 0.40161795407098116 0.8724489795918368 0.017223382045929016 0.039888682745825604
1 0.4057933194154488 0.8404452690166976 0.017223382045929016 0.029684601113172542
6 0.4073590814196242 0.8599257884972171 0.02766179540709812 0.11317254174397032
1 0.47155532359081415 0.7091836734693878 0.014091858037578286 0.030612244897959183
9 0.4710334029227557 0.7064007421150278 0.013048016701461376 0.05658627087198516
0 0.6784968684759916 0.4893320964749536 0.013569937369519832 0.026901669758812616
0 0.6915448851774529 0.5236549165120594 0.012526096033402922 0.03803339517625232
0 0.6821503131524008 0.5681818181818182 0.009394572025052192 0.03803339517625232
1 0.6920668058455114 0.5408163265306123 0.0073068893528183704 0.027829313543599257
9 0.6850208768267223 0.06539888682745826 0.022442588726513567 0.03432282003710575
9 0.6860647181628392 0.05612244897959184 0.022442588726513567 0.02504638218923933
