1 0.21535714285714286 0.18527918781725886 0.007857142857142858 0.012690355329949238
1 0.21785714285714286 0.17703045685279187 0.007142857142857143 0.016497461928934008
0 0.20035714285714284 0.1878172588832487 0.0064285714285714285 0.02284263959390863
0 0.30392857142857144 0.3178934010152284 0.009285714285714286 0.03426395939086294
0 0.26535714285714285 0.4942893401015228 0.009285714285714286 0.031725888324873094
0 0.27035714285714285 0.5507614213197969 0.007857142857142858 0.032994923857868015
0 0.26571428571428574 0.8090101522842639 0.012857142857142857 0.03680203045685279
0 0.7782142857142857 0.907994923857868 0.010714285714285714 0.029187817258883246
0 0.7571428571428571 0.8458121827411167 0.012857142857142857 0.04695431472081218
8 0.6614285714285715 0.7220812182741116 0.10571428571428572 0.3629441624365482
8 0.6053571428571428 0.39530456852791873 0.045 0.12055837563451775
0 0.6557142857142857 0.4289340101522842 0.007142857142857143 0.02284263959390863
0 0.6625 0.424492385786802 0.009285714285714286 0.031725888324873094
0 0.6228571428571429 0.40545685279187815 0.007142857142857143 0.029187817258883246
0 0.6432142857142857 0.30203045685279184 0.007857142857142858 0.03045685279187817
0 0.6828571428571428 0.15736040609137056 0.007142857142857143 0.03045685279187817
