4 0.29464285714285715 0.9461904761904761 0.07071428571428572 0.10761904761904761
3 0.34214285714285714 0.8233333333333334 0.06714285714285714 0.11904761904761904
3 0.26535714285714285 0.829047619047619 0.05357142857142857 0.10761904761904761
3 0.3989285714285714 0.6923809523809524 0.060714285714285714 0.11238095238095239
3 0.4471428571428571 0.5728571428571428 0.055714285714285716 0.09619047619047619
3 0.38142857142857145 0.5657142857142857 0.05142857142857143 0.09333333333333334
3 0.4232142857142857 0.47523809523809524 0.047857142857142855 0.08571428571428572
3 0.4610714285714286 0.38095238095238093 0.039285714285714285 0.07809523809523809
3 0.4132142857142857 0.30857142857142855 0.045 0.07809523809523809
3 0.5307142857142857 0.37714285714285717 0.04428571428571428 0.07809523809523809
3 0.5642857142857143 0.15047619047619049 0.04 0.06666666666666667
3 0.5828571428571429 0.08476190476190476 0.03571428571428571 0.06666666666666667
3 0.29428571428571426 0.5538095238095239 0.05714285714285714 0.09238095238095238
3 0.32142857142857145 0.7042857142857143 0.07 0.12095238095238095
3 0.19178571428571428 0.7552380952380953 0.07214285714285715 0.11047619047619048
4 0.41964285714285715 0.9595238095238096 0.055 0.08095238095238096
3 0.45071428571428573 0.8928571428571429 0.054285714285714284 0.11714285714285715
3 0.48 0.8252380952380952 0.05 0.10952380952380952
3 0.5932142857142857 0.9180952380952381 0.08642857142857142 0.09142857142857143
4 0.6089285714285714 0.861904761904762 0.08357142857142857 0.08190476190476191
3 0.6653571428571429 0.709047619047619 0.07785714285714286 0.07523809523809524
4 0.5328571428571428 0.6747619047619048 0.05285714285714286 0.10952380952380952
3 0.5539285714285714 0.61 0.052142857142857144 0.1
3 0.5732142857142857 0.5557142857142857 0.04928571428571429 0.08857142857142856
4 0.5942857142857143 0.490952380952381 0.05 0.09428571428571429
3 0.49107142857142855 0.47095238095238096 0.04928571428571429 0.08666666666666667
3 0.6942857142857143 0.5580952380952381 0.07857142857142857 0.0761904761904762
3 0.7210714285714286 0.47619047619047616 0.06642857142857143 0.06095238095238095
3 0.7442857142857143 0.3995238095238095 0.07428571428571429 0.058095238095238096
3 0.7571428571428571 0.3657142857142857 0.07428571428571429 0.06095238095238095
3 0.6146428571428572 0.4361904761904762 0.05071428571428571 0.07809523809523809
3 0.6332142857142857 0.37761904761904763 0.052142857142857144 0.07904761904761905
3 0.6517857142857143 0.3319047619047619 0.04642857142857143 0.08666666666666667
3 0.6696428571428571 0.2895238095238095 0.05071428571428571 0.07428571428571429
3 0.6860714285714286 0.24857142857142858 0.04357142857142857 0.07047619047619047
3 0.5639285714285714 0.29428571428571426 0.039285714285714285 0.0761904761904762
5 0.49892857142857144 0.2861904761904762 0.04642857142857143 0.09619047619047619
4 0.5392857142857143 0.21095238095238095 0.03571428571428571 0.06190476190476191
3 0.5932142857142857 0.21666666666666667 0.04071428571428572 0.07142857142857142
3 0.6217857142857143 0.14476190476190476 0.035 0.07238095238095238
4 0.6407142857142857 0.08190476190476191 0.03 0.06095238095238095
3 0.7003571428571429 0.2057142857142857 0.045 0.0761904761904762
3 0.7128571428571429 0.16523809523809524 0.04 0.06380952380952382
3 0.7289285714285715 0.12 0.04928571428571429 0.06285714285714286
3 0.7339285714285714 0.08238095238095237 0.05357142857142857 0.05619047619047619
3 0.7417857142857143 0.05714285714285714 0.05928571428571429 0.05904761904761905
3 0.7564285714285715 0.030476190476190476 0.05285714285714286 0.05523809523809524
5 0.44821428571428573 0.22666666666666666 0.047857142857142855 0.07047619047619047
5 0.4807142857142857 0.1438095238095238 0.054285714285714284 0.10857142857142857
