4 0.47714285714285715 0.6595238095238095 0.13857142857142857 0.12285714285714286
4 0.4185714285714286 0.7447619047619047 0.13428571428571429 0.10857142857142857
4 0.11357142857142857 0.6342857142857142 0.11571428571428571 0.09904761904761905
4 0.33535714285714285 0.6028571428571429 0.105 0.09714285714285714
3 0.5064285714285715 0.4919047619047619 0.10857142857142857 0.10380952380952381
3 0.25857142857142856 0.39285714285714285 0.10571428571428572 0.08095238095238096
3 0.24285714285714285 0.6771428571428572 0.11857142857142858 0.08571428571428572
3 0.2892857142857143 0.7857142857142857 0.13142857142857142 0.10476190476190476
3 0.12107142857142857 0.3495238095238095 0.11071428571428571 0.08190476190476191
3 0.10321428571428572 0.5128571428571429 0.125 0.08095238095238096
3 0.21785714285714286 0.5533333333333333 0.12428571428571429 0.06285714285714286
3 0.04357142857142857 0.95 0.08714285714285715 0.1
3 0.025357142857142856 0.5942857142857143 0.05071428571428571 0.07809523809523809
3 0.031785714285714285 0.30333333333333334 0.06357142857142857 0.07523809523809524
3 0.8739285714285714 0.8380952380952381 0.15785714285714286 0.10857142857142857
3 0.8775 0.6414285714285715 0.12928571428571428 0.0980952380952381
3 0.9110714285714285 0.9595238095238096 0.165 0.08095238095238096
3 0.9746428571428571 0.6538095238095238 0.05071428571428571 0.07523809523809524
0 0.2814285714285714 0.8676190476190476 0.03142857142857143 0.03238095238095238
0 0.29642857142857143 0.8414285714285714 0.02857142857142857 0.03333333333333333
0 0.7725 0.4057142857142857 0.030714285714285715 0.0380952380952381
9 0.8260714285714286 0.43714285714285717 0.04642857142857143 0.0380952380952381
9 0.9353571428571429 0.4576190476190476 0.045 0.035238095238095235
5 0.415 0.23333333333333334 0.11285714285714285 0.10285714285714286
0 0.6139285714285714 0.34 0.017857142857142856 0.03619047619047619
1 0.6153571428571428 0.3242857142857143 0.02214285714285714 0.029523809523809525
