0 0.35 0.9804761904761905 0.018571428571428572 0.039047619047619046
0 0.44285714285714284 0.9885714285714285 0.018571428571428572 0.022857142857142857
0 0.43785714285714283 0.9471428571428572 0.017142857142857144 0.06571428571428571
0 0.4275 0.9061904761904762 0.023571428571428573 0.06952380952380953
0 0.3385714285714286 0.9385714285714286 0.02 0.06190476190476191
4 0.06857142857142857 0.7933333333333333 0.1 0.14666666666666667
3 0.14142857142857143 0.7333333333333333 0.09857142857142857 0.1219047619047619
3 0.21428571428571427 0.6942857142857143 0.07714285714285714 0.10476190476190476
3 0.2775 0.6714285714285714 0.07785714285714286 0.08
4 0.3625 0.6085714285714285 0.07214285714285715 0.07809523809523809
3 0.32392857142857145 0.6390476190476191 0.08214285714285714 0.0761904761904762
3 0.4010714285714286 0.5895238095238096 0.07785714285714286 0.06095238095238095
4 0.3782142857142857 0.5342857142857143 0.05928571428571429 0.05142857142857143
3 0.34 0.5557142857142857 0.06428571428571428 0.04666666666666667
3 0.30178571428571427 0.5780952380952381 0.062142857142857146 0.05142857142857143
3 0.26071428571428573 0.5995238095238096 0.06857142857142857 0.05619047619047619
3 0.21607142857142858 0.6238095238095238 0.06928571428571428 0.06285714285714286
3 0.16035714285714286 0.6523809523809524 0.060714285714285714 0.06476190476190476
3 0.09785714285714285 0.679047619047619 0.07 0.06857142857142857
3 0.0375 0.7228571428571429 0.07357142857142857 0.07809523809523809
3 0.029642857142857144 0.5704761904761905 0.05785714285714286 0.06666666666666667
3 0.08821428571428572 0.5561904761904762 0.05071428571428571 0.05714285714285714
3 0.1375 0.5395238095238095 0.055 0.05619047619047619
3 0.18 0.520952380952381 0.055714285714285716 0.05142857142857143
3 0.21928571428571428 0.5042857142857143 0.055714285714285716 0.054285714285714284
3 0.2532142857142857 0.49238095238095236 0.052142857142857144 0.04380952380952381
3 0.40785714285714286 0.47714285714285715 0.06 0.04
3 0.47285714285714286 0.4942857142857143 0.055714285714285716 0.04
3 0.3842857142857143 0.3919047619047619 0.04 0.023809523809523808
4 0.48857142857142855 0.42333333333333334 0.05285714285714286 0.04476190476190476
3 0.5203571428571429 0.4180952380952381 0.04071428571428572 0.030476190476190476
3 0.5417857142857143 0.40476190476190477 0.04357142857142857 0.03428571428571429
3 0.5917857142857142 0.38571428571428573 0.035 0.026666666666666665
4 0.6014285714285714 0.51 0.06142857142857143 0.04666666666666667
4 0.5742857142857143 0.44095238095238093 0.04428571428571428 0.04
3 0.5446428571428571 0.33380952380952383 0.029285714285714286 0.021904761904761906
3 0.5703571428571429 0.3438095238095238 0.023571428571428573 0.017142857142857144
3 0.5914285714285714 0.3485714285714286 0.027142857142857142 0.01904761904761905
0 0.5085714285714286 0.48142857142857143 0.008571428571428572 0.03142857142857143
0 0.5303571428571429 0.4919047619047619 0.0064285714285714285 0.03142857142857143
0 0.5389285714285714 0.4961904761904762 0.007857142857142858 0.03619047619047619
9 0.5489285714285714 0.5023809523809524 0.02642857142857143 0.02761904761904762
0 0.565 0.4942857142857143 0.008571428571428572 0.03619047619047619
0 0.5782142857142857 0.49476190476190474 0.007857142857142858 0.03142857142857143
0 0.5857142857142857 0.4919047619047619 0.007142857142857143 0.025714285714285714
0 0.5646428571428571 0.4861904761904762 0.007857142857142858 0.03142857142857143
0 0.5385714285714286 0.4795238095238095 0.007142857142857143 0.03142857142857143
0 0.5525 0.48095238095238096 0.005 0.03238095238095238
0 0.5460714285714285 0.47 0.0064285714285714285 0.03333333333333333
0 0.5510714285714285 0.4719047619047619 0.0064285714285714285 0.03142857142857143
0 0.5675 0.45380952380952383 0.005 0.03142857142857143
0 0.5603571428571429 0.4580952380952381 0.007857142857142858 0.030476190476190476
0 0.5578571428571428 0.45095238095238094 0.005714285714285714 0.03142857142857143
0 0.5767857142857142 0.46095238095238095 0.005 0.030476190476190476
0 0.5757142857142857 0.4504761904761905 0.005714285714285714 0.03238095238095238
0 0.5867857142857142 0.46285714285714286 0.0064285714285714285 0.030476190476190476
3 0.6114285714285714 0.9738095238095238 0.14857142857142858 0.05238095238095238
3 0.5775 0.9142857142857143 0.155 0.10476190476190476
3 0.5721428571428572 0.829047619047619 0.13857142857142857 0.09047619047619047
3 0.56 0.7695238095238095 0.11857142857142858 0.0761904761904762
3 0.5482142857142858 0.7133333333333334 0.11214285714285714 0.06857142857142857
3 0.5425 0.6638095238095238 0.09357142857142857 0.05904761904761905
3 0.56 0.6338095238095238 0.09571428571428571 0.054285714285714284
3 0.6 0.6076190476190476 0.08428571428571428 0.06095238095238095
2 0.6242857142857143 0.6861904761904762 0.014285714285714285 0.04285714285714286
0 0.7496428571428572 0.9785714285714285 0.02214285714285714 0.04285714285714286
