4 0.0675 0.28109137055837563 0.06785714285714285 0.13578680203045684
0 0.5096428571428572 0.982233502538071 0.010714285714285714 0.032994923857868015
0 0.4667857142857143 0.8946700507614213 0.009285714285714286 0.02030456852791878
0 0.475 0.8800761421319796 0.01 0.03934010152284264
0 0.4832142857142857 0.8788071065989848 0.012142857142857143 0.03934010152284264
0 0.4521428571428571 0.8470812182741116 0.007142857142857143 0.031725888324873094
0 0.4492857142857143 0.8185279187817258 0.008571428571428572 0.02284263959390863
0 0.45964285714285713 0.7455583756345177 0.007857142857142858 0.026649746192893398
0 0.45571428571428574 0.7519035532994923 0.007142857142857143 0.024111675126903553
0 0.4467857142857143 0.7195431472081217 0.0064285714285714285 0.032994923857868015
1 0.47464285714285714 0.4879441624365482 0.007857142857142858 0.019035532994923856
1 0.43357142857142855 0.5539340101522843 0.008571428571428572 0.021573604060913704
0 0.4592857142857143 0.4460659898477157 0.007142857142857143 0.031725888324873094
0 0.4657142857142857 0.43972081218274106 0.007142857142857143 0.03680203045685279
1 0.49392857142857144 0.4295685279187817 0.012142857142857143 0.024111675126903553
1 0.4907142857142857 0.4143401015228426 0.011428571428571429 0.021573604060913704
1 0.44642857142857145 0.3972081218274111 0.01 0.025380710659898477
1 0.20214285714285715 0.43210659898477155 0.02 0.04187817258883248
1 0.46535714285714286 0.1484771573604061 0.007857142857142858 0.027918781725888322
0 0.4710714285714286 0.05774111675126903 0.009285714285714286 0.019035532994923856
0 0.47035714285714286 0.06345177664974619 0.009285714285714286 0.02284263959390863
1 0.46214285714285713 0.15101522842639592 0.007142857142857143 0.02284263959390863
0 0.3732142857142857 0.19225888324873094 0.007857142857142858 0.031725888324873094
0 0.35214285714285715 0.1884517766497462 0.01 0.029187817258883246
0 0.355 0.21319796954314718 0.005714285714285714 0.017766497461928932
0 0.35964285714285715 0.19987309644670048 0.0064285714285714285 0.026649746192893398
0 0.3657142857142857 0.19733502538071065 0.007142857142857143 0.026649746192893398
0 0.35035714285714287 0.14911167512690354 0.007857142857142858 0.031725888324873094
0 0.4042857142857143 0.05774111675126903 0.007142857142857143 0.021573604060913704
0 0.37035714285714283 0.13959390862944163 0.0064285714285714285 0.03045685279187817
0 0.3757142857142857 0.15418781725888323 0.007142857142857143 0.029187817258883246
0 0.385 0.15355329949238578 0.008571428571428572 0.035532994923857864
0 0.3921428571428571 0.15228426395939085 0.007142857142857143 0.035532994923857864
0 0.37785714285714284 0.1313451776649746 0.007142857142857143 0.026649746192893398
0 0.38821428571428573 0.13071065989847716 0.007857142857142858 0.027918781725888322
0 0.39785714285714285 0.13451776649746192 0.007142857142857143 0.027918781725888322
0 0.39785714285714285 0.1484771573604061 0.007142857142857143 0.032994923857868015
1 0.41535714285714287 0.0666243654822335 0.0064285714285714285 0.024111675126903553
1 0.43642857142857144 0.7512690355329948 0.011428571428571429 0.032994923857868015
0 0.4139285714285714 0.557741116751269 0.009285714285714286 0.03426395939086294
