3 0.5032142857142857 0.6390476190476191 0.05071428571428571 0.10095238095238095
0 0.6167857142857143 0.6309523809523809 0.025 0.06380952380952382
0 0.5453571428571429 0.6404761904761904 0.020714285714285713 0.06380952380952382
0 0.5421428571428571 0.5419047619047619 0.015714285714285715 0.05142857142857143
0 0.5575 0.5419047619047619 0.019285714285714285 0.05714285714285714
1 0.5671428571428572 0.4514285714285714 0.012857142857142857 0.04380952380952381
1 0.5785714285714286 0.4142857142857143 0.01 0.030476190476190476
1 0.5785714285714286 0.3252380952380952 0.01 0.023809523809523808
1 0.76 0.4066666666666667 0.012857142857142857 0.02095238095238095
1 0.5432142857142858 0.17523809523809525 0.005 0.009523809523809525
2 0.5785714285714286 0.3319047619047619 0.011428571428571429 0.01619047619047619
2 0.5785714285714286 0.42333333333333334 0.012857142857142857 0.021904761904761906
2 0.5675 0.45666666666666667 0.013571428571428571 0.03142857142857143
4 0.7096428571428571 0.690952380952381 0.08214285714285714 0.11904761904761904
0 0.6867857142857143 0.7490476190476191 0.02642857142857143 0.06
3 0.6675 0.5190476190476191 0.06642857142857143 0.07809523809523809
3 0.6592857142857143 0.45571428571428574 0.07285714285714286 0.05047619047619047
0 0.6885714285714286 0.43952380952380954 0.017142857142857144 0.040952380952380955
2 0.6271428571428571 0.47714285714285715 0.024285714285714285 0.026666666666666665
0 0.7135714285714285 0.4819047619047619 0.014285714285714285 0.05142857142857143
0 0.7085714285714285 0.4585714285714286 0.014285714285714285 0.040952380952380955
0 0.7303571428571428 0.46 0.013571428571428571 0.045714285714285714
0 0.7435714285714285 0.4661904761904762 0.014285714285714285 0.037142857142857144
3 0.8039285714285714 0.4561904761904762 0.09071428571428572 0.05523809523809524
3 0.7871428571428571 0.4228571428571429 0.09285714285714286 0.0419047619047619
0 0.715 0.40095238095238095 0.014285714285714285 0.0380952380952381
0 0.6921428571428572 0.39714285714285713 0.011428571428571429 0.0380952380952381
0 0.7032142857142857 0.38904761904761903 0.012142857142857143 0.037142857142857144
0 0.6739285714285714 0.36857142857142855 0.013571428571428571 0.03428571428571429
0 0.66 0.36333333333333334 0.012857142857142857 0.029523809523809525
0 0.6732142857142858 0.3380952380952381 0.007857142857142858 0.03238095238095238
0 0.6907142857142857 0.3385714285714286 0.011428571428571429 0.037142857142857144
9 0.6639285714285714 0.34 0.007857142857142858 0.022857142857142857
9 0.775 0.38095238095238093 0.02142857142857143 0.017142857142857144
9 0.7364285714285714 0.38047619047619047 0.03 0.023809523809523808
2 0.7542857142857143 0.3995238095238095 0.02857142857142857 0.018095238095238095
2 0.7746428571428572 0.4042857142857143 0.025 0.02
2 0.7971428571428572 0.40476190476190477 0.03 0.017142857142857144
3 0.7503571428571428 0.37285714285714283 0.07928571428571428 0.04476190476190476
3 0.7253571428571428 0.3433333333333333 0.060714285714285714 0.03333333333333333
4 0.7460714285714286 0.3295238095238095 0.056428571428571425 0.04380952380952381
3 0.6971428571428572 0.28809523809523807 0.05285714285714286 0.029523809523809525
4 0.6871428571428572 0.2733333333333333 0.04285714285714286 0.026666666666666665
0 0.6657142857142857 0.2742857142857143 0.01 0.030476190476190476
0 0.6546428571428572 0.2819047619047619 0.007857142857142858 0.026666666666666665
0 0.6382142857142857 0.22095238095238096 0.0064285714285714285 0.017142857142857144
3 0.6578571428571428 0.24428571428571427 0.03857142857142857 0.021904761904761906
0 0.6221428571428571 0.25285714285714284 0.005714285714285714 0.025714285714285714
0 0.6475 0.2819047619047619 0.007857142857142858 0.024761904761904763
0 0.6496428571428572 0.26571428571428574 0.007857142857142858 0.022857142857142857
0 0.6428571428571429 0.2604761904761905 0.007142857142857143 0.025714285714285714
0 0.635 0.26904761904761904 0.007142857142857143 0.021904761904761906
0 0.6407142857142857 0.2695238095238095 0.007142857142857143 0.02095238095238095
0 0.6192857142857143 0.27380952380952384 0.007142857142857143 0.021904761904761906
0 0.6167857142857143 0.2680952380952381 0.0064285714285714285 0.025714285714285714
0 0.5910714285714286 0.26666666666666666 0.007857142857142858 0.02095238095238095
3 0.5892857142857143 0.2976190476190476 0.02857142857142857 0.029523809523809525
4 0.5878571428571429 0.24952380952380954 0.022857142857142857 0.0380952380952381
0 0.6485714285714286 0.22285714285714286 0.004285714285714286 0.02095238095238095
0 0.6457142857142857 0.2195238095238095 0.004285714285714286 0.018095238095238095
0 0.615 0.20238095238095238 0.005714285714285714 0.02
0 0.6010714285714286 0.19523809523809524 0.0064285714285714285 0.01904761904761905
0 0.5982142857142857 0.19047619047619047 0.005 0.017142857142857144
0 0.6164285714285714 0.3361904761904762 0.007142857142857143 0.022857142857142857
3 0.6032142857142857 0.34809523809523807 0.035 0.05047619047619047
3 0.5060714285714286 0.4714285714285714 0.03642857142857143 0.07047619047619047
3 0.5110714285714286 0.4066666666666667 0.03214285714285714 0.049523809523809526
3 0.5217857142857143 0.3585714285714286 0.029285714285714286 0.035238095238095235
4 0.5175 0.3252380952380952 0.02642857142857143 0.035238095238095235
3 0.5210714285714285 0.3057142857142857 0.025 0.026666666666666665
4 0.5196428571428572 0.28523809523809524 0.02642857142857143 0.03142857142857143
3 0.5167857142857143 0.29095238095238096 0.020714285714285713 0.029523809523809525
3 0.5221428571428571 0.25 0.02142857142857143 0.029523809523809525
3 0.5257142857142857 0.2195238095238095 0.015714285714285715 0.021904761904761906
3 0.5264285714285715 0.19 0.012857142857142857 0.023809523809523808
3 0.6346428571428572 0.20285714285714285 0.030714285714285715 0.015238095238095238
4 0.6428571428571429 0.19476190476190477 0.025714285714285714 0.02
3 0.6328571428571429 0.19666666666666666 0.03857142857142857 0.021904761904761906
3 0.6357142857142857 0.19 0.03 0.018095238095238095
3 0.6232142857142857 0.17952380952380953 0.023571428571428573 0.014285714285714285
3 0.6207142857142857 0.17523809523809525 0.027142857142857142 0.013333333333333332
3 0.6171428571428571 0.17285714285714285 0.022857142857142857 0.01619047619047619
3 0.6075 0.14476190476190476 0.023571428571428573 0.015238095238095238
4 0.6371428571428571 0.1376190476190476 0.02 0.018095238095238095
3 0.4392857142857143 0.15 0.025714285714285714 0.014285714285714285
8 0.40714285714285714 0.18142857142857144 0.02142857142857143 0.03333333333333333
5 0.38285714285714284 0.20047619047619047 0.02857142857142857 0.04666666666666667
3 0.3578571428571429 0.23904761904761904 0.02142857142857143 0.024761904761904763
1 0.31035714285714283 0.23666666666666666 0.007857142857142858 0.018095238095238095
2 0.31214285714285717 0.24285714285714285 0.01 0.017142857142857144
3 0.40464285714285714 0.22380952380952382 0.015 0.024761904761904763
3 0.4132142857142857 0.21285714285714286 0.013571428571428571 0.021904761904761906
3 0.42392857142857143 0.19476190476190477 0.016428571428571428 0.018095238095238095
3 0.38035714285714284 0.31476190476190474 0.027857142857142858 0.03333333333333333
0 0.3875 0.3280952380952381 0.0064285714285714285 0.021904761904761906
1 0.38821428571428573 0.2338095238095238 0.0064285714285714285 0.018095238095238095
1 0.3196428571428571 0.22428571428571428 0.009285714285714286 0.021904761904761906
3 0.25821428571428573 0.28809523809523807 0.047857142857142855 0.029523809523809525
3 0.29178571428571426 0.31 0.04928571428571429 0.04476190476190476
3 0.2017857142857143 0.370952380952381 0.03642857142857143 0.039047619047619046
9 0.3889285714285714 0.23904761904761904 0.007857142857142858 0.015238095238095238
3 0.3532142857142857 0.18142857142857144 0.025 0.01619047619047619
3 0.21928571428571428 0.24523809523809523 0.037142857142857144 0.03333333333333333
3 0.04357142857142857 0.37238095238095237 0.06 0.03619047619047619
