3 0.12142857142857143 0.37761904761904763 0.054285714285714284 0.08476190476190476
3 0.4325 0.3942857142857143 0.04071428571428572 0.08571428571428572
3 0.38571428571428573 0.39666666666666667 0.03428571428571429 0.08857142857142856
3 0.34285714285714286 0.3923809523809524 0.047142857142857146 0.0838095238095238
3 0.29678571428571426 0.39380952380952383 0.039285714285714285 0.08476190476190476
3 0.25857142857142856 0.39285714285714285 0.045714285714285714 0.07904761904761905
3 0.2125 0.38857142857142857 0.04642857142857143 0.08761904761904762
3 0.1707142857142857 0.38476190476190475 0.041428571428571426 0.08761904761904762
3 0.17892857142857144 0.2571428571428571 0.07785714285714286 0.04
3 0.09392857142857143 0.25285714285714284 0.07928571428571428 0.04857142857142857
3 0.41 0.2661904761904762 0.07714285714285714 0.04476190476190476
3 0.7703571428571429 0.3933333333333333 0.04357142857142857 0.10476190476190476
3 0.9135714285714286 0.32142857142857145 0.04857142857142857 0.08857142857142856
3 0.9664285714285714 0.3476190476190476 0.04428571428571428 0.07809523809523809
3 0.9342857142857143 0.24333333333333335 0.041428571428571426 0.08095238095238096
3 0.8428571428571429 0.23809523809523808 0.04285714285714286 0.07428571428571429
3 0.8264285714285714 0.15333333333333332 0.032857142857142856 0.07047619047619047
3 0.7335714285714285 0.11666666666666667 0.03142857142857143 0.06
3 0.7782142857142857 0.12523809523809523 0.03785714285714286 0.07142857142857142
3 0.7267857142857143 0.03333333333333333 0.027857142857142858 0.06285714285714286
3 0.8064285714285714 0.06476190476190476 0.03 0.06476190476190476
4 0.7532142857142857 0.2338095238095238 0.035 0.09238095238095238
4 0.795 0.21047619047619048 0.041428571428571426 0.0761904761904762
4 0.7610714285714286 0.03428571428571429 0.035 0.06857142857142857
4 0.8203571428571429 0.3547619047619048 0.04928571428571429 0.09238095238095238
4 0.8746428571428572 0.370952380952381 0.05071428571428571 0.10761904761904761
4 0.5121428571428571 0.39904761904761904 0.03142857142857143 0.07809523809523809
4 0.4725 0.17095238095238094 0.06357142857142857 0.04476190476190476
3 0.015714285714285715 0.24857142857142858 0.03142857142857143 0.0419047619047619
0 0.30464285714285716 0.2619047619047619 0.013571428571428571 0.030476190476190476
3 0.41535714285714287 0.1280952380952381 0.030714285714285715 0.08285714285714285
3 0.4707142857142857 0.05619047619047619 0.05857142857142857 0.0380952380952381
3 0.47 0.024761904761904763 0.05857142857142857 0.045714285714285714
3 0.8671428571428571 0.017619047619047618 0.037142857142857144 0.035238095238095235
3 0.49464285714285716 0.26571428571428574 0.06785714285714285 0.08952380952380952
9 0.46285714285714286 0.07285714285714286 0.027142857142857142 0.018095238095238095
9 0.4567857142857143 0.08857142857142856 0.027857142857142858 0.01904761904761905
1 0.5614285714285714 0.18857142857142858 0.008571428571428572 0.022857142857142857
1 0.6907142857142857 0.8704761904761905 0.017142857142857144 0.03238095238095238
1 0.14357142857142857 0.8614285714285714 0.015714285714285715 0.025714285714285714
9 0.15142857142857144 0.8623809523809524 0.03857142857142857 0.03333333333333333
9 0.6871428571428572 0.8714285714285714 0.014285714285714285 0.07047619047619047
2 0.5625 0.19666666666666666 0.007857142857142858 0.03333333333333333
0 0.6196428571428572 0.7195238095238096 0.010714285714285714 0.02
0 0.5717857142857142 0.8123809523809524 0.012142857142857143 0.013333333333333332
0 0.5310714285714285 0.7657142857142857 0.009285714285714286 0.02095238095238095
0 0.5425 0.7585714285714286 0.015 0.010476190476190476
0 0.4521428571428571 0.6957142857142857 0.012857142857142857 0.025714285714285714
0 0.49607142857142855 0.6495238095238095 0.013571428571428571 0.02857142857142857
0 0.49178571428571427 0.7038095238095238 0.012142857142857143 0.01904761904761905
0 0.4496428571428571 0.7085714285714285 0.010714285714285714 0.022857142857142857
