4 0.295 0.9239999999999999 0.129 0.152
5 0.353 0.7036666666666667 0.15 0.11399999999999999
0 0.42825 0.5043333333333333 0.0135 0.038
7 0.616 0.9463333333333332 0.1 0.10733333333333334
0 0.57875 0.9 0.0235 0.050666666666666665
0 0.56475 0.8643333333333333 0.0135 0.03133333333333333
0 0.554 0.8483333333333333 0.019 0.035333333333333335
0 0.64575 0.6896666666666667 0.021500000000000002 0.04733333333333333
0 0.66625 0.6876666666666666 0.0195 0.03666666666666667
5 0.69425 0.7416666666666667 0.11750000000000001 0.22599999999999998
0 0.70075 0.571 0.0195 0.048666666666666664
3 0.5975 0.4063333333333333 0.076 0.11533333333333333
0 0.6485 0.35966666666666663 0.018000000000000002 0.048666666666666664
5 0.9125 0.4953333333333333 0.107 0.27999999999999997
0 0.72475 0.39766666666666667 0.0155 0.048666666666666664
0 0.7275 0.423 0.019 0.046
9 0.68175 0.49 0.0225 0.04
1 0.67875 0.497 0.0145 0.024666666666666667
1 0.68525 0.483 0.0165 0.028666666666666667
9 0.67875 0.351 0.0155 0.04733333333333333
1 0.6775 0.34299999999999997 0.015 0.035333333333333335
4 0.9315 0.2853333333333333 0.059000000000000004 0.10933333333333332
0 0.86925 0.3183333333333333 0.021500000000000002 0.03666666666666667
7 0.847 0.299 0.048 0.08466666666666667
2 0.5635 0.12333333333333332 0.022 0.02
3 0.7565000000000001 0.112 0.039 0.05466666666666666
3 0.9832500000000001 0.155 0.0335 0.046
3 0.9095 0.11299999999999999 0.051000000000000004 0.043333333333333335
0 0.91925 0.067 0.0155 0.03933333333333333
1 0.92225 0.06666666666666667 0.0125 0.021333333333333333
0 0.90475 0.04833333333333333 0.0135 0.03266666666666666
9 0.8785000000000001 0.029333333333333333 0.015 0.022666666666666665
0 0.88825 0.04433333333333333 0.0145 0.03133333333333333
3 0.78325 0.073 0.0325 0.04466666666666667
0 0.7927500000000001 0.020999999999999998 0.0175 0.02733333333333333
3 0.8 0.030333333333333334 0.032 0.03933333333333333
2 0.80325 0.10233333333333333 0.0105 0.026
1 0.8045 0.09366666666666666 0.012 0.035333333333333335
2 0.81375 0.07533333333333334 0.0085 0.021333333333333333
1 0.8145 0.06533333333333333 0.012 0.026666666666666665
2 0.86375 0.08266666666666667 0.0115 0.028
1 0.86425 0.07633333333333334 0.0145 0.035333333333333335
9 0.83525 0.09433333333333332 0.0105 0.02733333333333333
1 0.835 0.09233333333333334 0.011 0.024666666666666667
1 0.83575 0.08666666666666667 0.0135 0.026666666666666665
9 0.876 0.055 0.01 0.020666666666666667
1 0.87675 0.04566666666666667 0.0165 0.02333333333333333
0 0.89725 0.016999999999999998 0.0115 0.02733333333333333
0 0.9035 0.023666666666666666 0.011 0.022
2 0.8475 0.011 0.014 0.022
1 0.8495 0.008666666666666666 0.007 0.017333333333333333
9 0.49675 0.07433333333333333 0.0165 0.024666666666666667
