3 0.29642857142857143 0.86 0.06 0.17142857142857143
3 0.3 0.6880952380952381 0.05285714285714286 0.14952380952380953
3 0.3028571428571429 0.49333333333333335 0.05142857142857143 0.14095238095238094
3 0.32 0.19238095238095237 0.045714285714285714 0.12761904761904763
4 0.30857142857142855 0.34285714285714286 0.047142857142857146 0.1295238095238095
4 0.4903571428571429 0.5038095238095238 0.05071428571428571 0.1523809523809524
3 0.5175 0.6980952380952381 0.05071428571428571 0.15047619047619049
3 0.48678571428571427 0.9119047619047619 0.052142857142857144 0.1761904761904762
3 0.6960714285714286 0.2557142857142857 0.10785714285714286 0.06761904761904762
4 0.7242857142857143 0.4480952380952381 0.11 0.06571428571428571
2 0.6867857142857143 0.01904761904761905 0.029285714285714286 0.026666666666666665
9 0.7117857142857142 0.18476190476190477 0.035 0.03619047619047619
9 0.6525 0.15047619047619049 0.013571428571428571 0.04380952380952381
0 0.6967857142857142 0.11285714285714285 0.016428571428571428 0.037142857142857144
0 0.6475 0.1280952380952381 0.016428571428571428 0.035238095238095235
0 0.6585714285714286 0.13380952380952382 0.011428571428571429 0.03142857142857143
0 0.635 0.5823809523809523 0.02 0.02
9 0.7503571428571428 0.5219047619047619 0.03785714285714286 0.022857142857142857
9 0.7560714285714286 0.5880952380952381 0.04071428571428572 0.03142857142857143
9 0.7521428571428571 0.549047619047619 0.04285714285714286 0.025714285714285714
9 0.7621428571428571 0.669047619047619 0.04428571428571428 0.025714285714285714
9 0.7603571428571428 0.7123809523809523 0.04357142857142857 0.022857142857142857
9 0.7732142857142857 0.7428571428571429 0.04071428571428572 0.024761904761904763
0 0.6689285714285714 0.6885714285714286 0.019285714285714285 0.01904761904761905
9 0.7857142857142857 0.9347619047619048 0.047142857142857146 0.029523809523809525
5 0.53 0.3157142857142857 0.05 0.17047619047619048
5 0.5160714285714286 0.15047619047619049 0.04928571428571429 0.19047619047619047
6 0.6046428571428571 0.1880952380952381 0.03357142857142857 0.054285714285714284
9 0.5764285714285714 0.08285714285714285 0.03428571428571429 0.024761904761904763
1 0.6017857142857143 0.9142857142857143 0.016428571428571428 0.024761904761904763
