4 0.5871428571428572 0.46285714285714286 0.08142857142857143 0.07809523809523809
4 0.37642857142857145 0.22047619047619046 0.05285714285714286 0.05047619047619047
4 0.11892857142857143 0.1761904761904762 0.045 0.05142857142857143
3 0.42678571428571427 0.3342857142857143 0.07071428571428572 0.06095238095238095
3 0.35678571428571426 0.2895238095238095 0.05785714285714286 0.05333333333333333
3 0.2978571428571429 0.24666666666666667 0.05714285714285714 0.05333333333333333
3 0.2367857142857143 0.20523809523809525 0.05928571428571429 0.04666666666666667
3 0.19071428571428573 0.1676190476190476 0.047142857142857146 0.04
3 0.5017857142857143 0.39380952380952383 0.06928571428571428 0.07142857142857142
3 0.6932142857142857 0.5404761904761904 0.09357142857142857 0.09238095238095238
3 0.8175 0.6185714285714285 0.11928571428571429 0.1
3 0.8482142857142857 0.5357142857142857 0.06357142857142857 0.11333333333333333
3 0.7189285714285715 0.45380952380952383 0.05071428571428571 0.11142857142857143
3 0.6428571428571429 0.41619047619047617 0.04857142857142857 0.10095238095238095
3 0.5685714285714286 0.36428571428571427 0.04 0.08095238095238096
3 0.9639285714285715 0.4061904761904762 0.05071428571428571 0.07523809523809524
4 0.925 0.37142857142857144 0.05 0.07809523809523809
3 0.22357142857142856 0.8047619047619048 0.10571428571428572 0.14285714285714285
3 0.14107142857142857 0.6861904761904762 0.08785714285714286 0.11714285714285715
3 0.06321428571428571 0.5795238095238096 0.08642857142857142 0.11142857142857143
3 0.09142857142857143 0.83 0.14857142857142858 0.10761904761904761
3 0.5060714285714286 0.3242857142857143 0.04214285714285714 0.07904761904761905
3 0.13178571428571428 0.08666666666666667 0.04357142857142857 0.047619047619047616
3 0.08678571428571429 0.09333333333333334 0.03785714285714286 0.03619047619047619
3 0.05107142857142857 0.1019047619047619 0.04214285714285714 0.03238095238095238
3 0.21821428571428572 0.1457142857142857 0.04642857142857143 0.04380952380952381
3 0.15714285714285714 0.0761904761904762 0.04 0.04
3 0.18964285714285714 0.06904761904761905 0.02642857142857143 0.037142857142857144
3 0.2292857142857143 0.07809523809523809 0.03428571428571429 0.0380952380952381
3 0.33464285714285713 0.09285714285714286 0.045 0.04476190476190476
3 0.4010714285714286 0.11190476190476191 0.04928571428571429 0.040952380952380955
3 0.3167857142857143 0.08047619047619048 0.04357142857142857 0.037142857142857144
3 0.2960714285714286 0.0719047619047619 0.04071428571428572 0.039047619047619046
3 0.515 0.19 0.05142857142857143 0.054285714285714284
3 0.4907142857142857 0.1742857142857143 0.054285714285714284 0.04380952380952381
3 0.81 0.4176190476190476 0.06857142857142857 0.06761904761904762
3 0.7867857142857143 0.4880952380952381 0.056428571428571425 0.1019047619047619
3 0.8196428571428571 0.3585714285714286 0.08214285714285714 0.07904761904761905
3 0.8385714285714285 0.33666666666666667 0.08285714285714285 0.06952380952380953
3 0.8460714285714286 0.30095238095238097 0.08071428571428571 0.06476190476190476
3 0.9514285714285714 0.5961904761904762 0.06 0.1295238095238095
3 0.4592857142857143 0.2838095238095238 0.06428571428571428 0.05523809523809524
3 0.42964285714285716 0.2523809523809524 0.047857142857142855 0.05333333333333333
3 0.39071428571428574 0.24857142857142858 0.054285714285714284 0.045714285714285714
3 0.3464285714285714 0.21761904761904763 0.045714285714285714 0.05047619047619047
3 0.3171428571428571 0.1976190476190476 0.06 0.04857142857142857
3 0.28035714285714286 0.16285714285714287 0.060714285714285714 0.049523809523809526
3 0.25 0.13476190476190475 0.05142857142857143 0.05047619047619047
3 0.05607142857142857 0.06904761904761905 0.04071428571428572 0.039047619047619046
5 0.021785714285714287 0.041428571428571426 0.04357142857142857 0.04666666666666667
3 0.02107142857142857 0.49476190476190474 0.04214285714285714 0.08666666666666667
3 0.33321428571428574 0.9280952380952381 0.11357142857142857 0.13428571428571429
3 0.15607142857142858 0.9585714285714285 0.17357142857142857 0.08285714285714285
3 0.9514285714285714 0.7147619047619047 0.09714285714285714 0.11142857142857143
3 0.013214285714285715 0.07476190476190477 0.02642857142857143 0.039047619047619046
3 0.018571428571428572 0.6290476190476191 0.03571428571428571 0.08095238095238096
0 0.14964285714285713 0.05380952380952381 0.009285714285714286 0.023809523809523808
9 0.46214285714285713 0.12 0.018571428571428572 0.02095238095238095
2 0.5692857142857143 0.17238095238095238 0.011428571428571429 0.024761904761904763
2 0.5603571428571429 0.16714285714285715 0.010714285714285714 0.023809523809523808
2 0.5146428571428572 0.1438095238095238 0.013571428571428571 0.024761904761904763
0 0.5289285714285714 0.1519047619047619 0.007857142857142858 0.03333333333333333
0 0.5135714285714286 0.1680952380952381 0.007142857142857143 0.02761904761904762
0 0.5053571428571428 0.16904761904761906 0.0064285714285714285 0.02761904761904762
2 0.6217857142857143 0.19333333333333333 0.012142857142857143 0.022857142857142857
9 0.6039285714285715 0.18761904761904763 0.016428571428571428 0.026666666666666665
9 0.6117857142857143 0.19142857142857142 0.015 0.02095238095238095
