3 0.07411273486430062 0.07096474953617811 0.06263048016701461 0.07328385899814471
4 0.08977035490605427 0.036641929499072357 0.06680584551148225 0.07142857142857142
2 0.4342379958246346 0.021335807050092765 0.021920668058455113 0.022263450834879406
1 0.4316283924843423 0.011595547309833025 0.009394572025052192 0.02319109461966605
3 0.32150313152400833 0.6243042671614101 0.045929018789144044 0.14285714285714285
3 0.3045407098121085 0.8000927643784786 0.04958246346555323 0.17532467532467533
3 0.4665970772442588 0.641465677179963 0.06576200417536533 0.1345083487940631
3 0.46685803757828803 0.9336734693877551 0.04540709812108559 0.13079777365491652
6 0.5167014613778705 0.21614100185528756 0.045929018789144044 0.05380333951762523
3 0.7103340292275574 0.19434137291280149 0.03444676409185803 0.08998144712430427
3 0.7531315240083507 0.20640074211502782 0.030271398747390394 0.10296846011131726
3 0.8376826722338204 0.24907235621521337 0.038622129436325675 0.08441558441558442
9 0.613517745302714 0.28385899814471244 0.008872651356993735 0.03896103896103896
9 0.6289144050104384 0.2912801484230056 0.010438413361169102 0.04081632653061225
9 0.6463987473903966 0.2810760667903525 0.012004175365344467 0.04823747680890538
9 0.6615344467640918 0.2820037105751392 0.008872651356993735 0.04267161410018553
2 0.6631002087682671 0.3209647495361781 0.008872651356993735 0.04267161410018553
6 0.707724425887265 0.35482374768089053 0.022964509394572022 0.05844155844155844
9 0.7236430062630479 0.3358070500927644 0.009916492693110646 0.055658627087198514
9 0.782098121085595 0.2884972170686456 0.009916492693110646 0.05194805194805195
9 0.8426409185803757 0.34415584415584416 0.009916492693110646 0.0352504638218924
2 0.818893528183716 0.33766233766233766 0.022964509394572022 0.03339517625231911
9 0.9039665970772441 0.3450834879406308 0.015657620041753653 0.03710575139146568
2 0.8736951983298538 0.30890538033395176 0.015657620041753653 0.04452690166975881
2 0.9924321503131524 0.3112244897959184 0.012004175365344467 0.041743970315398886
3 0.8384655532359081 0.01948051948051948 0.056889352818371604 0.03896103896103896
4 0.9368475991649269 0.02829313543599258 0.06054279749478079 0.05473098330241188
6 0.9835594989561586 0.03710575139146568 0.03183716075156576 0.04267161410018553
