3 0.6035 0.9283333333333333 0.065 0.14333333333333334
4 0.57975 0.7706666666666666 0.0635 0.13066666666666665
4 0.42025 0.7473333333333333 0.0425 0.10533333333333333
4 0.40850000000000003 0.9213333333333333 0.053 0.152
3 0.557 0.6649999999999999 0.051000000000000004 0.09933333333333333
3 0.43375 0.6476666666666666 0.059500000000000004 0.09133333333333334
3 0.42625 0.5566666666666666 0.0335 0.06133333333333333
3 0.42675 0.49133333333333334 0.029500000000000002 0.058666666666666666
3 0.432 0.44366666666666665 0.025 0.046
3 0.46425 0.487 0.029500000000000002 0.048666666666666664
3 0.493 0.5439999999999999 0.034 0.06
3 0.52525 0.508 0.0335 0.06133333333333333
6 0.52275 0.5763333333333334 0.0185 0.033999999999999996
1 0.5265 0.5633333333333334 0.012 0.025333333333333333
4 0.785 0.42766666666666664 0.054 0.04466666666666667
4 0.82925 0.44566666666666666 0.029500000000000002 0.04733333333333333
1 0.733 0.43266666666666664 0.009000000000000001 0.02
1 0.778 0.4713333333333333 0.01 0.022666666666666665
1 0.7835 0.479 0.011 0.024666666666666667
1 0.7945 0.47866666666666663 0.009000000000000001 0.022666666666666665
1 0.79125 0.4726666666666666 0.0095 0.02
6 0.84225 0.5093333333333333 0.0235 0.04
9 0.8310000000000001 0.481 0.029 0.020666666666666667
9 0.83325 0.48733333333333334 0.0285 0.018666666666666665
9 0.7405 0.39999999999999997 0.024 0.02
2 0.71675 0.3973333333333333 0.0175 0.016
9 0.79225 0.408 0.0145 0.02
9 0.71275 0.4036666666666667 0.0155 0.018
6 0.84275 0.5526666666666666 0.021500000000000002 0.04133333333333333
0 0.9825 0.5583333333333333 0.018000000000000002 0.03933333333333333
0 0.987 0.4746666666666666 0.013000000000000001 0.036
0 0.9560000000000001 0.45599999999999996 0.012 0.029333333333333333
0 0.9852500000000001 0.6606666666666666 0.0185 0.04533333333333333
0 0.9935 0.6796666666666666 0.012 0.04066666666666666
0 0.99525 0.47533333333333333 0.0085 0.03333333333333333
0 0.9795 0.439 0.011 0.028666666666666667
0 0.99375 0.40066666666666667 0.0115 0.025333333333333333
1 0.99525 0.42266666666666663 0.0085 0.021333333333333333
9 0.9965 0.43 0.005 0.010666666666666666
9 0.969 0.3743333333333333 0.022 0.016666666666666666
1 0.93975 0.36733333333333335 0.0115 0.02
0 0.9505 0.363 0.011 0.02733333333333333
0 0.9455 0.35733333333333334 0.008 0.021333333333333333
0 0.95075 0.35266666666666663 0.0085 0.024
0 0.928 0.35266666666666663 0.009000000000000001 0.024
0 0.93425 0.3413333333333333 0.006500000000000001 0.018666666666666665
0 0.933 0.3463333333333333 0.006 0.018
0 0.9355 0.35233333333333333 0.006 0.015333333333333332
0 0.91125 0.36566666666666664 0.006500000000000001 0.018
0 0.8645 0.3466666666666667 0.008 0.02
0 0.8452500000000001 0.33999999999999997 0.0075 0.021333333333333333
3 0.8190000000000001 0.345 0.044 0.024666666666666667
3 0.75 0.33766666666666667 0.051000000000000004 0.03
0 0.76325 0.33066666666666666 0.0055 0.022666666666666665
0 0.73375 0.3253333333333333 0.006500000000000001 0.02
6 0.728 0.3383333333333333 0.027 0.028666666666666667
4 0.5327500000000001 0.39266666666666666 0.0275 0.03866666666666667
3 0.50325 0.40099999999999997 0.025500000000000002 0.04066666666666666
0 0.521 0.37566666666666665 0.009000000000000001 0.022
0 0.50175 0.378 0.0075 0.017333333333333333
0 0.50675 0.37966666666666665 0.0045000000000000005 0.018
1 0.48625 0.42066666666666663 0.0085 0.022666666666666665
2 0.4865 0.42933333333333334 0.007 0.021333333333333333
3 0.45575 0.39766666666666667 0.0305 0.035333333333333335
3 0.42275 0.4013333333333333 0.0235 0.03333333333333333
4 0.47725 0.36866666666666664 0.035500000000000004 0.044
3 0.49075 0.352 0.0395 0.025333333333333333
4 0.5145 0.33466666666666667 0.02 0.029333333333333333
4 0.439 0.36333333333333334 0.042 0.030666666666666665
0 0.4565 0.353 0.007 0.020666666666666667
0 0.46575 0.344 0.006500000000000001 0.021333333333333333
0 0.44325000000000003 0.344 0.006500000000000001 0.02
0 0.4165 0.3333333333333333 0.006 0.02
3 0.447 0.3123333333333333 0.024 0.02333333333333333
3 0.42325 0.3253333333333333 0.0165 0.024
3 0.3945 0.356 0.033 0.034666666666666665
3 0.34575 0.3963333333333333 0.051500000000000004 0.033999999999999996
3 0.32325 0.35566666666666663 0.0445 0.024666666666666667
3 0.30525 0.374 0.0445 0.030666666666666665
4 0.34850000000000003 0.3406666666666667 0.04 0.030666666666666665
3 0.366 0.3303333333333333 0.035 0.026
3 0.3885 0.317 0.036000000000000004 0.024666666666666667
4 0.399 0.304 0.034 0.028
3 0.427 0.30066666666666664 0.015 0.02
4 0.42975 0.27899999999999997 0.0135 0.022
4 0.40375 0.288 0.0265 0.021333333333333333
4 0.35175 0.30866666666666664 0.0225 0.025333333333333333
3 0.31575000000000003 0.33066666666666666 0.035500000000000004 0.024
4 0.2905 0.33999999999999997 0.03 0.026666666666666665
3 0.3255 0.30266666666666664 0.03 0.024
6 0.3315 0.3193333333333333 0.019 0.018666666666666665
1 0.3355 0.318 0.009000000000000001 0.014666666666666666
0 0.43775000000000003 0.245 0.0045000000000000005 0.015333333333333332
0 0.5615 0.28099999999999997 0.005 0.018
0 0.5680000000000001 0.2796666666666667 0.005 0.018
4 0.5835 0.287 0.018000000000000002 0.02733333333333333
5 0.59875 0.287 0.0205 0.02733333333333333
4 0.62425 0.28833333333333333 0.0285 0.026
0 0.6717500000000001 0.35666666666666663 0.0045000000000000005 0.018666666666666665
0 0.655 0.32666666666666666 0.005 0.021333333333333333
0 0.65275 0.3223333333333333 0.0045000000000000005 0.022
0 0.66025 0.31966666666666665 0.006500000000000001 0.019333333333333334
0 0.67225 0.32266666666666666 0.0055 0.018666666666666665
0 0.7010000000000001 0.307 0.006 0.022
0 0.72275 0.3153333333333333 0.0045000000000000005 0.02
0 0.71625 0.29 0.0035 0.018666666666666665
0 0.685 0.3 0.007 0.014666666666666666
0 0.67925 0.30266666666666664 0.0045000000000000005 0.017333333333333333
0 0.69375 0.29966666666666664 0.0035 0.016666666666666666
0 0.7242500000000001 0.2673333333333333 0.0045000000000000005 0.016
0 0.728 0.25866666666666666 0.004 0.014666666666666666
0 0.7325 0.25766666666666665 0.004 0.014
0 0.74 0.2523333333333333 0.004 0.012666666666666666
0 0.754 0.24 0.005 0.014666666666666666
0 0.76275 0.24133333333333332 0.0045000000000000005 0.014666666666666666
0 0.75125 0.2573333333333333 0.0045000000000000005 0.014666666666666666
0 0.74775 0.2593333333333333 0.0035 0.016
0 0.7525000000000001 0.263 0.003 0.014
0 0.7165 0.25266666666666665 0.003 0.014666666666666666
0 0.714 0.252 0.004 0.014666666666666666
0 0.71325 0.24766666666666665 0.0035 0.015333333333333332
0 0.7265 0.2523333333333333 0.004 0.014
0 0.709 0.295 0.007 0.019333333333333334
0 0.73675 0.262 0.0025 0.009333333333333332
0 0.73275 0.264 0.0045000000000000005 0.014666666666666666
0 0.7292500000000001 0.27166666666666667 0.0035 0.016666666666666666
0 0.72575 0.27199999999999996 0.0045000000000000005 0.017333333333333333
0 0.744 0.25966666666666666 0.004 0.016666666666666666
0 0.74525 0.246 0.0055 0.018666666666666665
0 0.75675 0.24266666666666667 0.0035 0.013333333333333332
0 0.751 0.247 0.004 0.014
0 0.722 0.25866666666666666 0.004 0.016
0 0.74925 0.265 0.0045000000000000005 0.014
1 0.9257500000000001 0.331 0.006500000000000001 0.011333333333333332
9 0.92525 0.33599999999999997 0.006500000000000001 0.012
0 0.921 0.317 0.007 0.020666666666666667
1 0.9225 0.295 0.01 0.011333333333333332
1 0.93125 0.29566666666666663 0.006500000000000001 0.011333333333333332
0 0.91225 0.3 0.0055 0.017333333333333333
1 0.92025 0.271 0.0055 0.01
0 0.9125 0.27066666666666667 0.005 0.014666666666666666
0 0.8995 0.265 0.006 0.015333333333333332
0 0.834 0.2523333333333333 0.005 0.015333333333333332
4 0.866 0.29266666666666663 0.046 0.021333333333333333
4 0.8705 0.27666666666666667 0.034 0.017333333333333333
4 0.8300000000000001 0.2776666666666667 0.034 0.020666666666666667
5 0.835 0.287 0.015 0.022
4 0.81325 0.2683333333333333 0.0265 0.019333333333333334
4 0.86825 0.286 0.0385 0.016
4 0.795 0.28933333333333333 0.034 0.02
8 0.84225 0.19699999999999998 0.0655 0.028666666666666667
4 0.77275 0.26266666666666666 0.0335 0.018666666666666665
4 0.7897500000000001 0.259 0.0235 0.014
4 0.78325 0.24766666666666665 0.0245 0.016666666666666666
4 0.7715 0.24433333333333332 0.022 0.018
4 0.78725 0.23033333333333333 0.0175 0.019333333333333334
4 0.7945 0.22266666666666665 0.009000000000000001 0.016
4 0.73275 0.22066666666666665 0.0205 0.014666666666666666
4 0.71825 0.241 0.029500000000000002 0.016666666666666666
3 0.781 0.21166666666666667 0.018000000000000002 0.016666666666666666
3 0.796 0.21233333333333332 0.016 0.016666666666666666
3 0.74675 0.20466666666666666 0.0235 0.012
3 0.706 0.20066666666666666 0.025 0.013333333333333332
3 0.7000000000000001 0.18166666666666667 0.018000000000000002 0.01
3 0.7977500000000001 0.18933333333333333 0.0235 0.012
8 0.75675 0.19033333333333333 0.0555 0.024666666666666667
3 0.757 0.21866666666666665 0.013000000000000001 0.014666666666666666
5 0.736 0.215 0.028 0.020666666666666667
3 0.704 0.21666666666666665 0.016 0.016
5 0.8275 0.225 0.033 0.02733333333333333
6 0.6615 0.9423333333333334 0.043000000000000003 0.09799999999999999
3 0.6075 0.14566666666666667 0.013000000000000001 0.008666666666666666
0 0.7245 0.19066666666666665 0.004 0.012
2 0.72375 0.19266666666666665 0.006500000000000001 0.006666666666666666
7 0.1475 0.8353333333333333 0.07200000000000001 0.07066666666666667
