3 0.48892857142857143 0.5452380952380952 0.04357142857142857 0.0980952380952381
3 0.59 0.48 0.04 0.08761904761904762
3 0.5542857142857143 0.5771428571428572 0.05142857142857143 0.10666666666666666
4 0.6242857142857143 0.6276190476190476 0.04857142857142857 0.10857142857142857
4 0.5732142857142857 0.3523809523809524 0.04071428571428572 0.07809523809523809
4 0.48642857142857143 0.025714285714285714 0.032857142857142856 0.05142857142857143
3 0.5167857142857143 0.14 0.04071428571428572 0.0761904761904762
3 0.47035714285714286 0.1519047619047619 0.030714285714285715 0.07333333333333333
0 0.5178571428571429 0.06619047619047619 0.01 0.021904761904761906
3 0.4425 0.78 0.045 0.11238095238095239
3 0.34464285714285714 0.9519047619047619 0.09071428571428572 0.07523809523809524
3 0.3296428571428571 0.8838095238095238 0.09071428571428572 0.07428571428571429
3 0.38607142857142857 0.7585714285714286 0.04357142857142857 0.12095238095238095
1 0.4092857142857143 0.9852380952380952 0.018571428571428572 0.02
9 0.4089285714285714 0.98 0.015 0.04
4 0.30785714285714283 0.6528571428571428 0.09714285714285714 0.06761904761904762
3 0.29678571428571426 0.5861904761904762 0.08785714285714286 0.08095238095238096
3 0.2885714285714286 0.5214285714285715 0.06 0.08095238095238096
3 0.2767857142857143 0.41333333333333333 0.07928571428571428 0.05523809523809524
3 0.44357142857142856 0.28523809523809524 0.03 0.06
3 0.255 0.22857142857142856 0.07142857142857142 0.045714285714285714
3 0.255 0.11190476190476191 0.05285714285714286 0.05047619047619047
3 0.3264285714285714 0.32857142857142857 0.04 0.09333333333333334
3 0.5442857142857143 0.25761904761904764 0.03857142857142857 0.07523809523809524
1 0.495 0.2819047619047619 0.011428571428571429 0.017142857142857144
9 0.49464285714285716 0.28809523809523807 0.013571428571428571 0.035238095238095235
0 0.4025 0.014761904761904763 0.009285714285714286 0.029523809523809525
0 0.31607142857142856 0.021904761904761906 0.010714285714285714 0.03238095238095238
0 0.2953571428571429 0.02 0.012142857142857143 0.030476190476190476
0 0.3032142857142857 0.02619047619047619 0.010714285714285714 0.029523809523809525
1 0.2975 0.1319047619047619 0.015 0.02761904761904762
2 0.2975 0.1380952380952381 0.012142857142857143 0.03428571428571429
1 0.3507142857142857 0.1319047619047619 0.011428571428571429 0.014285714285714285
9 0.3517857142857143 0.14047619047619048 0.013571428571428571 0.04285714285714286
