8 0.38142857142857145 0.5461904761904762 0.12142857142857143 0.41619047619047617
3 0.8653571428571428 0.43476190476190474 0.11928571428571429 0.07523809523809524
5 0.9307142857142857 0.5114285714285715 0.13857142857142857 0.19238095238095237
8 0.9121428571428571 0.6233333333333333 0.1757142857142857 0.16666666666666666
5 0.9171428571428571 0.7790476190476191 0.1657142857142857 0.12380952380952381
3 0.7767857142857143 0.15047619047619049 0.07928571428571428 0.05142857142857143
2 0.6825 0.12714285714285714 0.03357142857142857 0.023809523809523808
1 0.6925 0.12 0.009285714285714286 0.022857142857142857
0 0.7185714285714285 0.09571428571428571 0.011428571428571429 0.029523809523809525
2 0.6957142857142857 0.09857142857142857 0.024285714285714285 0.03142857142857143
0 0.24678571428571427 0.09666666666666666 0.015 0.040952380952380955
9 0.4732142857142857 0.6766666666666666 0.023571428571428573 0.06380952380952382
1 0.4739285714285714 0.67 0.019285714285714285 0.025714285714285714
1 0.4732142857142857 0.6628571428571428 0.012142857142857143 0.011428571428571429
9 0.47714285714285715 0.5361904761904762 0.027142857142857142 0.0761904761904762
9 0.48142857142857143 0.45904761904761904 0.027142857142857142 0.06666666666666667
9 0.48428571428571426 0.39904761904761904 0.025714285714285714 0.05142857142857143
9 0.5035714285714286 0.37047619047619046 0.04428571428571428 0.06095238095238095
0 0.45321428571428574 0.37285714285714283 0.015 0.04666666666666667
1 0.49142857142857144 0.37761904761904763 0.017142857142857144 0.035238095238095235
