3 0.39675 0.17933333333333332 0.0525 0.16799999999999998
3 0.40225 0.3873333333333333 0.0525 0.16799999999999998
3 0.41050000000000003 0.621 0.068 0.18066666666666667
3 0.5715 0.36733333333333335 0.059000000000000004 0.16133333333333333
3 0.40650000000000003 0.8886666666666666 0.058 0.19333333333333333
5 0.82575 0.49 0.0735 0.19866666666666666
3 0.95525 0.9443333333333332 0.0895 0.09266666666666666
4 0.106 0.9289999999999999 0.154 0.08733333333333333
4 0.11275 0.7296666666666667 0.1595 0.06333333333333332
6 0.10975 0.83 0.20550000000000002 0.07333333333333333
1 0.68025 0.12133333333333333 0.0115 0.024
0 0.68025 0.107 0.0225 0.035333333333333335
0 0.67675 0.10133333333333333 0.0175 0.03866666666666667
9 0.678 0.119 0.021 0.05533333333333333
6 0.0775 0.41766666666666663 0.047 0.102
