3 0.5521428571428572 0.7595177664974618 0.03428571428571429 0.052030456852791875
3 0.5235714285714286 0.7341370558375634 0.027142857142857142 0.04695431472081218
3 0.5803571428571429 0.7163705583756345 0.030714285714285715 0.04441624365482233
3 0.5910714285714286 0.6890862944162436 0.03642857142857143 0.050761421319796954
3 0.6010714285714286 0.6656091370558375 0.035 0.04695431472081218
3 0.6153571428571428 0.641497461928934 0.035 0.04695431472081218
3 0.6296428571428572 0.6205583756345178 0.030714285714285715 0.04568527918781726
3 0.5585714285714286 0.5501269035532994 0.02857142857142857 0.04441624365482233
3 0.6425 0.5977157360406091 0.03642857142857143 0.04568527918781726
3 0.4967857142857143 0.8730964467005076 0.03642857142857143 0.055837563451776644
4 0.525 0.8134517766497461 0.03571428571428571 0.05837563451776649
4 0.5082142857142857 0.8420050761421319 0.03785714285714286 0.06218274111675126
4 0.5692857142857143 0.7411167512690354 0.03571428571428571 0.053299492385786795
4 0.5335714285714286 0.5869289340101522 0.027142857142857142 0.05456852791878172
3 0.45107142857142857 0.3299492385786802 0.025 0.032994923857868015
3 0.4828571428571429 0.3623096446700507 0.024285714285714285 0.031725888324873094
3 0.5096428571428572 0.3838832487309644 0.020714285714285713 0.03934010152284264
4 0.22178571428571428 0.9695431472081217 0.03357142857142857 0.05837563451776649
4 0.43 0.28553299492385786 0.02857142857142857 0.03807106598984771
3 0.011428571428571429 0.7315989847715736 0.022857142857142857 0.04695431472081218
0 0.07464285714285715 0.6008883248730964 0.007857142857142858 0.019035532994923856
0 0.07928571428571428 0.5926395939086294 0.005714285714285714 0.017766497461928932
0 0.08285714285714285 0.5881979695431472 0.007142857142857143 0.016497461928934008
0 0.08678571428571429 0.5856598984771573 0.005 0.016497461928934008
0 0.07214285714285715 0.5951776649746192 0.008571428571428572 0.017766497461928932
