3 0.4017857142857143 0.2642857142857143 0.05357142857142857 0.12857142857142856
3 0.5585714285714286 0.2642857142857143 0.05142857142857143 0.12666666666666668
3 0.3817857142857143 0.4419047619047619 0.062142857142857146 0.13904761904761906
3 0.31107142857142855 0.43523809523809526 0.062142857142857146 0.14285714285714285
0 0.23214285714285715 0.5019047619047619 0.024285714285714285 0.02857142857142857
3 0.3557142857142857 0.6257142857142857 0.06857142857142857 0.1580952380952381
3 0.24964285714285714 0.8428571428571429 0.07214285714285715 0.17333333333333334
1 0.37535714285714283 0.789047619047619 0.023571428571428573 0.035238095238095235
9 0.3767857142857143 0.789047619047619 0.019285714285714285 0.05238095238095238
9 0.12214285714285714 0.8819047619047619 0.022857142857142857 0.07047619047619047
1 0.12107142857142857 0.8814285714285715 0.02642857142857143 0.03333333333333333
0 0.815 0.5376190476190477 0.024285714285714285 0.03142857142857143
3 0.725 0.4357142857142857 0.055714285714285716 0.13238095238095238
3 0.6757142857142857 0.22047619047619046 0.045714285714285714 0.14
3 0.67 0.6171428571428571 0.08714285714285715 0.15047619047619049
1 0.6157142857142857 0.4104761904761905 0.017142857142857144 0.047619047619047616
