0 0.017484342379958245 0.3098330241187384 0.012004175365344467 0.022263450834879406
0 0.014352818371607514 0.3033395176252319 0.012004175365344467 0.022263450834879406
9 0.13126304801670144 0.26484230055658625 0.016179540709812108 0.021335807050092765
0 0.13204592901878914 0.2606679035250464 0.008350730688935281 0.03339517625231911
0 0.147964509394572 0.3395176252319109 0.008872651356993735 0.022263450834879406
9 0.14979123173277661 0.3450834879406308 0.020876826722338204 0.016697588126159554
0 0.18371607515657618 0.30844155844155846 0.0073068893528183704 0.02319109461966605
9 0.18502087682672233 0.313543599257885 0.01826722338204593 0.016697588126159554
0 0.21764091858037576 0.2755102040816327 0.009394572025052192 0.02411873840445269
6 0.22416492693110646 0.2755102040816327 0.03079331941544885 0.03339517625231911
0 0.24869519832985384 0.2755102040816327 0.006784968684759916 0.02411873840445269
6 0.2531315240083507 0.2750463821892393 0.022964509394572022 0.030612244897959183
3 0.2398225469728601 0.2193877551020408 0.04540709812108559 0.05658627087198516
0 0.2706158663883089 0.23747680890538034 0.006784968684759916 0.020408163265306124
9 0.26983298538622125 0.2435064935064935 0.016701461377870562 0.0176252319109462
9 0.2834029227557411 0.25 0.01774530271398747 0.01948051948051948
3 0.07463465553235907 0.6846011131725418 0.06680584551148225 0.07606679035250465
3 0.17693110647181626 0.7773654916512059 0.043841336116910226 0.0575139146567718
0 0.11743215031315239 0.9053803339517625 0.015657620041753653 0.01855287569573284
0 0.10960334029227556 0.9675324675324676 0.016701461377870562 0.020408163265306124
0 0.4008350730688935 0.6335807050092764 0.009394572025052192 0.022263450834879406
0 0.39483298538622125 0.6289424860853432 0.007828810020876827 0.02411873840445269
3 0.37317327766179537 0.3849721706864564 0.052192066805845504 0.0575139146567718
3 0.33689979123173275 0.3358070500927644 0.050626304801670144 0.061224489795918366
8 0.3575156576200417 0.2527829313543599 0.0824634655532359 0.11038961038961038
3 0.3442066805845511 0.14703153988868276 0.04227557411273486 0.04730983302411874
0 0.3442066805845511 0.17764378478664195 0.0057411273486430055 0.021335807050092765
9 0.3439457202505219 0.1836734693877551 0.015657620041753653 0.01855287569573284
3 0.3870041753653444 0.11410018552875696 0.03810020876826722 0.06307977736549165
0 0.43084551148225464 0.11178107606679036 0.0057411273486430055 0.021335807050092765
9 0.42771398747390393 0.11595547309833024 0.014091858037578286 0.01855287569573284
0 0.42771398747390393 0.1150278293135436 0.004697286012526096 0.020408163265306124
3 0.49060542797494777 0.16094619666048238 0.043841336116910226 0.05473098330241188
1 0.4822546972860125 0.15955473098330242 0.008350730688935281 0.00927643784786642
3 0.5054801670146137 0.19341372912801486 0.04436325678496868 0.05658627087198516
0 0.4796450939457202 0.4805194805194805 0.006263048016701461 0.016697588126159554
9 0.4825156576200417 0.47866419294990725 0.014091858037578286 0.02411873840445269
3 0.6320459290187891 0.1280148423005566 0.044885177453027135 0.0575139146567718
3 0.6203027139874738 0.09601113172541745 0.03914405010438413 0.05473098330241188
3 0.5822025052192066 0.08534322820037106 0.04123173277661795 0.05009276437847866
0 0.502348643006263 0.061224489795918366 0.0036534446764091852 0.01855287569573284
0 0.4984342379958246 0.06261595547309833 0.0041753653444676405 0.01948051948051948
9 0.49817327766179537 0.06725417439703155 0.014091858037578286 0.0176252319109462
0 0.5120041753653444 0.03153988868274583 0.0073068893528183704 0.02411873840445269
0 0.5594989561586639 0.012523191094619666 0.006263048016701461 0.01948051948051948
9 0.5597599164926931 0.021335807050092765 0.012004175365344467 0.01855287569573284
0 0.4994780793319415 0.02922077922077922 0.006263048016701461 0.026901669758812616
9 0.49895615866388304 0.02922077922077922 0.014613778705636741 0.021335807050092765
7 0.46189979123173275 0.04452690166975881 0.021920668058455113 0.03710575139146568
7 0.5644572025052191 0.4902597402597403 0.02453027139874739 0.026901669758812616
2 0.8272442588726513 0.3487940630797774 0.014613778705636741 0.025974025974025976
2 0.9715553235908141 0.1920222634508349 0.017223382045929016 0.027829313543599257
2 0.9757306889352817 0.1901669758812616 0.015135699373695197 0.027829313543599257
2 0.9853862212943632 0.1794990723562152 0.016701461377870562 0.0287569573283859
2 0.9913883089770353 0.174860853432282 0.014091858037578286 0.030612244897959183
2 0.99321503131524 0.16929499072356216 0.012526096033402922 0.02319109461966605
2 0.9955636743215031 0.15955473098330242 0.007828810020876827 0.014842300556586271
