3 0.4903571428571429 0.7495238095238095 0.04071428571428572 0.10476190476190476
3 0.47785714285714287 0.6157142857142857 0.03142857142857143 0.08285714285714285
3 0.7089285714285715 0.3961904761904762 0.035 0.0419047619047619
3 0.5167857142857143 0.1961904761904762 0.010714285714285714 0.015238095238095238
3 0.44857142857142857 0.1580952380952381 0.01 0.013333333333333332
3 0.4742857142857143 0.13285714285714287 0.008571428571428572 0.010476190476190476
3 0.5089285714285714 0.1757142857142857 0.009285714285714286 0.012380952380952381
3 0.5064285714285715 0.1676190476190476 0.008571428571428572 0.011428571428571429
0 0.4185714285714286 0.1523809523809524 0.004285714285714286 0.011428571428571429
3 0.5021428571428571 0.15619047619047619 0.008571428571428572 0.009523809523809525
3 0.4492857142857143 0.09333333333333334 0.007142857142857143 0.009523809523809525
3 0.49785714285714283 0.14523809523809525 0.011428571428571429 0.010476190476190476
3 0.49535714285714283 0.13714285714285715 0.0064285714285714285 0.007619047619047619
3 0.49214285714285716 0.13285714285714287 0.007142857142857143 0.008571428571428572
3 0.49107142857142855 0.12428571428571429 0.009285714285714286 0.010476190476190476
