4 0.8760714285714286 0.8909523809523809 0.24785714285714286 0.20285714285714285
3 0.5357142857142857 0.8276190476190476 0.23285714285714285 0.1676190476190476
3 0.5185714285714286 0.4676190476190476 0.11428571428571428 0.08
3 0.11357142857142857 0.9161904761904762 0.2257142857142857 0.1676190476190476
3 0.04642857142857143 0.6680952380952381 0.09285714285714286 0.12285714285714286
3 0.1467857142857143 0.5071428571428571 0.1407142857142857 0.09047619047619047
0 0.5303571428571429 0.42523809523809525 0.019285714285714285 0.039047619047619046
0 0.8053571428571429 0.29714285714285715 0.013571428571428571 0.04380952380952381
3 0.15107142857142858 0.34285714285714286 0.08357142857142857 0.05523809523809524
3 0.2642857142857143 0.3619047619047619 0.08714285714285715 0.05714285714285714
1 0.7375 0.3719047619047619 0.013571428571428571 0.039047619047619046
9 0.7328571428571429 0.37761904761904763 0.03857142857142857 0.035238095238095235
1 0.7496428571428572 0.2985714285714286 0.010714285714285714 0.025714285714285714
6 0.7617857142857143 0.31238095238095237 0.04214285714285714 0.03619047619047619
1 0.7357142857142858 0.20238095238095238 0.007142857142857143 0.02
1 0.7646428571428572 0.21142857142857144 0.0064285714285714285 0.017142857142857144
2 0.735 0.20857142857142857 0.017142857142857144 0.015238095238095238
9 0.7642857142857142 0.22047619047619046 0.012857142857142857 0.01619047619047619
3 0.7089285714285715 0.16857142857142857 0.029285714285714286 0.04
1 0.7732142857142857 0.13142857142857142 0.0064285714285714285 0.015238095238095238
2 0.7732142857142857 0.13714285714285715 0.010714285714285714 0.009523809523809525
3 0.9592857142857143 0.2633333333333333 0.05857142857142857 0.06
3 0.9039285714285714 0.2361904761904762 0.04928571428571429 0.04380952380952381
3 0.8603571428571428 0.23238095238095238 0.04214285714285714 0.04380952380952381
3 0.8653571428571428 0.2057142857142857 0.039285714285714285 0.04
3 0.8914285714285715 0.19523809523809524 0.02857142857142857 0.04
3 0.9746428571428571 0.22952380952380952 0.05071428571428571 0.04
3 0.8175 0.19142857142857142 0.03357142857142857 0.03238095238095238
4 0.795 0.1742857142857143 0.025714285714285714 0.02857142857142857
3 0.7728571428571429 0.16666666666666666 0.022857142857142857 0.026666666666666665
3 0.7532142857142857 0.15571428571428572 0.023571428571428573 0.023809523809523808
3 0.7357142857142858 0.15 0.02 0.021904761904761906
3 0.72 0.14142857142857143 0.02142857142857143 0.021904761904761906
3 0.7271428571428571 0.11142857142857143 0.022857142857142857 0.01904761904761905
0 0.8335714285714285 0.13142857142857142 0.005714285714285714 0.024761904761904763
0 0.8425 0.1361904761904762 0.0064285714285714285 0.024761904761904763
3 0.6942857142857143 0.12571428571428572 0.025714285714285714 0.02857142857142857
5 0.3921428571428571 0.3538095238095238 0.12571428571428572 0.0980952380952381
