5 0.7938413361169101 0.33163265306122447 0.1231732776617954 0.21614100185528756
3 0.30167014613778703 0.9698515769944341 0.0939457202505219 0.05844155844155844
3 0.2834029227557411 0.8719851576994434 0.08455114822546972 0.10946196660482375
1 0.30088726513569936 0.8140074211502784 0.016179540709812108 0.02504638218923933
0 0.24399791231732773 0.814935064935065 0.016179540709812108 0.03432282003710575
3 0.28653444676409184 0.7796846011131725 0.07411273486430062 0.06957328385899815
3 0.29227557411273486 0.4995361781076067 0.05949895615866388 0.05287569573283859
9 0.2768789144050104 0.4271799628942486 0.022442588726513567 0.02319109461966605
7 0.27139874739039666 0.4072356215213358 0.029227557411273482 0.0352504638218924
9 0.2781837160751566 0.39935064935064934 0.020876826722338204 0.0176252319109462
9 0.28314196242171186 0.38868274582560297 0.02453027139874739 0.022263450834879406
9 0.2781837160751566 0.38589981447124305 0.020876826722338204 0.022263450834879406
9 0.27557411273486426 0.37430426716141 0.019832985386221292 0.02504638218923933
3 0.3034968684759916 0.32421150278293137 0.04958246346555323 0.043599257884972174
3 0.30845511482254695 0.2917439703153989 0.04906054279749478 0.036178107606679034
1 0.26983298538622125 0.20871985157699444 0.010438413361169102 0.012987012987012988
6 0.2938413361169102 0.2166048237476809 0.018789144050104383 0.030612244897959183
9 0.29410229645093944 0.15120593692022263 0.014091858037578286 0.014842300556586271
2 0.29514613778705634 0.14471243042671614 0.012004175365344467 0.016697588126159554
9 0.29723382045929014 0.12430426716141002 0.010960334029227557 0.014842300556586271
2 0.2977557411273486 0.10714285714285715 0.008872651356993735 0.013914656771799629
2 0.2990605427974948 0.10435992578849722 0.010438413361169102 0.013914656771799629
6 0.32385177453027136 0.07931354359925788 0.019311064718162838 0.0287569573283859
0 0.3285490605427975 0.06910946196660482 0.004697286012526096 0.015769944341372914
0 0.318893528183716 0.06679035250463822 0.0031315240083507304 0.012987012987012988
0 0.34264091858037576 0.0705009276437848 0.0057411273486430055 0.025974025974025976
1 0.3504697286012526 0.0728200371057514 0.0057411273486430055 0.013914656771799629
6 0.35229645093945716 0.1456400742115028 0.011482254697286011 0.025974025974025976
6 0.35412317327766174 0.12940630797773656 0.028705636743215027 0.021335807050092765
6 0.35020876826722336 0.12198515769944342 0.026096033402922752 0.02319109461966605
7 0.31419624217118997 0.021335807050092765 0.01774530271398747 0.02411873840445269
9 0.37604384133611685 0.0862708719851577 0.0057411273486430055 0.01855287569573284
1 0.37499999999999994 0.08070500927643785 0.0057411273486430055 0.016697588126159554
1 0.4164926931106471 0.11781076066790352 0.006263048016701461 0.014842300556586271
6 0.41675365344467635 0.12476808905380334 0.008872651356993735 0.02504638218923933
5 0.43188935281837154 0.01901669758812616 0.032881002087682666 0.030612244897959183
3 0.4350208768267223 0.04823747680890538 0.03079331941544885 0.025974025974025976
3 0.4444154488517745 0.09322820037105752 0.03183716075156576 0.03432282003710575
5 0.46477035490605423 0.2166048237476809 0.03496868475991649 0.11966604823747681
1 0.4039665970772442 0.2945269016697588 0.008350730688935281 0.01948051948051948
1 0.40370563674321497 0.29267161410018555 0.007828810020876827 0.02319109461966605
9 0.4039665970772442 0.30194805194805197 0.008350730688935281 0.0287569573283859
4 0.4832985386221294 0.3492578849721707 0.04175365344467641 0.05844155844155844
3 0.48147181628392477 0.3817254174397032 0.04853862212943632 0.05473098330241188
3 0.4840814196242171 0.42393320964749537 0.04853862212943632 0.059369202226345084
3 0.5026096033402923 0.4782003710575139 0.05427974947807933 0.0640074211502783
3 0.5125260960334028 0.5199443413729128 0.05532359081419624 0.06957328385899815
3 0.5237473903966596 0.5811688311688312 0.04853862212943632 0.06029684601113173
4 0.5302713987473904 0.6243042671614101 0.05323590814196242 0.0816326530612245
4 0.5331419624217119 0.6887755102040817 0.05793319415448851 0.0862708719851577
1 0.39196242171189977 0.5589053803339518 0.010438413361169102 0.030612244897959183
2 0.3911795407098121 0.5653988868274583 0.008872651356993735 0.039888682745825604
1 0.49451983298538615 0.7319109461966605 0.012004175365344467 0.03153988868274583
1 0.49921711899791227 0.75139146567718 0.010960334029227557 0.0352504638218924
6 0.49686847599164924 0.74860853432282 0.01774530271398747 0.05194805194805195
