3 0.6575 0.8376666666666667 0.12 0.15666666666666665
0 0.6525 0.6849999999999999 0.013000000000000001 0.041999999999999996
0 0.6575 0.6753333333333333 0.011 0.034666666666666665
1 0.64025 0.6776666666666666 0.0165 0.018
3 0.7195 0.616 0.095 0.10266666666666667
3 0.7455 0.5713333333333334 0.098 0.09733333333333333
4 0.7495 0.5053333333333333 0.094 0.11333333333333333
3 0.663 0.45499999999999996 0.056 0.08733333333333333
3 0.5740000000000001 0.5043333333333333 0.06 0.09533333333333333
3 0.49375 0.408 0.0545 0.07333333333333333
3 0.562 0.32966666666666666 0.05 0.06066666666666667
3 0.58925 0.27366666666666667 0.0365 0.04733333333333333
4 0.616 0.22699999999999998 0.036000000000000004 0.054
0 0.59175 0.19699999999999998 0.0095 0.03
0 0.657 0.09433333333333332 0.007 0.019333333333333334
2 0.6555 0.10766666666666666 0.008 0.018
3 0.6825 0.12666666666666665 0.027 0.034666666666666665
4 0.6960000000000001 0.10333333333333333 0.025 0.036
3 0.712 0.088 0.021 0.025333333333333333
3 0.72075 0.07133333333333333 0.021500000000000002 0.022666666666666665
3 0.7305 0.05733333333333333 0.018000000000000002 0.026666666666666665
3 0.7415 0.044 0.019 0.022666666666666665
3 0.75075 0.027666666666666666 0.0165 0.018
3 0.75575 0.019 0.0155 0.019333333333333334
3 0.764 0.009333333333333332 0.015 0.018666666666666665
3 0.7865 0.096 0.022 0.029333333333333333
4 0.81025 0.018666666666666665 0.0185 0.029333333333333333
3 0.986 0.5116666666666666 0.028 0.082
4 0.9875 0.33866666666666667 0.025 0.044
3 0.98975 0.174 0.0205 0.032
3 0.9912500000000001 0.15266666666666667 0.0175 0.029333333333333333
3 0.99675 0.10766666666666666 0.006500000000000001 0.019333333333333334
4 0.99325 0.08766666666666667 0.0135 0.026
3 0.9905 0.07566666666666666 0.019 0.022
3 0.989 0.03966666666666666 0.02 0.019333333333333334
3 0.9852500000000001 0.030666666666666665 0.025500000000000002 0.018666666666666665
3 0.99175 0.02033333333333333 0.0165 0.014
3 0.9912500000000001 0.014 0.0165 0.017333333333333333
3 0.9885 0.006333333333333333 0.02 0.012666666666666666
0 0.96575 0.049999999999999996 0.0095 0.024
0 0.982 0.09833333333333333 0.007 0.024666666666666667
0 0.9885 0.10099999999999999 0.007 0.02333333333333333
3 0.9812500000000001 0.21666666666666665 0.0305 0.036
3 0.92125 0.3213333333333333 0.035500000000000004 0.050666666666666665
3 0.9325 0.23266666666666666 0.031 0.03866666666666667
3 0.93675 0.109 0.021500000000000002 0.02733333333333333
3 0.86425 0.27 0.0285 0.03733333333333333
3 0.86775 0.22366666666666665 0.0245 0.03266666666666666
1 0.85675 0.24033333333333332 0.0095 0.026
0 0.87075 0.17466666666666666 0.0095 0.026666666666666665
1 0.87325 0.17133333333333334 0.006500000000000001 0.010666666666666666
0 0.89225 0.16966666666666666 0.0115 0.033999999999999996
0 0.88775 0.11833333333333333 0.0095 0.026
3 0.903 0.022333333333333334 0.015 0.02333333333333333
