3 0.5003571428571428 0.6442857142857142 0.065 0.13428571428571429
3 0.43142857142857144 0.6419047619047619 0.06714285714285714 0.13904761904761906
3 0.3678571428571429 0.6661904761904762 0.06714285714285714 0.14761904761904762
3 0.3846428571428571 0.48714285714285716 0.062142857142857146 0.13047619047619047
3 0.4446428571428571 0.4614285714285714 0.06357142857142857 0.12095238095238095
3 0.4589285714285714 0.2895238095238095 0.06357142857142857 0.12
3 0.3989285714285714 0.30904761904761907 0.06357142857142857 0.12095238095238095
3 0.3382142857142857 0.33285714285714285 0.06357142857142857 0.12095238095238095
3 0.28035714285714286 0.36238095238095236 0.06357142857142857 0.12666666666666668
3 0.20892857142857144 0.41 0.06928571428571428 0.13238095238095238
3 0.19357142857142856 0.11952380952380952 0.06 0.1438095238095238
3 0.4317857142857143 0.8842857142857142 0.06785714285714285 0.14761904761904762
3 0.49392857142857144 0.8419047619047619 0.06785714285714285 0.14857142857142858
3 0.5335714285714286 0.969047619047619 0.05 0.06190476190476191
9 0.6392857142857142 0.3314285714285714 0.018571428571428572 0.05142857142857143
9 0.5007142857142857 0.1619047619047619 0.018571428571428572 0.05142857142857143
9 0.3892857142857143 0.12095238095238095 0.04285714285714286 0.026666666666666665
1 0.3896428571428571 0.11761904761904762 0.017857142857142856 0.029523809523809525
1 0.5021428571428571 0.15571428571428572 0.015714285714285715 0.02761904761904762
1 0.505 0.1676190476190476 0.012857142857142857 0.022857142857142857
1 0.5721428571428572 0.24285714285714285 0.015714285714285715 0.030476190476190476
1 0.6407142857142857 0.3238095238095238 0.014285714285714285 0.026666666666666665
2 0.5739285714285715 0.2519047619047619 0.020714285714285713 0.039047619047619046
