5 0.5960714285714286 0.45 0.04642857142857143 0.06952380952380953
5 0.38142857142857145 0.13047619047619047 0.04428571428571428 0.06095238095238095
5 0.2892857142857143 0.020476190476190478 0.05142857142857143 0.040952380952380955
3 0.32857142857142857 0.1438095238095238 0.041428571428571426 0.02857142857142857
1 0.9182142857142858 0.8842857142857142 0.012142857142857143 0.01619047619047619
1 0.7396428571428572 0.6285714285714286 0.009285714285714286 0.02095238095238095
9 0.7389285714285714 0.6304761904761905 0.02214285714285714 0.02857142857142857
9 0.9121428571428571 0.8790476190476191 0.025714285714285714 0.030476190476190476
3 0.9585714285714285 0.28523809523809524 0.03428571428571429 0.039047619047619046
4 0.9317857142857143 0.2642857142857143 0.03214285714285714 0.035238095238095235
3 0.9175 0.24571428571428572 0.03642857142857143 0.03428571428571429
3 0.8960714285714285 0.2219047619047619 0.03357142857142857 0.03428571428571429
3 0.8621428571428571 0.18761904761904763 0.032857142857142856 0.026666666666666665
4 0.8496428571428571 0.1657142857142857 0.035 0.030476190476190476
3 0.8278571428571428 0.15 0.03 0.03333333333333333
3 0.8171428571428572 0.1295238095238095 0.032857142857142856 0.030476190476190476
3 0.7903571428571429 0.10857142857142857 0.02642857142857143 0.030476190476190476
5 0.6860714285714286 0.06714285714285714 0.08357142857142857 0.09047619047619047
5 0.5814285714285714 0.06523809523809523 0.10428571428571429 0.12095238095238095
