3 0.10673277661795406 0.04730983302411874 0.016179540709812108 0.01855287569573284
3 0.06289144050104384 0.06493506493506494 0.01826722338204593 0.016697588126159554
4 0.19076200417536532 0.09461966604823747 0.013048016701461376 0.02411873840445269
3 0.21007306889352817 0.10204081632653061 0.015135699373695197 0.02411873840445269
7 0.1868475991649269 0.08673469387755102 0.011482254697286011 0.021335807050092765
9 0.1983298538622129 0.12105751391465677 0.005219206680584551 0.012059369202226345
9 0.20563674321503128 0.12523191094619665 0.006263048016701461 0.01855287569573284
3 0.2369519832985386 0.09415584415584416 0.027139874739039664 0.0176252319109462
9 0.2740083507306889 0.17207792207792208 0.0073068893528183704 0.015769944341372914
6 0.30193110647181626 0.24072356215213359 0.02974947807933194 0.039888682745825604
9 0.3810020876826722 0.26113172541743973 0.019832985386221292 0.021335807050092765
0 0.0994258872651357 0.32884972170686455 0.012004175365344467 0.03432282003710575
1 0.13622129436325678 0.3617810760667904 0.014613778705636741 0.027829313543599257
1 0.1403966597077244 0.40120593692022266 0.013569937369519832 0.0287569573283859
1 0.1983298538622129 0.45037105751391465 0.011482254697286011 0.03246753246753247
1 0.22390396659707723 0.48283858998144713 0.013569937369519832 0.030612244897959183
1 0.2387787056367432 0.5009276437847866 0.013048016701461376 0.03339517625231911
1 0.2586116910229645 0.5176252319109462 0.014091858037578286 0.03710575139146568
1 0.2792275574112735 0.5398886827458256 0.015657620041753653 0.03153988868274583
0 0.3032359081419624 0.5227272727272727 0.013569937369519832 0.05287569573283859
1 0.39926931106471814 0.5834879406307978 0.014613778705636741 0.0463821892393321
1 0.3421189979123173 0.5653988868274583 0.014091858037578286 0.03803339517625232
1 0.5331419624217119 0.6781076066790352 0.01826722338204593 0.03896103896103896
0 0.6077766179540709 0.6832096474953618 0.016179540709812108 0.06029684601113173
0 0.8241127348643006 0.7198515769944341 0.027139874739039664 0.06307977736549165
0 0.859081419624217 0.7388682745825603 0.015657620041753653 0.07699443413729128
0 0.9736430062630479 0.7741187384044527 0.02139874739039666 0.05844155844155844
9 0.6998956158663883 0.44387755102040816 0.024008350730688934 0.03246753246753247
9 0.6495302713987473 0.4267161410018553 0.02661795407098121 0.03710575139146568
