1 0.17954070981210854 0.4383116883116883 0.008350730688935281 0.026901669758812616
9 0.2103340292275574 0.5106679035250464 0.014613778705636741 0.015769944341372914
9 0.24608559498956156 0.48747680890538037 0.015135699373695197 0.013914656771799629
6 0.16570981210855948 0.5347866419294991 0.020354906054279746 0.03803339517625232
0 0.1764091858037578 0.5547309833024119 0.008350730688935281 0.025974025974025976
1 0.13804801670146136 0.49860853432282004 0.008872651356993735 0.012059369202226345
1 0.1109081419624217 0.49443413729128016 0.006784968684759916 0.012987012987012988
1 0.0644572025052192 0.4902597402597403 0.007828810020876827 0.012059369202226345
6 0.03079331941544885 0.462430426716141 0.019832985386221292 0.03432282003710575
0 0.3525574112734864 0.7908163265306123 0.009916492693110646 0.036178107606679034
7 0.438152400835073 0.7342300556586271 0.01826722338204593 0.07142857142857142
7 0.4569415448851774 0.7852504638218925 0.04331941544885177 0.10296846011131726
9 0.44311064718162835 0.6767161410018553 0.011482254697286011 0.03432282003710575
3 0.5005219206680585 0.5667903525046383 0.01774530271398747 0.05194805194805195
1 0.46972860125260957 0.5644712430426716 0.0073068893528183704 0.02319109461966605
6 0.470250521920668 0.5695732838589982 0.010438413361169102 0.03153988868274583
9 0.3316805845511482 0.4795918367346939 0.019311064718162838 0.02411873840445269
2 0.30401878914405006 0.48330241187384043 0.017223382045929016 0.020408163265306124
9 0.3676931106471816 0.4749536178107607 0.01826722338204593 0.02411873840445269
3 0.5041753653444676 0.3228200371057514 0.018789144050104383 0.04452690166975881
7 0.48564718162839243 0.2987012987012987 0.010960334029227557 0.029684601113172542
7 0.4778183716075156 0.187847866419295 0.009916492693110646 0.021335807050092765
8 0.49712943632567846 0.17393320964749537 0.015135699373695197 0.039888682745825604
9 0.46842379958246344 0.14192949907235622 0.007828810020876827 0.012987012987012988
3 0.48042797494780787 0.12430426716141002 0.009916492693110646 0.022263450834879406
3 0.5010438413361169 0.12708719851576994 0.010438413361169102 0.022263450834879406
4 0.5007828810020877 0.09647495361781076 0.008872651356993735 0.020408163265306124
3 0.5101774530271398 0.09461966604823747 0.008872651356993735 0.020408163265306124
3 0.4663361169102296 0.09230055658627087 0.017223382045929016 0.013914656771799629
1 0.4470250521920668 0.11224489795918367 0.0036534446764091852 0.00927643784786642
1 0.4900835073068893 0.12430426716141002 0.0041753653444676405 0.00927643784786642
6 0.4900835073068893 0.1280148423005566 0.005219206680584551 0.00927643784786642
1 0.4885177453027139 0.08209647495361781 0.0020876826722338203 0.008348794063079777
1 0.4921711899791231 0.08070500927643785 0.0020876826722338203 0.0074211502782931356
9 0.4882567849686847 0.08441558441558442 0.0036534446764091852 0.0074211502782931356
9 0.4921711899791231 0.08441558441558442 0.0031315240083507304 0.0074211502782931356
9 0.4830375782881002 0.06910946196660482 0.0036534446764091852 0.010204081632653062
9 0.32280793319415446 0.19109461966604824 0.004697286012526096 0.014842300556586271
3 0.32593945720250517 0.22031539888682747 0.010960334029227557 0.026901669758812616
2 0.4164926931106471 0.2300556586270872 0.010438413361169102 0.012987012987012988
0 0.39013569937369513 0.24397031539888683 0.006784968684759916 0.02411873840445269
1 0.38413361169102295 0.2476808905380334 0.0073068893528183704 0.014842300556586271
9 0.4744258872651356 0.06771799628942486 0.0041753653444676405 0.0074211502782931356
2 0.47938413361169097 0.05612244897959184 0.0036534446764091852 0.006493506493506494
0 0.4767745302713987 0.05380333951762523 0.0026096033402922755 0.00927643784786642
7 0.4861691022964509 0.05380333951762523 0.004697286012526096 0.011131725417439703
9 0.4921711899791231 0.054267161410018555 0.0031315240083507304 0.008348794063079777
1 0.4911273486430062 0.05194805194805195 0.0020876826722338203 0.0074211502782931356
3 0.5206158663883089 0.08812615955473098 0.007828810020876827 0.016697588126159554
4 0.5216597077244258 0.10714285714285715 0.008872651356993735 0.021335807050092765
7 0.519572025052192 0.07003710575139147 0.0057411273486430055 0.012059369202226345
3 0.5180062630480167 0.06354359925788497 0.006784968684759916 0.013914656771799629
5 0.5276617954070981 0.18831168831168832 0.011482254697286011 0.029684601113172542
3 0.5430584551148225 0.35946196660482377 0.017223382045929016 0.03246753246753247
1 0.528705636743215 0.38589981447124305 0.005219206680584551 0.016697588126159554
9 0.528705636743215 0.38961038961038963 0.006263048016701461 0.01855287569573284
7 0.5534968684759916 0.4327458256029685 0.014091858037578286 0.030612244897959183
9 0.5628914405010438 0.49907235621521334 0.012004175365344467 0.025974025974025976
4 0.5652400835073068 0.6224489795918368 0.026096033402922752 0.06493506493506494
1 0.5414926931106472 0.7467532467532467 0.012004175365344467 0.025974025974025976
1 0.5412317327766178 0.7564935064935066 0.010438413361169102 0.02319109461966605
4 0.5795929018789143 0.7792207792207793 0.028705636743215027 0.07606679035250465
1 0.5407098121085594 0.9169758812615956 0.010438413361169102 0.0287569573283859
1 0.5592379958246346 0.9322820037105751 0.010960334029227557 0.03339517625231911
9 0.5594989561586639 0.9346011131725418 0.013569937369519832 0.05102040816326531
9 0.5399269311064717 0.9230055658627088 0.010960334029227557 0.04267161410018553
4 0.7567849686847599 0.6145640074211502 0.038622129436325675 0.075139146567718
4 0.7134655532359081 0.5403525046382189 0.04279749478079332 0.043599257884972174
3 0.7006784968684759 0.5037105751391465 0.02974947807933194 0.0463821892393321
9 0.8118475991649269 0.511595547309833 0.0057411273486430055 0.021335807050092765
9 0.8048016701461377 0.5064935064935066 0.005219206680584551 0.025974025974025976
9 0.8079331941544884 0.4958256029684601 0.008350730688935281 0.0176252319109462
5 0.6411795407098121 0.4485157699443414 0.032881002087682666 0.08070500927643785
7 0.48564718162839243 0.01901669758812616 0.004697286012526096 0.010204081632653062
0 0.3726513569937369 0.02504638218923933 0.0031315240083507304 0.012987012987012988
