3 0.5196428571428572 0.1897208121827411 0.027857142857142858 0.11802030456852791
3 0.6914285714285714 0.2442893401015228 0.025714285714285714 0.10532994923857868
3 0.6939285714285715 0.09771573604060912 0.027857142857142858 0.10659898477157359
3 0.6967857142857142 0.3908629441624365 0.02642857142857143 0.10913705583756345
3 0.6878571428571428 0.8020304568527918 0.025714285714285714 0.11928934010152284
3 0.6878571428571428 0.9447969543147208 0.03 0.10786802030456852
3 0.38285714285714284 0.782994923857868 0.054285714285714284 0.050761421319796954
3 0.3871428571428571 0.8458121827411167 0.06428571428571428 0.05456852791878172
3 0.38142857142857145 0.9187817258883249 0.05857142857142857 0.050761421319796954
3 0.29 0.8680203045685279 0.06142857142857143 0.053299492385786795
3 0.295 0.8109137055837563 0.06142857142857143 0.04568527918781726
3 0.29892857142857143 0.6706852791878172 0.06785714285714285 0.052030456852791875
3 0.39035714285714285 0.5209390862944162 0.06357142857142857 0.052030456852791875
3 0.3925 0.6288071065989848 0.05928571428571429 0.06979695431472081
3 0.39035714285714285 0.33248730964467005 0.065 0.055837563451776644
3 0.385 0.258248730964467 0.05857142857142857 0.049492385786802026
3 0.38535714285714284 0.17956852791878172 0.05928571428571429 0.049492385786802026
3 0.38642857142857145 0.03616751269035533 0.05857142857142857 0.049492385786802026
3 0.30107142857142855 0.04568527918781726 0.06928571428571428 0.04568527918781726
3 0.2935714285714286 0.10723350253807105 0.05714285714285714 0.04441624365482233
3 0.2953571428571429 0.17703045685279187 0.062142857142857146 0.049492385786802026
3 0.295 0.30901015228426393 0.05857142857142857 0.04695431472081218
3 0.2910714285714286 0.3642131979695431 0.05785714285714286 0.04568527918781726
3 0.2982142857142857 0.4213197969543147 0.05785714285714286 0.04568527918781726
3 0.2307142857142857 0.32677664974619286 0.041428571428571426 0.10786802030456852
3 0.18678571428571428 0.31345177664974616 0.030714285714285715 0.10659898477157359
3 0.19071428571428573 0.04758883248730964 0.05 0.09517766497461928
3 0.22642857142857142 0.5964467005076142 0.03142857142857143 0.10913705583756345
3 0.30178571428571427 0.7328680203045684 0.062142857142857146 0.049492385786802026
4 0.17714285714285713 0.5951776649746192 0.027142857142857142 0.09644670050761421
5 0.21964285714285714 0.8020304568527918 0.027857142857142858 0.12436548223350252
5 0.2985714285714286 0.5298223350253807 0.08428571428571428 0.05710659898477157
4 0.2914285714285714 0.47842639593908626 0.05857142857142857 0.03807106598984771
2 0.16607142857142856 0.06472081218274112 0.017857142857142856 0.04060913705583756
9 0.17285714285714285 0.8305837563451776 0.02 0.03934010152284264
0 0.43214285714285716 0.9187817258883249 0.007142857142857143 0.025380710659898477
0 0.6592857142857143 0.8851522842639593 0.01 0.019035532994923856
3 0.3796428571428571 0.9752538071065989 0.06642857142857143 0.04695431472081218
3 0.29714285714285715 0.9308375634517766 0.06571428571428571 0.05710659898477157
3 0.29964285714285716 0.9803299492385786 0.06357142857142857 0.03680203045685279
