3 0.28714285714285714 0.3115482233502538 0.04857142857142857 0.04187817258883248
3 0.71 0.22081218274111675 0.05285714285714286 0.04314720812182741
3 0.5921428571428572 0.6281725888324873 0.04 0.06598984771573603
3 0.5325 0.4644670050761421 0.052142857142857144 0.035532994923857864
3 0.7214285714285714 0.5532994923857868 0.05142857142857143 0.048223350253807105
4 0.6739285714285714 0.8013959390862944 0.029285714285714286 0.10279187817258882
4 0.4710714285714286 0.508248730964467 0.05071428571428571 0.03934010152284264
4 0.06964285714285715 0.32677664974619286 0.04928571428571429 0.03934010152284264
4 0.37035714285714283 0.25380710659898476 0.052142857142857144 0.04060913705583756
3 0.02035714285714286 0.26078680203045684 0.04071428571428572 0.03426395939086294
5 0.026071428571428572 0.21065989847715735 0.052142857142857144 0.06598984771573603
3 0.49357142857142855 0.07550761421319796 0.037142857142857144 0.03680203045685279
8 0.7185714285714285 0.4885786802030456 0.14142857142857143 0.08629441624365482
8 0.9510714285714286 0.49365482233502533 0.09785714285714285 0.09137055837563451
3 0.6525 0.4593908629441624 0.035 0.032994923857868015
3 0.7921428571428571 0.46510152284263956 0.037142857142857144 0.03426395939086294
3 0.8778571428571429 0.4625634517766497 0.041428571428571426 0.03426395939086294
0 0.3357142857142857 0.6548223350253807 0.007142857142857143 0.02030456852791878
0 0.32571428571428573 0.6662436548223349 0.01 0.025380710659898477
0 0.48142857142857143 0.633248730964467 0.007142857142857143 0.02284263959390863
0 0.4853571428571429 0.7728426395939085 0.0064285714285714285 0.02284263959390863
0 0.4860714285714286 0.7455583756345177 0.007857142857142858 0.013959390862944161
0 0.4878571428571429 0.7208121827411167 0.01 0.02030456852791878
0 0.41214285714285714 0.6148477157360406 0.007142857142857143 0.021573604060913704
0 0.03785714285714286 0.08946700507614212 0.01 0.024111675126903553
0 0.06607142857142857 0.1751269035532995 0.009285714285714286 0.02284263959390863
