3 0.009285714285714286 0.15862944162436546 0.018571428571428572 0.02284263959390863
4 0.023571428571428573 0.13451776649746192 0.02142857142857143 0.025380710659898477
4 0.04928571428571429 0.10152284263959391 0.015714285714285715 0.012690355329949238
4 0.07321428571428572 0.07043147208121826 0.019285714285714285 0.021573604060913704
8 0.4564285714285714 0.05774111675126903 0.014285714285714285 0.04695431472081218
3 0.49857142857142855 0.04695431472081218 0.007142857142857143 0.017766497461928932
8 0.48035714285714287 0.1751269035532995 0.015 0.06345177664974619
3 0.4942857142857143 0.16878172588832485 0.008571428571428572 0.02030456852791878
4 0.49357142857142855 0.1916243654822335 0.008571428571428572 0.025380710659898477
3 0.4942857142857143 0.21954314720812182 0.01 0.02030456852791878
3 0.4632142857142857 0.23667512690355327 0.017857142857142856 0.019035532994923856
3 0.49392857142857144 0.2652284263959391 0.025 0.02030456852791878
3 0.48178571428571426 0.2779187817258883 0.02642857142857143 0.02030456852791878
4 0.45071428571428573 0.25444162436548223 0.018571428571428572 0.019035532994923856
3 0.43714285714285717 0.30837563451776645 0.011428571428571429 0.025380710659898477
3 0.4185714285714286 0.31218274111675126 0.01 0.025380710659898477
3 0.40214285714285714 0.30012690355329946 0.011428571428571429 0.026649746192893398
3 0.43285714285714283 0.35342639593908626 0.012857142857142857 0.029187817258883246
3 0.41464285714285715 0.3477157360406091 0.012142857142857143 0.03045685279187817
3 0.4107142857142857 0.39530456852791873 0.012857142857142857 0.031725888324873094
4 0.4307142857142857 0.39530456852791873 0.014285714285714285 0.03680203045685279
4 0.39785714285714285 0.33248730964467005 0.014285714285714285 0.035532994923857864
4 0.40714285714285714 0.4498730964467005 0.014285714285714285 0.03680203045685279
3 0.4278571428571429 0.440989847715736 0.012857142857142857 0.03680203045685279
3 0.4253571428571429 0.4885786802030456 0.013571428571428571 0.03807106598984771
3 0.4232142857142857 0.5412436548223349 0.015 0.03934010152284264
5 0.5717857142857142 0.2842639593908629 0.027857142857142858 0.017766497461928932
3 0.85 0.133248730964467 0.014285714285714285 0.017766497461928932
4 0.9167857142857143 0.3236040609137056 0.015 0.032994923857868015
4 0.8532142857142857 0.11738578680203045 0.016428571428571428 0.024111675126903553
4 0.7928571428571428 0.02030456852791878 0.01 0.02030456852791878
