0 0.2225 0.07714285714285714 0.013571428571428571 0.03238095238095238
0 0.3560714285714286 0.15476190476190477 0.016428571428571428 0.04285714285714286
0 0.335 0.02 0.01 0.03428571428571429
4 0.2735714285714286 0.03190476190476191 0.05857142857142857 0.039047619047619046
3 0.2857142857142857 0.18 0.05 0.07238095238095238
2 0.2717857142857143 0.23714285714285716 0.030714285714285715 0.03238095238095238
3 0.3067857142857143 0.28285714285714286 0.05357142857142857 0.09142857142857143
3 0.2764285714285714 0.37285714285714283 0.06142857142857143 0.08285714285714285
3 0.18035714285714285 0.4342857142857143 0.08214285714285714 0.12571428571428572
3 0.22 0.32761904761904764 0.06428571428571428 0.10666666666666666
3 0.225 0.5223809523809524 0.08714285714285715 0.1457142857142857
3 0.14357142857142857 0.7342857142857143 0.13142857142857142 0.22095238095238096
3 0.18892857142857142 0.8804761904761905 0.13785714285714284 0.23523809523809525
3 0.4089285714285714 0.015714285714285715 0.027857142857142858 0.03142857142857143
0 0.6453571428571429 0.017142857142857144 0.015 0.03428571428571429
0 0.6760714285714285 0.009047619047619047 0.0064285714285714285 0.018095238095238095
0 0.6814285714285714 0.009523809523809525 0.005714285714285714 0.01904761904761905
0 0.6928571428571428 0.011904761904761904 0.01 0.021904761904761906
0 0.7282142857142857 0.014285714285714285 0.0064285714285714285 0.026666666666666665
0 0.6703571428571429 0.13142857142857142 0.015 0.0419047619047619
0 0.6989285714285715 0.1 0.009285714285714286 0.03619047619047619
0 0.7082142857142857 0.09714285714285714 0.0064285714285714285 0.02095238095238095
3 0.5596428571428571 0.26285714285714284 0.047857142857142855 0.08571428571428572
3 0.6325 0.2804761904761905 0.047857142857142855 0.07714285714285714
3 0.5796428571428571 0.39476190476190476 0.04928571428571429 0.09428571428571429
3 0.6607142857142857 0.42714285714285716 0.05857142857142857 0.10571428571428572
3 0.5807142857142857 0.5676190476190476 0.07142857142857142 0.14857142857142858
3 0.8142857142857143 0.1 0.054285714285714284 0.0419047619047619
3 0.8439285714285715 0.02142857142857143 0.05928571428571429 0.037142857142857144
0 0.8210714285714286 0.2714285714285714 0.013571428571428571 0.0380952380952381
0 0.8414285714285714 0.2704761904761905 0.017142857142857144 0.05142857142857143
8 0.7271428571428571 0.20095238095238097 0.09857142857142857 0.16952380952380952
8 0.7525 0.7314285714285714 0.205 0.5295238095238095
0 0.9378571428571428 0.58 0.024285714285714285 0.06285714285714286
3 0.9585714285714285 0.5133333333333333 0.08285714285714285 0.08952380952380952
3 0.9439285714285715 0.9 0.11071428571428571 0.2
0 0.045 0.6138095238095238 0.03142857142857143 0.06952380952380953
