4 0.59025 0.9663333333333333 0.2535 0.06333333333333332
4 0.64175 0.705 0.2155 0.17933333333333332
3 0.619 0.598 0.219 0.112
3 0.598 0.5073333333333333 0.164 0.09066666666666666
3 0.591 0.43466666666666665 0.153 0.08933333333333333
3 0.61175 0.37466666666666665 0.14350000000000002 0.08266666666666667
3 0.61675 0.24066666666666667 0.10250000000000001 0.064
2 0.52925 0.20033333333333334 0.0345 0.024666666666666667
2 0.52275 0.22666666666666666 0.0285 0.021333333333333333
2 0.551 0.23333333333333334 0.025 0.030666666666666665
3 0.5992500000000001 0.2063333333333333 0.0985 0.054
3 0.59775 0.13933333333333334 0.0775 0.04133333333333333
3 0.6035 0.12466666666666666 0.076 0.03733333333333333
4 0.601 0.10333333333333333 0.077 0.042666666666666665
3 0.6677500000000001 0.08366666666666667 0.029500000000000002 0.03666666666666667
4 0.595 0.048999999999999995 0.064 0.035333333333333335
3 0.593 0.03233333333333333 0.049 0.024666666666666667
3 0.5985 0.024 0.049 0.021333333333333333
3 0.593 0.011 0.043000000000000003 0.022
3 0.70475 0.029666666666666664 0.025500000000000002 0.03
9 0.64275 0.044 0.0075 0.017333333333333333
1 0.64275 0.036 0.006500000000000001 0.02
0 0.8205 0.3873333333333333 0.027 0.07333333333333333
0 0.8150000000000001 0.368 0.031 0.06666666666666667
9 0.9490000000000001 0.35033333333333333 0.036000000000000004 0.05533333333333333
9 0.9285 0.3233333333333333 0.045 0.044
6 0.90425 0.309 0.0785 0.054
7 0.7887500000000001 0.21733333333333332 0.043500000000000004 0.07466666666666666
2 0.80925 0.17633333333333331 0.029500000000000002 0.026
3 0.74825 0.10566666666666666 0.0655 0.038
3 0.74825 0.08366666666666667 0.07050000000000001 0.03133333333333333
3 0.76925 0.07566666666666666 0.0635 0.03
3 0.792 0.07166666666666667 0.057 0.026
3 0.787 0.06033333333333333 0.054 0.022
