0 0.5689285714285715 0.7638095238095238 0.03357142857142857 0.07238095238095238
0 0.6225 0.6971428571428572 0.04071428571428572 0.06095238095238095
0 0.6032142857142857 0.6547619047619048 0.035 0.054285714285714284
0 0.5921428571428572 0.4938095238095238 0.03142857142857143 0.06380952380952382
0 0.8621428571428571 0.48428571428571426 0.05857142857142857 0.06380952380952382
0 0.9303571428571429 0.7233333333333334 0.07071428571428572 0.06571428571428571
0 0.9489285714285715 0.7647619047619048 0.05928571428571429 0.05714285714285714
0 0.8671428571428571 0.5461904761904762 0.037142857142857144 0.058095238095238096
3 0.7782142857142857 0.5685714285714286 0.19785714285714287 0.17904761904761904
0 0.8025 0.2361904761904762 0.03785714285714286 0.08571428571428572
0 0.7617857142857143 0.17285714285714285 0.03785714285714286 0.07904761904761905
0 0.9021428571428571 0.18095238095238095 0.03571428571428571 0.0838095238095238
0 0.8610714285714286 0.11142857142857143 0.04071428571428572 0.08761904761904762
3 0.8857142857142857 0.05238095238095238 0.11571428571428571 0.10285714285714286
2 0.6639285714285714 0.1823809523809524 0.04357142857142857 0.07523809523809524
2 0.7553571428571428 0.016666666666666666 0.05928571428571429 0.03333333333333333
3 0.05 0.20857142857142857 0.1 0.1980952380952381
