3 0.5139285714285714 0.5528571428571428 0.030714285714285715 0.07523809523809524
3 0.5296428571428572 0.7766666666666666 0.04071428571428572 0.0980952380952381
3 0.4692857142857143 0.5304761904761904 0.025714285714285714 0.07047619047619047
3 0.45785714285714285 0.3585714285714286 0.02 0.04476190476190476
3 0.45785714285714285 0.23809523809523808 0.018571428571428572 0.03619047619047619
3 0.4942857142857143 0.19238095238095237 0.014285714285714285 0.02857142857142857
3 0.4564285714285714 0.1742857142857143 0.015714285714285715 0.024761904761904763
3 0.4878571428571429 0.07714285714285714 0.011428571428571429 0.02095238095238095
3 0.5203571428571429 0.05523809523809524 0.009285714285714286 0.015238095238095238
3 0.4857142857142857 0.03571428571428571 0.012857142857142857 0.01619047619047619
3 0.49464285714285716 0.4095238095238095 0.020714285714285713 0.045714285714285714
3 0.7803571428571429 0.9138095238095238 0.10214285714285715 0.1361904761904762
3 0.5982142857142857 0.9519047619047619 0.04071428571428572 0.09619047619047619
9 0.42392857142857143 0.6461904761904762 0.012142857142857143 0.039047619047619046
1 0.42428571428571427 0.6319047619047619 0.011428571428571429 0.025714285714285714
