1 0.6621428571428571 0.8980952380952381 0.018571428571428572 0.0380952380952381
1 0.6560714285714285 0.8890476190476191 0.013571428571428571 0.040952380952380955
3 0.66 0.9019047619047619 0.03 0.0419047619047619
0 0.5353571428571429 0.7995238095238095 0.012142857142857143 0.03142857142857143
0 0.5432142857142858 0.7938095238095239 0.007857142857142858 0.03142857142857143
0 0.5539285714285714 0.7861904761904762 0.007857142857142858 0.03142857142857143
0 0.6071428571428571 0.6714285714285714 0.008571428571428572 0.03238095238095238
0 0.6135714285714285 0.67 0.007142857142857143 0.02761904761904762
0 0.425 0.669047619047619 0.012857142857142857 0.029523809523809525
0 0.4860714285714286 0.3861904761904762 0.0064285714285714285 0.023809523809523808
0 0.49392857142857144 0.3852380952380952 0.007857142857142858 0.023809523809523808
0 0.49857142857142855 0.3933333333333333 0.007142857142857143 0.024761904761904763
9 0.4010714285714286 0.3119047619047619 0.007857142857142858 0.01619047619047619
1 0.4007142857142857 0.3038095238095238 0.004285714285714286 0.009523809523809525
1 0.4007142857142857 0.30095238095238097 0.004285714285714286 0.013333333333333332
3 0.36678571428571427 0.2695238095238095 0.017857142857142856 0.030476190476190476
0 0.4635714285714286 0.30047619047619045 0.007142857142857143 0.02
0 0.4685714285714286 0.2980952380952381 0.005714285714285714 0.02095238095238095
0 0.4739285714285714 0.30047619047619045 0.005 0.025714285714285714
0 0.4607142857142857 0.28809523809523807 0.005714285714285714 0.018095238095238095
0 0.465 0.28523809523809524 0.004285714285714286 0.014285714285714285
0 0.465 0.27 0.005714285714285714 0.02
0 0.4592857142857143 0.2733333333333333 0.004285714285714286 0.02095238095238095
0 0.40535714285714286 0.17285714285714285 0.005 0.01619047619047619
0 0.40964285714285714 0.17142857142857143 0.005 0.017142857142857144
0 0.38607142857142857 0.17952380952380953 0.005 0.018095238095238095
0 0.3817857142857143 0.18142857142857144 0.005 0.018095238095238095
0 0.37392857142857144 0.1838095238095238 0.005 0.017142857142857144
0 0.37714285714285717 0.18 0.004285714285714286 0.017142857142857144
6 0.3775 0.15285714285714286 0.016428571428571428 0.014285714285714285
3 0.3982142857142857 0.14476190476190476 0.013571428571428571 0.01904761904761905
0 0.4014285714285714 0.14857142857142858 0.005714285714285714 0.015238095238095238
4 0.40714285714285714 0.12428571428571429 0.014285714285714285 0.023809523809523808
0 0.41285714285714287 0.11095238095238096 0.004285714285714286 0.012380952380952381
0 0.41714285714285715 0.11047619047619048 0.004285714285714286 0.013333333333333332
0 0.4207142857142857 0.10904761904761905 0.004285714285714286 0.014285714285714285
0 0.4235714285714286 0.10952380952380952 0.004285714285714286 0.013333333333333332
0 0.4471428571428571 0.09857142857142857 0.002857142857142857 0.012380952380952381
0 0.4492857142857143 0.09857142857142857 0.004285714285714286 0.014285714285714285
0 0.4525 0.09571428571428571 0.0035714285714285713 0.014285714285714285
0 0.45535714285714285 0.09571428571428571 0.0035714285714285713 0.014285714285714285
4 0.44392857142857145 0.09 0.010714285714285714 0.018095238095238095
3 0.4275 0.08285714285714285 0.0035714285714285713 0.011428571428571429
3 0.42964285714285716 0.08333333333333333 0.0035714285714285713 0.012380952380952381
3 0.46035714285714285 0.06857142857142857 0.0035714285714285713 0.011428571428571429
3 0.3425 0.06190476190476191 0.0035714285714285713 0.009523809523809525
3 0.3442857142857143 0.06190476190476191 0.004285714285714286 0.011428571428571429
