9 0.17285714285714285 0.9619289340101522 0.04428571428571428 0.07360406091370558
9 0.16071428571428573 0.9428934010152283 0.047142857142857146 0.06598984771573603
9 0.1475 0.9251269035532994 0.045 0.07106598984771573
9 0.12607142857142858 0.7639593908629441 0.035 0.050761421319796954
9 0.16607142857142856 0.6998730964467005 0.035 0.049492385786802026
1 0.07071428571428572 0.6097715736040609 0.02857142857142857 0.03426395939086294
0 0.23714285714285716 0.5996192893401014 0.015714285714285715 0.03680203045685279
0 0.24535714285714286 0.772208121827411 0.010714285714285714 0.024111675126903553
0 0.26107142857142857 0.9371827411167512 0.013571428571428571 0.04187817258883248
0 0.2710714285714286 0.714467005076142 0.009285714285714286 0.025380710659898477
3 0.21107142857142858 0.15418781725888323 0.05357142857142857 0.07233502538071065
0 0.14821428571428572 0.41370558375634514 0.012142857142857143 0.03807106598984771
0 0.37107142857142855 0.4892131979695431 0.010714285714285714 0.03426395939086294
0 0.37285714285714283 0.4815989847715736 0.014285714285714285 0.03426395939086294
0 0.3942857142857143 0.5291878172588832 0.01 0.03045685279187817
0 0.4182142857142857 0.5114213197969543 0.010714285714285714 0.032994923857868015
0 0.2732142857142857 0.12499999999999999 0.010714285714285714 0.03680203045685279
0 0.4735714285714286 0.36548223350253806 0.01 0.04060913705583756
0 0.49714285714285716 0.3908629441624365 0.008571428571428572 0.032994923857868015
3 0.8289285714285715 0.19289340101522842 0.04642857142857143 0.07614213197969542
8 0.9392857142857143 0.6326142131979695 0.07714285714285714 0.18654822335025378
