3 0.5442857142857143 0.11333333333333333 0.002857142857142857 0.0038095238095238095
4 0.5482142857142858 0.12142857142857143 0.0035714285714285713 0.004761904761904762
3 0.49142857142857144 0.17238095238095238 0.005714285714285714 0.007619047619047619
5 0.5060714285714286 0.2280952380952381 0.009285714285714286 0.023809523809523808
5 0.49785714285714283 0.1757142857142857 0.011428571428571429 0.025714285714285714
5 0.5235714285714286 0.39666666666666667 0.012857142857142857 0.037142857142857144
5 0.48 0.4847619047619048 0.03428571428571429 0.05333333333333333
3 0.5167857142857143 0.36095238095238097 0.010714285714285714 0.02095238095238095
1 0.5032142857142857 0.42904761904761907 0.0035714285714285713 0.008571428571428572
6 0.5028571428571429 0.43333333333333335 0.005714285714285714 0.015238095238095238
5 0.6014285714285714 0.9647619047619047 0.09 0.07047619047619047
3 0.16142857142857142 0.5452380952380952 0.03571428571428571 0.021904761904761906
3 0.26571428571428574 0.5519047619047619 0.024285714285714285 0.04666666666666667
3 0.2575 0.4504761904761905 0.030714285714285715 0.026666666666666665
7 0.3796428571428571 0.5842857142857143 0.015 0.029523809523809525
