3 0.39 0.4642857142857143 0.04428571428571428 0.06190476190476191
3 0.4157142857142857 0.7761904761904762 0.07714285714285714 0.1219047619047619
3 0.5303571428571429 0.30523809523809525 0.02214285714285714 0.023809523809523808
3 0.5614285714285714 0.2904761904761905 0.018571428571428572 0.02095238095238095
3 0.5760714285714286 0.2561904761904762 0.013571428571428571 0.017142857142857144
3 0.5553571428571429 0.25142857142857145 0.013571428571428571 0.015238095238095238
3 0.5853571428571429 0.22285714285714286 0.009285714285714286 0.013333333333333332
3 0.5717857142857142 0.21333333333333332 0.012142857142857143 0.011428571428571429
3 0.6014285714285714 0.19523809523809524 0.008571428571428572 0.009523809523809525
3 0.585 0.1819047619047619 0.008571428571428572 0.011428571428571429
3 0.12571428571428572 0.38857142857142857 0.03428571428571429 0.03428571428571429
3 0.16785714285714284 0.38142857142857145 0.03571428571428571 0.035238095238095235
3 0.09035714285714286 0.3976190476190476 0.030714285714285715 0.03333333333333333
3 0.044642857142857144 0.40476190476190477 0.035 0.04
3 0.21071428571428572 0.44571428571428573 0.06428571428571428 0.0419047619047619
3 0.2646428571428571 0.41333333333333333 0.045 0.0380952380952381
3 0.32535714285714284 0.3580952380952381 0.03214285714285714 0.03428571428571429
3 0.3482142857142857 0.3323809523809524 0.035 0.03238095238095238
3 0.4657142857142857 0.35095238095238096 0.03142857142857143 0.03142857142857143
3 0.37357142857142855 0.31047619047619046 0.027142857142857142 0.024761904761904763
3 0.39357142857142857 0.29714285714285715 0.027142857142857142 0.024761904761904763
3 0.4632142857142857 0.2623809523809524 0.019285714285714285 0.021904761904761906
3 0.5032142857142857 0.2257142857142857 0.019285714285714285 0.01904761904761905
3 0.5132142857142857 0.21428571428571427 0.010714285714285714 0.013333333333333332
5 0.655 0.4866666666666667 0.03428571428571429 0.06285714285714286
8 0.8407142857142857 0.44 0.09857142857142857 0.10285714285714286
3 0.9285714285714286 0.44761904761904764 0.04285714285714286 0.047619047619047616
0 0.6489285714285714 0.5228571428571429 0.012142857142857143 0.03428571428571429
0 0.12892857142857142 0.54 0.02214285714285714 0.04380952380952381
3 0.4064285714285714 0.28476190476190477 0.022857142857142857 0.02095238095238095
3 0.43142857142857144 0.2604761904761905 0.017142857142857144 0.021904761904761906
3 0.4828571428571429 0.21904761904761905 0.01 0.011428571428571429
3 0.4860714285714286 0.21428571428571427 0.010714285714285714 0.011428571428571429
3 0.5196428571428572 0.20523809523809525 0.009285714285714286 0.012380952380952381
3 0.5225 0.2019047619047619 0.007857142857142858 0.011428571428571429
3 0.5353571428571429 0.18857142857142858 0.007857142857142858 0.007619047619047619
3 0.5539285714285714 0.17095238095238094 0.0064285714285714285 0.006666666666666666
3 0.5560714285714285 0.1680952380952381 0.0064285714285714285 0.006666666666666666
3 0.5514285714285714 0.1738095238095238 0.007142857142857143 0.008571428571428572
3 0.5432142857142858 0.18047619047619048 0.007857142857142858 0.010476190476190476
3 0.5175 0.19285714285714287 0.009285714285714286 0.008571428571428572
3 0.46964285714285714 0.20285714285714285 0.013571428571428571 0.007619047619047619
3 0.4760714285714286 0.19904761904761906 0.012142857142857143 0.007619047619047619
3 0.37607142857142856 0.2519047619047619 0.020714285714285713 0.014285714285714285
3 0.5903571428571428 0.20666666666666667 0.010714285714285714 0.009523809523809525
3 0.5985714285714285 0.18047619047619048 0.005714285714285714 0.006666666666666666
3 0.5935714285714285 0.16333333333333333 0.005714285714285714 0.006666666666666666
8 0.6039285714285715 0.16047619047619047 0.007857142857142858 0.010476190476190476
3 0.6 0.1676190476190476 0.005714285714285714 0.007619047619047619
3 0.6007142857142858 0.17523809523809525 0.007142857142857143 0.007619047619047619
3 0.59 0.1742857142857143 0.007142857142857143 0.009523809523809525
3 0.5975 0.1895238095238095 0.0064285714285714285 0.009523809523809525
5 0.42714285714285716 0.38095238095238093 0.05714285714285714 0.0838095238095238
1 0.6307142857142857 0.5133333333333333 0.011428571428571429 0.01904761904761905
3 0.19535714285714287 0.3657142857142857 0.03214285714285714 0.030476190476190476
3 0.010714285714285714 0.41619047619047617 0.02142857142857143 0.0380952380952381
8 0.2978571428571429 0.49142857142857144 0.13285714285714287 0.1657142857142857
