0 0.7021428571428572 0.7780952380952381 0.03142857142857143 0.06285714285714286
1 0.12714285714285714 0.5614285714285714 0.02857142857142857 0.05047619047619047
3 0.49142857142857144 0.7033333333333334 0.13285714285714287 0.2123809523809524
3 0.5942857142857143 0.4780952380952381 0.10857142857142857 0.17714285714285713
3 0.6667857142857143 0.34285714285714286 0.075 0.1219047619047619
3 0.7289285714285715 0.23761904761904762 0.06785714285714285 0.08285714285714285
3 0.43392857142857144 0.4033333333333333 0.10214285714285715 0.11904761904761904
3 0.5032142857142857 0.31 0.09071428571428572 0.1019047619047619
3 0.7992857142857143 0.7352380952380952 0.11571428571428571 0.20952380952380953
3 0.8385714285714285 0.5719047619047619 0.08142857142857143 0.15333333333333332
3 0.8667857142857143 0.44095238095238093 0.07071428571428572 0.1295238095238095
3 0.9378571428571428 0.8933333333333333 0.12428571428571429 0.21142857142857144
3 0.9007142857142857 0.9352380952380952 0.14 0.1295238095238095
3 0.9464285714285714 0.7452380952380953 0.10714285714285714 0.20285714285714285
3 0.8896428571428572 0.3433333333333333 0.05928571428571429 0.12285714285714286
3 0.9071428571428571 0.23857142857142857 0.06714285714285714 0.12095238095238095
3 0.9125 0.045714285714285714 0.03785714285714286 0.049523809523809526
3 0.3335714285714286 0.3595238095238095 0.07142857142857142 0.12476190476190477
3 0.3875 0.2919047619047619 0.065 0.11333333333333333
3 0.44642857142857145 0.25476190476190474 0.06142857142857143 0.1019047619047619
3 0.4757142857142857 0.21619047619047618 0.06714285714285714 0.0761904761904762
3 0.5189285714285714 0.18666666666666668 0.07071428571428572 0.09142857142857143
3 0.5482142857142858 0.15142857142857144 0.062142857142857146 0.07047619047619047
3 0.5835714285714285 0.12904761904761905 0.06714285714285714 0.06952380952380953
3 0.5128571428571429 0.06095238095238095 0.06285714285714286 0.07238095238095238
1 0.5021428571428571 0.3976190476190476 0.024285714285714285 0.040952380952380955
9 0.5028571428571429 0.4147619047619048 0.02857142857142857 0.054285714285714284
3 0.6203571428571428 0.18047619047619048 0.05928571428571429 0.07142857142857142
3 0.6560714285714285 0.13333333333333333 0.055 0.05714285714285714
3 0.6860714285714286 0.09666666666666666 0.04071428571428572 0.054285714285714284
3 0.7103571428571429 0.06285714285714286 0.039285714285714285 0.05142857142857143
4 0.7360714285714286 0.03571428571428571 0.027857142857142858 0.04857142857142857
3 0.7553571428571428 0.016666666666666666 0.03214285714285714 0.03333333333333333
3 0.6796428571428571 0.03333333333333333 0.04357142857142857 0.04
3 0.6914285714285714 0.018095238095238095 0.041428571428571426 0.03619047619047619
