4 0.5892857142857143 0.9219047619047619 0.03 0.08
4 0.5185714285714286 0.3661904761904762 0.022857142857142857 0.06761904761904762
4 0.5060714285714286 0.27666666666666667 0.023571428571428573 0.06571428571428571
4 0.46714285714285714 0.16904761904761906 0.025714285714285714 0.06190476190476191
4 0.15857142857142856 0.6423809523809524 0.054285714285714284 0.02761904761904762
3 0.47535714285714287 0.8638095238095238 0.027857142857142858 0.07428571428571429
3 0.5742857142857143 0.8204761904761905 0.027142857142857142 0.07142857142857142
3 0.5628571428571428 0.7438095238095238 0.025714285714285714 0.06857142857142857
3 0.5607142857142857 0.6680952380952381 0.025714285714285714 0.07142857142857142
3 0.8414285714285714 0.5104761904761905 0.055714285714285716 0.0419047619047619
3 0.46285714285714286 0.7747619047619048 0.02857142857142857 0.07523809523809524
3 0.4492857142857143 0.6966666666666667 0.03 0.07333333333333333
3 0.5285714285714286 0.4561904761904762 0.025714285714285714 0.06666666666666667
3 0.41785714285714287 0.11714285714285715 0.02857142857142857 0.07238095238095238
3 0.4257142857142857 0.5304761904761904 0.045714285714285714 0.05904761904761905
3 0.3117857142857143 0.589047619047619 0.05357142857142857 0.035238095238095235
3 0.2571428571428571 0.6647619047619048 0.04857142857142857 0.03619047619047619
3 0.17357142857142857 0.6876190476190476 0.05 0.04
3 0.23857142857142857 0.63 0.05714285714285714 0.03333333333333333
3 0.05964285714285714 0.6114285714285714 0.056428571428571425 0.0380952380952381
4 0.24535714285714286 0.5676190476190476 0.056428571428571425 0.03428571428571429
5 0.09214285714285714 0.6785714285714286 0.06571428571428571 0.04285714285714286
5 0.3692857142857143 0.6409523809523809 0.05714285714285714 0.04
5 0.5457142857142857 0.5561904761904762 0.03 0.0838095238095238
6 0.3117857142857143 0.6538095238095238 0.03357142857142857 0.025714285714285714
6 0.4185714285714286 0.4642857142857143 0.02 0.05619047619047619
6 0.4789285714285714 0.10523809523809524 0.023571428571428573 0.06
6 0.4742857142857143 0.03571428571428571 0.022857142857142857 0.05619047619047619
9 0.0325 0.6538095238095238 0.025 0.014285714285714285
9 0.08571428571428572 0.6395238095238095 0.022857142857142857 0.014285714285714285
9 0.13285714285714287 0.6219047619047618 0.022857142857142857 0.013333333333333332
9 0.17892857142857144 0.6652380952380952 0.025 0.012380952380952381
9 0.20785714285714285 0.6585714285714286 0.02857142857142857 0.014285714285714285
9 0.09392857142857143 0.6085714285714285 0.009285714285714286 0.03428571428571429
9 0.10142857142857142 0.6 0.01 0.03428571428571429
9 0.18035714285714285 0.5828571428571429 0.009285714285714286 0.030476190476190476
9 0.19 0.5833333333333334 0.01 0.025714285714285714
9 0.21321428571428572 0.5761904761904761 0.010714285714285714 0.026666666666666665
9 0.1525 0.5866666666666667 0.015 0.030476190476190476
9 0.1175 0.6019047619047619 0.010714285714285714 0.022857142857142857
9 0.12892857142857142 0.59 0.010714285714285714 0.029523809523809525
2 0.16857142857142857 0.5819047619047619 0.011428571428571429 0.024761904761904763
9 0.3242857142857143 0.5466666666666666 0.011428571428571429 0.026666666666666665
9 0.3410714285714286 0.5452380952380952 0.010714285714285714 0.029523809523809525
9 0.29714285714285715 0.5557142857142857 0.012857142857142857 0.03333333333333333
9 0.27785714285714286 0.559047619047619 0.01 0.02857142857142857
9 0.30785714285714283 0.5523809523809524 0.014285714285714285 0.022857142857142857
9 0.27464285714285713 0.61 0.017857142857142856 0.018095238095238095
9 0.2117857142857143 0.5942857142857143 0.020714285714285713 0.013333333333333332
9 0.235 0.6023809523809524 0.022857142857142857 0.014285714285714285
9 0.02642857142857143 0.6204761904761905 0.011428571428571429 0.03142857142857143
9 0.005357142857142857 0.7223809523809523 0.010714285714285714 0.03142857142857143
9 0.03464285714285714 0.7209523809523809 0.016428571428571428 0.02857142857142857
9 0.05178571428571429 0.7161904761904762 0.015 0.02857142857142857
9 0.08678571428571429 0.709047619047619 0.012142857142857143 0.02761904761904762
9 0.09892857142857144 0.7042857142857143 0.015 0.023809523809523808
9 0.11392857142857143 0.7004761904761905 0.013571428571428571 0.025714285714285714
9 0.12964285714285714 0.6995238095238095 0.010714285714285714 0.02761904761904762
9 0.20964285714285713 0.68 0.013571428571428571 0.024761904761904763
9 0.06285714285714286 0.7714285714285715 0.01 0.026666666666666665
9 0.3385714285714286 0.7142857142857143 0.014285714285714285 0.030476190476190476
9 0.45107142857142857 0.5552380952380952 0.012142857142857143 0.026666666666666665
9 0.44892857142857145 0.4595238095238095 0.012142857142857143 0.025714285714285714
9 0.46285714285714286 0.46904761904761905 0.011428571428571429 0.03142857142857143
9 0.44821428571428573 0.4938095238095238 0.013571428571428571 0.02761904761904762
9 0.45071428571428573 0.4085714285714286 0.01 0.03238095238095238
9 0.41035714285714286 0.3933333333333333 0.017857142857142856 0.013333333333333332
9 0.40785714285714286 0.37285714285714283 0.018571428571428572 0.021904761904761906
9 0.4057142857142857 0.3461904761904762 0.015714285714285715 0.023809523809523808
9 0.4 0.3161904761904762 0.017142857142857144 0.017142857142857144
9 0.43642857142857144 0.3676190476190476 0.008571428571428572 0.03238095238095238
9 0.3964285714285714 0.25285714285714284 0.01 0.037142857142857144
9 0.4114285714285714 0.19523809523809524 0.008571428571428572 0.030476190476190476
9 0.3942857142857143 0.2914285714285714 0.022857142857142857 0.02095238095238095
9 0.06535714285714286 0.7157142857142857 0.02214285714285714 0.03142857142857143
0 0.09928571428571428 0.7547619047619047 0.017142857142857144 0.012380952380952381
0 0.36714285714285716 0.6980952380952381 0.012857142857142857 0.015238095238095238
0 0.45 0.8795238095238095 0.01 0.02
0 0.34464285714285714 0.16904761904761906 0.009285714285714286 0.01619047619047619
0 0.36464285714285716 0.23523809523809525 0.009285714285714286 0.015238095238095238
0 0.355 0.22904761904761906 0.008571428571428572 0.014285714285714285
0 0.38392857142857145 0.3985714285714286 0.0064285714285714285 0.010476190476190476
0 0.3875 0.4719047619047619 0.007857142857142858 0.008571428571428572
0 0.2425 0.5204761904761904 0.012142857142857143 0.010476190476190476
0 0.18678571428571428 0.5338095238095238 0.013571428571428571 0.008571428571428572
0 0.09428571428571429 0.5547619047619048 0.02 0.010476190476190476
0 0.07607142857142857 0.5704761904761905 0.020714285714285713 0.007619047619047619
2 0.3982142857142857 0.7085714285714285 0.019285714285714285 0.011428571428571429
2 0.48642857142857143 0.6695238095238095 0.01 0.030476190476190476
2 0.11321428571428571 0.7352380952380952 0.02214285714285714 0.013333333333333332
2 0.38285714285714284 0.18095238095238095 0.008571428571428572 0.026666666666666665
6 0.4875 0.3619047619047619 0.013571428571428571 0.0419047619047619
2 0.18392857142857144 0.611904761904762 0.020714285714285713 0.014285714285714285
0 0.07214285714285715 0.6628571428571428 0.018571428571428572 0.009523809523809525
0 0.08928571428571429 0.6552380952380953 0.017142857142857144 0.011428571428571429
2 0.30357142857142855 0.6138095238095238 0.02 0.012380952380952381
0 0.45714285714285713 0.01619047619047619 0.008571428571428572 0.024761904761904763
9 0.1982142857142857 0.6466666666666666 0.019285714285714285 0.013333333333333332
