3 0.21346555323590813 0.5347866419294991 0.032359081419624215 0.11595547309833024
3 0.33794363256784965 0.5278293135435993 0.03079331941544885 0.11317254174397032
3 0.40918580375782876 0.5213358070500927 0.029227557411273482 0.11317254174397032
3 0.4483298538622129 0.5064935064935066 0.029227557411273482 0.11131725417439703
3 0.15709812108559498 0.1326530612244898 0.032359081419624215 0.09647495361781076
3 0.23486430062630478 0.14053803339517626 0.032359081419624215 0.11595547309833024
3 0.2708768267223382 0.14935064935064934 0.029227557411273482 0.11317254174397032
3 0.37943632567849683 0.15630797773654917 0.028183716075156573 0.11781076066790352
3 0.4159707724425887 0.1572356215213358 0.030271398747390394 0.1215213358070501
4 0.4548538622129436 0.15955473098330242 0.02766179540709812 0.13172541743970315
3 0.6025574112734864 0.47170686456400746 0.028705636743215027 0.11410018552875696
7 0.6411795407098121 0.525974025974026 0.02453027139874739 0.1261595547309833
5 0.6745824634655532 0.5417439703153989 0.0360125260960334 0.12987012987012989
7 0.707724425887265 0.5343228200371057 0.030271398747390394 0.12987012987012989
3 0.6276096033402923 0.13543599257884972 0.028705636743215027 0.1150278293135436
3 0.7674843423799582 0.13868274582560297 0.03183716075156576 0.11410018552875696
3 0.8027139874739039 0.14471243042671614 0.033402922755741124 0.10760667903525047
3 0.7875782881002087 0.5088126159554731 0.033402922755741124 0.11410018552875696
7 0.8322025052192066 0.4911873840445269 0.02974947807933194 0.12708719851576994
3 0.9305845511482254 0.1614100185528757 0.031315240083507306 0.10018552875695733
3 0.9261482254697285 0.06818181818181818 0.028705636743215027 0.08256029684601113
3 0.9843423799582462 0.6089981447124304 0.030271398747390394 0.10853432282003711
