3 0.8653571428571428 0.24571428571428572 0.025 0.013333333333333332
0 0.6525 0.2138095238095238 0.002142857142857143 0.004761904761904762
0 0.6882142857142857 0.2785714285714286 0.0035714285714285713 0.006666666666666666
0 0.4575 0.17047619047619048 0.0035714285714285713 0.009523809523809525
0 0.6560714285714285 0.030476190476190476 0.0035714285714285713 0.011428571428571429
1 0.5014285714285714 0.9295238095238095 0.005714285714285714 0.007619047619047619
0 0.6 0.741904761904762 0.004285714285714286 0.005714285714285714
0 0.6510714285714285 0.6419047619047619 0.002142857142857143 0.005714285714285714
3 0.6275 0.9161904761904762 0.017857142857142856 0.045714285714285714
3 0.645 0.9123809523809524 0.014285714285714285 0.0419047619047619
3 0.665 0.9304761904761905 0.017142857142857144 0.04380952380952381
3 0.6817857142857143 0.9438095238095238 0.016428571428571428 0.047619047619047616
3 0.7064285714285714 0.9623809523809523 0.017142857142857144 0.04476190476190476
3 0.7475 0.979047619047619 0.020714285714285713 0.0419047619047619
3 0.7664285714285715 0.9852380952380952 0.02142857142857143 0.029523809523809525
3 0.8035714285714286 0.9909523809523809 0.018571428571428572 0.018095238095238095
3 0.8814285714285715 0.9871428571428571 0.03 0.021904761904761906
3 0.9010714285714285 0.9471428571428572 0.020714285714285713 0.04857142857142857
9 0.9778571428571429 0.8733333333333333 0.011428571428571429 0.0038095238095238095
9 0.9817857142857143 0.8842857142857142 0.007857142857142858 0.012380952380952381
3 0.9153571428571429 0.7919047619047619 0.019285714285714285 0.040952380952380955
3 0.9921428571428571 0.8023809523809524 0.015714285714285715 0.039047619047619046
3 0.9853571428571428 0.7552380952380953 0.017857142857142856 0.03619047619047619
3 0.9703571428571428 0.6885714285714286 0.017857142857142856 0.03619047619047619
3 0.9617857142857142 0.6476190476190476 0.017857142857142856 0.03428571428571429
3 0.9521428571428572 0.6042857142857143 0.017142857142857144 0.029523809523809525
3 0.9446428571428571 0.5680952380952381 0.015 0.025714285714285714
3 0.8857142857142857 0.6347619047619047 0.018571428571428572 0.037142857142857144
3 0.9339285714285714 0.5214285714285715 0.016428571428571428 0.03142857142857143
3 0.9396428571428571 0.4219047619047619 0.017857142857142856 0.026666666666666665
3 0.9871428571428571 0.3438095238095238 0.015714285714285715 0.011428571428571429
3 0.8467857142857143 0.4119047619047619 0.015 0.02761904761904762
3 0.8535714285714285 0.4471428571428571 0.015714285714285715 0.029523809523809525
0 0.8325 0.3504761904761905 0.005 0.007619047619047619
0 0.8375 0.3566666666666667 0.0064285714285714285 0.006666666666666666
5 0.8071428571428572 0.34714285714285714 0.02142857142857143 0.037142857142857144
3 0.8085714285714286 0.37761904761904763 0.014285714285714285 0.023809523809523808
3 0.82 0.4471428571428571 0.012857142857142857 0.029523809523809525
3 0.8253571428571429 0.48714285714285716 0.013571428571428571 0.029523809523809525
3 0.8289285714285715 0.5233333333333333 0.012142857142857143 0.029523809523809525
3 0.8467857142857143 0.6171428571428571 0.016428571428571428 0.03428571428571429
