3 0.8864285714285715 0.557741116751269 0.03571428571428571 0.10532994923857868
3 0.835 0.19670050761421318 0.03571428571428571 0.06598984771573603
3 0.6564285714285715 0.47017766497461927 0.02857142857142857 0.08502538071065989
0 0.4767857142857143 0.46383248730964466 0.007857142857142858 0.026649746192893398
0 0.43892857142857145 0.4302030456852792 0.009285714285714286 0.027918781725888322
0 0.45 0.35850253807106597 0.007142857142857143 0.031725888324873094
0 0.40785714285714286 0.4695431472081218 0.007142857142857143 0.02284263959390863
0 0.40035714285714286 0.44479695431472077 0.010714285714285714 0.024111675126903553
0 0.3539285714285714 0.45050761421319796 0.019285714285714285 0.025380710659898477
0 0.3196428571428571 0.4898477157360406 0.010714285714285714 0.027918781725888322
0 0.25107142857142856 0.5647208121827411 0.010714285714285714 0.032994923857868015
0 0.3364285714285714 0.44479695431472077 0.01 0.031725888324873094
0 0.3625 0.4302030456852792 0.009285714285714286 0.027918781725888322
0 0.34 0.38007614213197966 0.008571428571428572 0.031725888324873094
0 0.34535714285714286 0.3642131979695431 0.007857142857142858 0.027918781725888322
0 0.5189285714285714 0.5139593908629442 0.007857142857142858 0.032994923857868015
0 0.5421428571428571 0.16370558375634517 0.005714285714285714 0.02284263959390863
0 0.5792857142857143 0.13451776649746192 0.007142857142857143 0.027918781725888322
0 0.5739285714285715 0.1313451776649746 0.007857142857142858 0.029187817258883246
0 0.5203571428571429 0.508248730964467 0.005 0.021573604060913704
0 0.9642857142857143 0.35977157360406087 0.015714285714285715 0.03934010152284264
0 0.9707142857142858 0.22906091370558374 0.012857142857142857 0.031725888324873094
8 0.6110714285714286 0.016497461928934008 0.16785714285714284 0.032994923857868015
3 0.44142857142857145 0.0076142131979695426 0.055714285714285716 0.015228426395939085
3 0.6492857142857142 0.9302030456852791 0.03857142857142857 0.13705583756345177
