5 0.29392857142857143 0.8039340101522842 0.05785714285714286 0.2017766497461929
5 0.3225 0.8578680203045684 0.05785714285714286 0.1878172588832487
5 0.35428571428571426 0.8781725888324873 0.03857142857142857 0.149746192893401
5 0.35 0.6859137055837563 0.037142857142857144 0.13578680203045684
3 0.4182142857142857 0.9815989847715735 0.019285714285714285 0.03426395939086294
5 0.5703571428571429 0.8756345177664974 0.027857142857142858 0.12436548223350252
3 0.37142857142857144 0.5996192893401014 0.02857142857142857 0.0748730964467005
3 0.37785714285714284 0.5279187817258882 0.02 0.07106598984771573
4 0.4589285714285714 0.7696700507614213 0.02214285714285714 0.07994923857868019
8 0.5235714285714286 0.7785532994923857 0.015714285714285715 0.09010152284263959
3 0.4617857142857143 0.5653553299492385 0.017857142857142856 0.06725888324873096
3 0.5757142857142857 0.45177664974619286 0.017142857142857144 0.06598984771573603
4 0.17857142857142858 0.2480964467005076 0.032857142857142856 0.049492385786802026
0 0.9382142857142857 0.8648477157360406 0.013571428571428571 0.021573604060913704
0 0.905 0.7296954314720812 0.01 0.015228426395939085
0 0.8882142857142857 0.6643401015228426 0.010714285714285714 0.013959390862944161
0 0.8957142857142857 0.6751269035532994 0.008571428571428572 0.015228426395939085
0 0.8839285714285714 0.6770304568527918 0.010714285714285714 0.011421319796954314
0 0.8767857142857143 0.708756345177665 0.009285714285714286 0.016497461928934008
0 0.8864285714285715 0.706218274111675 0.008571428571428572 0.013959390862944161
3 0.7717857142857143 0.19352791878172587 0.016428571428571428 0.05710659898477157
5 0.5442857142857143 0.041243654822335024 0.05142857142857143 0.06979695431472081
0 0.08892857142857143 0.17576142131979694 0.010714285714285714 0.024111675126903553
0 0.11392857142857143 0.10342639593908629 0.007857142857142858 0.026649746192893398
4 0.45107142857142857 0.18020304568527917 0.015 0.04314720812182741
3 0.47464285714285714 0.21002538071065988 0.015 0.04441624365482233
4 0.4467857142857143 0.2880710659898477 0.015 0.050761421319796954
3 0.46785714285714286 0.3946700507614213 0.015714285714285715 0.050761421319796954
3 0.5235714285714286 0.35913705583756345 0.015714285714285715 0.06091370558375634
9 0.5225 0.17893401015228425 0.0064285714285714285 0.027918781725888322
