4 0.38875 0.8386666666666667 0.0245 0.06666666666666667
9 0.369 0.764 0.016 0.022666666666666665
2 0.3895 0.898 0.02 0.018666666666666665
0 0.343 0.9203333333333333 0.008 0.020666666666666667
9 0.36225 0.9393333333333334 0.0205 0.021333333333333333
9 0.37975000000000003 0.9526666666666667 0.0165 0.032
3 0.39175 0.9793333333333333 0.0315 0.04133333333333333
3 0.47075 0.6613333333333333 0.0205 0.05333333333333333
0 0.5855 0.6466666666666666 0.006 0.016
4 0.62075 0.6996666666666667 0.0325 0.06333333333333332
3 0.6335000000000001 0.7616666666666666 0.026000000000000002 0.05266666666666667
0 0.359 0.713 0.007 0.018
0 0.35375 0.6913333333333334 0.0075 0.021333333333333333
2 0.3745 0.7036666666666667 0.012 0.019333333333333334
2 0.37175 0.7386666666666667 0.0165 0.010666666666666666
9 0.3565 0.6886666666666666 0.008 0.02
9 0.34125 0.6426666666666666 0.0135 0.022666666666666665
9 0.32975 0.6346666666666666 0.0165 0.013333333333333332
0 0.334 0.6673333333333333 0.005 0.018666666666666665
4 0.327 0.5726666666666667 0.038 0.028
3 0.16125 0.647 0.029500000000000002 0.04733333333333333
4 0.27875 0.586 0.0385 0.030666666666666665
3 0.23125 0.48566666666666664 0.0195 0.035333333333333335
4 0.222 0.426 0.017 0.021333333333333333
3 0.264 0.42366666666666664 0.018000000000000002 0.026
3 0.28300000000000003 0.42966666666666664 0.02 0.03133333333333333
1 0.33 0.875 0.006 0.019333333333333334
1 0.33725 0.882 0.0075 0.014666666666666666
1 0.33175 0.8913333333333333 0.0115 0.014666666666666666
3 0.81325 0.5693333333333334 0.0395 0.025333333333333333
4 0.59875 0.5943333333333333 0.0225 0.038
4 0.58775 0.5526666666666666 0.0205 0.034666666666666665
8 0.5730000000000001 0.4583333333333333 0.024 0.05266666666666667
4 0.5650000000000001 0.427 0.018000000000000002 0.028666666666666667
4 0.49775 0.42633333333333334 0.0125 0.018
8 0.5535 0.3516666666666666 0.019 0.04066666666666666
3 0.5495 0.32666666666666666 0.014 0.021333333333333333
3 0.54825 0.30533333333333335 0.0125 0.02
4 0.5465 0.263 0.011 0.016666666666666666
4 0.54575 0.24666666666666665 0.0125 0.014666666666666666
5 0.51525 0.16633333333333333 0.0095 0.019333333333333334
3 0.404 0.509 0.017 0.03666666666666667
3 0.40575 0.4553333333333333 0.0155 0.03333333333333333
4 0.40875 0.42 0.0155 0.029333333333333333
4 0.41150000000000003 0.36233333333333334 0.014 0.026
3 0.41625 0.3183333333333333 0.0115 0.022
3 0.4185 0.29833333333333334 0.012 0.022
0 0.42725 0.2783333333333333 0.0035 0.012666666666666666
0 0.4295 0.2796666666666667 0.003 0.012666666666666666
1 0.436 0.268 0.004 0.010666666666666666
9 0.436 0.27066666666666667 0.004 0.009333333333333332
3 0.43575 0.22633333333333333 0.0115 0.019333333333333334
4 0.44225000000000003 0.19733333333333333 0.0105 0.014666666666666666
8 0.44775000000000004 0.16433333333333333 0.0155 0.03933333333333333
1 0.4645 0.17133333333333334 0.003 0.008
9 0.46425 0.175 0.0035 0.007333333333333333
0 0.4625 0.15 0.003 0.010666666666666666
3 0.4845 0.12666666666666665 0.018000000000000002 0.010666666666666666
3 0.46475 0.097 0.0075 0.01
3 0.48525 0.09833333333333333 0.006500000000000001 0.01
3 0.489 0.078 0.007 0.010666666666666666
3 0.49725 0.08566666666666667 0.0075 0.01
3 0.46475 0.08833333333333333 0.006500000000000001 0.008666666666666666
3 0.466 0.08233333333333333 0.007 0.008666666666666666
3 0.468 0.07433333333333333 0.007 0.01
3 0.47000000000000003 0.06333333333333332 0.008 0.009333333333333332
4 0.49525 0.104 0.0075 0.013333333333333332
4 0.49275 0.05266666666666667 0.006500000000000001 0.010666666666666666
0 0.47500000000000003 0.05933333333333333 0.002 0.006666666666666666
0 0.47750000000000004 0.059 0.002 0.008666666666666666
0 0.47900000000000004 0.048999999999999995 0.002 0.007333333333333333
0 0.47525 0.04033333333333333 0.0015 0.006
0 0.47625 0.04133333333333333 0.0015 0.005333333333333333
4 0.47450000000000003 0.046 0.006 0.009333333333333332
3 0.495 0.04133333333333333 0.006 0.008
3 0.499 0.019333333333333334 0.005 0.008
3 0.5185 0.012 0.005 0.006666666666666666
1 0.487 0.03866666666666667 0.002 0.006666666666666666
2 0.487 0.04033333333333333 0.002 0.006
0 0.48625 0.028333333333333332 0.0015 0.007333333333333333
4 0.47875 0.02733333333333333 0.006500000000000001 0.008
3 0.48 0.021333333333333333 0.006 0.008
3 0.48075 0.01633333333333333 0.006500000000000001 0.006
3 0.48275 0.013 0.0055 0.007333333333333333
3 0.4845 0.0026666666666666666 0.005 0.005333333333333333
4 0.6705 0.177 0.009000000000000001 0.014
3 0.66025 0.17766666666666667 0.0075 0.011333333333333332
3 0.6940000000000001 0.164 0.016 0.010666666666666666
3 0.5425 0.10233333333333333 0.007 0.008666666666666666
3 0.54225 0.073 0.006500000000000001 0.008666666666666666
3 0.543 0.09333333333333332 0.007 0.008
0 0.5285 0.07633333333333334 0.002 0.007333333333333333
1 0.5347500000000001 0.08266666666666667 0.0025 0.006666666666666666
2 0.535 0.08466666666666667 0.002 0.006666666666666666
0 0.5305 0.04433333333333333 0.002 0.007333333333333333
0 0.534 0.04533333333333333 0.002 0.006666666666666666
