4 0.11357142857142857 0.8776190476190476 0.19142857142857142 0.24476190476190476
3 0.3167857142857143 0.6219047619047618 0.12642857142857142 0.1580952380952381
3 0.3960714285714286 0.5152380952380953 0.07642857142857143 0.11238095238095239
0 0.33964285714285714 0.4261904761904762 0.020714285714285713 0.05238095238095238
0 0.36678571428571427 0.4195238095238095 0.016428571428571428 0.04285714285714286
0 0.465 0.36047619047619045 0.01 0.05047619047619047
3 0.5321428571428571 0.36095238095238097 0.08142857142857143 0.06857142857142857
9 0.4857142857142857 0.34095238095238095 0.03142857142857143 0.026666666666666665
0 0.35714285714285715 0.3323809523809524 0.01 0.04380952380952381
9 0.3867857142857143 0.3161904761904762 0.030714285714285715 0.02857142857142857
3 0.6678571428571428 0.2833333333333333 0.05142857142857143 0.05238095238095238
3 0.6925 0.24666666666666667 0.039285714285714285 0.045714285714285714
3 0.8639285714285714 0.17904761904761904 0.030714285714285715 0.030476190476190476
3 0.8785714285714286 0.3119047619047619 0.04 0.058095238095238096
4 0.6089285714285714 0.24047619047619048 0.03785714285714286 0.05047619047619047
0 0.6432142857142857 0.2357142857142857 0.007857142857142858 0.04285714285714286
9 0.4689285714285714 0.24857142857142858 0.020714285714285713 0.02095238095238095
3 0.9217857142857143 0.2057142857142857 0.029285714285714286 0.0380952380952381
0 0.9778571428571429 0.2957142857142857 0.014285714285714285 0.04285714285714286
3 0.965 0.23285714285714285 0.03857142857142857 0.04476190476190476
4 0.96 0.20142857142857143 0.02857142857142857 0.03333333333333333
4 0.9482142857142857 0.15666666666666668 0.025 0.029523809523809525
9 0.9021428571428571 0.18333333333333332 0.011428571428571429 0.029523809523809525
3 0.8921428571428571 0.10857142857142857 0.02142857142857143 0.024761904761904763
3 0.915 0.06857142857142857 0.015714285714285715 0.017142857142857144
3 0.9060714285714285 0.0380952380952381 0.010714285714285714 0.013333333333333332
3 0.7703571428571429 0.1457142857142857 0.023571428571428573 0.03238095238095238
3 0.72 0.1980952380952381 0.03428571428571429 0.0380952380952381
0 0.7042857142857143 0.2195238095238095 0.008571428571428572 0.02761904761904762
3 0.9871428571428571 0.19142857142857142 0.025714285714285714 0.03428571428571429
3 0.98 0.17047619047619048 0.024285714285714285 0.03238095238095238
3 0.9714285714285714 0.1538095238095238 0.02 0.02761904761904762
3 0.9632142857142857 0.13714285714285715 0.02214285714285714 0.024761904761904763
3 0.9553571428571429 0.12333333333333334 0.02214285714285714 0.023809523809523808
3 0.94 0.1442857142857143 0.02 0.029523809523809525
3 0.9517857142857142 0.11 0.019285714285714285 0.02
3 0.9485714285714286 0.10047619047619048 0.017142857142857144 0.02
3 0.9442857142857143 0.08904761904761904 0.017142857142857144 0.021904761904761906
4 0.9210714285714285 0.04 0.013571428571428571 0.015238095238095238
3 0.9757142857142858 0.07428571428571429 0.02 0.015238095238095238
3 0.9689285714285715 0.06476190476190476 0.013571428571428571 0.015238095238095238
3 0.9657142857142857 0.05761904761904762 0.017142857142857144 0.01619047619047619
3 0.7825 0.12333333333333334 0.017857142857142856 0.02
3 0.7917857142857143 0.09571428571428571 0.015 0.02
3 0.8010714285714285 0.08476190476190476 0.012142857142857143 0.01904761904761905
0 0.9682142857142857 0.0419047619047619 0.005 0.013333333333333332
9 0.4857142857142857 0.2780952380952381 0.017142857142857144 0.024761904761904763
0 0.2925 0.5342857142857143 0.020714285714285713 0.05714285714285714
0 0.09392857142857143 0.7361904761904762 0.047857142857142855 0.06666666666666667
0 0.5342857142857143 0.20142857142857143 0.011428571428571429 0.029523809523809525
1 0.9021428571428571 0.18047619047619048 0.011428571428571429 0.021904761904761906
