3 0.5392857142857143 0.26476190476190475 0.05714285714285714 0.12761904761904763
5 0.6360714285714286 0.1676190476190476 0.06928571428571428 0.17904761904761904
3 0.4828571428571429 0.08190476190476191 0.08 0.1295238095238095
3 0.13107142857142856 0.0380952380952381 0.09785714285714285 0.05904761904761905
3 0.12464285714285714 0.46714285714285714 0.09642857142857143 0.06
4 0.2714285714285714 0.5628571428571428 0.037142857142857144 0.10285714285714286
3 0.8660714285714286 0.6966666666666667 0.10928571428571429 0.058095238095238096
3 0.8625 0.6238095238095238 0.09642857142857143 0.05142857142857143
3 0.8632142857142857 0.5561904761904762 0.09642857142857143 0.05523809523809524
3 0.9378571428571428 0.46190476190476193 0.05714285714285714 0.13904761904761906
3 0.9817857142857143 0.46476190476190476 0.03642857142857143 0.13142857142857142
4 0.9403571428571429 0.3252380952380952 0.09214285714285714 0.07714285714285714
1 0.9339285714285714 0.23904761904761904 0.02642857142857143 0.01904761904761905
1 0.8075 0.33904761904761904 0.015 0.022857142857142857
4 0.8689285714285714 0.9685714285714285 0.095 0.06095238095238095
4 0.865 0.9028571428571428 0.08857142857142856 0.05714285714285714
3 0.8692857142857143 0.8333333333333334 0.10571428571428572 0.06285714285714286
3 0.8664285714285714 0.7657142857142857 0.10285714285714286 0.06476190476190476
5 0.08928571428571429 0.3719047619047619 0.13285714285714287 0.06952380952380953
0 0.1525 0.3585714285714286 0.025 0.01619047619047619
0 0.31464285714285717 0.47619047619047616 0.016428571428571428 0.013333333333333332
0 0.23607142857142857 0.09666666666666666 0.016428571428571428 0.03333333333333333
0 0.22142857142857142 0.24523809523809523 0.02142857142857143 0.025714285714285714
0 0.25107142857142856 0.26 0.016428571428571428 0.02857142857142857
0 0.2710714285714286 0.24904761904761905 0.016428571428571428 0.029523809523809525
0 0.27035714285714285 0.29619047619047617 0.013571428571428571 0.01904761904761905
0 0.2639285714285714 0.18333333333333332 0.016428571428571428 0.035238095238095235
0 0.30142857142857143 0.1461904761904762 0.015714285714285715 0.029523809523809525
0 0.26357142857142857 0.017142857142857144 0.022857142857142857 0.03428571428571429
0 0.21821428571428572 0.5261904761904762 0.019285714285714285 0.014285714285714285
0 0.24964285714285714 0.09904761904761905 0.017857142857142856 0.03619047619047619
1 0.3414285714285714 0.1280952380952381 0.014285714285714285 0.02
1 0.42642857142857143 0.42952380952380953 0.012857142857142857 0.017142857142857144
1 0.3782142857142857 0.19952380952380952 0.012142857142857143 0.025714285714285714
1 0.22428571428571428 0.43761904761904763 0.02142857142857143 0.018095238095238095
1 0.24571428571428572 0.43666666666666665 0.015714285714285715 0.02
1 0.20392857142857143 0.32857142857142857 0.019285714285714285 0.02095238095238095
1 0.22142857142857142 0.3647619047619048 0.017142857142857144 0.02095238095238095
1 0.17714285714285713 0.909047619047619 0.02 0.02
1 0.7235714285714285 0.73 0.012857142857142857 0.02
1 0.7296428571428571 0.4423809523809524 0.016428571428571428 0.023809523809523808
9 0.3417857142857143 0.1380952380952381 0.03785714285714286 0.030476190476190476
9 0.42857142857142855 0.43952380952380954 0.014285714285714285 0.054285714285714284
1 0.4907142857142857 0.2919047619047619 0.012857142857142857 0.02
2 0.49357142857142855 0.2976190476190476 0.027142857142857142 0.02
2 0.21392857142857144 0.3323809523809524 0.025 0.02095238095238095
2 0.22714285714285715 0.36523809523809525 0.027142857142857142 0.023809523809523808
2 0.2517857142857143 0.44571428571428573 0.02642857142857143 0.03428571428571429
9 0.2275 0.4380952380952381 0.02214285714285714 0.049523809523809526
0 0.2882142857142857 0.4604761904761905 0.019285714285714285 0.012380952380952381
0 0.29214285714285715 0.4704761904761905 0.008571428571428572 0.0038095238095238095
0 0.08357142857142857 0.5223809523809524 0.027142857142857142 0.02
0 0.19607142857142856 0.5338095238095238 0.016428571428571428 0.01619047619047619
0 0.22285714285714286 0.6080952380952381 0.02 0.014285714285714285
0 0.2025 0.6804761904761905 0.020714285714285713 0.012380952380952381
0 0.11821428571428572 0.6071428571428571 0.030714285714285715 0.018095238095238095
0 0.18678571428571428 0.3523809523809524 0.023571428571428573 0.017142857142857144
0 0.20535714285714285 0.3680952380952381 0.020714285714285713 0.021904761904761906
5 0.25892857142857145 0.7342857142857143 0.062142857142857146 0.18666666666666668
0 0.15 0.9604761904761905 0.027142857142857142 0.035238095238095235
0 0.12678571428571428 0.7361904761904762 0.03357142857142857 0.017142857142857144
0 0.29464285714285715 0.8423809523809523 0.016428571428571428 0.014285714285714285
0 0.28214285714285714 0.9823809523809524 0.037142857142857144 0.03142857142857143
0 0.7657142857142857 0.38333333333333336 0.02142857142857143 0.02
0 0.8985714285714286 0.3823809523809524 0.024285714285714285 0.021904761904761906
0 0.9853571428571428 0.5733333333333334 0.02642857142857143 0.01904761904761905
0 0.89 0.44095238095238093 0.018571428571428572 0.01904761904761905
1 0.8714285714285714 0.43761904761904763 0.012857142857142857 0.014285714285714285
7 0.7864285714285715 0.5166666666666667 0.025714285714285714 0.08095238095238096
2 0.7210714285714286 0.7276190476190476 0.010714285714285714 0.0419047619047619
0 0.8057142857142857 0.47333333333333333 0.025714285714285714 0.017142857142857144
0 0.7935714285714286 0.4704761904761905 0.014285714285714285 0.01904761904761905
7 0.8007142857142857 0.3223809523809524 0.047142857142857146 0.06952380952380953
