3 0.43785714285714283 0.7347715736040609 0.06285714285714286 0.07106598984771573
3 0.32392857142857145 0.7068527918781725 0.05785714285714286 0.07360406091370558
3 0.4067857142857143 0.46383248730964466 0.02214285714285714 0.05964467005076142
3 0.4757142857142857 0.5640862944162436 0.025714285714285714 0.07233502538071065
9 0.4639285714285714 0.5133248730964467 0.010714285714285714 0.03426395939086294
1 0.4635714285714286 0.5038071065989848 0.01 0.02284263959390863
3 0.6014285714285714 0.46510152284263956 0.05285714285714286 0.049492385786802026
3 0.011785714285714287 0.19733502538071065 0.017857142857142856 0.04695431472081218
4 0.03 0.18718274111675126 0.025714285714285714 0.06725888324873096
5 0.05285714285714286 0.18083756345177662 0.02142857142857143 0.06472081218274112
5 0.07785714285714286 0.17766497461928932 0.024285714285714285 0.06091370558375634
4 0.10071428571428571 0.174492385786802 0.017142857142857144 0.049492385786802026
