0 0.15857142857142856 0.5133248730964467 0.01 0.03680203045685279
0 0.15464285714285714 0.4758883248730964 0.010714285714285714 0.035532994923857864
0 0.1657142857142857 0.4777918781725888 0.011428571428571429 0.03426395939086294
0 0.17142857142857143 0.46510152284263956 0.012857142857142857 0.04187817258883248
0 0.37 0.45304568527918776 0.014285714285714285 0.03807106598984771
0 0.3875 0.47335025380710655 0.013571428571428571 0.035532994923857864
0 0.42857142857142855 0.4892131979695431 0.011428571428571429 0.026649746192893398
0 0.5821428571428572 0.4486040609137055 0.01 0.03426395939086294
0 0.5903571428571428 0.45241116751269034 0.009285714285714286 0.03426395939086294
0 0.5921428571428572 0.4695431472081218 0.007142857142857143 0.035532994923857864
3 0.8435714285714285 0.5501269035532994 0.07428571428571429 0.0748730964467005
0 0.8289285714285715 0.3223350253807106 0.012142857142857143 0.035532994923857864
