3 0.7182142857142857 0.6261904761904762 0.115 0.10571428571428572
4 0.6039285714285715 0.5361904761904762 0.09785714285714285 0.09714285714285714
3 0.5017857142857143 0.4680952380952381 0.07357142857142857 0.06190476190476191
3 0.3067857142857143 0.31476190476190474 0.04928571428571429 0.04666666666666667
3 0.2646428571428571 0.28 0.04642857142857143 0.0380952380952381
3 0.22857142857142856 0.2523809523809524 0.045714285714285714 0.0380952380952381
3 0.08214285714285714 0.13523809523809524 0.03142857142857143 0.02857142857142857
3 0.06107142857142857 0.1219047619047619 0.027857142857142858 0.024761904761904763
3 0.3925 0.4247619047619048 0.060714285714285714 0.05523809523809524
3 0.4203571428571429 0.3995238095238095 0.05785714285714286 0.05047619047619047
3 0.4732142857142857 0.3657142857142857 0.06928571428571428 0.05523809523809524
3 0.7692857142857142 0.5042857142857143 0.08571428571428572 0.07714285714285714
3 0.5810714285714286 0.38142857142857145 0.06928571428571428 0.06
3 0.5092857142857142 0.3419047619047619 0.055714285714285716 0.05714285714285714
3 0.5714285714285714 0.33904761904761904 0.06428571428571428 0.049523809523809526
3 0.41714285714285715 0.28523809523809524 0.05285714285714286 0.054285714285714284
3 0.29214285714285715 0.21047619047619048 0.04428571428571428 0.0419047619047619
3 0.135 0.7995238095238095 0.11285714285714285 0.16666666666666666
3 0.07392857142857143 0.6666666666666666 0.07785714285714286 0.10476190476190476
3 0.03857142857142857 0.5666666666666667 0.07714285714285714 0.09523809523809523
3 0.22857142857142856 0.6623809523809524 0.1 0.14
3 0.3342857142857143 0.8114285714285714 0.1 0.1619047619047619
3 0.9525 0.8228571428571428 0.095 0.17714285714285713
0 0.5228571428571429 0.6185714285714285 0.02 0.05619047619047619
0 0.38142857142857145 0.669047619047619 0.018571428571428572 0.05047619047619047
0 0.44107142857142856 0.611904761904762 0.013571428571428571 0.04857142857142857
0 0.5414285714285715 0.6057142857142858 0.024285714285714285 0.045714285714285714
0 0.39571428571428574 0.550952380952381 0.015714285714285715 0.054285714285714284
0 0.41214285714285714 0.53 0.017142857142857144 0.05238095238095238
0 0.4760714285714286 0.5342857142857143 0.016428571428571428 0.05142857142857143
0 0.36642857142857144 0.5095238095238095 0.017142857142857144 0.0419047619047619
0 0.3442857142857143 0.5128571428571429 0.015714285714285715 0.039047619047619046
0 0.41785714285714287 0.49523809523809526 0.014285714285714285 0.047619047619047616
0 0.39035714285714285 0.46904761904761905 0.023571428571428573 0.040952380952380955
0 0.32142857142857145 0.43142857142857144 0.015714285714285715 0.049523809523809526
0 0.36357142857142855 0.4419047619047619 0.012857142857142857 0.045714285714285714
0 0.35428571428571426 0.43285714285714283 0.012857142857142857 0.037142857142857144
0 0.9839285714285714 0.6661904761904762 0.029285714285714286 0.054285714285714284
4 0.13642857142857143 0.17523809523809525 0.04 0.0419047619047619
3 0.12857142857142856 0.13 0.025714285714285714 0.029523809523809525
3 0.10857142857142857 0.11238095238095239 0.025714285714285714 0.026666666666666665
3 0.0875 0.10285714285714286 0.025 0.024761904761904763
3 0.15571428571428572 0.12523809523809523 0.02857142857142857 0.02761904761904762
3 0.03535714285714286 0.05142857142857143 0.017857142857142856 0.01904761904761905
3 0.02642857142857143 0.0419047619047619 0.017142857142857144 0.017142857142857144
3 0.014285714285714285 0.037142857142857144 0.017142857142857144 0.017142857142857144
3 0.42928571428571427 0.1961904761904762 0.03857142857142857 0.03428571428571429
3 0.45607142857142857 0.21857142857142858 0.045 0.04285714285714286
