3 0.13204592901878914 0.44063079777365494 0.006263048016701461 0.0074211502782931356
0 0.13622129436325678 0.4387755102040816 0.0020876826722338203 0.00927643784786642
3 0.2372129436325678 0.6089981447124304 0.012004175365344467 0.01948051948051948
3 0.21555323590814193 0.6187384044526901 0.014613778705636741 0.022263450834879406
3 0.15213987473903964 0.6507421150278293 0.014091858037578286 0.02504638218923933
3 0.17327766179540707 0.6201298701298701 0.015657620041753653 0.021335807050092765
4 0.19598121085594988 0.6015769944341373 0.02139874739039666 0.015769944341372914
3 0.1062108559498956 0.7272727272727273 0.02139874739039666 0.029684601113172542
3 0.2596555323590814 0.5607606679035251 0.012004175365344467 0.015769944341372914
3 0.12343423799582462 0.7012987012987013 0.01826722338204593 0.02411873840445269
3 0.29645093945720247 0.4777365491651206 0.0073068893528183704 0.012987012987012988
4 0.30193110647181626 0.44805194805194803 0.0057411273486430055 0.011131725417439703
3 0.3402922755741127 0.41233766233766234 0.005219206680584551 0.008348794063079777
3 0.16336116910229642 0.8348794063079777 0.024008350730688934 0.03710575139146568
3 0.045929018789144044 0.8242115027829313 0.027139874739039664 0.036178107606679034
3 0.06576200417536533 0.7931354359925789 0.022964509394572022 0.03153988868274583
0 0.03836116910229645 0.87708719851577 0.004697286012526096 0.013914656771799629
3 0.08585594989561586 0.4536178107606679 0.013048016701461376 0.00927643784786642
0 0.09629436325678496 0.44805194805194803 0.0036534446764091852 0.00927643784786642
3 0.2938413361169102 0.6966604823747681 0.009394572025052192 0.022263450834879406
0 0.707724425887265 0.6363636363636364 0.0041753653444676405 0.00927643784786642
0 0.12212943632567848 0.7333024118738405 0.0031315240083507304 0.012059369202226345
0 0.11951983298538621 0.737012987012987 0.0031315240083507304 0.012059369202226345
9 0.12082463465553235 0.7425788497217068 0.008872651356993735 0.010204081632653062
0 0.04331941544885177 0.8613172541743971 0.006263048016701461 0.013914656771799629
9 0.04410229645093945 0.8673469387755102 0.008872651356993735 0.016697588126159554
9 0.03836116910229645 0.8872912801484231 0.010960334029227557 0.015769944341372914
9 0.025313152400835072 0.8961038961038961 0.012004175365344467 0.014842300556586271
0 0.025052192066805843 0.8877551020408163 0.0041753653444676405 0.014842300556586271
0 0.02766179540709812 0.8868274582560297 0.0041753653444676405 0.016697588126159554
0 0.13883089770354903 0.6915584415584416 0.0041753653444676405 0.012059369202226345
9 0.13830897703549058 0.6971243042671614 0.006263048016701461 0.008348794063079777
9 0.1393528183716075 0.7105751391465678 0.008350730688935281 0.0074211502782931356
0 0.1390918580375783 0.7040816326530612 0.0036534446764091852 0.012987012987012988
3 0.19363256784968683 0.5825602968460112 0.009394572025052192 0.016697588126159554
3 0.2074634655532359 0.5589053803339518 0.007828810020876827 0.0176252319109462
5 0.3136743215031315 0.4383116883116883 0.0073068893528183704 0.013914656771799629
3 0.3661273486430062 0.4271799628942486 0.004697286012526096 0.008348794063079777
5 0.36090814196242166 0.3427643784786642 0.004697286012526096 0.013914656771799629
4 0.5467118997912317 0.39888682745825604 0.006784968684759916 0.0074211502782931356
5 0.5561064718162839 0.46985157699443414 0.015135699373695197 0.0176252319109462
0 0.5741127348643006 0.4689239332096475 0.0020876826722338203 0.008348794063079777
5 0.7562630480167014 0.41233766233766234 0.012526096033402922 0.010204081632653062
5 0.74660751565762 0.4100185528756957 0.014091858037578286 0.00927643784786642
5 0.7403444676409185 0.40816326530612246 0.015135699373695197 0.00927643784786642
3 0.7220772442588725 0.4063079777365492 0.007828810020876827 0.0074211502782931356
3 0.7040709812108559 0.40213358070500926 0.006263048016701461 0.006493506493506494
3 0.6985908141962421 0.4007421150278293 0.006784968684759916 0.0074211502782931356
3 0.7236430062630479 0.44063079777365494 0.010960334029227557 0.0074211502782931356
3 0.7218162839248433 0.43460111317254174 0.010438413361169102 0.006493506493506494
3 0.7935803757828809 0.413265306122449 0.009916492693110646 0.006493506493506494
3 0.7048538622129435 0.3942486085343228 0.009916492693110646 0.0074211502782931356
3 0.6897181628392484 0.41187384044526903 0.009916492693110646 0.0055658627087198514
3 0.36847599164926925 0.4174397031539889 0.005219206680584551 0.0074211502782931356
3 0.3689979123173277 0.413265306122449 0.0041753653444676405 0.00463821892393321
3 0.3640396659707724 0.3395176252319109 0.0026096033402922755 0.0037105751391465678
3 0.3562108559498956 0.323747680890538 0.0026096033402922755 0.0055658627087198514
0 0.03914405010438413 0.8534322820037106 0.006263048016701461 0.014842300556586271
9 0.03992693110647181 0.8613172541743971 0.012004175365344467 0.012059369202226345
9 0.07489561586638831 0.8228200371057514 0.010960334029227557 0.012987012987012988
0 0.07385177453027139 0.8144712430426716 0.004697286012526096 0.016697588126159554
4 0.42432150313152395 0.4160482374768089 0.009394572025052192 0.008348794063079777
5 0.29514613778705634 0.4230055658627087 0.008872651356993735 0.014842300556586271
0 0.0018267223382045926 0.9257884972170687 0.0026096033402922755 0.014842300556586271
9 0.003392484342379958 0.9359925788497218 0.006784968684759916 0.012987012987012988
