3 0.8207142857142857 0.8666666666666667 0.1 0.14285714285714285
3 0.26571428571428574 0.94 0.16428571428571428 0.12
3 0.44285714285714284 0.7380952380952381 0.08 0.12571428571428572
0 0.6889285714285714 0.7723809523809524 0.017857142857142856 0.06666666666666667
0 0.7078571428571429 0.78 0.015714285714285715 0.0761904761904762
1 0.7285714285714285 0.7823809523809524 0.02857142857142857 0.06
9 0.735 0.8 0.027142857142857142 0.07428571428571429
3 0.7925 0.7357142857142858 0.07071428571428572 0.09428571428571429
3 0.7832142857142858 0.6523809523809524 0.06642857142857143 0.0761904761904762
3 0.7607142857142857 0.58 0.05285714285714286 0.07047619047619047
3 0.49642857142857144 0.6219047619047618 0.06428571428571428 0.07809523809523809
3 0.5232142857142857 0.5714285714285714 0.045 0.06285714285714286
3 0.55 0.5366666666666666 0.04 0.058095238095238096
3 0.5707142857142857 0.5019047619047619 0.03857142857142857 0.049523809523809526
3 0.5903571428571428 0.47523809523809524 0.03642857142857143 0.0380952380952381
3 0.6092857142857143 0.45666666666666667 0.02857142857142857 0.03142857142857143
3 0.6292857142857143 0.44095238095238093 0.03142857142857143 0.02857142857142857
3 0.6132142857142857 0.4276190476190476 0.03785714285714286 0.026666666666666665
3 0.6214285714285714 0.4080952380952381 0.045714285714285714 0.025714285714285714
3 0.6471428571428571 0.40476190476190477 0.03142857142857143 0.022857142857142857
3 0.7628571428571429 0.5428571428571428 0.04428571428571428 0.05904761904761905
4 0.7532142857142857 0.5023809523809524 0.06785714285714285 0.054285714285714284
3 0.7589285714285714 0.46523809523809523 0.025 0.035238095238095235
3 0.7607142857142857 0.44666666666666666 0.025714285714285714 0.02857142857142857
3 0.7464285714285714 0.42952380952380953 0.047142857142857146 0.03428571428571429
3 0.8146428571428571 0.43952380952380954 0.060714285714285714 0.04285714285714286
3 0.7914285714285715 0.4195238095238095 0.05 0.02761904761904762
3 0.7703571428571429 0.4033333333333333 0.025 0.023809523809523808
3 0.6639285714285714 0.40285714285714286 0.03642857142857143 0.026666666666666665
3 0.6775 0.39380952380952383 0.03357142857142857 0.023809523809523808
3 0.7367857142857143 0.37952380952380954 0.02214285714285714 0.023809523809523808
3 0.7528571428571429 0.35523809523809524 0.02 0.015238095238095238
3 0.7867857142857143 0.3323809523809524 0.017857142857142856 0.02095238095238095
3 0.7207142857142858 0.3580952380952381 0.02 0.015238095238095238
3 0.7282142857142857 0.35523809523809524 0.016428571428571428 0.013333333333333332
4 0.7328571428571429 0.34714285714285714 0.025714285714285714 0.018095238095238095
3 0.7410714285714286 0.3442857142857143 0.023571428571428573 0.014285714285714285
3 0.7460714285714286 0.34095238095238095 0.020714285714285713 0.013333333333333332
3 0.7507142857142857 0.3380952380952381 0.018571428571428572 0.015238095238095238
3 0.755 0.33285714285714285 0.018571428571428572 0.014285714285714285
3 0.7607142857142857 0.33095238095238094 0.02142857142857143 0.014285714285714285
3 0.7639285714285714 0.39476190476190476 0.023571428571428573 0.018095238095238095
3 0.7767857142857143 0.38857142857142857 0.017857142857142856 0.017142857142857144
3 0.7703571428571429 0.37952380952380954 0.016428571428571428 0.014285714285714285
3 0.7810714285714285 0.37666666666666665 0.016428571428571428 0.014285714285714285
0 0.77 0.3657142857142857 0.005714285714285714 0.013333333333333332
