3 0.17107142857142857 0.5203045685279187 0.04357142857142857 0.032994923857868015
3 0.30107142857142855 0.8711928934010151 0.019285714285714285 0.0748730964467005
3 0.32785714285714285 0.8692893401015228 0.02 0.06091370558375634
3 0.35214285714285715 0.8807106598984771 0.022857142857142857 0.08121827411167512
3 0.38 0.8705583756345177 0.018571428571428572 0.06852791878172589
8 0.3167857142857143 0.9708121827411167 0.03214285714285714 0.055837563451776644
3 0.3467857142857143 0.972715736040609 0.020714285714285713 0.052030456852791875
3 0.37107142857142855 0.9771573604060912 0.017857142857142856 0.04314720812182741
8 0.39785714285714285 0.9295685279187816 0.03571428571428571 0.1383248730964467
3 0.37714285714285717 0.357233502538071 0.02857142857142857 0.06218274111675126
3 0.44571428571428573 0.31408629441624364 0.015714285714285715 0.05710659898477157
9 0.47714285714285715 0.34835025380710655 0.008571428571428572 0.03426395939086294
9 0.48714285714285716 0.33185279187817257 0.008571428571428572 0.03426395939086294
3 0.39464285714285713 0.20621827411167512 0.020714285714285713 0.07233502538071065
9 0.485 0.13959390862944163 0.008571428571428572 0.035532994923857864
9 0.48035714285714287 0.06979695431472081 0.009285714285714286 0.035532994923857864
0 0.2864285714285714 0.2081218274111675 0.008571428571428572 0.015228426395939085
0 0.28785714285714287 0.24238578680203043 0.007142857142857143 0.012690355329949238
0 0.2825 0.24175126903553298 0.0064285714285714285 0.016497461928934008
0 0.31785714285714284 0.1148477157360406 0.005714285714285714 0.016497461928934008
