3 0.46714285714285714 0.670952380952381 0.07142857142857142 0.054285714285714284
3 0.6242857142857143 0.7404761904761905 0.07714285714285714 0.06571428571428571
3 0.7675 0.5971428571428572 0.07071428571428572 0.05142857142857143
3 0.6292857142857143 0.5004761904761905 0.04 0.037142857142857144
3 0.30142857142857143 0.5780952380952381 0.04285714285714286 0.0419047619047619
3 0.35285714285714287 0.4961904761904762 0.047142857142857146 0.03619047619047619
3 0.2725 0.47285714285714286 0.03214285714285714 0.029523809523809525
3 0.25392857142857145 0.43 0.025 0.025714285714285714
3 0.5503571428571429 0.40714285714285714 0.012142857142857143 0.021904761904761906
3 0.5525 0.3852380952380952 0.012142857142857143 0.021904761904761906
3 0.5528571428571428 0.3647619047619048 0.014285714285714285 0.02095238095238095
3 0.5414285714285715 0.3238095238095238 0.011428571428571429 0.02095238095238095
3 0.5457142857142857 0.2704761904761905 0.01 0.013333333333333332
3 0.5589285714285714 0.2509523809523809 0.013571428571428571 0.014285714285714285
3 0.5825 0.2423809523809524 0.007857142857142858 0.014285714285714285
3 0.9253571428571429 0.7195238095238096 0.09642857142857143 0.05047619047619047
3 0.9217857142857143 0.6552380952380953 0.075 0.04
0 0.29964285714285716 0.9085714285714286 0.025 0.04
0 0.1757142857142857 0.7014285714285714 0.017142857142857144 0.03142857142857143
3 0.15571428571428572 0.34 0.018571428571428572 0.017142857142857144
3 0.08857142857142856 0.3323809523809524 0.017142857142857144 0.01904761904761905
0 0.5696428571428571 0.4542857142857143 0.005 0.02095238095238095
1 0.24642857142857144 0.3419047619047619 0.007142857142857143 0.009523809523809525
1 0.37142857142857144 0.42523809523809525 0.007142857142857143 0.010476190476190476
1 0.4757142857142857 0.3980952380952381 0.005714285714285714 0.009523809523809525
1 0.4392857142857143 0.43285714285714283 0.005714285714285714 0.010476190476190476
1 0.4525 0.4423809523809524 0.0064285714285714285 0.010476190476190476
9 0.4757142857142857 0.40190476190476193 0.007142857142857143 0.011428571428571429
9 0.4517857142857143 0.4480952380952381 0.010714285714285714 0.010476190476190476
9 0.43892857142857145 0.43714285714285717 0.010714285714285714 0.009523809523809525
9 0.3717857142857143 0.43047619047619046 0.012142857142857143 0.009523809523809525
9 0.24642857142857144 0.34714285714285714 0.01 0.010476190476190476
4 0.5310714285714285 0.3919047619047619 0.017857142857142856 0.039047619047619046
