3 0.09525052192066805 0.14285714285714285 0.03914405010438413 0.025974025974025976
3 0.09968684759916492 0.12244897959183673 0.031315240083507306 0.016697588126159554
3 0.09551148225469727 0.10018552875695733 0.031315240083507306 0.020408163265306124
3 0.09420668058455114 0.08534322820037106 0.03079331941544885 0.01855287569573284
5 0.092901878914405 0.06539888682745826 0.037578288100208766 0.01948051948051948
9 0.10699373695198329 0.037569573283859 0.013569937369519832 0.013914656771799629
9 0.09029227557411272 0.04406307977736549 0.013569937369519832 0.012059369202226345
3 0.09316283924843423 0.030148423005565864 0.028705636743215027 0.013914656771799629
3 0.09342379958246345 0.017161410018552876 0.026096033402922752 0.015769944341372914
3 0.08872651356993735 0.2147495361781076 0.029227557411273482 0.039888682745825604
0 0.13987473903966596 0.20408163265306123 0.005219206680584551 0.022263450834879406
0 0.092901878914405 0.3274582560296846 0.04697286012526095 0.0352504638218924
0 0.0947286012526096 0.3010204081632653 0.04958246346555323 0.026901669758812616
0 0.0947286012526096 0.27968460111317256 0.04331941544885177 0.02319109461966605
0 0.09525052192066805 0.26437847866419295 0.04331941544885177 0.027829313543599257
3 0.0900313152400835 0.4837662337662338 0.05271398747390396 0.043599257884972174
3 0.5331419624217119 0.3608534322820037 0.03914405010438413 0.03896103896103896
3 0.5052192066805845 0.4067717996289425 0.04279749478079332 0.043599257884972174
2 0.597599164926931 0.3395176252319109 0.018789144050104383 0.014842300556586271
2 0.5751565762004175 0.30844155844155846 0.005219206680584551 0.010204081632653062
2 0.5808977035490605 0.32142857142857145 0.0073068893528183704 0.013914656771799629
2 0.5673277661795406 0.29545454545454547 0.0041753653444676405 0.010204081632653062
9 0.5610647181628392 0.28432282003710574 0.006263048016701461 0.013914656771799629
9 0.5474947807933194 0.25834879406307976 0.005219206680584551 0.015769944341372914
9 0.5417536534446764 0.24628942486085342 0.006263048016701461 0.010204081632653062
9 0.5339248434237995 0.23144712430426717 0.005219206680584551 0.012059369202226345
3 0.7505219206680583 0.45037105751391465 0.04175365344467641 0.05658627087198516
7 0.8836116910229644 0.30612244897959184 0.025052192066805843 0.03339517625231911
0 0.8282881002087682 0.28014842300556586 0.0031315240083507304 0.016697588126159554
2 0.8241127348643006 0.27690166975881264 0.0031315240083507304 0.015769944341372914
2 0.8215031315240082 0.2662337662337662 0.005219206680584551 0.01855287569573284
2 0.8191544885177452 0.25742115027829315 0.004697286012526096 0.0176252319109462
3 0.42353862212943627 0.49907235621521334 0.05375782881002087 0.05194805194805195
