9 0.26321428571428573 0.9123809523809524 0.027857142857142858 0.08761904761904762
9 0.29214285714285715 0.540952380952381 0.03142857142857143 0.09333333333333334
3 0.0275 0.4533333333333333 0.055 0.06095238095238095
3 0.03785714285714286 0.1380952380952381 0.05 0.11238095238095239
3 0.6914285714285714 0.041428571428571426 0.04428571428571428 0.08285714285714285
9 0.7360714285714286 0.06 0.030714285714285715 0.03238095238095238
9 0.7528571428571429 0.04285714285714286 0.025714285714285714 0.024761904761904763
9 0.7571428571428571 0.02238095238095238 0.03428571428571429 0.025714285714285714
9 0.6707142857142857 0.2895238095238095 0.017142857142857144 0.045714285714285714
3 0.6271428571428571 0.33714285714285713 0.08428571428571428 0.09714285714285714
9 0.7389285714285714 0.2866666666666667 0.03642857142857143 0.026666666666666665
9 0.7364285714285714 0.2714285714285714 0.03428571428571429 0.030476190476190476
9 0.7739285714285714 0.28 0.03642857142857143 0.030476190476190476
9 0.7753571428571429 0.30333333333333334 0.03785714285714286 0.025714285714285714
9 0.7807142857142857 0.3238095238095238 0.04 0.022857142857142857
9 0.7471428571428571 0.3376190476190476 0.04 0.02761904761904762
9 0.7557142857142857 0.36142857142857143 0.04285714285714286 0.02761904761904762
9 0.7742857142857142 0.3819047619047619 0.04 0.026666666666666665
9 0.7589285714285714 0.4066666666666667 0.03357142857142857 0.03238095238095238
9 0.7735714285714286 0.4185714285714286 0.03857142857142857 0.021904761904761906
9 0.77 0.43714285714285717 0.03857142857142857 0.024761904761904763
9 0.8014285714285714 0.4342857142857143 0.03428571428571429 0.03428571428571429
2 0.7935714285714286 0.4104761904761905 0.03428571428571429 0.026666666666666665
9 0.8214285714285714 0.4180952380952381 0.015714285714285715 0.049523809523809526
9 0.8382142857142857 0.4114285714285714 0.025 0.045714285714285714
0 0.8053571428571429 0.319047619047619 0.016428571428571428 0.03619047619047619
3 0.6421428571428571 0.42857142857142855 0.08571428571428572 0.10285714285714286
4 0.6546428571428572 0.5023809523809524 0.085 0.11904761904761904
2 0.6360714285714286 0.5933333333333334 0.029285714285714286 0.0380952380952381
9 0.6471428571428571 0.6242857142857143 0.03857142857142857 0.025714285714285714
9 0.6675 0.6352380952380953 0.04928571428571429 0.024761904761904763
9 0.6896428571428571 0.6052380952380952 0.04642857142857143 0.023809523809523808
1 0.775 0.5090476190476191 0.012857142857142857 0.021904761904761906
1 0.7653571428571428 0.5204761904761904 0.012142857142857143 0.02
1 0.7735714285714286 0.539047619047619 0.012857142857142857 0.01904761904761905
1 0.7878571428571428 0.5452380952380952 0.014285714285714285 0.018095238095238095
1 0.8042857142857143 0.5395238095238095 0.017142857142857144 0.02
1 0.7892857142857143 0.5047619047619047 0.014285714285714285 0.02095238095238095
1 0.8071428571428572 0.5161904761904762 0.018571428571428572 0.022857142857142857
1 0.8467857142857143 0.5133333333333333 0.016428571428571428 0.02095238095238095
1 0.855 0.5419047619047619 0.02142857142857143 0.022857142857142857
0 0.7367857142857143 0.5895238095238096 0.016428571428571428 0.02095238095238095
0 0.7307142857142858 0.6109523809523809 0.018571428571428572 0.03142857142857143
0 0.7482142857142857 0.6471428571428571 0.019285714285714285 0.025714285714285714
1 0.8521428571428571 0.5842857142857143 0.011428571428571429 0.029523809523809525
1 0.8264285714285714 0.6085714285714285 0.022857142857142857 0.01904761904761905
0 0.8307142857142857 0.6295238095238095 0.02142857142857143 0.022857142857142857
1 0.6957142857142857 0.7552380952380953 0.02142857142857143 0.01904761904761905
9 0.885 0.6057142857142858 0.037142857142857144 0.022857142857142857
1 0.8903571428571428 0.731904761904762 0.016428571428571428 0.018095238095238095
1 0.8971428571428571 0.7504761904761905 0.017142857142857144 0.01904761904761905
1 0.9246428571428571 0.7223809523809523 0.020714285714285713 0.02
1 0.9296428571428571 0.7452380952380953 0.020714285714285713 0.02
1 0.9564285714285714 0.8271428571428572 0.02 0.021904761904761906
1 0.965 0.8547619047619047 0.02142857142857143 0.021904761904761906
1 0.9282142857142857 0.8447619047619047 0.015 0.02095238095238095
1 0.9335714285714286 0.8676190476190476 0.014285714285714285 0.01904761904761905
1 0.885 0.8790476190476191 0.014285714285714285 0.024761904761904763
1 0.8571428571428571 0.878095238095238 0.017142857142857144 0.01904761904761905
0 0.8471428571428572 0.8980952380952381 0.025714285714285714 0.02095238095238095
1 0.8932142857142857 0.9371428571428572 0.02214285714285714 0.01904761904761905
1 0.9164285714285715 0.9523809523809523 0.02 0.02857142857142857
0 0.9260714285714285 0.9814285714285714 0.020714285714285713 0.029523809523809525
1 0.8817857142857143 0.9566666666666667 0.020714285714285713 0.03142857142857143
