4 0.5589285714285714 0.006345177664974619 0.0064285714285714285 0.01015228426395939
3 0.5757142857142857 0.013959390862944161 0.005714285714285714 0.01015228426395939
3 0.5953571428571428 0.02347715736040609 0.005 0.011421319796954314
3 0.5832142857142857 0.06027918781725888 0.007857142857142858 0.013959390862944161
3 0.5446428571428571 0.07677664974619289 0.007857142857142858 0.011421319796954314
3 0.5221428571428571 0.10088832487309644 0.008571428571428572 0.011421319796954314
3 0.5203571428571429 0.12563451776649745 0.009285714285714286 0.012690355329949238
8 0.5932142857142857 0.13895939086294415 0.009285714285714286 0.049492385786802026
4 0.6260714285714286 0.09263959390862943 0.0064285714285714285 0.017766497461928932
3 0.6575 0.0666243654822335 0.010714285714285714 0.013959390862944161
3 0.6746428571428571 0.07170050761421319 0.013571428571428571 0.011421319796954314
3 0.6864285714285714 0.08883248730964466 0.007142857142857143 0.012690355329949238
8 0.72 0.05710659898477157 0.03142857142857143 0.03045685279187817
3 0.7596428571428572 0.1313451776649746 0.015 0.013959390862944161
3 0.7028571428571428 0.17005076142131978 0.008571428571428572 0.012690355329949238
3 0.7071428571428572 0.19035532994923857 0.008571428571428572 0.017766497461928932
3 0.7114285714285714 0.21002538071065988 0.01 0.016497461928934008
3 0.7192857142857143 0.2347715736040609 0.008571428571428572 0.017766497461928932
3 0.7239285714285715 0.2595177664974619 0.010714285714285714 0.019035532994923856
3 0.7310714285714286 0.2848984771573604 0.010714285714285714 0.019035532994923856
8 0.7235714285714285 0.28553299492385786 0.02 0.06345177664974619
3 0.7432142857142857 0.391497461928934 0.012142857142857143 0.021573604060913704
4 0.7485714285714286 0.2144670050761421 0.011428571428571429 0.02030456852791878
4 0.7542857142857143 0.23350253807106597 0.012857142857142857 0.02030456852791878
3 0.7610714285714286 0.25571065989847713 0.010714285714285714 0.016497461928934008
4 0.7657142857142857 0.27538071065989844 0.012857142857142857 0.02030456852791878
4 0.7725 0.30012690355329946 0.013571428571428571 0.024111675126903553
4 0.7875 0.32170050761421315 0.020714285714285713 0.019035532994923856
4 0.7921428571428571 0.34010152284263956 0.02142857142857143 0.02030456852791878
3 0.7946428571428571 0.35215736040609136 0.019285714285714285 0.013959390862944161
3 0.7982142857142858 0.36167512690355325 0.019285714285714285 0.015228426395939085
4 0.8032142857142857 0.37182741116751267 0.02214285714285714 0.02030456852791878
4 0.8132142857142857 0.41243654822335024 0.023571428571428573 0.02030456852791878
3 0.8053571428571429 0.3908629441624365 0.02214285714285714 0.015228426395939085
4 0.81 0.4022842639593908 0.022857142857142857 0.02030456852791878
3 0.8192857142857143 0.4365482233502538 0.02142857142857143 0.017766497461928932
3 0.8246428571428571 0.45812182741116747 0.02214285714285714 0.017766497461928932
3 0.775 0.5323604060913705 0.012857142857142857 0.029187817258883246
4 0.83 0.4752538071065989 0.024285714285714285 0.021573604060913704
4 0.8371428571428572 0.4949238578680203 0.024285714285714285 0.02030456852791878
4 0.8767857142857143 0.6269035532994923 0.029285714285714286 0.025380710659898477
4 0.8925 0.6725888324873096 0.030714285714285715 0.025380710659898477
4 0.8960714285714285 0.6922588832487309 0.029285714285714286 0.024111675126903553
4 0.9021428571428571 0.7131979695431472 0.03142857142857143 0.027918781725888322
3 0.8125 0.9346446700507614 0.025 0.04187817258883248
8 0.8171428571428572 0.7633248730964466 0.03 0.12055837563451775
5 0.7742857142857142 0.8769035532994923 0.024285714285714285 0.06345177664974619
8 0.5628571428571428 0.9841370558375634 0.05285714285714286 0.029187817258883246
8 0.6775 0.9885786802030456 0.04357142857142857 0.02030456852791878
4 0.41214285714285714 0.9854060913705583 0.037142857142857144 0.026649746192893398
4 0.11714285714285715 0.9828680203045684 0.032857142857142856 0.024111675126903553
4 0.25 0.7119289340101522 0.017142857142857144 0.03045685279187817
8 0.15357142857142858 0.5761421319796954 0.04285714285714286 0.07106598984771573
5 0.34464285714285714 0.7519035532994923 0.030714285714285715 0.09263959390862943
4 0.3171428571428571 0.7944162436548222 0.017142857142857144 0.04314720812182741
8 0.2717857142857143 0.5031725888324873 0.04214285714285714 0.07994923857868019
3 0.2735714285714286 0.6123096446700507 0.017142857142857144 0.029187817258883246
3 0.4107142857142857 0.5805837563451777 0.014285714285714285 0.031725888324873094
4 0.4257142857142857 0.6668781725888324 0.014285714285714285 0.03680203045685279
4 0.5064285714285715 0.8267766497461928 0.011428571428571429 0.04441624365482233
4 0.4810714285714286 0.9035532994923857 0.012142857142857143 0.04314720812182741
3 0.4660714285714286 0.7182741116751269 0.012142857142857143 0.03807106598984771
8 0.5092857142857142 0.583756345177665 0.014285714285714285 0.08629441624365482
8 0.5282142857142857 0.5285532994923857 0.016428571428571428 0.08248730964467005
0 0.6242857142857143 0.391497461928934 0.002857142857142857 0.011421319796954314
0 0.6307142857142857 0.4092639593908629 0.002857142857142857 0.011421319796954314
0 0.625 0.4175126903553299 0.0014285714285714286 0.01015228426395939
4 0.39964285714285713 0.5374365482233502 0.012142857142857143 0.024111675126903553
4 0.36714285714285716 0.4479695431472081 0.014285714285714285 0.02284263959390863
0 0.31464285714285717 0.4213197969543147 0.002142857142857143 0.012690355329949238
0 0.29678571428571426 0.4460659898477157 0.002142857142857143 0.011421319796954314
0 0.3057142857142857 0.42195431472081213 0.004285714285714286 0.011421319796954314
0 0.3475 0.3648477157360406 0.002142857142857143 0.008883248730964466
0 0.3757142857142857 0.3305837563451776 0.002857142857142857 0.011421319796954314
0 0.38607142857142857 0.31535532994923854 0.002142857142857143 0.008883248730964466
3 0.2782142857142857 0.3908629441624365 0.015 0.017766497461928932
3 0.31892857142857145 0.34517766497461927 0.016428571428571428 0.02030456852791878
3 0.375 0.282994923857868 0.014285714285714285 0.015228426395939085
8 0.42214285714285715 0.24048223350253806 0.032857142857142856 0.04441624365482233
8 0.4207142857142857 0.2963197969543147 0.037142857142857144 0.05456852791878172
8 0.4539285714285714 0.3680203045685279 0.019285714285714285 0.04314720812182741
5 0.4332142857142857 0.43401015228426393 0.023571428571428573 0.050761421319796954
4 0.4142857142857143 0.3775380710659898 0.014285714285714285 0.019035532994923856
4 0.4332142857142857 0.3248730964467005 0.012142857142857143 0.02030456852791878
4 0.44642857142857145 0.2931472081218274 0.011428571428571429 0.017766497461928932
4 0.4539285714285714 0.26903553299492383 0.010714285714285714 0.02030456852791878
4 0.45821428571428574 0.291243654822335 0.012142857142857143 0.019035532994923856
4 0.4878571428571429 0.2779187817258883 0.01 0.017766497461928932
4 0.4732142857142857 0.24619289340101522 0.010714285714285714 0.017766497461928932
4 0.4689285714285714 0.391497461928934 0.012142857142857143 0.026649746192893398
3 0.4421428571428571 0.3362944162436548 0.012857142857142857 0.017766497461928932
3 0.4667857142857143 0.266497461928934 0.009285714285714286 0.017766497461928932
3 0.4635714285714286 0.24746192893401014 0.011428571428571429 0.017766497461928932
3 0.5271428571428571 0.36548223350253806 0.008571428571428572 0.02030456852791878
3 0.4828571428571429 0.24746192893401014 0.01 0.017766497461928932
3 0.4682142857142857 0.22906091370558374 0.007857142857142858 0.013959390862944161
3 0.48857142857142855 0.2296954314720812 0.008571428571428572 0.015228426395939085
3 0.4785714285714286 0.22906091370558374 0.008571428571428572 0.013959390862944161
3 0.8546428571428571 0.14530456852791876 0.013571428571428571 0.019035532994923856
4 0.8896428571428572 0.141497461928934 0.016428571428571428 0.029187817258883246
4 0.9132142857142858 0.141497461928934 0.016428571428571428 0.021573604060913704
4 0.9207142857142857 0.14276649746192893 0.017142857142857144 0.021573604060913704
4 0.9460714285714286 0.13959390862944163 0.016428571428571428 0.02030456852791878
4 0.9596428571428571 0.1364213197969543 0.015 0.026649746192893398
4 0.8464285714285714 0.16687817258883247 0.018571428571428572 0.026649746192893398
3 0.8617857142857143 0.17068527918781726 0.012142857142857143 0.024111675126903553
4 0.9075 0.16687817258883247 0.016428571428571428 0.029187817258883246
3 0.7825 0.2011421319796954 0.016428571428571428 0.013959390862944161
4 0.785 0.20939086294416243 0.018571428571428572 0.015228426395939085
4 0.7864285714285715 0.21763959390862941 0.018571428571428572 0.016497461928934008
4 0.7910714285714285 0.22715736040609136 0.017857142857142856 0.015228426395939085
4 0.7935714285714286 0.23604060913705582 0.018571428571428572 0.017766497461928932
4 0.7957142857142857 0.24555837563451774 0.015714285714285715 0.016497461928934008
4 0.8014285714285714 0.25507614213197966 0.018571428571428572 0.017766497461928932
4 0.81 0.28680203045685276 0.018571428571428572 0.017766497461928932
3 0.8025 0.2709390862944162 0.017857142857142856 0.013959390862944161
4 0.8307142857142857 0.21890862944162434 0.012857142857142857 0.021573604060913704
3 0.8496428571428571 0.17258883248730963 0.013571428571428571 0.02030456852791878
4 0.9757142857142858 0.1618020304568528 0.014285714285714285 0.024111675126903553
4 0.9478571428571428 0.1884517766497462 0.017142857142857144 0.024111675126903553
4 0.9239285714285714 0.1916243654822335 0.013571428571428571 0.02030456852791878
4 0.9046428571428572 0.19416243654822332 0.013571428571428571 0.02030456852791878
4 0.9871428571428571 0.21256345177664973 0.017142857142857144 0.021573604060913704
3 0.8439285714285715 0.21954314720812182 0.012142857142857143 0.02030456852791878
3 0.8539285714285715 0.2182741116751269 0.012142857142857143 0.02284263959390863
4 0.8628571428571429 0.21700507614213196 0.014285714285714285 0.02284263959390863
4 0.8739285714285714 0.2182741116751269 0.016428571428571428 0.025380710659898477
4 0.8964285714285715 0.21637055837563451 0.017142857142857144 0.019035532994923856
3 0.9057142857142857 0.2182741116751269 0.017142857142857144 0.02030456852791878
4 0.9175 0.21573604060913704 0.013571428571428571 0.02030456852791878
4 0.9307142857142857 0.21573604060913704 0.012857142857142857 0.02030456852791878
4 0.9425 0.2151015228426396 0.013571428571428571 0.019035532994923856
3 0.9535714285714286 0.21383248730964466 0.01 0.021573604060913704
4 0.9642857142857143 0.2151015228426396 0.014285714285714285 0.021573604060913704
3 0.7632142857142857 0.041243654822335024 0.010714285714285714 0.019035532994923856
3 0.7589285714285714 0.061548223350253804 0.007857142857142858 0.013959390862944161
3 0.7525 0.05520304568527919 0.013571428571428571 0.011421319796954314
4 0.8264285714285714 0.24175126903553298 0.012857142857142857 0.021573604060913704
4 0.8360714285714286 0.24175126903553298 0.016428571428571428 0.024111675126903553
4 0.8492857142857143 0.24365482233502536 0.012857142857142857 0.02030456852791878
4 0.86 0.23984771573604058 0.012857142857142857 0.02030456852791878
4 0.8682142857142857 0.2411167512690355 0.012142857142857143 0.02030456852791878
3 0.8235714285714286 0.266497461928934 0.011428571428571429 0.02284263959390863
4 0.845 0.2652284263959391 0.014285714285714285 0.02284263959390863
4 0.8642857142857143 0.2652284263959391 0.015714285714285715 0.02284263959390863
4 0.8578571428571429 0.2633248730964467 0.012857142857142857 0.024111675126903553
4 0.8885714285714286 0.26205583756345174 0.012857142857142857 0.021573604060913704
3 0.8932142857142857 0.24048223350253806 0.013571428571428571 0.019035532994923856
4 0.9010714285714285 0.2411167512690355 0.016428571428571428 0.02284263959390863
4 0.9139285714285714 0.24048223350253806 0.015 0.019035532994923856
4 0.9085714285714286 0.2633248730964467 0.014285714285714285 0.019035532994923856
3 0.925 0.2379441624365482 0.012857142857142857 0.021573604060913704
4 0.9375 0.23921319796954313 0.013571428571428571 0.021573604060913704
4 0.9417857142857143 0.26015228426395937 0.013571428571428571 0.02030456852791878
4 0.9521428571428572 0.26078680203045684 0.014285714285714285 0.019035532994923856
4 0.9810714285714286 0.23730964467005075 0.012142857142857143 0.02030456852791878
3 0.9696428571428571 0.23730964467005075 0.009285714285714286 0.017766497461928932
4 0.965 0.2569796954314721 0.012857142857142857 0.021573604060913704
3 0.9778571428571429 0.2576142131979695 0.011428571428571429 0.02030456852791878
4 0.9864285714285714 0.2576142131979695 0.015714285714285715 0.02284263959390863
4 0.9935714285714285 0.258248730964467 0.012857142857142857 0.019035532994923856
3 0.8207142857142857 0.2861675126903553 0.011428571428571429 0.021573604060913704
