3 0.4957142857142857 0.7404761904761905 0.03857142857142857 0.1380952380952381
3 0.5310714285714285 0.4861904761904762 0.03214285714285714 0.08857142857142856
3 0.5010714285714286 0.5814285714285714 0.03214285714285714 0.08857142857142856
3 0.5582142857142857 0.4176190476190476 0.025 0.04476190476190476
3 0.5975 0.39666666666666667 0.020714285714285713 0.04285714285714286
3 0.5903571428571428 0.3376190476190476 0.015 0.037142857142857144
3 0.5867857142857142 0.29333333333333333 0.02214285714285714 0.030476190476190476
8 0.48964285714285716 0.909047619047619 0.04071428571428572 0.17047619047619048
3 0.3607142857142857 0.12095238095238095 0.02 0.015238095238095238
3 0.3475 0.2361904761904762 0.02642857142857143 0.02095238095238095
4 0.11178571428571428 0.2123809523809524 0.05071428571428571 0.02857142857142857
3 0.13 0.20476190476190476 0.032857142857142856 0.022857142857142857
3 0.6646428571428571 0.17285714285714285 0.029285714285714286 0.023809523809523808
3 0.7053571428571429 0.21333333333333332 0.039285714285714285 0.02095238095238095
3 0.6985714285714286 0.16047619047619047 0.024285714285714285 0.02
3 0.7310714285714286 0.1523809523809524 0.02642857142857143 0.017142857142857144
3 0.7592857142857142 0.14714285714285713 0.017142857142857144 0.014285714285714285
3 0.7557142857142857 0.09904761904761905 0.011428571428571429 0.009523809523809525
9 0.7189285714285715 0.5542857142857143 0.03785714285714286 0.030476190476190476
1 0.7207142857142858 0.5461904761904762 0.02142857142857143 0.02
3 0.8285714285714286 0.09 0.022857142857142857 0.012380952380952381
3 0.8978571428571429 0.34095238095238095 0.055714285714285716 0.0419047619047619
