3 0.42 0.9742857142857143 0.2257142857142857 0.05142857142857143
3 0.5925 0.7642857142857142 0.10357142857142858 0.2561904761904762
3 0.43 0.7295238095238096 0.18857142857142858 0.12571428571428572
3 0.41964285714285715 0.6271428571428571 0.15642857142857142 0.11142857142857143
4 0.5557142857142857 0.518095238095238 0.07285714285714286 0.16952380952380952
3 0.42607142857142855 0.5252380952380953 0.16642857142857143 0.10380952380952381
4 0.4253571428571429 0.44285714285714284 0.14642857142857144 0.09714285714285714
3 0.4282142857142857 0.3761904761904762 0.13071428571428573 0.08761904761904762
3 0.5285714285714286 0.3538095238095238 0.06 0.12857142857142856
5 0.5771428571428572 0.23761904761904762 0.08571428571428572 0.14761904761904762
0 0.5717857142857142 0.3495238095238095 0.016428571428571428 0.06285714285714286
0 0.5303571428571429 0.14 0.013571428571428571 0.049523809523809526
1 0.6057142857142858 0.13047619047619047 0.015714285714285715 0.04
9 0.605 0.14523809523809525 0.02 0.039047619047619046
1 0.29642857142857143 0.24333333333333335 0.017142857142857144 0.04666666666666667
9 0.3028571428571429 0.25761904761904764 0.017142857142857144 0.03333333333333333
0 0.3289285714285714 0.1680952380952381 0.013571428571428571 0.05047619047619047
1 0.32857142857142857 0.1619047619047619 0.008571428571428572 0.026666666666666665
0 0.34285714285714286 0.16476190476190475 0.014285714285714285 0.045714285714285714
0 0.4107142857142857 0.05714285714285714 0.011428571428571429 0.0419047619047619
0 0.38785714285714284 0.09476190476190476 0.011428571428571429 0.04476190476190476
1 0.35285714285714287 0.04857142857142857 0.017142857142857144 0.0380952380952381
3 0.31 0.08904761904761904 0.08142857142857143 0.05619047619047619
0 0.5007142857142857 0.20714285714285716 0.015714285714285715 0.05047619047619047
2 0.5246428571428572 0.2542857142857143 0.02642857142857143 0.04
4 0.4789285714285714 0.03333333333333333 0.035 0.06666666666666667
3 0.12178571428571429 0.4442857142857143 0.15928571428571428 0.10571428571428572
4 0.1575 0.21333333333333332 0.11214285714285714 0.07238095238095238
3 0.19428571428571428 0.18333333333333332 0.09142857142857143 0.058095238095238096
3 0.9125 0.37238095238095237 0.07214285714285715 0.12
4 0.8575 0.24857142857142858 0.09928571428571428 0.11428571428571428
0 0.8685714285714285 0.10666666666666666 0.017142857142857144 0.049523809523809526
0 0.8417857142857142 0.15666666666666668 0.02214285714285714 0.04857142857142857
0 0.7875 0.05142857142857143 0.017857142857142856 0.045714285714285714
1 0.7410714285714286 0.0838095238095238 0.012142857142857143 0.0380952380952381
1 0.7414285714285714 0.04619047619047619 0.011428571428571429 0.03142857142857143
2 0.7392857142857143 0.09904761904761905 0.011428571428571429 0.03238095238095238
2 0.7396428571428572 0.05904761904761905 0.009285714285714286 0.02857142857142857
0 0.7692857142857142 0.04904761904761905 0.015714285714285715 0.04285714285714286
0 0.7696428571428572 0.021904761904761906 0.013571428571428571 0.04
4 0.9717857142857143 0.2671428571428571 0.056428571428571425 0.12857142857142856
3 0.052142857142857144 0.8766666666666667 0.10428571428571429 0.1438095238095238
3 0.6957142857142857 0.024285714285714285 0.04285714285714286 0.04857142857142857
