9 0.7535714285714286 0.9495238095238095 0.02142857142857143 0.0419047619047619
1 0.7528571428571429 0.9414285714285714 0.015714285714285715 0.023809523809523808
3 0.9760714285714286 0.8990476190476191 0.047857142857142855 0.07809523809523809
9 0.8307142857142857 0.8104761904761905 0.018571428571428572 0.030476190476190476
1 0.8292857142857143 0.8047619047619048 0.012857142857142857 0.02095238095238095
1 0.8332142857142857 0.8114285714285714 0.015 0.017142857142857144
3 0.8632142857142857 0.74 0.05357142857142857 0.05904761904761905
5 0.8210714285714286 0.6685714285714286 0.062142857142857146 0.0761904761904762
9 0.6725 0.5814285714285714 0.010714285714285714 0.021904761904761906
1 0.6717857142857143 0.5776190476190476 0.009285714285714286 0.014285714285714285
1 0.6642857142857143 0.5476190476190477 0.008571428571428572 0.015238095238095238
1 0.6878571428571428 0.5395238095238095 0.008571428571428572 0.014285714285714285
1 0.6517857142857143 0.5071428571428571 0.007857142857142858 0.012380952380952381
1 0.5857142857142857 0.5061904761904762 0.008571428571428572 0.012380952380952381
1 0.6353571428571428 0.46714285714285714 0.007857142857142858 0.010476190476190476
1 0.6428571428571429 0.4471428571428571 0.005714285714285714 0.012380952380952381
1 0.6185714285714285 0.40714285714285714 0.004285714285714286 0.010476190476190476
1 0.585 0.39095238095238094 0.005714285714285714 0.010476190476190476
1 0.5814285714285714 0.36666666666666664 0.004285714285714286 0.011428571428571429
1 0.5635714285714286 0.3404761904761905 0.005714285714285714 0.010476190476190476
1 0.5464285714285714 0.33 0.005714285714285714 0.008571428571428572
1 0.5471428571428572 0.2904761904761905 0.004285714285714286 0.007619047619047619
9 0.6646428571428571 0.550952380952381 0.013571428571428571 0.02
9 0.6885714285714286 0.5438095238095239 0.012857142857142857 0.01904761904761905
9 0.6514285714285715 0.5123809523809524 0.011428571428571429 0.017142857142857144
3 0.735 0.5595238095238095 0.03142857142857143 0.035238095238095235
5 0.7178571428571429 0.5285714285714286 0.032857142857142856 0.030476190476190476
3 0.6903571428571429 0.4942857142857143 0.030714285714285715 0.03428571428571429
3 0.6671428571428571 0.4614285714285714 0.03 0.029523809523809525
9 0.635 0.47333333333333333 0.011428571428571429 0.015238095238095238
2 0.6428571428571429 0.4533333333333333 0.008571428571428572 0.017142857142857144
2 0.6175 0.4114285714285714 0.007857142857142858 0.011428571428571429
9 0.5842857142857143 0.3952380952380952 0.008571428571428572 0.013333333333333332
9 0.585 0.5114285714285715 0.011428571428571429 0.017142857142857144
3 0.6117857142857143 0.3861904761904762 0.02214285714285714 0.02
3 0.6207142857142857 0.4928571428571429 0.025714285714285714 0.029523809523809525
3 0.5560714285714285 0.49476190476190474 0.02214285714285714 0.029523809523809525
5 0.5332142857142858 0.43761904761904763 0.023571428571428573 0.037142857142857144
5 0.5696428571428571 0.44095238095238093 0.047857142857142855 0.07809523809523809
3 0.5892857142857143 0.43714285714285717 0.02 0.022857142857142857
8 0.5135714285714286 0.38904761904761903 0.03142857142857143 0.05619047619047619
5 0.5332142857142858 0.37142857142857144 0.04928571428571429 0.08761904761904762
5 0.5532142857142857 0.37142857142857144 0.016428571428571428 0.024761904761904763
7 0.49464285714285716 0.3485714285714286 0.012142857142857143 0.02095238095238095
3 0.5346428571428572 0.34095238095238095 0.016428571428571428 0.017142857142857144
3 0.47928571428571426 0.3242857142857143 0.014285714285714285 0.01619047619047619
3 0.4692857142857143 0.30142857142857143 0.014285714285714285 0.01619047619047619
5 0.5014285714285714 0.3138095238095238 0.02857142857142857 0.05238095238095238
3 0.5185714285714286 0.3161904761904762 0.014285714285714285 0.015238095238095238
3 0.51 0.3019047619047619 0.012857142857142857 0.015238095238095238
3 0.4857142857142857 0.29285714285714287 0.012857142857142857 0.014285714285714285
3 0.5025 0.28809523809523807 0.013571428571428571 0.014285714285714285
4 0.5714285714285714 0.32761904761904764 0.017142857142857144 0.02095238095238095
5 0.4521428571428571 0.709047619047619 0.04428571428571428 0.10952380952380952
4 0.42678571428571427 0.6104761904761905 0.020714285714285713 0.047619047619047616
4 0.4164285714285714 0.53 0.027142857142857142 0.040952380952380955
0 0.4303571428571429 0.5323809523809524 0.0064285714285714285 0.017142857142857144
0 0.4342857142857143 0.5352380952380953 0.007142857142857143 0.017142857142857144
7 0.44035714285714284 0.4552380952380952 0.010714285714285714 0.024761904761904763
5 0.36678571428571427 0.4638095238095238 0.016428571428571428 0.03619047619047619
9 0.4139285714285714 0.4419047619047619 0.0064285714285714285 0.015238095238095238
9 0.41285714285714287 0.4157142857142857 0.005714285714285714 0.014285714285714285
9 0.36607142857142855 0.4219047619047619 0.009285714285714286 0.017142857142857144
1 0.4142857142857143 0.43952380952380954 0.005714285714285714 0.010476190476190476
1 0.4125 0.4123809523809524 0.005 0.011428571428571429
3 0.3896428571428571 0.41619047619047617 0.019285714285714285 0.026666666666666665
3 0.39714285714285713 0.3861904761904762 0.015714285714285715 0.023809523809523808
3 0.385 0.3923809523809524 0.012857142857142857 0.024761904761904763
3 0.3692857142857143 0.3961904761904762 0.014285714285714285 0.030476190476190476
9 0.3817857142857143 0.3385714285714286 0.009285714285714286 0.010476190476190476
1 0.38142857142857145 0.3333333333333333 0.005714285714285714 0.011428571428571429
0 0.4 0.2842857142857143 0.005714285714285714 0.012380952380952381
0 0.42214285714285715 0.2795238095238095 0.005714285714285714 0.012380952380952381
0 0.4667857142857143 0.2661904761904762 0.005 0.010476190476190476
0 0.4767857142857143 0.26476190476190475 0.005 0.011428571428571429
9 0.3867857142857143 0.25142857142857145 0.0035714285714285713 0.009523809523809525
1 0.38642857142857145 0.24761904761904763 0.004285714285714286 0.005714285714285714
9 0.44607142857142856 0.2338095238095238 0.005 0.008571428571428572
9 0.42678571428571427 0.2257142857142857 0.005 0.007619047619047619
9 0.42142857142857143 0.22047619047619046 0.004285714285714286 0.006666666666666666
1 0.42142857142857143 0.2180952380952381 0.004285714285714286 0.005714285714285714
1 0.42678571428571427 0.22333333333333333 0.0035714285714285713 0.004761904761904762
1 0.44607142857142856 0.23142857142857143 0.005 0.007619047619047619
3 0.43714285714285717 0.21666666666666667 0.008571428571428572 0.010476190476190476
3 0.4282142857142857 0.19523809523809524 0.009285714285714286 0.009523809523809525
3 0.4025 0.21857142857142858 0.009285714285714286 0.012380952380952381
3 0.3896428571428571 0.22142857142857142 0.009285714285714286 0.012380952380952381
3 0.37892857142857145 0.22047619047619046 0.010714285714285714 0.014285714285714285
1 0.35928571428571426 0.23095238095238096 0.004285714285714286 0.012380952380952381
3 0.3871428571428571 0.21285714285714286 0.008571428571428572 0.010476190476190476
3 0.37464285714285717 0.20761904761904762 0.009285714285714286 0.013333333333333332
3 0.37392857142857144 0.19857142857142857 0.007857142857142858 0.010476190476190476
3 0.3846428571428571 0.2061904761904762 0.009285714285714286 0.010476190476190476
3 0.38321428571428573 0.20047619047619047 0.009285714285714286 0.010476190476190476
3 0.38107142857142856 0.19333333333333333 0.007857142857142858 0.011428571428571429
3 0.3821428571428571 0.18904761904761905 0.008571428571428572 0.012380952380952381
5 0.3807142857142857 0.17761904761904762 0.011428571428571429 0.018095238095238095
5 0.4017857142857143 0.20761904761904762 0.012142857142857143 0.01904761904761905
3 0.39714285714285713 0.20047619047619047 0.008571428571428572 0.014285714285714285
3 0.4117857142857143 0.2038095238095238 0.009285714285714286 0.011428571428571429
3 0.4117857142857143 0.19428571428571428 0.009285714285714286 0.013333333333333332
3 0.39714285714285713 0.19047619047619047 0.008571428571428572 0.013333333333333332
3 0.39357142857142857 0.1838095238095238 0.008571428571428572 0.011428571428571429
5 0.3914285714285714 0.17714285714285713 0.008571428571428572 0.011428571428571429
3 0.38642857142857145 0.16428571428571428 0.007142857142857143 0.010476190476190476
3 0.38392857142857145 0.15904761904761905 0.0064285714285714285 0.009523809523809525
3 0.6332142857142857 0.3119047619047619 0.019285714285714285 0.021904761904761906
3 0.6275 0.2633333333333333 0.020714285714285713 0.012380952380952381
3 0.5996428571428571 0.26476190476190475 0.025 0.015238095238095238
3 0.6014285714285714 0.26 0.022857142857142857 0.015238095238095238
3 0.6092857142857143 0.2523809523809524 0.02142857142857143 0.013333333333333332
3 0.6221428571428571 0.24904761904761905 0.02142857142857143 0.012380952380952381
3 0.6267857142857143 0.25857142857142856 0.02214285714285714 0.012380952380952381
3 0.6310714285714286 0.24333333333333335 0.019285714285714285 0.014285714285714285
3 0.5571428571428572 0.23142857142857143 0.018571428571428572 0.011428571428571429
5 0.61 0.21047619047619048 0.015714285714285715 0.013333333333333332
3 0.6089285714285714 0.2057142857142857 0.016428571428571428 0.011428571428571429
3 0.6203571428571428 0.21333333333333332 0.013571428571428571 0.011428571428571429
3 0.6235714285714286 0.20904761904761904 0.012857142857142857 0.010476190476190476
3 0.6385714285714286 0.20857142857142857 0.017142857142857144 0.013333333333333332
3 0.5225 0.2 0.015 0.009523809523809525
3 0.5178571428571429 0.19714285714285715 0.014285714285714285 0.011428571428571429
3 0.44 0.18476190476190477 0.007142857142857143 0.009523809523809525
4 0.4710714285714286 0.17904761904761904 0.007857142857142858 0.009523809523809525
0 0.2907142857142857 0.5004761904761905 0.008571428571428572 0.018095238095238095
1 0.3007142857142857 0.48 0.004285714285714286 0.011428571428571429
9 0.30107142857142855 0.4861904761904762 0.0064285714285714285 0.01619047619047619
0 0.29714285714285715 0.4742857142857143 0.007142857142857143 0.017142857142857144
0 0.29285714285714287 0.4633333333333333 0.007142857142857143 0.018095238095238095
0 0.3025 0.4438095238095238 0.0064285714285714285 0.017142857142857144
9 0.295 0.44666666666666666 0.008571428571428572 0.017142857142857144
0 0.30642857142857144 0.4142857142857143 0.007142857142857143 0.01904761904761905
9 0.31535714285714284 0.4357142857142857 0.013571428571428571 0.018095238095238095
3 0.35428571428571426 0.1661904761904762 0.007142857142857143 0.010476190476190476
8 0.085 0.14809523809523809 0.014285714285714285 0.012380952380952381
8 0.09321428571428571 0.14809523809523809 0.010714285714285714 0.012380952380952381
8 0.10178571428571428 0.14904761904761904 0.010714285714285714 0.012380952380952381
3 0.9389285714285714 0.16095238095238096 0.016428571428571428 0.009523809523809525
3 0.9292857142857143 0.17 0.015714285714285715 0.010476190476190476
3 0.9553571428571429 0.1595238095238095 0.016428571428571428 0.010476190476190476
