3 0.191 0.9253333333333333 0.1 0.14933333333333332
4 0.334 0.5863333333333333 0.039 0.05933333333333333
3 0.45425 0.5643333333333334 0.0415 0.06733333333333333
3 0.51425 0.4563333333333333 0.029500000000000002 0.048666666666666664
3 0.03975 0.3933333333333333 0.0475 0.03333333333333333
3 0.03475 0.6406666666666666 0.0695 0.072
3 0.02025 0.5576666666666666 0.0405 0.049999999999999996
3 0.0545 0.5026666666666666 0.078 0.04133333333333333
3 0.08750000000000001 0.4766666666666666 0.073 0.03866666666666667
3 0.10825 0.45666666666666667 0.07150000000000001 0.03733333333333333
4 0.21025 0.36533333333333334 0.0575 0.030666666666666665
3 0.17225000000000001 0.387 0.0605 0.028666666666666667
4 0.298 0.3436666666666667 0.042 0.03933333333333333
5 0.326 0.2856666666666667 0.062 0.038
5 0.253 0.2786666666666667 0.077 0.042666666666666665
5 0.17300000000000001 0.2786666666666667 0.07100000000000001 0.03866666666666667
5 0.1015 0.27499999999999997 0.066 0.04066666666666666
3 0.1105 0.24533333333333332 0.024 0.018666666666666665
3 0.1325 0.2523333333333333 0.028 0.019333333333333334
3 0.17250000000000001 0.2633333333333333 0.034 0.02
0 0.17075 0.25566666666666665 0.006500000000000001 0.011333333333333332
4 0.83775 0.863 0.0815 0.12866666666666665
3 0.788 0.7283333333333333 0.063 0.106
6 0.73175 0.5499999999999999 0.0565 0.096
4 0.7075 0.48933333333333334 0.03 0.052
4 0.6980000000000001 0.433 0.029 0.05266666666666667
4 0.63775 0.367 0.0245 0.03133333333333333
3 0.6910000000000001 0.4036666666666667 0.027 0.033999999999999996
3 0.68025 0.35866666666666663 0.0225 0.030666666666666665
0 0.682 0.33766666666666667 0.007 0.019333333333333334
0 0.6002500000000001 0.26 0.0045000000000000005 0.017333333333333333
3 0.67 0.2633333333333333 0.015 0.017333333333333333
3 0.6665 0.235 0.024 0.020666666666666667
4 0.57675 0.189 0.0105 0.014
3 0.582 0.18566666666666667 0.011 0.011333333333333332
4 0.67625 0.18866666666666665 0.0095 0.014666666666666666
3 0.65125 0.156 0.0085 0.008
3 0.6875 0.16066666666666665 0.009000000000000001 0.008
5 0.6645 0.135 0.012 0.015333333333333332
4 0.6755 0.131 0.012 0.007333333333333333
3 0.60925 0.15133333333333332 0.0145 0.008
3 0.6105 0.14966666666666667 0.018000000000000002 0.008666666666666666
4 0.6042500000000001 0.13166666666666665 0.0105 0.007333333333333333
4 0.6075 0.132 0.011 0.006666666666666666
4 0.6115 0.133 0.011 0.007333333333333333
3 0.61425 0.13333333333333333 0.0115 0.006666666666666666
4 0.70275 0.13933333333333334 0.006500000000000001 0.006666666666666666
3 0.716 0.13166666666666665 0.013000000000000001 0.007333333333333333
4 0.75375 0.11966666666666666 0.006500000000000001 0.006
4 0.75925 0.11733333333333333 0.0085 0.008
4 0.7705 0.11766666666666667 0.008 0.006
