3 0.6778571428571428 0.7095238095238096 0.05 0.03428571428571429
3 0.32071428571428573 0.4895238095238095 0.02142857142857143 0.0419047619047619
3 0.445 0.7885714285714286 0.04285714285714286 0.06285714285714286
4 0.575 0.8428571428571429 0.07 0.05714285714285714
4 0.5057142857142857 0.9204761904761904 0.06714285714285714 0.05238095238095238
4 0.6635714285714286 0.6614285714285715 0.04 0.040952380952380955
5 0.3467857142857143 0.9314285714285714 0.055 0.13523809523809524
3 0.39571428571428574 0.3314285714285714 0.015714285714285715 0.02095238095238095
3 0.3846428571428571 0.27095238095238094 0.013571428571428571 0.01619047619047619
0 0.3417857142857143 0.16047619047619047 0.0035714285714285713 0.010476190476190476
0 0.35714285714285715 0.18904761904761905 0.002857142857142857 0.012380952380952381
1 0.3385714285714286 0.3261904761904762 0.004285714285714286 0.010476190476190476
0 0.3717857142857143 0.3566666666666667 0.005 0.014285714285714285
9 0.3389285714285714 0.33 0.005 0.012380952380952381
0 0.23285714285714285 0.28285714285714286 0.005714285714285714 0.015238095238095238
0 0.2367857142857143 0.27380952380952384 0.0035714285714285713 0.012380952380952381
0 0.24392857142857144 0.2642857142857143 0.005 0.012380952380952381
0 0.24714285714285714 0.25952380952380955 0.004285714285714286 0.012380952380952381
1 0.3339285714285714 0.1976190476190476 0.0035714285714285713 0.008571428571428572
6 0.3342857142857143 0.20142857142857143 0.007142857142857143 0.014285714285714285
0 0.29285714285714287 0.029523809523809525 0.0014285714285714286 0.005714285714285714
0 0.29642857142857143 0.10714285714285714 0.002857142857142857 0.010476190476190476
0 0.17964285714285713 0.24952380952380954 0.0064285714285714285 0.015238095238095238
3 0.15392857142857141 0.1919047619047619 0.010714285714285714 0.014285714285714285
0 0.14035714285714285 0.27714285714285714 0.005 0.015238095238095238
0 0.14607142857142857 0.2695238095238095 0.005 0.017142857142857144
9 0.6692857142857143 0.6342857142857142 0.018571428571428572 0.01904761904761905
9 0.7007142857142857 0.6390476190476191 0.015714285714285715 0.013333333333333332
9 0.7271428571428571 0.6957142857142857 0.018571428571428572 0.014285714285714285
6 0.38 0.53 0.014285714285714285 0.03142857142857143
7 0.48857142857142855 0.5985714285714285 0.012857142857142857 0.03333333333333333
0 0.48035714285714287 0.5642857142857143 0.0064285714285714285 0.018095238095238095
3 0.5296428571428572 0.21714285714285714 0.009285714285714286 0.013333333333333332
3 0.8957142857142857 0.3171428571428571 0.012857142857142857 0.015238095238095238
9 0.7982142857142858 0.9614285714285714 0.02642857142857143 0.01619047619047619
0 0.3507142857142857 0.6761904761904762 0.01 0.026666666666666665
