3 0.33285714285714285 0.6290476190476191 0.04285714285714286 0.10761904761904761
3 0.265 0.6685714285714286 0.047142857142857146 0.11047619047619048
3 0.13607142857142857 0.6952380952380952 0.05928571428571429 0.11238095238095239
3 0.1732142857142857 0.5128571428571429 0.04071428571428572 0.07333333333333333
3 0.6567857142857143 0.5476190476190477 0.05357142857142857 0.07238095238095238
3 0.7046428571428571 0.5542857142857143 0.055 0.08
3 0.7767857142857143 0.5728571428571428 0.065 0.09047619047619047
3 0.8667857142857143 0.5638095238095238 0.047857142857142855 0.0761904761904762
3 0.9453571428571429 0.6304761904761905 0.06928571428571428 0.08952380952380952
3 0.6642857142857143 0.48095238095238096 0.05 0.06285714285714286
3 0.5960714285714286 0.4585714285714286 0.060714285714285714 0.05238095238095238
3 0.5853571428571429 0.4119047619047619 0.04214285714285714 0.05047619047619047
3 0.48857142857142855 0.3576190476190476 0.03 0.04476190476190476
3 0.3196428571428571 0.47 0.03357142857142857 0.07142857142857142
3 0.32142857142857145 0.4080952380952381 0.02857142857142857 0.06
3 0.4775 0.22 0.02214285714285714 0.030476190476190476
3 0.45357142857142857 0.17761904761904762 0.018571428571428572 0.02761904761904762
3 0.43107142857142855 0.10761904761904761 0.015 0.017142857142857144
3 0.9096428571428572 0.9157142857142857 0.115 0.15904761904761905
3 0.3360714285714286 0.06714285714285714 0.012142857142857143 0.01619047619047619
3 0.33214285714285713 0.019523809523809523 0.01 0.012380952380952381
3 0.28285714285714286 0.013333333333333332 0.007142857142857143 0.011428571428571429
3 0.28464285714285714 0.006666666666666666 0.007857142857142858 0.011428571428571429
3 0.28285714285714286 0.019523809523809523 0.008571428571428572 0.010476190476190476
3 0.2792857142857143 0.029047619047619048 0.011428571428571429 0.012380952380952381
3 0.27785714285714286 0.03666666666666667 0.01 0.010476190476190476
3 0.275 0.041428571428571426 0.008571428571428572 0.012380952380952381
3 0.275 0.049523809523809526 0.01 0.013333333333333332
3 0.2739285714285714 0.05761904761904762 0.012142857142857143 0.014285714285714285
3 0.27 0.06571428571428571 0.011428571428571429 0.015238095238095238
3 0.26857142857142857 0.07333333333333333 0.01 0.015238095238095238
3 0.26535714285714285 0.08 0.012142857142857143 0.015238095238095238
3 0.26535714285714285 0.09095238095238095 0.012142857142857143 0.01619047619047619
3 0.2617857142857143 0.1019047619047619 0.013571428571428571 0.01904761904761905
3 0.25857142857142856 0.11523809523809524 0.014285714285714285 0.01904761904761905
4 0.25642857142857145 0.1295238095238095 0.015714285714285715 0.024761904761904763
4 0.24321428571428572 0.17095238095238094 0.020714285714285713 0.03333333333333333
3 0.2525 0.14523809523809525 0.015 0.018095238095238095
3 0.25 0.15904761904761905 0.017142857142857144 0.026666666666666665
3 0.24071428571428571 0.19047619047619047 0.018571428571428572 0.026666666666666665
4 0.23214285714285715 0.21619047619047618 0.022857142857142857 0.03619047619047619
3 0.22964285714285715 0.24857142857142858 0.02214285714285714 0.026666666666666665
4 0.21821428571428572 0.27285714285714285 0.023571428571428573 0.040952380952380955
3 0.21357142857142858 0.30904761904761907 0.027142857142857142 0.03333333333333333
4 0.2057142857142857 0.34523809523809523 0.03142857142857143 0.05238095238095238
3 0.19785714285714287 0.3980952380952381 0.032857142857142856 0.045714285714285714
3 0.18392857142857144 0.44666666666666666 0.035 0.06285714285714286
3 0.1467857142857143 0.5957142857142858 0.052142857142857144 0.09238095238095238
3 0.3217857142857143 0.5495238095238095 0.03642857142857143 0.06095238095238095
3 0.2642857142857143 0.5742857142857143 0.07428571428571429 0.08571428571428572
3 0.2621428571428571 0.518095238095238 0.06428571428571428 0.06857142857142857
3 0.2592857142857143 0.45666666666666667 0.03428571428571429 0.06380952380952382
3 0.26821428571428574 0.37 0.04214285714285714 0.05238095238095238
3 0.2757142857142857 0.3261904761904762 0.03 0.04666666666666667
3 0.325 0.36047619047619045 0.027142857142857142 0.04476190476190476
3 0.3196428571428571 0.3233333333333333 0.025 0.04285714285714286
5 0.32035714285714284 0.2780952380952381 0.027857142857142858 0.047619047619047616
4 0.32285714285714284 0.23857142857142857 0.024285714285714285 0.04857142857142857
3 0.3225 0.19714285714285715 0.019285714285714285 0.02857142857142857
3 0.32071428571428573 0.2180952380952381 0.018571428571428572 0.026666666666666665
3 0.3182142857142857 0.17904761904761904 0.016428571428571428 0.026666666666666665
3 0.3221428571428571 0.1580952380952381 0.015714285714285715 0.024761904761904763
3 0.3221428571428571 0.1438095238095238 0.015714285714285715 0.02095238095238095
3 0.32035714285714284 0.13 0.015 0.021904761904761906
3 0.32071428571428573 0.11619047619047619 0.011428571428571429 0.01904761904761905
3 0.3217857142857143 0.10523809523809524 0.013571428571428571 0.018095238095238095
4 0.3221428571428571 0.09333333333333334 0.011428571428571429 0.02095238095238095
3 0.32 0.08476190476190476 0.011428571428571429 0.017142857142857144
3 0.32142857142857145 0.07333333333333333 0.011428571428571429 0.015238095238095238
3 0.32035714285714284 0.06571428571428571 0.010714285714285714 0.015238095238095238
3 0.32035714285714284 0.06 0.010714285714285714 0.015238095238095238
3 0.31857142857142856 0.05 0.01 0.01619047619047619
0 0.28714285714285714 0.03333333333333333 0.004285714285714286 0.013333333333333332
0 0.2892857142857143 0.03428571428571429 0.004285714285714286 0.013333333333333332
0 0.2735714285714286 0.1138095238095238 0.005714285714285714 0.01619047619047619
0 0.2714285714285714 0.14285714285714285 0.005714285714285714 0.017142857142857144
0 0.3675 0.32904761904761903 0.009285714285714286 0.029523809523809525
0 0.3578571428571429 0.36142857142857143 0.011428571428571429 0.03142857142857143
0 0.34535714285714286 0.36095238095238097 0.009285714285714286 0.030476190476190476
0 0.45964285714285713 0.20904761904761904 0.0064285714285714285 0.023809523809523808
0 0.45 0.18476190476190477 0.005714285714285714 0.01904761904761905
0 0.46964285714285714 0.19523809523809524 0.005 0.017142857142857144
0 0.47535714285714287 0.19380952380952382 0.0064285714285714285 0.02
0 0.4675 0.17333333333333334 0.005 0.017142857142857144
3 0.4525 0.16238095238095238 0.017857142857142856 0.02
3 0.44535714285714284 0.14666666666666667 0.017857142857142856 0.024761904761904763
5 0.5007142857142857 0.17761904761904762 0.05142857142857143 0.040952380952380955
5 0.5246428571428572 0.2219047619047619 0.060714285714285714 0.05142857142857143
0 0.5103571428571428 0.12904761904761905 0.005 0.018095238095238095
0 0.5164285714285715 0.1319047619047619 0.005714285714285714 0.018095238095238095
0 0.5585714285714286 0.12714285714285714 0.004285714285714286 0.018095238095238095
0 0.48642857142857143 0.08619047619047619 0.004285714285714286 0.014285714285714285
0 0.6417857142857143 0.19857142857142857 0.0064285714285714285 0.021904761904761906
3 0.4832142857142857 0.06619047619047619 0.012142857142857143 0.01619047619047619
3 0.47785714285714287 0.05857142857142857 0.011428571428571429 0.014285714285714285
3 0.4710714285714286 0.05142857142857143 0.010714285714285714 0.013333333333333332
3 0.4660714285714286 0.04285714285714286 0.009285714285714286 0.017142857142857144
3 0.45964285714285713 0.06714285714285714 0.009285714285714286 0.018095238095238095
3 0.4446428571428571 0.08523809523809524 0.012142857142857143 0.014285714285714285
3 0.4496428571428571 0.09571428571428571 0.012142857142857143 0.014285714285714285
3 0.43857142857142856 0.07761904761904762 0.012857142857142857 0.014285714285714285
3 0.44857142857142857 0.06095238095238095 0.014285714285714285 0.017142857142857144
3 0.4407142857142857 0.05 0.012857142857142857 0.014285714285714285
3 0.43607142857142855 0.06857142857142857 0.012142857142857143 0.013333333333333332
3 0.4317857142857143 0.06095238095238095 0.010714285714285714 0.013333333333333332
3 0.42642857142857143 0.05333333333333333 0.011428571428571429 0.015238095238095238
3 0.4235714285714286 0.047619047619047616 0.01 0.013333333333333332
3 0.41928571428571426 0.04047619047619048 0.008571428571428572 0.012380952380952381
3 0.4160714285714286 0.035238095238095235 0.010714285714285714 0.013333333333333332
3 0.41214285714285714 0.02857142857142857 0.01 0.011428571428571429
4 0.4342857142857143 0.03666666666666667 0.012857142857142857 0.02
0 0.39464285714285713 0.023809523809523808 0.0035714285714285713 0.013333333333333332
2 0.5182142857142857 0.13428571428571429 0.007857142857142858 0.013333333333333332
0 0.5982142857142857 0.27714285714285714 0.007857142857142858 0.026666666666666665
9 0.5864285714285714 0.27666666666666667 0.018571428571428572 0.018095238095238095
9 0.5914285714285714 0.2885714285714286 0.018571428571428572 0.013333333333333332
9 0.5942857142857143 0.29714285714285715 0.024285714285714285 0.015238095238095238
9 0.5992857142857143 0.29904761904761906 0.022857142857142857 0.011428571428571429
9 0.6021428571428571 0.30857142857142855 0.02142857142857143 0.02095238095238095
9 0.61 0.2785714285714286 0.018571428571428572 0.018095238095238095
4 0.5610714285714286 0.2980952380952381 0.027857142857142858 0.04
4 0.5942857142857143 0.36333333333333334 0.054285714285714284 0.04476190476190476
5 0.5878571428571429 0.32142857142857145 0.04428571428571428 0.06
5 0.6285714285714286 0.4085714285714286 0.05285714285714286 0.06857142857142857
3 0.8153571428571429 0.5638095238095238 0.05928571428571429 0.09142857142857143
4 0.7664285714285715 0.8690476190476191 0.08714285714285715 0.13238095238095238
3 0.9517857142857142 0.8628571428571429 0.095 0.15047619047619049
2 0.4317857142857143 0.7980952380952381 0.019285714285714285 0.05333333333333333
1 0.42964285714285716 0.7923809523809524 0.019285714285714285 0.04380952380952381
