8 0.5157142857142857 0.13666666666666666 0.005714285714285714 0.008571428571428572
8 0.5017857142857143 0.1319047619047619 0.005 0.008571428571428572
3 0.43892857142857145 0.7571428571428571 0.02642857142857143 0.08
3 0.585 0.2704761904761905 0.008571428571428572 0.011428571428571429
0 0.5185714285714286 0.17476190476190476 0.0014285714285714286 0.004761904761904762
0 0.5367857142857143 0.26142857142857145 0.002142857142857143 0.008571428571428572
0 0.5382142857142858 0.30095238095238097 0.002142857142857143 0.009523809523809525
5 0.45714285714285713 0.33285714285714285 0.012857142857142857 0.023809523809523808
4 0.455 0.29428571428571426 0.008571428571428572 0.017142857142857144
4 0.4407142857142857 0.33285714285714285 0.012857142857142857 0.021904761904761906
0 0.44535714285714284 0.42238095238095236 0.0035714285714285713 0.012380952380952381
0 0.42464285714285716 0.4990476190476191 0.0064285714285714285 0.02095238095238095
1 0.4975 0.4038095238095238 0.0035714285714285713 0.011428571428571429
9 0.49785714285714283 0.40904761904761905 0.007142857142857143 0.008571428571428572
0 0.4257142857142857 0.3171428571428571 0.004285714285714286 0.015238095238095238
0 0.41892857142857143 0.34095238095238095 0.0035714285714285713 0.013333333333333332
0 0.3964285714285714 0.37142857142857144 0.005714285714285714 0.013333333333333332
0 0.40785714285714286 0.3457142857142857 0.002857142857142857 0.015238095238095238
0 0.4139285714285714 0.34095238095238095 0.0035714285714285713 0.013333333333333332
0 0.4235714285714286 0.34 0.004285714285714286 0.015238095238095238
0 0.4132142857142857 0.6471428571428571 0.009285714285714286 0.021904761904761906
0 0.4125 0.6361904761904762 0.0064285714285714285 0.02095238095238095
1 0.6235714285714286 0.5628571428571428 0.005714285714285714 0.013333333333333332
2 0.6228571428571429 0.5685714285714286 0.004285714285714286 0.02095238095238095
3 0.5710714285714286 0.23761904761904762 0.013571428571428571 0.010476190476190476
3 0.5682142857142857 0.23095238095238096 0.015 0.008571428571428572
3 0.6785714285714286 0.26666666666666666 0.018571428571428572 0.011428571428571429
3 0.3992857142857143 0.3438095238095238 0.012857142857142857 0.017142857142857144
3 0.40535714285714286 0.3271428571428571 0.010714285714285714 0.018095238095238095
