4 0.18107142857142858 0.6135786802030456 0.03785714285714286 0.024111675126903553
3 0.30357142857142855 0.6598984771573604 0.032857142857142856 0.02284263959390863
5 0.42428571428571427 0.04758883248730964 0.014285714285714285 0.029187817258883246
8 0.42714285714285716 0.2309644670050761 0.022857142857142857 0.06345177664974619
4 0.4253571428571429 0.19098984771573602 0.009285714285714286 0.024111675126903553
4 0.4357142857142857 0.13197969543147206 0.007142857142857143 0.017766497461928932
3 0.4157142857142857 0.07994923857868019 0.005714285714285714 0.012690355329949238
4 0.5189285714285714 0.32677664974619286 0.015 0.029187817258883246
4 0.4714285714285714 0.35342639593908626 0.011428571428571429 0.029187817258883246
3 0.44785714285714284 0.26078680203045684 0.011428571428571429 0.024111675126903553
4 0.5382142857142858 0.34010152284263956 0.016428571428571428 0.032994923857868015
4 0.5278571428571428 0.3635786802030457 0.012857142857142857 0.031725888324873094
4 0.38785714285714284 0.0748730964467005 0.008571428571428572 0.02030456852791878
5 0.5503571428571429 0.2144670050761421 0.019285714285714285 0.04568527918781726
3 0.5510714285714285 0.4289340101522842 0.013571428571428571 0.03045685279187817
3 0.5928571428571429 0.5399746192893401 0.012857142857142857 0.031725888324873094
5 0.5735714285714286 0.47969543147208116 0.03142857142857143 0.08629441624365482
4 0.6046428571428571 0.5691624365482233 0.019285714285714285 0.04441624365482233
0 0.45035714285714284 0.833756345177665 0.005 0.01015228426395939
3 0.755 0.6700507614213197 0.02857142857142857 0.02284263959390863
4 0.6728571428571428 0.7423857868020304 0.024285714285714285 0.050761421319796954
5 0.7046428571428571 0.8153553299492385 0.04357142857142857 0.10025380710659898
4 0.7342857142857143 0.898477157360406 0.02857142857142857 0.05837563451776649
3 0.7010714285714286 0.8769035532994923 0.027857142857142858 0.05837563451776649
4 0.7275 0.940989847715736 0.02642857142857143 0.06218274111675126
3 0.7571428571428571 0.9041878172588832 0.024285714285714285 0.05456852791878172
3 0.7671428571428571 0.9803299492385786 0.025714285714285714 0.03680203045685279
3 0.7871428571428571 0.9771573604060912 0.02142857142857143 0.04314720812182741
3 0.8060714285714285 0.9263959390862944 0.029285714285714286 0.05837563451776649
3 0.795 0.8147208121827411 0.03142857142857143 0.04314720812182741
