3 0.3653571428571429 0.49365482233502533 0.015 0.032994923857868015
3 0.3775 0.5323604060913705 0.015 0.031725888324873094
3 0.3871428571428571 0.5881979695431472 0.012857142857142857 0.03934010152284264
3 0.45535714285714285 0.5640862944162436 0.012142857142857143 0.03934010152284264
3 0.42214285714285715 0.5114213197969543 0.011428571428571429 0.035532994923857864
4 0.45821428571428574 0.5031725888324873 0.012142857142857143 0.03934010152284264
3 0.425 0.46700507614213194 0.011428571428571429 0.032994923857868015
3 0.44535714285714284 0.45875634517766495 0.012142857142857143 0.03426395939086294
3 0.4614285714285714 0.4555837563451776 0.011428571428571429 0.032994923857868015
3 0.5253571428571429 0.48540609137055835 0.015 0.03934010152284264
3 0.5746428571428571 0.4048223350253807 0.025 0.025380710659898477
3 0.38392857142857145 0.12880710659898476 0.017857142857142856 0.016497461928934008
3 0.4107142857142857 0.14593908629441624 0.02142857142857143 0.017766497461928932
3 0.42928571428571427 0.09708121827411166 0.02142857142857143 0.016497461928934008
3 0.5353571428571429 0.11548223350253806 0.02214285714285714 0.017766497461928932
0 0.36892857142857144 0.4156091370558375 0.005 0.013959390862944161
0 0.3489285714285714 0.5793147208121827 0.0035714285714285713 0.013959390862944161
