0 0.4564285714285714 0.3711928934010152 0.018571428571428572 0.03426395939086294
0 0.5221428571428571 0.5139593908629442 0.02142857142857143 0.025380710659898477
0 0.5142857142857142 0.22525380710659898 0.02 0.031725888324873094
0 0.3510714285714286 0.9422588832487309 0.017857142857142856 0.04441624365482233
0 0.3678571428571429 0.4010152284263959 0.017142857142857144 0.03045685279187817
0 0.3196428571428571 0.416243654822335 0.017857142857142856 0.04314720812182741
0 0.22392857142857142 0.4809644670050761 0.025 0.02284263959390863
0 0.18928571428571428 0.4625634517766497 0.018571428571428572 0.03680203045685279
0 0.2667857142857143 0.383248730964467 0.019285714285714285 0.032994923857868015
0 0.3632142857142857 0.28743654822335024 0.025 0.029187817258883246
0 0.3732142857142857 0.3172588832487309 0.016428571428571428 0.03045685279187817
0 0.4278571428571429 0.13578680203045684 0.02142857142857143 0.048223350253807105
0 0.455 0.2081218274111675 0.017142857142857144 0.025380710659898477
0 0.45 0.25888324873096447 0.015714285714285715 0.03807106598984771
0 0.5292857142857142 0.06916243654822335 0.018571428571428572 0.03680203045685279
0 0.605 0.11294416243654821 0.014285714285714285 0.032994923857868015
0 0.2 0.3769035532994924 0.022857142857142857 0.017766497461928932
0 0.13642857142857143 0.6459390862944162 0.03142857142857143 0.035532994923857864
0 0.09892857142857144 0.6116751269035533 0.02642857142857143 0.02284263959390863
0 0.061785714285714284 0.6123096446700507 0.03642857142857143 0.026649746192893398
0 0.12642857142857142 0.5526649746192893 0.03 0.024111675126903553
0 0.22321428571428573 0.4168781725888325 0.017857142857142856 0.019035532994923856
0 0.24857142857142858 0.42703045685279184 0.03571428571428571 0.03680203045685279
0 0.3964285714285714 0.3096446700507614 0.015714285714285715 0.032994923857868015
0 0.40535714285714286 0.3128172588832487 0.020714285714285713 0.03426395939086294
0 0.6185714285714285 0.024746192893401013 0.017142857142857144 0.03934010152284264
0 0.34214285714285714 0.36167512690355325 0.014285714285714285 0.03045685279187817
0 0.3517857142857143 0.35342639593908626 0.020714285714285713 0.021573604060913704
0 0.09964285714285714 0.5640862944162436 0.02214285714285714 0.026649746192893398
0 0.5982142857142857 0.01967005076142132 0.012142857142857143 0.029187817258883246
0 0.5892857142857143 0.012055837563451776 0.014285714285714285 0.024111675126903553
0 0.5975 0.011421319796954314 0.010714285714285714 0.02284263959390863
0 0.6353571428571428 0.008883248730964466 0.013571428571428571 0.017766497461928932
0 0.6592857142857143 0.011421319796954314 0.011428571428571429 0.02284263959390863
