3 0.5039285714285714 0.9623809523809523 0.029285714285714286 0.03333333333333333
3 0.515 0.8728571428571429 0.02857142857142857 0.023809523809523808
3 0.5146428571428572 0.8504761904761905 0.023571428571428573 0.01904761904761905
5 0.5242857142857142 0.9038095238095238 0.03857142857142857 0.0380952380952381
5 0.5189285714285714 0.9261904761904762 0.03642857142857143 0.04476190476190476
5 0.5089285714285714 0.9452380952380952 0.029285714285714286 0.03142857142857143
3 0.9346428571428571 0.07809523809523809 0.029285714285714286 0.030476190476190476
3 0.9442857142857143 0.05761904761904762 0.025714285714285714 0.023809523809523808
3 0.8014285714285714 0.38666666666666666 0.025714285714285714 0.024761904761904763
3 0.79 0.4004761904761905 0.02857142857142857 0.02761904761904762
3 0.7785714285714286 0.4147619047619048 0.027142857142857142 0.029523809523809525
3 0.7828571428571428 0.44285714285714284 0.02857142857142857 0.022857142857142857
