3 0.73375 0.7646666666666666 0.0495 0.104
3 0.7035 0.6306666666666666 0.04 0.09466666666666666
3 0.685 0.5233333333333333 0.034 0.07733333333333334
3 0.64625 0.2693333333333333 0.0245 0.04533333333333333
3 0.63 0.17233333333333334 0.023 0.035333333333333335
4 0.62325 0.119 0.0155 0.03666666666666667
0 0.63425 0.352 0.0075 0.028
1 0.61925 0.33599999999999997 0.0075 0.014666666666666666
9 0.6185 0.3496666666666667 0.008 0.019333333333333334
2 0.619 0.2703333333333333 0.008 0.024666666666666667
2 0.618 0.22866666666666666 0.007 0.018666666666666665
2 0.60875 0.20066666666666666 0.0075 0.016
1 0.621 0.2663333333333333 0.009000000000000001 0.020666666666666667
1 0.618 0.22166666666666665 0.006 0.012666666666666666
1 0.61175 0.194 0.0085 0.012
3 0.5085000000000001 0.35533333333333333 0.025 0.05333333333333333
4 0.41300000000000003 0.356 0.025 0.06533333333333333
4 0.45475 0.09166666666666666 0.0185 0.049999999999999996
8 0.43575 0.014666666666666666 0.0205 0.028
3 0.37925000000000003 0.05466666666666666 0.0165 0.022666666666666665
3 0.37275 0.07733333333333334 0.0145 0.026666666666666665
3 0.366 0.10733333333333334 0.019 0.034666666666666665
3 0.3545 0.15266666666666667 0.021 0.034666666666666665
3 0.34625 0.185 0.0245 0.038
3 0.32975 0.24833333333333332 0.0235 0.05266666666666667
4 0.31975000000000003 0.2836666666666667 0.0245 0.046
4 0.3015 0.3426666666666667 0.032 0.07866666666666666
4 0.28350000000000003 0.4343333333333333 0.034 0.082
4 0.166 0.8866666666666666 0.068 0.16133333333333333
3 0.20975 0.7286666666666667 0.0455 0.104
3 0.23675000000000002 0.6196666666666667 0.0425 0.09266666666666666
3 0.3825 0.6573333333333333 0.037 0.10533333333333333
0 0.786 0.7906666666666666 0.014 0.03866666666666667
0 0.7885 0.7496666666666666 0.017 0.03933333333333333
