3 0.5532142857142857 0.3585714285714286 0.016428571428571428 0.03333333333333333
3 0.5478571428571428 0.28285714285714286 0.012857142857142857 0.03238095238095238
3 0.5185714285714286 0.2638095238095238 0.017142857142857144 0.03428571428571429
3 0.54 0.22904761904761906 0.014285714285714285 0.021904761904761906
8 0.5492857142857143 0.9361904761904762 0.037142857142857144 0.12761904761904763
3 0.4717857142857143 0.9185714285714286 0.030714285714285715 0.11904761904761904
3 0.47285714285714286 0.7428571428571429 0.03142857142857143 0.09523809523809523
3 0.4717857142857143 0.65 0.03214285714285714 0.08666666666666667
3 0.47535714285714287 0.5714285714285714 0.023571428571428573 0.06857142857142857
3 0.4732142857142857 0.46190476190476193 0.023571428571428573 0.049523809523809526
3 0.475 0.41095238095238096 0.022857142857142857 0.04666666666666667
3 0.4782142857142857 0.3661904761904762 0.017857142857142856 0.04476190476190476
8 0.4785714285714286 0.3171428571428571 0.017142857142857144 0.05142857142857143
3 0.5010714285714286 0.36666666666666664 0.009285714285714286 0.03238095238095238
3 0.48142857142857143 0.2580952380952381 0.012857142857142857 0.030476190476190476
3 0.48178571428571426 0.20952380952380953 0.012142857142857143 0.02095238095238095
3 0.47928571428571426 0.1738095238095238 0.011428571428571429 0.018095238095238095
3 0.4785714285714286 0.1519047619047619 0.012857142857142857 0.018095238095238095
3 0.4789285714285714 0.13476190476190475 0.010714285714285714 0.018095238095238095
3 0.47964285714285715 0.1138095238095238 0.012142857142857143 0.018095238095238095
3 0.47928571428571426 0.09571428571428571 0.011428571428571429 0.014285714285714285
3 0.47964285714285715 0.07857142857142857 0.010714285714285714 0.018095238095238095
3 0.4810714285714286 0.051904761904761905 0.012142857142857143 0.021904761904761906
3 0.5296428571428572 0.005238095238095238 0.007857142857142858 0.008571428571428572
3 0.5314285714285715 0.01619047619047619 0.008571428571428572 0.013333333333333332
3 0.5332142857142858 0.03238095238095238 0.007857142857142858 0.011428571428571429
3 0.5346428571428572 0.04666666666666667 0.007857142857142858 0.013333333333333332
3 0.5382142857142858 0.07095238095238095 0.009285714285714286 0.012380952380952381
3 0.5396428571428571 0.08571428571428572 0.009285714285714286 0.015238095238095238
3 0.5446428571428571 0.11333333333333333 0.010714285714285714 0.015238095238095238
3 0.5471428571428572 0.1295238095238095 0.008571428571428572 0.013333333333333332
3 0.5310714285714285 0.17285714285714285 0.012142857142857143 0.02
3 0.45535714285714285 0.004761904761904762 0.012142857142857143 0.009523809523809525
0 0.45357142857142857 0.032857142857142856 0.002857142857142857 0.010476190476190476
0 0.45035714285714284 0.03238095238095238 0.002142857142857143 0.007619047619047619
0 0.45035714285714284 0.01 0.002142857142857143 0.006666666666666666
0 0.44785714285714284 0.009047619047619047 0.0014285714285714286 0.006666666666666666
0 0.44357142857142856 0.04904761904761905 0.002857142857142857 0.008571428571428572
0 0.43964285714285717 0.04857142857142857 0.002142857142857143 0.009523809523809525
0 0.4425 0.02761904761904762 0.002142857142857143 0.005714285714285714
0 0.43964285714285717 0.027142857142857142 0.002142857142857143 0.008571428571428572
0 0.5667857142857143 0.047619047619047616 0.002142857142857143 0.007619047619047619
0 0.5639285714285714 0.047142857142857146 0.002142857142857143 0.008571428571428572
0 0.57 0.07428571428571429 0.002857142857142857 0.013333333333333332
0 0.5778571428571428 0.11047619047619048 0.002857142857142857 0.013333333333333332
0 0.5842857142857143 0.06476190476190476 0.002857142857142857 0.011428571428571429
0 0.6167857142857143 0.15619047619047619 0.0035714285714285713 0.011428571428571429
0 0.6103571428571428 0.16095238095238096 0.002142857142857143 0.009523809523809525
0 0.6185714285714285 0.23 0.004285714285714286 0.014285714285714285
0 0.62 0.2780952380952381 0.004285714285714286 0.015238095238095238
0 0.6153571428571428 0.2757142857142857 0.0035714285714285713 0.014285714285714285
3 0.4835714285714286 0.03 0.008571428571428572 0.01619047619047619
0 0.4282142857142857 0.15666666666666668 0.002142857142857143 0.012380952380952381
0 0.425 0.15619047619047619 0.002857142857142857 0.013333333333333332
0 0.43964285714285717 0.2357142857142857 0.005 0.01619047619047619
0 0.49535714285714283 0.22380952380952382 0.0035714285714285713 0.015238095238095238
0 0.48964285714285716 0.2180952380952381 0.0035714285714285713 0.013333333333333332
9 0.545 0.17952380952380953 0.004285714285714286 0.012380952380952381
2 0.5096428571428572 0.18761904761904763 0.0035714285714285713 0.017142857142857144
2 0.5025 0.20952380952380953 0.0035714285714285713 0.013333333333333332
2 0.4992857142857143 0.2061904761904762 0.002857142857142857 0.010476190476190476
9 0.5042857142857143 0.18476190476190477 0.005714285714285714 0.017142857142857144
9 0.5089285714285714 0.2261904761904762 0.005 0.02
9 0.5557142857142857 0.17476190476190476 0.004285714285714286 0.012380952380952381
0 0.43535714285714283 0.20476190476190476 0.0035714285714285713 0.015238095238095238
0 0.38142857142857145 0.4442857142857143 0.004285714285714286 0.014285714285714285
0 0.3560714285714286 0.5919047619047619 0.002142857142857143 0.012380952380952381
0 0.36214285714285716 0.5871428571428572 0.002857142857142857 0.01619047619047619
9 0.5871428571428572 0.4828571428571429 0.007142857142857143 0.02095238095238095
9 0.49964285714285717 0.47285714285714286 0.0064285714285714285 0.03333333333333333
3 0.7642857142857142 0.6214285714285714 0.047142857142857146 0.06190476190476191
0 0.6489285714285714 0.4066666666666667 0.0064285714285714285 0.02095238095238095
0 0.6367857142857143 0.2733333333333333 0.0035714285714285713 0.015238095238095238
3 0.6282142857142857 0.18142857142857144 0.029285714285714286 0.02
3 0.9321428571428572 0.8280952380952381 0.05285714285714286 0.09619047619047619
3 0.9857142857142858 0.8176190476190476 0.02857142857142857 0.09238095238095238
3 0.8303571428571429 0.9638095238095238 0.045 0.07238095238095238
1 0.5557142857142857 0.17142857142857143 0.002857142857142857 0.009523809523809525
1 0.545 0.17666666666666667 0.002857142857142857 0.008571428571428572
1 0.5092857142857142 0.18571428571428572 0.002857142857142857 0.007619047619047619
1 0.5035714285714286 0.18142857142857144 0.002857142857142857 0.008571428571428572
1 0.49892857142857144 0.20476190476190476 0.002142857142857143 0.007619047619047619
1 0.5028571428571429 0.2061904761904762 0.002857142857142857 0.006666666666666666
1 0.5085714285714286 0.22285714285714286 0.004285714285714286 0.011428571428571429
1 0.4992857142857143 0.46285714285714286 0.007142857142857143 0.011428571428571429
1 0.5875 0.47904761904761906 0.0064285714285714285 0.013333333333333332
