0 0.5517857142857143 0.16666666666666666 0.005 0.009523809523809525
0 0.5535714285714286 0.17333333333333334 0.002857142857142857 0.005714285714285714
0 0.555 0.18476190476190477 0.004285714285714286 0.011428571428571429
0 0.5342857142857143 0.21761904761904763 0.004285714285714286 0.008571428571428572
0 0.5285714285714286 0.23952380952380953 0.004285714285714286 0.008571428571428572
0 0.5285714285714286 0.2509523809523809 0.004285714285714286 0.008571428571428572
0 0.5364285714285715 0.24904761904761905 0.004285714285714286 0.008571428571428572
0 0.5325 0.24857142857142858 0.0035714285714285713 0.007619047619047619
9 0.5089285714285714 0.58 0.0064285714285714285 0.013333333333333332
0 0.5478571428571428 0.8333333333333334 0.002857142857142857 0.009523809523809525
0 0.5510714285714285 0.8357142857142857 0.005 0.012380952380952381
0 0.555 0.8347619047619048 0.004285714285714286 0.010476190476190476
0 0.5325 0.6861904761904762 0.005 0.006666666666666666
0 0.4928571428571429 0.8538095238095238 0.004285714285714286 0.008571428571428572
0 0.48964285714285716 0.8580952380952381 0.005 0.009523809523809525
3 0.49857142857142855 0.7233333333333334 0.015714285714285715 0.03142857142857143
3 0.4717857142857143 0.39285714285714285 0.027857142857142858 0.01619047619047619
3 0.4725 0.3376190476190476 0.029285714285714286 0.014285714285714285
3 0.47535714285714287 0.29285714285714287 0.015 0.03142857142857143
3 0.5167857142857143 0.21 0.012142857142857143 0.03333333333333333
