8 0.06785714285714285 0.06476190476190476 0.04 0.1295238095238095
0 0.07142857142857142 0.5842857142857143 0.015714285714285715 0.010476190476190476
3 0.007857142857142858 0.9742857142857143 0.015714285714285715 0.049523809523809526
4 0.46785714285714286 0.9666666666666667 0.024285714285714285 0.06666666666666667
3 0.4235714285714286 0.9709523809523809 0.055714285714285716 0.035238095238095235
9 0.5428571428571428 0.9709523809523809 0.022857142857142857 0.023809523809523808
3 0.4442857142857143 0.9104761904761904 0.054285714285714284 0.0380952380952381
1 0.5428571428571428 0.9742857142857143 0.01 0.015238095238095238
9 0.5514285714285714 0.9295238095238095 0.012857142857142857 0.024761904761904763
9 0.5510714285714285 0.8652380952380953 0.010714285714285714 0.02761904761904762
9 0.5667857142857143 0.8595238095238095 0.016428571428571428 0.02
9 0.5585714285714286 0.8442857142857143 0.018571428571428572 0.010476190476190476
9 0.5610714285714286 0.8295238095238096 0.02214285714285714 0.013333333333333332
9 0.5632142857142857 0.7852380952380953 0.017857142857142856 0.01619047619047619
9 0.5521428571428572 0.7457142857142857 0.018571428571428572 0.017142857142857144
0 0.5121428571428571 0.8719047619047618 0.007142857142857143 0.01619047619047619
0 0.5210714285714285 0.8414285714285714 0.0064285714285714285 0.014285714285714285
0 0.5285714285714286 0.839047619047619 0.008571428571428572 0.011428571428571429
3 0.4278571428571429 0.8676190476190476 0.04857142857142857 0.02857142857142857
3 0.43214285714285716 0.829047619047619 0.04857142857142857 0.03333333333333333
3 0.4278571428571429 0.7761904761904762 0.05285714285714286 0.030476190476190476
4 0.4525 0.7385714285714285 0.04214285714285714 0.03333333333333333
3 0.445 0.7019047619047619 0.055714285714285716 0.03428571428571429
4 0.445 0.6261904761904762 0.04857142857142857 0.035238095238095235
9 0.4425 0.659047619047619 0.017857142857142856 0.017142857142857144
0 0.49892857142857144 0.6676190476190477 0.007857142857142858 0.011428571428571429
0 0.5085714285714286 0.6580952380952381 0.008571428571428572 0.009523809523809525
0 0.5164285714285715 0.6661904761904762 0.005714285714285714 0.010476190476190476
0 0.48892857142857143 0.58 0.0064285714285714285 0.011428571428571429
0 0.495 0.5876190476190476 0.007142857142857143 0.007619047619047619
0 0.4542857142857143 0.5719047619047619 0.007142857142857143 0.010476190476190476
3 0.43607142857142855 0.4519047619047619 0.052142857142857144 0.029523809523809525
4 0.5625 0.3647619047619048 0.047857142857142855 0.06666666666666667
4 0.5678571428571428 0.4138095238095238 0.041428571428571426 0.054285714285714284
9 0.5782142857142857 0.31285714285714283 0.009285714285714286 0.025714285714285714
9 0.51 0.3504761904761905 0.005714285714285714 0.011428571428571429
9 0.4760714285714286 0.3157142857142857 0.007857142857142858 0.012380952380952381
5 0.4282142857142857 0.35285714285714287 0.07214285714285715 0.040952380952380955
5 0.4307142857142857 0.3080952380952381 0.07 0.040952380952380955
5 0.4307142857142857 0.2319047619047619 0.06285714285714286 0.035238095238095235
7 0.44142857142857145 0.2704761904761905 0.037142857142857144 0.022857142857142857
0 0.43392857142857144 0.27285714285714285 0.005 0.010476190476190476
1 0.46785714285714286 0.22 0.007142857142857143 0.009523809523809525
7 0.46035714285714285 0.16238095238095238 0.029285714285714286 0.03333333333333333
1 0.4689285714285714 0.16476190476190475 0.0064285714285714285 0.011428571428571429
0 0.47464285714285714 0.1895238095238095 0.010714285714285714 0.011428571428571429
0 0.4182142857142857 0.13380952380952382 0.0064285714285714285 0.012380952380952381
0 0.47214285714285714 0.13523809523809524 0.007142857142857143 0.013333333333333332
9 0.5714285714285714 0.1738095238095238 0.018571428571428572 0.014285714285714285
0 0.4607142857142857 0.0419047619047619 0.01 0.017142857142857144
0 0.4235714285714286 0.08428571428571428 0.005714285714285714 0.014285714285714285
0 0.42392857142857143 0.07285714285714286 0.007857142857142858 0.014285714285714285
7 0.415 0.08523809523809524 0.017142857142857144 0.03333333333333333
1 0.48428571428571426 0.03333333333333333 0.007142857142857143 0.013333333333333332
0 0.4114285714285714 0.04619047619047619 0.008571428571428572 0.01619047619047619
0 0.41785714285714287 0.03619047619047619 0.008571428571428572 0.017142857142857144
