0 0.1957142857142857 0.5704761904761905 0.03428571428571429 0.07428571428571429
3 0.18678571428571428 0.44476190476190475 0.16214285714285714 0.15047619047619049
3 0.3364285714285714 0.2833333333333333 0.12571428571428572 0.11904761904761904
3 0.49857142857142855 0.16904761904761906 0.09285714285714286 0.12285714285714286
3 0.6857142857142857 0.11 0.08 0.10952380952380952
3 0.6271428571428571 0.22047619047619046 0.09285714285714286 0.13047619047619047
3 0.5060714285714286 0.3942857142857143 0.13071428571428573 0.2019047619047619
3 0.6235714285714286 0.40190476190476193 0.11428571428571428 0.16
4 0.6860714285714286 0.2561904761904762 0.10357142857142858 0.14476190476190476
3 0.47535714285714287 0.6952380952380952 0.13785714285714284 0.21333333333333332
4 0.36214285714285716 0.6657142857142857 0.15857142857142856 0.2571428571428571
3 0.36214285714285716 0.9314285714285714 0.16 0.13714285714285715
3 0.1675 0.9314285714285714 0.17785714285714285 0.13714285714285715
3 0.7292857142857143 0.8538095238095238 0.14857142857142858 0.2923809523809524
3 0.9146428571428571 0.7628571428571429 0.1707142857142857 0.2057142857142857
3 0.9267857142857143 0.5304761904761904 0.14642857142857144 0.1580952380952381
3 0.9257142857142857 0.4247619047619048 0.14857142857142858 0.13523809523809524
3 0.9492857142857143 0.29095238095238096 0.10142857142857142 0.11333333333333333
3 0.9621428571428572 0.2195238095238095 0.07571428571428572 0.06380952380952382
3 0.9292857142857143 0.11095238095238096 0.06285714285714286 0.10571428571428572
3 0.7885714285714286 0.06 0.07285714285714286 0.08571428571428572
3 0.6089285714285714 0.02761904761904762 0.07928571428571428 0.05523809523809524
