1 0.5203571428571429 0.6471428571428571 0.020714285714285713 0.035238095238095235
1 0.5192857142857142 0.6352380952380953 0.015714285714285715 0.0380952380952381
9 0.5217857142857143 0.6585714285714286 0.023571428571428573 0.06190476190476191
1 0.5060714285714286 0.4638095238095238 0.013571428571428571 0.03428571428571429
9 0.505 0.4723809523809524 0.012857142857142857 0.03619047619047619
0 0.5839285714285715 0.47619047619047616 0.012142857142857143 0.0380952380952381
0 0.5910714285714286 0.4680952380952381 0.010714285714285714 0.037142857142857144
0 0.585 0.44333333333333336 0.011428571428571429 0.037142857142857144
0 0.5728571428571428 0.44761904761904764 0.01 0.0380952380952381
0 0.5764285714285714 0.4442857142857143 0.008571428571428572 0.037142857142857144
1 0.5125 0.3942857142857143 0.010714285714285714 0.026666666666666665
9 0.5114285714285715 0.4 0.012857142857142857 0.030476190476190476
0 0.5375 0.36428571428571427 0.009285714285714286 0.029523809523809525
6 0.6053571428571428 0.3719047619047619 0.039285714285714285 0.05047619047619047
3 0.44892857142857145 0.41523809523809524 0.039285714285714285 0.06285714285714286
4 0.4017857142857143 0.3323809523809524 0.03357142857142857 0.06476190476190476
1 0.3925 0.29619047619047617 0.0064285714285714285 0.01904761904761905
1 0.3964285714285714 0.2957142857142857 0.005714285714285714 0.014285714285714285
9 0.39571428571428574 0.30142857142857143 0.014285714285714285 0.012380952380952381
9 0.41035714285714286 0.23904761904761904 0.009285714285714286 0.015238095238095238
1 0.4092857142857143 0.23095238095238096 0.004285714285714286 0.014285714285714285
1 0.4107142857142857 0.22952380952380952 0.005714285714285714 0.013333333333333332
1 0.4089285714285714 0.2276190476190476 0.0064285714285714285 0.015238095238095238
0 0.4521428571428571 0.22333333333333333 0.007142857142857143 0.023809523809523808
0 0.44535714285714284 0.21428571428571427 0.005 0.024761904761904763
0 0.4525 0.21 0.0064285714285714285 0.01619047619047619
0 0.45107142857142857 0.2038095238095238 0.005 0.017142857142857144
0 0.4392857142857143 0.2 0.007142857142857143 0.01904761904761905
9 0.4407142857142857 0.17714285714285713 0.007142857142857143 0.022857142857142857
1 0.44571428571428573 0.17952380952380953 0.007142857142857143 0.012380952380952381
9 0.39785714285714285 0.1761904761904762 0.007142857142857143 0.017142857142857144
1 0.3982142857142857 0.17095238095238094 0.005 0.014285714285714285
1 0.3975 0.16904761904761906 0.005 0.01619047619047619
0 0.4175 0.13952380952380952 0.005 0.01619047619047619
0 0.3560714285714286 0.1457142857142857 0.005 0.017142857142857144
0 0.3525 0.14238095238095239 0.005 0.018095238095238095
9 0.29214285714285715 0.08857142857142856 0.01 0.009523809523809525
1 0.29214285714285715 0.08619047619047619 0.004285714285714286 0.012380952380952381
3 0.2789285714285714 0.07714285714285714 0.013571428571428571 0.013333333333333332
0 0.25035714285714283 0.07142857142857142 0.005 0.013333333333333332
0 0.25214285714285717 0.07095238095238095 0.004285714285714286 0.012380952380952381
0 0.23 0.07714285714285714 0.005714285714285714 0.015238095238095238
0 0.22535714285714287 0.07666666666666666 0.005 0.014285714285714285
0 0.22142857142857142 0.07761904761904762 0.004285714285714286 0.014285714285714285
0 0.21892857142857142 0.07809523809523809 0.005 0.015238095238095238
0 0.21571428571428572 0.07857142857142857 0.005714285714285714 0.014285714285714285
0 0.2092857142857143 0.08 0.007142857142857143 0.013333333333333332
0 0.20142857142857143 0.08047619047619048 0.005714285714285714 0.014285714285714285
0 0.1982142857142857 0.08047619047619048 0.005 0.014285714285714285
0 0.15785714285714286 0.08666666666666667 0.004285714285714286 0.011428571428571429
0 0.16428571428571428 0.08285714285714285 0.004285714285714286 0.009523809523809525
0 0.1682142857142857 0.08238095238095237 0.0064285714285714285 0.010476190476190476
0 0.13 0.08952380952380952 0.005714285714285714 0.013333333333333332
0 0.12392857142857143 0.09047619047619047 0.005 0.013333333333333332
0 0.11285714285714285 0.0919047619047619 0.007142857142857143 0.01619047619047619
0 0.10714285714285714 0.09285714285714286 0.007142857142857143 0.014285714285714285
0 0.10321428571428572 0.09285714285714286 0.0064285714285714285 0.01619047619047619
0 0.09892857142857144 0.09380952380952381 0.007857142857142858 0.018095238095238095
0 0.0925 0.09904761904761905 0.009285714285714286 0.017142857142857144
0 0.017857142857142856 0.10428571428571429 0.01 0.01619047619047619
0 0.3610714285714286 0.04666666666666667 0.0035714285714285713 0.009523809523809525
0 0.3657142857142857 0.043333333333333335 0.004285714285714286 0.010476190476190476
0 0.36857142857142855 0.043333333333333335 0.002857142857142857 0.010476190476190476
0 0.4203571428571429 0.03666666666666667 0.0035714285714285713 0.008571428571428572
0 0.42392857142857143 0.03666666666666667 0.0035714285714285713 0.010476190476190476
