3 0.1825 0.7304761904761905 0.14214285714285715 0.28
0 0.31607142857142856 0.6371428571428571 0.025 0.09333333333333334
0 0.35464285714285715 0.6576190476190477 0.04071428571428572 0.10952380952380952
3 0.5810714285714286 0.8680952380952381 0.18642857142857142 0.2638095238095238
4 0.8796428571428572 0.6895238095238095 0.18214285714285713 0.24571428571428572
3 0.7421428571428571 0.46904761904761905 0.14285714285714285 0.16095238095238096
3 0.5792857142857143 0.23952380952380953 0.08142857142857143 0.07904761904761905
3 0.4475 0.26285714285714284 0.07785714285714286 0.08571428571428572
3 0.25642857142857145 0.38333333333333336 0.07142857142857142 0.12857142857142856
4 0.14785714285714285 0.30333333333333334 0.11714285714285715 0.09047619047619047
3 0.12607142857142858 0.2857142857142857 0.14357142857142857 0.07809523809523809
3 0.1367857142857143 0.21285714285714286 0.11785714285714285 0.07333333333333333
3 0.115 0.14142857142857143 0.10285714285714286 0.058095238095238096
3 0.3028571428571429 0.08761904761904762 0.05 0.05142857142857143
3 0.48678571428571427 0.13428571428571429 0.06357142857142857 0.06666666666666667
3 0.4546428571428571 0.08952380952380952 0.04214285714285714 0.05142857142857143
3 0.3985714285714286 0.02238095238095238 0.06857142857142857 0.04285714285714286
3 0.22428571428571428 0.025238095238095237 0.06 0.04857142857142857
4 0.16357142857142856 0.016666666666666666 0.05 0.03333333333333333
4 0.027142857142857142 0.030952380952380953 0.05285714285714286 0.04285714285714286
3 0.1367857142857143 0.06571428571428571 0.04214285714285714 0.045714285714285714
