3 0.03992693110647181 0.38589981447124305 0.04540709812108559 0.05009276437847866
3 0.05506263048016701 0.4601113172541744 0.05480167014613778 0.0575139146567718
3 0.0655010438413361 0.5092764378478665 0.05271398747390396 0.059369202226345084
3 0.07228601252609602 0.5412801484230055 0.05480167014613778 0.05844155844155844
3 0.08089770354906053 0.6609461966604824 0.06054279749478079 0.07142857142857142
3 0.09812108559498955 0.6901669758812616 0.058455114822546964 0.0686456400742115
3 0.10751565762004174 0.7435064935064936 0.06367432150313151 0.07699443413729128
3 0.11273486430062629 0.787569573283859 0.06471816283924843 0.0816326530612245
3 0.11691022964509393 0.8367346938775511 0.06680584551148225 0.0927643784786642
3 0.12760960334029225 0.8854359925788498 0.07254697286012525 0.09369202226345083
4 0.278705636743215 0.08256029684601113 0.032359081419624215 0.027829313543599257
7 0.5537578288100208 0.8246753246753247 0.03653444676409186 0.05380333951762523
3 0.6046450939457202 0.6781076066790352 0.04749478079331941 0.06679035250463822
7 0.6020354906054279 0.5695732838589982 0.04331941544885177 0.06307977736549165
3 0.6276096033402923 0.3455473098330241 0.03496868475991649 0.043599257884972174
3 0.6419624217118998 0.37012987012987014 0.03549060542797494 0.05194805194805195
3 0.6610125260960333 0.3877551020408163 0.03810020876826722 0.0463821892393321
3 0.514874739039666 0.3682745825602968 0.04436325678496868 0.0463821892393321
5 0.6004697286012526 0.05658627087198516 0.0360125260960334 0.04823747680890538
3 0.5887265135699373 0.029684601113172542 0.028183716075156573 0.02411873840445269
4 0.6602296450939457 0.10435992578849722 0.028183716075156573 0.036178107606679034
