5 0.36214285714285716 0.9403553299492385 0.041428571428571426 0.10152284263959391
5 0.30357142857142855 0.898477157360406 0.04 0.13451776649746192
0 0.6514285714285715 0.7956852791878172 0.007142857142857143 0.03045685279187817
2 0.7278571428571429 0.8210659898477157 0.014285714285714285 0.06091370558375634
3 0.06964285714285715 0.4593908629441624 0.04928571428571429 0.032994923857868015
0 0.2639285714285714 0.5196700507614213 0.0064285714285714285 0.026649746192893398
0 0.26785714285714285 0.5222081218274112 0.007142857142857143 0.029187817258883246
0 0.3107142857142857 0.41878172588832485 0.007142857142857143 0.03045685279187817
0 0.3082142857142857 0.449238578680203 0.0064285714285714285 0.025380710659898477
0 0.3389285714285714 0.4378172588832487 0.007857142857142858 0.025380710659898477
0 0.2957142857142857 0.5190355329949238 0.007142857142857143 0.027918781725888322
0 0.2907142857142857 0.5431472081218274 0.005714285714285714 0.025380710659898477
0 0.30142857142857143 0.5298223350253807 0.007142857142857143 0.024111675126903553
0 0.39 0.5126903553299492 0.008571428571428572 0.04060913705583756
8 0.025714285714285714 0.8515228426395939 0.05142857142857143 0.13197969543147206
8 0.27035714285714285 0.7404822335025381 0.23214285714285715 0.2144670050761421
0 0.23 0.8477157360406091 0.014285714285714285 0.055837563451776644
0 0.25857142857142856 0.8331218274111675 0.017142857142857144 0.04695431472081218
0 0.2567857142857143 0.8559644670050761 0.015 0.049492385786802026
0 0.26785714285714285 0.8718274111675126 0.015714285714285715 0.04060913705583756
0 0.4421428571428571 0.7893401015228426 0.017142857142857144 0.050761421319796954
0 0.44785714285714284 0.8020304568527918 0.014285714285714285 0.04314720812182741
8 0.5167857142857143 0.6687817258883249 0.14357142857142857 0.13959390862944163
0 0.6707142857142857 0.7119289340101522 0.011428571428571429 0.048223350253807105
0 0.6425 0.6871827411167513 0.009285714285714286 0.049492385786802026
4 0.6775 0.515228426395939 0.07214285714285715 0.06598984771573603
9 0.6217857142857143 0.6592639593908629 0.023571428571428573 0.05964467005076142
9 0.6385714285714286 0.6573604060913705 0.018571428571428572 0.050761421319796954
9 0.6492857142857142 0.6491116751269035 0.025714285714285714 0.05710659898477157
9 0.67 0.6345177664974618 0.024285714285714285 0.05837563451776649
9 0.6853571428571429 0.6351522842639593 0.027857142857142858 0.049492385786802026
9 0.6935714285714286 0.631979695431472 0.024285714285714285 0.05837563451776649
9 0.7089285714285715 0.6262690355329948 0.02642857142857143 0.06218274111675126
9 0.7182142857142857 0.623730964467005 0.027857142857142858 0.05456852791878172
9 0.7267857142857143 0.6192893401015228 0.027857142857142858 0.06345177664974619
9 0.7346428571428572 0.6180203045685279 0.023571428571428573 0.05837563451776649
9 0.7460714285714286 0.6154822335025381 0.02642857142857143 0.05837563451776649
0 0.7721428571428571 0.6472081218274112 0.01 0.04568527918781726
4 0.89 0.5501269035532994 0.07285714285714286 0.07233502538071065
0 0.8925 0.39530456852791873 0.009285714285714286 0.03680203045685279
0 0.6885714285714286 0.44479695431472077 0.011428571428571429 0.03680203045685279
1 0.6882142857142857 0.43845177664974616 0.0064285714285714285 0.021573604060913704
0 0.6303571428571428 0.30774111675126903 0.005 0.016497461928934008
0 0.6335714285714286 0.30837563451776645 0.004285714285714286 0.02030456852791878
0 0.47785714285714287 0.12880710659898476 0.002857142857142857 0.016497461928934008
4 0.5078571428571429 0.1484771573604061 0.012857142857142857 0.02284263959390863
3 0.5264285714285715 0.15418781725888323 0.012857142857142857 0.016497461928934008
3 0.5925 0.10723350253807105 0.009285714285714286 0.019035532994923856
4 0.5914285714285714 0.08375634517766496 0.007142857142857143 0.02030456852791878
4 0.5282142857142857 0.08312182741116751 0.009285714285714286 0.019035532994923856
3 0.5185714285714286 0.07423857868020305 0.007142857142857143 0.013959390862944161
3 0.5321428571428571 0.0748730964467005 0.008571428571428572 0.012690355329949238
3 0.5553571428571429 0.07614213197969542 0.007857142857142858 0.015228426395939085
4 0.5875 0.021573604060913704 0.0064285714285714285 0.012690355329949238
4 0.5889285714285715 0.014593908629441623 0.0064285714285714285 0.016497461928934008
4 0.5892857142857143 0.009517766497461928 0.005714285714285714 0.013959390862944161
0 0.5282142857142857 0.012055837563451776 0.002142857142857143 0.011421319796954314
0 0.53 0.011421319796954314 0.002857142857142857 0.012690355329949238
0 0.4907142857142857 0.09961928934010152 0.002857142857142857 0.016497461928934008
0 0.4932142857142857 0.08058375634517766 0.002142857142857143 0.013959390862944161
0 0.49535714285714283 0.08439086294416243 0.002142857142857143 0.011421319796954314
0 0.4982142857142857 0.08248730964467005 0.002142857142857143 0.012690355329949238
