0 0.37 0.2704761904761905 0.011428571428571429 0.009523809523809525
3 0.2932142857142857 0.930952380952381 0.04214285714285714 0.03333333333333333
0 0.5317857142857143 0.26 0.0035714285714285713 0.009523809523809525
0 0.5371428571428571 0.2561904761904762 0.004285714285714286 0.011428571428571429
0 0.5892857142857143 0.2938095238095238 0.008571428571428572 0.010476190476190476
0 0.5235714285714286 0.2180952380952381 0.005714285714285714 0.011428571428571429
1 0.8167857142857143 0.17238095238095238 0.005 0.011428571428571429
1 0.8082142857142857 0.18 0.007857142857142858 0.011428571428571429
1 0.8228571428571428 0.36904761904761907 0.007142857142857143 0.008571428571428572
1 0.9778571428571429 0.7166666666666667 0.008571428571428572 0.008571428571428572
9 0.9757142857142858 0.719047619047619 0.011428571428571429 0.026666666666666665
9 0.9232142857142858 0.6995238095238095 0.020714285714285713 0.008571428571428572
9 0.9221428571428572 0.6861904761904762 0.022857142857142857 0.012380952380952381
9 0.9203571428571429 0.6676190476190477 0.020714285714285713 0.013333333333333332
9 0.92 0.6471428571428571 0.02142857142857143 0.008571428571428572
9 0.9217857142857143 0.6366666666666667 0.020714285714285713 0.012380952380952381
0 0.925 0.6209523809523809 0.01 0.007619047619047619
9 0.9175 0.6147619047619047 0.020714285714285713 0.012380952380952381
