3 0.7010000000000001 0.9363333333333334 0.089 0.12733333333333333
3 0.75425 0.6743333333333333 0.0735 0.15133333333333332
3 0.5365 0.5976666666666667 0.046 0.106
3 0.5215 0.47 0.079 0.072
1 0.605 0.491 0.014 0.03666666666666667
9 0.6042500000000001 0.5063333333333333 0.0125 0.04466666666666667
3 0.52375 0.3843333333333333 0.0795 0.046
3 0.556 0.346 0.029 0.04666666666666666
3 0.7635000000000001 0.483 0.052000000000000005 0.07666666666666666
4 0.54825 0.30166666666666664 0.021500000000000002 0.046
3 0.551 0.2783333333333333 0.022 0.028666666666666667
0 0.53225 0.30666666666666664 0.0075 0.034666666666666665
0 0.52 0.30233333333333334 0.007 0.02333333333333333
0 0.52875 0.29233333333333333 0.0035 0.024666666666666667
3 0.40225 0.33866666666666667 0.0275 0.042666666666666665
3 0.326 0.2783333333333333 0.042 0.038
7 0.0745 0.6016666666666667 0.075 0.06466666666666666
0 0.31275000000000003 0.2783333333333333 0.0055 0.033999999999999996
3 0.18825 0.4443333333333333 0.0895 0.054
0 0.51675 0.26566666666666666 0.0045000000000000005 0.024666666666666667
3 0.9705 0.4363333333333333 0.059000000000000004 0.06066666666666667
3 0.974 0.3403333333333333 0.052000000000000005 0.046
3 0.9400000000000001 0.30866666666666664 0.05 0.03333333333333333
3 0.9077500000000001 0.2833333333333333 0.0385 0.034666666666666665
6 0.82375 0.20866666666666667 0.0115 0.017333333333333333
0 0.763 0.15166666666666667 0.004 0.019333333333333334
3 0.6605 0.105 0.011 0.012666666666666666
3 0.63175 0.16599999999999998 0.0145 0.017333333333333333
3 0.62475 0.13733333333333334 0.0125 0.018666666666666665
3 0.6135 0.11266666666666666 0.01 0.016
3 0.5992500000000001 0.12933333333333333 0.0095 0.018666666666666665
5 0.57875 0.10533333333333333 0.0135 0.026666666666666665
3 0.5640000000000001 0.16366666666666665 0.015 0.018
1 0.58225 0.14666666666666667 0.0045000000000000005 0.009333333333333332
9 0.58225 0.149 0.0055 0.012666666666666666
1 0.58025 0.14033333333333334 0.0025 0.011333333333333332
9 0.5805 0.14166666666666666 0.006 0.008666666666666666
7 0.74575 0.14833333333333332 0.0155 0.018
3 0.42475 0.17133333333333334 0.0315 0.016
3 0.4285 0.16733333333333333 0.036000000000000004 0.017333333333333333
3 0.43575 0.163 0.029500000000000002 0.015333333333333332
3 0.43975000000000003 0.15933333333333333 0.0265 0.016
3 0.4405 0.15466666666666667 0.029 0.016
3 0.44775000000000004 0.152 0.0285 0.014666666666666666
3 0.45675 0.14566666666666667 0.0275 0.014
3 0.4595 0.14266666666666666 0.027 0.016
3 0.46525 0.13999999999999999 0.0235 0.013333333333333332
3 0.47800000000000004 0.132 0.027 0.014666666666666666
3 0.44675000000000004 0.13 0.0205 0.012
3 0.48525 0.12033333333333333 0.0125 0.01
3 0.47000000000000003 0.12166666666666666 0.014 0.011333333333333332
3 0.4565 0.11866666666666666 0.011 0.013333333333333332
3 0.4555 0.11233333333333333 0.013000000000000001 0.011333333333333332
3 0.44125000000000003 0.112 0.0095 0.013333333333333332
8 0.39175 0.126 0.0665 0.03333333333333333
8 0.3975 0.12366666666666666 0.068 0.033999999999999996
3 0.335 0.122 0.015 0.008
5 0.34025 0.11766666666666667 0.0275 0.020666666666666667
3 0.5357500000000001 0.11166666666666666 0.0165 0.012666666666666666
3 0.5285 0.12366666666666666 0.019 0.011333333333333332
3 0.57875 0.048999999999999995 0.0035 0.004666666666666666
3 0.58525 0.04833333333333333 0.0045000000000000005 0.004666666666666666
5 0.6205 0.049999999999999996 0.006 0.010666666666666666
5 0.61625 0.04466666666666667 0.006500000000000001 0.008
5 0.56425 0.04533333333333333 0.0075 0.012
3 0.56425 0.056999999999999995 0.0045000000000000005 0.006
3 0.55675 0.056666666666666664 0.0045000000000000005 0.006666666666666666
3 0.5575 0.051666666666666666 0.004 0.006
3 0.55175 0.05533333333333333 0.0055 0.009333333333333332
0 0.5745 0.06766666666666667 0.002 0.007333333333333333
