3 0.42875 0.237 0.0375 0.026
3 0.448 0.21466666666666667 0.042 0.030666666666666665
3 0.71825 0.04066666666666666 0.0095 0.014666666666666666
4 0.7105 0.033666666666666664 0.009000000000000001 0.015333333333333332
3 0.7292500000000001 0.041 0.0095 0.014
4 0.71325 0.026666666666666665 0.0075 0.014666666666666666
3 0.71825 0.026333333333333334 0.0075 0.012666666666666666
4 0.705 0.08866666666666666 0.023 0.014666666666666666
4 0.7232500000000001 0.17466666666666666 0.0225 0.029333333333333333
4 0.72075 0.14933333333333332 0.029500000000000002 0.022666666666666665
5 0.61125 0.20033333333333334 0.0375 0.041999999999999996
3 0.40950000000000003 0.32466666666666666 0.038 0.048
3 0.51525 0.15933333333333333 0.0195 0.014666666666666666
4 0.627 0.16733333333333333 0.019 0.026666666666666665
4 0.6375000000000001 0.15166666666666667 0.018000000000000002 0.024666666666666667
3 0.5425 0.09633333333333333 0.026000000000000002 0.016666666666666666
4 0.58 0.093 0.031 0.020666666666666667
3 0.52075 0.11133333333333333 0.029500000000000002 0.016
3 0.37325 0.22833333333333333 0.0445 0.028666666666666667
9 0.4905 0.19766666666666666 0.007 0.019333333333333334
2 0.47925 0.20466666666666666 0.0135 0.016
9 0.4815 0.19599999999999998 0.007 0.018666666666666665
2 0.46900000000000003 0.19533333333333333 0.007 0.02
4 0.50025 0.30433333333333334 0.0475 0.04466666666666667
5 0.58 0.19599999999999998 0.021 0.048
4 0.66325 0.3843333333333333 0.0305 0.05933333333333333
3 0.63525 0.5033333333333333 0.0385 0.09066666666666666
3 0.50525 0.5266666666666666 0.0535 0.08
5 0.36025 0.509 0.1065 0.11666666666666667
5 0.57275 0.6596666666666666 0.1085 0.12066666666666666
5 0.266 0.7863333333333333 0.125 0.146
0 0.272 0.852 0.023 0.048
0 0.377 0.8546666666666667 0.023 0.048
0 0.40950000000000003 0.7853333333333333 0.022 0.03733333333333333
0 0.41275 0.6326666666666666 0.0205 0.036
0 0.4905 0.48633333333333334 0.017 0.03933333333333333
0 0.59 0.3446666666666667 0.008 0.026666666666666665
0 0.546 0.285 0.01 0.022
0 0.4975 0.23966666666666667 0.008 0.024666666666666667
0 0.64125 0.20066666666666666 0.0085 0.018666666666666665
0 0.66225 0.14533333333333334 0.0055 0.013333333333333332
0 0.676 0.13666666666666666 0.006 0.013333333333333332
0 0.6920000000000001 0.08933333333333333 0.004 0.010666666666666666
0 0.47650000000000003 0.16333333333333333 0.006 0.02
0 0.55125 0.33666666666666667 0.0075 0.022666666666666665
0 0.5425 0.3363333333333333 0.008 0.026
0 0.5335 0.29766666666666663 0.008 0.026
0 0.56175 0.242 0.006500000000000001 0.025333333333333333
0 0.62 0.22766666666666666 0.006 0.022
0 0.6235 0.213 0.006 0.022
0 0.6145 0.217 0.006 0.022
0 0.6075 0.22933333333333333 0.004 0.014666666666666666
0 0.61425 0.22533333333333333 0.0045000000000000005 0.014666666666666666
0 0.63125 0.19433333333333333 0.006500000000000001 0.02733333333333333
0 0.6697500000000001 0.12266666666666666 0.0045000000000000005 0.017333333333333333
0 0.6965 0.061 0.003 0.012666666666666666
0 0.668 0.08433333333333333 0.003 0.014
0 0.5825 0.39999999999999997 0.008 0.026666666666666665
0 0.5730000000000001 0.41533333333333333 0.008 0.026666666666666665
0 0.57025 0.42666666666666664 0.0075 0.026666666666666665
0 0.48575 0.4453333333333333 0.0105 0.034666666666666665
0 0.47975 0.4493333333333333 0.0105 0.034666666666666665
0 0.47075 0.4523333333333333 0.0075 0.03133333333333333
0 0.4675 0.519 0.009000000000000001 0.026
0 0.45875 0.5123333333333333 0.0095 0.03
0 0.4265 0.5609999999999999 0.013000000000000001 0.04066666666666666
0 0.4165 0.565 0.009000000000000001 0.03666666666666667
0 0.45825 0.5936666666666667 0.0135 0.035333333333333335
0 0.428 0.5376666666666666 0.01 0.03133333333333333
0 0.4485 0.6826666666666666 0.017 0.04133333333333333
0 0.3765 0.688 0.016 0.04533333333333333
0 0.46025 0.7326666666666667 0.0135 0.032
0 0.447 0.7493333333333333 0.012 0.04
0 0.3815 0.7006666666666667 0.019 0.026666666666666665
0 0.3985 0.6813333333333333 0.01 0.022666666666666665
0 0.38925 0.6843333333333333 0.0085 0.026
0 0.34900000000000003 0.6763333333333333 0.018000000000000002 0.043333333333333335
0 0.325 0.659 0.014 0.033999999999999996
1 0.314 0.7 0.019 0.036
0 0.36725 0.98 0.0225 0.04
0 0.48525 0.7716666666666666 0.0105 0.04066666666666666
9 0.3675 0.9706666666666667 0.023 0.052
9 0.34900000000000003 0.7303333333333333 0.025 0.04066666666666666
9 0.33275 0.5883333333333333 0.0315 0.02733333333333333
2 0.2515 0.418 0.029 0.017333333333333333
2 0.20500000000000002 0.4933333333333333 0.029 0.017333333333333333
1 0.37325 0.7366666666666667 0.0095 0.028
0 0.44925 0.48833333333333334 0.0105 0.03
0 0.46025 0.489 0.0085 0.03133333333333333
0 0.4605 0.441 0.009000000000000001 0.020666666666666667
0 0.46375 0.42733333333333334 0.0095 0.028
2 0.49725 0.42466666666666664 0.0145 0.028
0 0.48425 0.475 0.0105 0.03133333333333333
2 0.58975 0.3516666666666666 0.0115 0.026
2 0.623 0.27199999999999996 0.007 0.021333333333333333
9 0.54625 0.289 0.0135 0.022
0 0.6235 0.26466666666666666 0.005 0.017333333333333333
1 0.56975 0.23666666666666666 0.0075 0.018666666666666665
9 0.64075 0.20833333333333331 0.0085 0.018
0 0.647 0.149 0.007 0.019333333333333334
0 0.663 0.12966666666666665 0.005 0.018
0 0.66025 0.11433333333333333 0.0035 0.016666666666666666
0 0.66225 0.11399999999999999 0.0035 0.02
0 0.6647500000000001 0.11733333333333333 0.0035 0.016
1 0.667 0.11466666666666667 0.003 0.013333333333333332
9 0.6625 0.15066666666666667 0.007 0.013333333333333332
9 0.67525 0.14166666666666666 0.0055 0.012666666666666666
9 0.69175 0.09433333333333332 0.0075 0.007333333333333333
0 0.7045 0.09766666666666667 0.004 0.015333333333333332
0 0.69525 0.30066666666666664 0.0075 0.025333333333333333
1 0.69725 0.29566666666666663 0.0095 0.019333333333333334
1 0.6925 0.3433333333333333 0.01 0.02
1 0.69075 0.33399999999999996 0.0075 0.013333333333333332
1 0.68475 0.33299999999999996 0.0075 0.012666666666666666
1 0.681 0.344 0.01 0.02
2 0.4965 0.158 0.006 0.013333333333333332
2 0.48475 0.161 0.0145 0.015333333333333332
6 0.52025 0.13533333333333333 0.0085 0.016
2 0.52025 0.17099999999999999 0.0155 0.012666666666666666
2 0.50825 0.17099999999999999 0.0115 0.012666666666666666
4 0.598 0.174 0.029 0.030666666666666665
2 0.7065 0.06233333333333333 0.005 0.01
0 0.70675 0.05733333333333333 0.0035 0.012
0 0.6605 0.18266666666666667 0.006 0.02
0 0.58675 0.22433333333333333 0.0075 0.020666666666666667
1 0.5865 0.2363333333333333 0.006 0.014
6 0.57225 0.25166666666666665 0.0125 0.02333333333333333
1 0.5305 0.31566666666666665 0.008 0.016666666666666666
2 0.65525 0.45199999999999996 0.025500000000000002 0.026666666666666665
9 0.41175 0.633 0.0185 0.054
9 0.41125 0.7899999999999999 0.0235 0.06266666666666666
2 0.44775000000000004 0.689 0.0165 0.054
9 0.3765 0.856 0.023 0.06133333333333333
9 0.27175 0.8583333333333333 0.0405 0.06333333333333332
5 0.043000000000000003 0.941 0.08600000000000001 0.11
9 0.3195 0.363 0.013000000000000001 0.02733333333333333
