3 0.32535714285714284 0.8381979695431472 0.04071428571428572 0.12055837563451775
3 0.4882142857142857 0.49682741116751267 0.023571428571428573 0.10025380710659898
3 0.5064285714285715 0.22906091370558374 0.022857142857142857 0.06472081218274112
3 0.43464285714285716 0.09327411167512689 0.023571428571428573 0.04441624365482233
3 0.8189285714285715 0.49809644670050757 0.030714285714285715 0.07741116751269035
3 0.8575 0.47208121827411165 0.03214285714285714 0.06852791878172589
3 0.8792857142857143 0.5348984771573604 0.04 0.09263959390862943
3 0.9 0.45177664974619286 0.045714285714285714 0.05837563451776649
3 0.8546428571428571 0.6218274111675126 0.03785714285714286 0.06345177664974619
3 0.6803571428571429 0.8692893401015228 0.02642857142857143 0.09390862944162436
3 0.6382142857142857 0.4479695431472081 0.027857142857142858 0.08629441624365482
3 0.6307142857142857 0.3743654822335025 0.024285714285714285 0.07106598984771573
4 0.6217857142857143 0.24365482233502536 0.020714285714285713 0.06852791878172589
3 0.07214285714285715 0.7779187817258882 0.047142857142857146 0.08629441624365482
3 0.29285714285714287 0.699238578680203 0.037142857142857144 0.09898477157360405
3 0.19428571428571428 0.4898477157360406 0.04428571428571428 0.04060913705583756
5 0.2639285714285714 0.6376903553299492 0.03785714285714286 0.15862944162436546
5 0.35892857142857143 0.2969543147208122 0.052142857142857144 0.10913705583756345
3 0.09607142857142857 0.25380710659898476 0.019285714285714285 0.05837563451776649
3 0.07428571428571429 0.2519035532994924 0.022857142857142857 0.06218274111675126
3 0.21285714285714286 0.2081218274111675 0.027142857142857142 0.04314720812182741
3 0.041428571428571426 0.3699238578680203 0.03428571428571429 0.04695431472081218
3 0.06892857142857142 0.3515228426395939 0.030714285714285715 0.03807106598984771
3 0.09 0.33248730964467005 0.032857142857142856 0.03807106598984771
8 0.20142857142857143 0.657994923857868 0.07142857142857142 0.20431472081218272
0 0.6207142857142857 0.19543147208121825 0.005714285714285714 0.02284263959390863
0 0.6253571428571428 0.1916243654822335 0.0064285714285714285 0.025380710659898477
3 0.9010714285714285 0.055837563451776644 0.019285714285714285 0.03045685279187817
3 0.9478571428571428 0.08375634517766496 0.02142857142857143 0.03045685279187817
3 0.9653571428571428 0.09137055837563451 0.02214285714285714 0.04060913705583756
3 0.9803571428571428 0.10025380710659898 0.019285714285714285 0.032994923857868015
3 0.9692857142857143 0.01967005076142132 0.02142857142857143 0.031725888324873094
3 0.9382142857142857 0.03045685279187817 0.02214285714285714 0.035532994923857864
3 0.9825 0.03045685279187817 0.019285714285714285 0.025380710659898477
3 0.9707142857142858 0.04885786802030456 0.018571428571428572 0.031725888324873094
3 0.9207142857142857 0.02284263959390863 0.018571428571428572 0.032994923857868015
3 0.795 0.6345177664974618 0.054285714285714284 0.04568527918781726
3 0.8332142857142857 0.815989847715736 0.05928571428571429 0.06091370558375634
3 0.6910714285714286 0.9720812182741116 0.027857142857142858 0.053299492385786795
