7 0.38517745302713985 0.7328385899814471 0.039665970772442584 0.0686456400742115
0 0.4018789144050104 0.7068645640074211 0.009394572025052192 0.03710575139146568
0 0.38830897703549055 0.6892393320964749 0.011482254697286011 0.022263450834879406
0 0.4010960334029227 0.6906307977736549 0.009916492693110646 0.03432282003710575
1 0.39692066805845505 0.6781076066790352 0.010960334029227557 0.027829313543599257
0 0.4073590814196242 0.6859925788497218 0.007828810020876827 0.03803339517625232
3 0.4219728601252609 0.6581632653061225 0.02974947807933194 0.045454545454545456
3 0.4245824634655532 0.62708719851577 0.017223382045929016 0.0352504638218924
0 0.39926931106471814 0.6447124304267161 0.008350730688935281 0.03339517625231911
5 0.45276617954070975 0.5602968460111317 0.04227557411273486 0.15955473098330242
0 0.46033402922755734 0.5041743970315399 0.005219206680584551 0.02319109461966605
4 0.5274008350730688 0.6205936920222634 0.019311064718162838 0.05380333951762523
9 0.5240083507306889 0.5923005565862709 0.015657620041753653 0.021335807050092765
9 0.532098121085595 0.602504638218924 0.015135699373695197 0.02504638218923933
3 0.5227035490605427 0.5037105751391465 0.017223382045929016 0.0352504638218924
0 0.48121085594989554 0.40166975881261596 0.0041753653444676405 0.020408163265306124
3 0.5208768267223381 0.42393320964749537 0.013569937369519832 0.022263450834879406
5 0.46868475991649267 0.4100185528756957 0.024008350730688934 0.07977736549165121
5 0.4994780793319415 0.3293135435992579 0.014613778705636741 0.03710575139146568
1 0.4861691022964509 0.3010204081632653 0.0026096033402922755 0.008348794063079777
9 0.4861691022964509 0.3042671614100186 0.0026096033402922755 0.0074211502782931356
7 0.4939979123173277 0.2977736549165121 0.004697286012526096 0.011131725417439703
7 0.5112212943632567 0.28385899814471244 0.0036534446764091852 0.00927643784786642
3 0.49686847599164924 0.2527829313543599 0.0041753653444676405 0.006493506493506494
1 0.5106993736951982 0.27040816326530615 0.0026096033402922755 0.00463821892393321
9 0.5106993736951982 0.2717996289424861 0.0026096033402922755 0.0037105751391465678
3 0.5130480167014613 0.26391465677179965 0.0041753653444676405 0.010204081632653062
3 0.5109603340292275 0.2588126159554731 0.005219206680584551 0.0074211502782931356
3 0.5130480167014613 0.25185528756957326 0.0041753653444676405 0.010204081632653062
3 0.9224947807933194 0.5051020408163266 0.02766179540709812 0.0287569573283859
4 0.8898747390396659 0.48794063079777367 0.030271398747390394 0.0352504638218924
7 0.7946242171189978 0.525974025974026 0.019311064718162838 0.03710575139146568
0 0.7742693110647181 0.5064935064935066 0.008872651356993735 0.022263450834879406
1 0.9076200417536534 0.5213358070500927 0.0073068893528183704 0.011131725417439703
1 0.5743736951983298 0.6038961038961039 0.009916492693110646 0.025974025974025976
6 0.5892484342379958 0.5946196660482375 0.016701461377870562 0.03896103896103896
5 0.6082985386221293 0.336734693877551 0.03183716075156576 0.02411873840445269
5 0.6187369519832985 0.34786641929499074 0.020354906054279746 0.027829313543599257
5 0.6263048016701461 0.3450834879406308 0.026096033402922752 0.027829313543599257
6 0.4149269311064718 0.7156771799628943 0.016701461377870562 0.049165120593692026
