3 0.3485714285714286 0.05333333333333333 0.11285714285714285 0.08952380952380952
3 0.5467857142857143 0.04428571428571428 0.13214285714285715 0.08476190476190476
3 0.735 0.05523809523809524 0.13142857142857142 0.09333333333333334
5 0.76 0.23 0.18 0.11523809523809524
3 0.9517857142857142 0.4719047619047619 0.09642857142857143 0.09047619047619047
4 0.2889285714285714 0.29333333333333333 0.17214285714285715 0.10285714285714286
0 0.32071428571428573 0.24333333333333335 0.015714285714285715 0.021904761904761906
0 0.34464285714285714 0.3180952380952381 0.025 0.05142857142857143
9 0.06 0.2580952380952381 0.032857142857142856 0.06857142857142857
0 0.22142857142857142 0.3219047619047619 0.015714285714285715 0.047619047619047616
0 0.2985714285714286 0.5542857142857143 0.027142857142857142 0.02857142857142857
0 0.36892857142857144 0.46523809523809523 0.02214285714285714 0.040952380952380955
0 0.4164285714285714 0.59 0.024285714285714285 0.037142857142857144
0 0.37857142857142856 0.6461904761904762 0.024285714285714285 0.040952380952380955
0 0.37535714285714283 0.7885714285714286 0.029285714285714286 0.04
0 0.3517857142857143 0.8295238095238096 0.03642857142857143 0.03428571428571429
0 0.31607142857142856 0.8480952380952381 0.03214285714285714 0.03142857142857143
0 0.2867857142857143 0.8457142857142858 0.023571428571428573 0.03238095238095238
0 0.3225 0.8157142857142857 0.020714285714285713 0.04285714285714286
0 0.3407142857142857 0.7861904761904762 0.025714285714285714 0.03333333333333333
0 0.33464285714285713 0.7509523809523809 0.020714285714285713 0.03142857142857143
0 0.29928571428571427 0.809047619047619 0.02 0.03333333333333333
0 0.30357142857142855 0.7485714285714286 0.024285714285714285 0.02857142857142857
0 0.2675 0.8047619047619048 0.029285714285714286 0.03238095238095238
0 0.30178571428571427 0.6857142857142857 0.025 0.030476190476190476
0 0.3 0.7185714285714285 0.04285714285714286 0.037142857142857144
0 0.2725 0.7323809523809524 0.04214285714285714 0.030476190476190476
0 0.2885714285714286 0.7747619047619048 0.037142857142857144 0.02761904761904762
0 0.3585714285714286 0.7428571428571429 0.025714285714285714 0.03428571428571429
0 0.3317857142857143 0.6861904761904762 0.03214285714285714 0.037142857142857144
2 0.2839285714285714 0.9371428571428572 0.065 0.030476190476190476
2 0.2775 0.8842857142857142 0.062142857142857146 0.02761904761904762
2 0.28285714285714286 0.9061904761904762 0.06285714285714286 0.037142857142857144
0 0.6128571428571429 0.7647619047619048 0.025714285714285714 0.047619047619047616
3 0.6664285714285715 0.950952380952381 0.07857142857142857 0.09428571428571429
3 0.8110714285714286 0.6776190476190476 0.12357142857142857 0.0980952380952381
