4 0.6214285714285714 0.8591370558375634 0.024285714285714285 0.050761421319796954
3 0.6528571428571428 0.9593908629441623 0.017142857142857144 0.04314720812182741
3 0.6235714285714286 0.9885786802030456 0.011428571428571429 0.02030456852791878
8 0.6914285714285714 0.6890862944162436 0.03571428571428571 0.06091370558375634
3 0.7003571428571429 0.732233502538071 0.023571428571428573 0.04314720812182741
3 0.7335714285714285 0.6757614213197969 0.022857142857142857 0.03934010152284264
3 0.7182142857142857 0.5145939086294415 0.029285714285714286 0.03934010152284264
3 0.5692857142857143 0.5266497461928934 0.012857142857142857 0.03807106598984771
3 0.5664285714285714 0.46510152284263956 0.011428571428571429 0.049492385786802026
3 0.6042857142857143 0.41180203045685276 0.011428571428571429 0.04441624365482233
3 0.6178571428571429 0.2931472081218274 0.012857142857142857 0.04568527918781726
3 0.6182142857142857 0.21256345177664973 0.010714285714285714 0.05456852791878172
5 0.5828571428571429 0.39847715736040606 0.015714285714285715 0.07614213197969542
4 0.6257142857142857 0.4879441624365482 0.012857142857142857 0.052030456852791875
4 0.585 0.4828680203045685 0.011428571428571429 0.049492385786802026
4 0.6217857142857143 0.4111675126903553 0.010714285714285714 0.04314720812182741
4 0.6189285714285714 0.34644670050761417 0.012142857142857143 0.048223350253807105
8 0.6046428571428571 0.48477157360406087 0.015 0.07106598984771573
8 0.6014285714285714 0.33248730964467005 0.015714285714285715 0.06852791878172589
8 0.6014285714285714 0.22652284263959388 0.011428571428571429 0.052030456852791875
9 0.5675 0.37373096446700504 0.005 0.019035532994923856
1 0.5678571428571428 0.36865482233502533 0.002857142857142857 0.011421319796954314
4 0.6157142857142857 0.06535532994923858 0.012857142857142857 0.04695431472081218
4 0.5985714285714285 0.15418781725888323 0.011428571428571429 0.049492385786802026
4 0.6178571428571429 0.13007614213197968 0.012857142857142857 0.049492385786802026
4 0.5967857142857143 0.08248730964467005 0.010714285714285714 0.048223350253807105
5 0.6178571428571429 0.013324873096446699 0.014285714285714285 0.026649746192893398
3 0.5807142857142857 0.10279187817258882 0.012857142857142857 0.04568527918781726
5 0.9325 0.9593908629441623 0.05357142857142857 0.06852791878172589
3 0.9485714285714286 0.9790609137055837 0.024285714285714285 0.031725888324873094
8 0.9335714285714286 0.17385786802030456 0.015714285714285715 0.06091370558375634
3 0.8871428571428571 0.09010152284263959 0.014285714285714285 0.04568527918781726
