8 0.5225 0.13071065989847716 0.012142857142857143 0.032994923857868015
8 0.5307142857142857 0.26205583756345174 0.025714285714285714 0.05456852791878172
5 0.45035714285714284 0.3172588832487309 0.02214285714285714 0.04314720812182741
4 0.4925 0.35913705583756345 0.013571428571428571 0.025380710659898477
3 0.24928571428571428 0.8458121827411167 0.06571428571428571 0.06725888324873096
3 0.42214285714285715 0.6840101522842639 0.037142857142857144 0.07614213197969542
4 0.48678571428571427 0.5793147208121827 0.03785714285714286 0.06218274111675126
3 0.4442857142857143 0.5012690355329948 0.032857142857142856 0.03807106598984771
3 0.5121428571428571 0.46573604060913704 0.03142857142857143 0.035532994923857864
4 0.5953571428571428 0.48350253807106597 0.030714285714285715 0.050761421319796954
5 0.6932142857142857 0.37309644670050757 0.055 0.07868020304568528
5 0.8228571428571428 0.26015228426395937 0.03 0.03045685279187817
3 0.8882142857142857 0.22271573604060912 0.019285714285714285 0.019035532994923856
3 0.9435714285714286 0.18274111675126903 0.015714285714285715 0.02030456852791878
3 0.9867857142857143 0.1681472081218274 0.015 0.019035532994923856
3 0.6560714285714285 0.5418781725888324 0.030714285714285715 0.032994923857868015
3 0.6839285714285714 0.5203045685279187 0.029285714285714286 0.032994923857868015
3 0.7092857142857143 0.4949238578680203 0.017142857142857144 0.035532994923857864
3 0.76 0.49999999999999994 0.025714285714285714 0.025380710659898477
3 0.7303571428571428 0.4815989847715736 0.019285714285714285 0.03680203045685279
3 0.7578571428571429 0.46002538071065985 0.017142857142857144 0.024111675126903553
3 0.7764285714285715 0.4416243654822335 0.017142857142857144 0.027918781725888322
3 0.7525 0.4422588832487309 0.016428571428571428 0.026649746192893398
3 0.8996428571428572 0.35215736040609136 0.015 0.024111675126903553
4 0.5935714285714285 0.7544416243654821 0.027142857142857142 0.05456852791878172
3 0.5496428571428571 0.7519035532994923 0.025 0.049492385786802026
3 0.55 0.8857868020304568 0.025714285714285714 0.06345177664974619
3 0.7371428571428571 0.6592639593908629 0.02 0.03934010152284264
3 0.7735714285714286 0.6903553299492385 0.032857142857142856 0.03807106598984771
3 0.7921428571428571 0.6389593908629441 0.04 0.049492385786802026
3 0.8025 0.6173857868020304 0.02214285714285714 0.026649746192893398
3 0.83 0.5590101522842639 0.022857142857142857 0.03934010152284264
3 0.8489285714285715 0.5748730964467005 0.020714285714285713 0.03807106598984771
3 0.87 0.581218274111675 0.022857142857142857 0.03807106598984771
3 0.8871428571428571 0.5945431472081217 0.02 0.03680203045685279
3 0.9082142857142858 0.6059644670050761 0.020714285714285713 0.03934010152284264
3 0.93 0.6211928934010151 0.02 0.04187817258883248
3 0.9514285714285714 0.633248730964467 0.02142857142857143 0.04568527918781726
3 0.9764285714285714 0.640228426395939 0.02142857142857143 0.052030456852791875
4 0.9157142857142857 0.6903553299492385 0.04857142857142857 0.050761421319796954
3 0.9082142857142858 0.7170050761421319 0.045 0.048223350253807105
5 0.7971428571428572 0.766497461928934 0.06285714285714286 0.10406091370558375
5 0.8532142857142857 0.8039340101522842 0.06928571428571428 0.11802030456852791
5 0.8846428571428572 0.8204314720812182 0.060714285714285714 0.12563451776649745
5 0.9717857142857143 0.9124365482233502 0.056428571428571425 0.12690355329949238
4 0.9446428571428571 0.8261421319796953 0.029285714285714286 0.053299492385786795
3 0.9185714285714286 0.8121827411167513 0.02857142857142857 0.050761421319796954
5 0.6821428571428572 0.8432741116751269 0.054285714285714284 0.0748730964467005
5 0.6978571428571428 0.8781725888324873 0.054285714285714284 0.06852791878172589
5 0.7146428571428571 0.9098984771573604 0.04357142857142857 0.07614213197969542
5 0.7492857142857143 0.9403553299492385 0.041428571428571426 0.08121827411167512
5 0.7882142857142858 0.9473350253807106 0.05071428571428571 0.09517766497461928
5 0.82 0.9708121827411167 0.06142857142857143 0.055837563451776644
5 0.9832142857142857 0.12499999999999999 0.02214285714285714 0.029187817258883246
3 0.9642857142857143 0.1351522842639594 0.012857142857142857 0.016497461928934008
4 0.9414285714285714 0.2836294416243655 0.024285714285714285 0.024111675126903553
4 0.7553571428571428 0.40164974619289334 0.023571428571428573 0.026649746192893398
4 0.7360714285714286 0.41053299492385786 0.017857142857142856 0.029187817258883246
3 0.6692857142857143 0.48540609137055835 0.018571428571428572 0.021573604060913704
3 0.8557142857142858 0.5393401015228426 0.015714285714285715 0.03807106598984771
3 0.8471428571428572 0.49238578680203043 0.024285714285714285 0.02030456852791878
3 0.8828571428571429 0.5564720812182741 0.02 0.04187817258883248
3 0.9053571428571429 0.5697969543147208 0.020714285714285713 0.04060913705583756
3 0.9303571428571429 0.581218274111675 0.019285714285714285 0.04060913705583756
3 0.9578571428571429 0.6034263959390862 0.02 0.04187817258883248
3 0.6910714285714286 0.4460659898477157 0.016428571428571428 0.026649746192893398
3 0.5117857142857143 0.09771573604060912 0.0064285714285714285 0.012690355329949238
3 0.5135714285714286 0.07931472081218273 0.007142857142857143 0.016497461928934008
8 0.46 0.23667512690355327 0.02 0.052030456852791875
3 0.5110714285714286 0.1763959390862944 0.009285714285714286 0.02030456852791878
0 0.4903571428571429 0.774746192893401 0.013571428571428571 0.03680203045685279
0 0.4882142857142857 0.8991116751269035 0.013571428571428571 0.03680203045685279
3 0.9042857142857142 0.28553299492385786 0.027142857142857142 0.017766497461928932
