3 0.32535714285714284 0.8338095238095238 0.08785714285714286 0.1438095238095238
4 0.12035714285714286 0.4614285714285714 0.12357142857142857 0.17238095238095238
3 0.22607142857142856 0.4661904761904762 0.10214285714285715 0.15523809523809523
3 0.33214285714285713 0.4642857142857143 0.10571428571428572 0.15333333333333332
1 0.08535714285714285 0.15761904761904763 0.03785714285714286 0.03333333333333333
1 0.015714285714285715 0.04523809523809524 0.024285714285714285 0.03142857142857143
2 0.09071428571428572 0.17285714285714285 0.032857142857142856 0.04285714285714286
9 0.023928571428571428 0.04904761904761905 0.04642857142857143 0.05047619047619047
9 0.0225 0.16285714285714287 0.04357142857142857 0.045714285714285714
9 0.2953571428571429 0.6947619047619048 0.04928571428571429 0.04857142857142857
9 0.31857142857142856 0.6504761904761904 0.045714285714285714 0.0380952380952381
9 0.3375 0.6214285714285714 0.03785714285714286 0.05619047619047619
9 0.38321428571428573 0.5604761904761905 0.04214285714285714 0.04476190476190476
1 0.3921428571428571 0.5685714285714286 0.017142857142857144 0.022857142857142857
9 0.39714285714285713 0.5323809523809524 0.037142857142857144 0.0419047619047619
9 0.3607142857142857 0.5814285714285714 0.03857142857142857 0.05238095238095238
1 0.37 0.5928571428571429 0.02 0.025714285714285714
0 0.4228571428571429 0.9261904761904762 0.02142857142857143 0.03333333333333333
9 0.2392857142857143 0.8333333333333334 0.041428571428571426 0.05523809523809524
9 0.2567857142857143 0.7814285714285715 0.047857142857142855 0.037142857142857144
9 0.27464285714285713 0.7452380952380953 0.04357142857142857 0.040952380952380955
3 0.3967857142857143 0.8709523809523809 0.09785714285714285 0.18
0 0.25535714285714284 0.9457142857142857 0.029285714285714286 0.03619047619047619
0 0.2257142857142857 0.8804761904761905 0.03571428571428571 0.037142857142857144
0 0.25785714285714284 0.8885714285714286 0.024285714285714285 0.0380952380952381
0 0.2225 0.9338095238095238 0.03214285714285714 0.03333333333333333
0 0.25785714285714284 0.9161904761904762 0.02142857142857143 0.024761904761904763
0 0.25035714285714283 0.9376190476190476 0.020714285714285713 0.02
0 0.23857142857142857 0.9514285714285714 0.02857142857142857 0.022857142857142857
0 0.225 0.9042857142857142 0.03 0.025714285714285714
0 0.24785714285714286 0.9 0.025714285714285714 0.01904761904761905
3 0.6992857142857143 0.5866666666666667 0.11857142857142858 0.1219047619047619
0 0.6492857142857142 0.19333333333333333 0.02 0.0380952380952381
0 0.6507142857142857 0.27380952380952384 0.018571428571428572 0.03142857142857143
0 0.8575 0.8557142857142858 0.039285714285714285 0.03142857142857143
3 0.7664285714285715 0.9166666666666666 0.09 0.16666666666666666
3 0.8539285714285715 0.9471428571428572 0.09071428571428572 0.10571428571428572
0 0.018571428571428572 0.30428571428571427 0.03571428571428571 0.037142857142857144
0 0.0275 0.20095238095238097 0.029285714285714286 0.045714285714285714
9 0.035 0.19238095238095237 0.05 0.030476190476190476
9 0.026785714285714284 0.23047619047619047 0.047857142857142855 0.047619047619047616
9 0.0175 0.2523809523809524 0.035 0.0380952380952381
4 0.2760714285714286 0.054285714285714284 0.07071428571428572 0.10857142857142857
4 0.4660714285714286 0.9338095238095238 0.09642857142857143 0.13238095238095238
