3 0.3271428571428571 0.8280952380952381 0.05857142857142857 0.16476190476190475
3 0.3339285714285714 0.6347619047619047 0.062142857142857146 0.14952380952380953
3 0.3432142857142857 0.4438095238095238 0.052142857142857144 0.14666666666666667
3 0.3492857142857143 0.26904761904761904 0.04857142857142857 0.12666666666666668
4 0.35892857142857143 0.13952380952380952 0.04642857142857143 0.12285714285714286
9 0.29892857142857143 0.1957142857142857 0.020714285714285713 0.04857142857142857
9 0.2714285714285714 0.6576190476190477 0.024285714285714285 0.06571428571428571
0 0.2782142857142857 0.8509523809523809 0.02214285714285714 0.035238095238095235
3 0.6914285714285714 0.9376190476190476 0.05857142857142857 0.12476190476190477
3 0.7946428571428571 0.959047619047619 0.12357142857142857 0.08
0 0.8903571428571428 0.89 0.03214285714285714 0.02761904761904762
3 0.7807142857142857 0.6823809523809524 0.10142857142857142 0.07142857142857142
3 0.7746428571428572 0.6023809523809524 0.11357142857142857 0.07142857142857142
3 0.7646428571428572 0.5228571428571429 0.10642857142857143 0.07047619047619047
3 0.6732142857142858 0.569047619047619 0.05357142857142857 0.15333333333333332
3 0.6603571428571429 0.37952380952380954 0.047857142857142855 0.13428571428571429
3 0.6517857142857143 0.22428571428571428 0.04357142857142857 0.11333333333333333
3 0.7421428571428571 0.1819047619047619 0.1 0.06095238095238095
3 0.7442857142857143 0.11714285714285715 0.09857142857142857 0.06476190476190476
3 0.9682142857142857 0.24523809523809523 0.06357142857142857 0.06761904761904762
4 0.9589285714285715 0.12095238095238095 0.08214285714285714 0.07047619047619047
9 0.9764285714285714 0.018095238095238095 0.041428571428571426 0.03619047619047619
3 0.7310714285714286 0.01904761904761905 0.10071428571428571 0.0380952380952381
0 0.9285714285714286 0.46904761904761905 0.024285714285714285 0.023809523809523808
0 0.9403571428571429 0.4757142857142857 0.016428571428571428 0.021904761904761906
1 0.575 0.12095238095238095 0.015714285714285715 0.02857142857142857
9 0.5732142857142857 0.12523809523809523 0.017857142857142856 0.06571428571428571
