0 0.19535714285714287 0.4057142857142857 0.020714285714285713 0.045714285714285714
0 0.42607142857142855 0.4 0.015 0.045714285714285714
0 0.6067857142857143 0.3761904761904762 0.012142857142857143 0.045714285714285714
1 0.4732142857142857 0.4157142857142857 0.010714285714285714 0.023809523809523808
1 0.4857142857142857 0.4157142857142857 0.012857142857142857 0.025714285714285714
1 0.5139285714285714 0.40285714285714286 0.017857142857142856 0.02857142857142857
1 0.4732142857142857 0.379047619047619 0.017857142857142856 0.024761904761904763
1 0.49142857142857144 0.38285714285714284 0.011428571428571429 0.030476190476190476
1 0.5103571428571428 0.38285714285714284 0.013571428571428571 0.024761904761904763
1 0.47535714285714287 0.3676190476190476 0.015 0.01904761904761905
1 0.5028571428571429 0.38095238095238093 0.014285714285714285 0.026666666666666665
0 0.5275 0.3504761904761905 0.010714285714285714 0.03619047619047619
0 0.5353571428571429 0.3466666666666667 0.009285714285714286 0.04
0 0.5267857142857143 0.3419047619047619 0.010714285714285714 0.0419047619047619
1 0.6010714285714286 0.30857142857142855 0.017857142857142856 0.02095238095238095
1 0.9035714285714286 0.0919047619047619 0.011428571428571429 0.021904761904761906
1 0.9085714285714286 0.09428571428571429 0.012857142857142857 0.02095238095238095
1 0.8221428571428572 0.07238095238095238 0.008571428571428572 0.01904761904761905
1 0.8417857142857142 0.06857142857142857 0.0064285714285714285 0.017142857142857144
1 0.835 0.0761904761904762 0.007142857142857143 0.02095238095238095
1 0.8289285714285715 0.07428571428571429 0.0064285714285714285 0.017142857142857144
0 0.8089285714285714 0.7438095238095238 0.029285714285714286 0.05523809523809524
1 0.6246428571428572 0.11285714285714285 0.009285714285714286 0.014285714285714285
1 0.6146428571428572 0.11 0.012142857142857143 0.012380952380952381
1 0.6125 0.10428571428571429 0.007857142857142858 0.010476190476190476
1 0.6228571428571429 0.10714285714285714 0.01 0.012380952380952381
