3 0.5310714285714285 0.03 0.052142857142857144 0.06
3 0.5385714285714286 0.11666666666666667 0.06142857142857143 0.14
3 0.5214285714285715 0.26285714285714284 0.06285714285714286 0.13142857142857142
4 0.5192857142857142 0.4195238095238095 0.14142857142857143 0.2123809523809524
3 0.4992857142857143 0.6423809523809524 0.08857142857142856 0.23523809523809525
3 0.4675 0.9161904761904762 0.095 0.1676190476190476
3 0.9696428571428571 0.9128571428571428 0.060714285714285714 0.17238095238095238
3 0.9453571428571429 0.6076190476190476 0.10928571428571429 0.1980952380952381
3 0.8971428571428571 0.38666666666666666 0.08571428571428572 0.14285714285714285
3 0.8535714285714285 0.2061904761904762 0.08 0.11142857142857143
3 0.8314285714285714 0.09761904761904762 0.06714285714285714 0.08857142857142856
