3 0.7275574112734864 0.7824675324675325 0.12630480167014613 0.19387755102040816
3 0.6411795407098121 0.5449907235621522 0.06419624217118998 0.09369202226345083
7 0.3679540709812108 0.8000927643784786 0.09498956158663882 0.20500927643784786
3 0.32672233820459284 0.700834879406308 0.1033402922755741 0.17717996289424862
3 0.46868475991649267 0.5139146567717996 0.045929018789144044 0.0705009276437848
9 0.9373695198329853 0.6433209647495362 0.07098121085594988 0.07328385899814471
9 0.9295407098121085 0.62569573283859 0.057411273486430055 0.07142857142857142
7 0.8551670146137786 0.5510204081632654 0.055845511482254695 0.08905380333951762
1 0.8181106471816283 0.5630797773654916 0.028705636743215027 0.07792207792207792
6 0.8228079331941545 0.5398886827458256 0.03914405010438413 0.04267161410018553
6 0.7792275574112734 0.4730983302411874 0.05427974947807933 0.04452690166975881
2 0.806367432150313 0.487012987012987 0.020876826722338204 0.029684601113172542
2 0.8037578288100208 0.49860853432282004 0.028183716075156573 0.03803339517625232
2 0.8272442588726513 0.5064935064935066 0.032359081419624215 0.04267161410018553
2 0.8233298538622129 0.5255102040816326 0.02974947807933194 0.041743970315398886
9 0.8102818371607515 0.4902597402597403 0.03496868475991649 0.045454545454545456
6 0.8191544885177452 0.5060296846011132 0.03914405010438413 0.049165120593692026
2 0.8436847599164926 0.5255102040816326 0.0360125260960334 0.041743970315398886
9 0.7056367432150312 0.5 0.039665970772442584 0.04267161410018553
9 0.7223382045929018 0.5092764378478665 0.028183716075156573 0.03153988868274583
9 0.7630480167014613 0.514378478664193 0.03444676409185803 0.043599257884972174
0 0.6038622129436325 0.4689239332096475 0.012526096033402922 0.043599257884972174
1 0.5169624217118998 0.5060296846011132 0.015135699373695197 0.043599257884972174
9 0.517223382045929 0.5120593692022264 0.016701461377870562 0.055658627087198514
4 0.4501565762004175 0.45871985157699446 0.03810020876826722 0.09369202226345083
3 0.4731210855949895 0.4179035250463822 0.02453027139874739 0.045454545454545456
3 0.5005219206680585 0.39564007421150277 0.024008350730688934 0.039888682745825604
0 0.5660229645093945 0.40816326530612246 0.007828810020876827 0.03710575139146568
5 0.5848121085594989 0.40862708719851576 0.02453027139874739 0.05102040816326531
4 0.572286012526096 0.39053803339517623 0.02139874739039666 0.03710575139146568
3 0.5665448851774529 0.35018552875695735 0.022442588726513567 0.021335807050092765
7 0.5375782881002087 0.3334879406307978 0.008350730688935281 0.015769944341372914
7 0.5300104384133612 0.3293135435992579 0.0057411273486430055 0.016697588126159554
7 0.5187891440501043 0.35992578849721707 0.011482254697286011 0.027829313543599257
1 0.5088726513569937 0.36363636363636365 0.006263048016701461 0.014842300556586271
1 0.4984342379958246 0.3654916512059369 0.005219206680584551 0.014842300556586271
1 0.5044363256784968 0.34137291280148424 0.0036534446764091852 0.011131725417439703
1 0.5007828810020877 0.3362708719851577 0.0036534446764091852 0.010204081632653062
1 0.5130480167014613 0.31586270871985156 0.0031315240083507304 0.008348794063079777
1 0.5198329853862212 0.3144712430426716 0.0020876826722338203 0.0055658627087198514
0 0.5169624217118998 0.3163265306122449 0.0026096033402922755 0.00927643784786642
9 0.5206158663883089 0.31586270871985156 0.0026096033402922755 0.006493506493506494
9 0.5140918580375783 0.3177179962894249 0.0031315240083507304 0.008348794063079777
9 0.5044363256784968 0.34461966604823746 0.004697286012526096 0.012059369202226345
9 0.5002609603340292 0.3390538033395176 0.0036534446764091852 0.010204081632653062
9 0.4986951983298538 0.3692022263450835 0.0057411273486430055 0.016697588126159554
9 0.5086116910229644 0.3692022263450835 0.0057411273486430055 0.01855287569573284
1 0.5448851774530271 0.38311688311688313 0.008350730688935281 0.022263450834879406
9 0.545929018789144 0.3868274582560297 0.008350730688935281 0.022263450834879406
9 0.49243215031315235 0.3692022263450835 0.004697286012526096 0.016697588126159554
1 0.4916492693110647 0.3654916512059369 0.0041753653444676405 0.012987012987012988
4 0.532098121085595 0.326530612244898 0.012004175365344467 0.014842300556586271
4 0.5143528183716075 0.3102968460111317 0.004697286012526096 0.008348794063079777
7 0.519572025052192 0.3079777365491651 0.0036534446764091852 0.0074211502782931356
