3 0.43 0.5871428571428572 0.008571428571428572 0.006666666666666666
3 0.45964285714285713 0.5619047619047619 0.0064285714285714285 0.0038095238095238095
3 0.465 0.5633333333333334 0.004285714285714286 0.004761904761904762
3 0.5264285714285715 0.56 0.002857142857142857 0.0038095238095238095
3 0.5221428571428571 0.559047619047619 0.002857142857142857 0.0038095238095238095
3 0.5192857142857142 0.5557142857142857 0.002857142857142857 0.002857142857142857
3 0.5171428571428571 0.5661904761904762 0.002857142857142857 0.002857142857142857
3 0.52 0.570952380952381 0.002857142857142857 0.002857142857142857
3 0.5192857142857142 0.5680952380952381 0.002857142857142857 0.002857142857142857
3 0.5253571428571429 0.57 0.0035714285714285713 0.004761904761904762
3 0.5157142857142857 0.5771428571428572 0.002857142857142857 0.0038095238095238095
3 0.5110714285714286 0.5814285714285714 0.0035714285714285713 0.004761904761904762
3 0.5157142857142857 0.5842857142857143 0.002857142857142857 0.004761904761904762
3 0.5178571428571429 0.5876190476190476 0.004285714285714286 0.005714285714285714
3 0.5114285714285715 0.5923809523809523 0.004285714285714286 0.0038095238095238095
3 0.49964285714285717 0.5980952380952381 0.005 0.005714285714285714
3 0.5035714285714286 0.6052380952380952 0.005714285714285714 0.006666666666666666
8 0.5410714285714285 0.5676190476190476 0.005 0.007619047619047619
8 0.5435714285714286 0.5747619047619048 0.004285714285714286 0.010476190476190476
3 0.5403571428571429 0.5866666666666667 0.0035714285714285713 0.0038095238095238095
3 0.5371428571428571 0.5752380952380952 0.004285714285714286 0.0038095238095238095
5 0.5367857142857143 0.5647619047619048 0.0035714285714285713 0.005714285714285714
3 0.5314285714285715 0.5847619047619048 0.004285714285714286 0.0038095238095238095
3 0.5489285714285714 0.5761904761904761 0.0035714285714285713 0.005714285714285714
3 0.5485714285714286 0.5738095238095238 0.004285714285714286 0.002857142857142857
3 0.5403571428571429 0.6342857142857142 0.0064285714285714285 0.007619047619047619
3 0.5003571428571428 0.6214285714285714 0.0064285714285714285 0.008571428571428572
3 0.48428571428571426 0.6133333333333333 0.007142857142857143 0.007619047619047619
3 0.5789285714285715 0.5966666666666667 0.009285714285714286 0.004761904761904762
3 0.6075 0.6038095238095238 0.009285714285714286 0.005714285714285714
5 0.5832142857142857 0.6033333333333334 0.012142857142857143 0.008571428571428572
5 0.5889285714285715 0.6123809523809524 0.015 0.011428571428571429
5 0.5664285714285714 0.6090476190476191 0.004285714285714286 0.006666666666666666
3 0.5821428571428572 0.63 0.015714285714285715 0.006666666666666666
3 0.5810714285714286 0.6328571428571429 0.013571428571428571 0.006666666666666666
3 0.5903571428571428 0.6595238095238095 0.016428571428571428 0.008571428571428572
0 0.5707142857142857 0.7142857142857143 0.002857142857142857 0.011428571428571429
5 0.6557142857142857 0.7052380952380952 0.012857142857142857 0.029523809523809525
0 0.6814285714285714 0.7085714285714285 0.004285714285714286 0.011428571428571429
3 0.6621428571428571 0.7247619047619047 0.02 0.015238095238095238
3 0.6803571428571429 0.7333333333333333 0.02642857142857143 0.013333333333333332
3 0.6917857142857143 0.7428571428571429 0.025 0.017142857142857144
3 0.7042857142857143 0.7509523809523809 0.022857142857142857 0.018095238095238095
3 0.7185714285714285 0.7566666666666667 0.027142857142857142 0.018095238095238095
3 0.7835714285714286 0.7757142857142857 0.02857142857142857 0.021904761904761906
3 0.8303571428571429 0.7942857142857143 0.023571428571428573 0.02095238095238095
3 0.8635714285714285 0.8080952380952381 0.024285714285714285 0.021904761904761906
3 0.4642857142857143 0.6461904761904762 0.008571428571428572 0.012380952380952381
5 0.4407142857142857 0.6733333333333333 0.014285714285714285 0.024761904761904763
3 0.44142857142857145 0.7023809523809523 0.012857142857142857 0.014285714285714285
3 0.4125 0.74 0.017857142857142856 0.022857142857142857
3 0.42642857142857143 0.7795238095238095 0.017142857142857144 0.02761904761904762
3 0.3364285714285714 0.78 0.022857142857142857 0.024761904761904763
3 0.33964285714285714 0.8942857142857142 0.030714285714285715 0.045714285714285714
3 0.2875 0.9347619047619048 0.039285714285714285 0.05619047619047619
3 0.26857142857142857 0.9080952380952381 0.037142857142857144 0.04857142857142857
0 0.38285714285714284 0.6952380952380952 0.002857142857142857 0.011428571428571429
0 0.3767857142857143 0.6933333333333334 0.002142857142857143 0.011428571428571429
0 0.37392857142857144 0.6923809523809524 0.002142857142857143 0.011428571428571429
0 0.3846428571428571 0.6828571428571428 0.002142857142857143 0.009523809523809525
0 0.39321428571428574 0.6823809523809524 0.002142857142857143 0.010476190476190476
0 0.3917857142857143 0.6919047619047619 0.002142857142857143 0.010476190476190476
0 0.3939285714285714 0.6919047619047619 0.002142857142857143 0.012380952380952381
