3 0.39464285714285713 0.9433333333333334 0.056428571428571425 0.11333333333333333
4 0.5057142857142857 0.9547619047619048 0.06142857142857143 0.09047619047619047
9 0.7760714285714285 0.9452380952380952 0.04642857142857143 0.035238095238095235
9 0.7703571428571429 0.9047619047619048 0.05071428571428571 0.03428571428571429
3 0.6646428571428571 0.7042857142857143 0.09071428571428572 0.06761904761904762
3 0.6210714285714286 0.5938095238095238 0.12357142857142857 0.07904761904761905
9 0.7532142857142857 0.6623809523809524 0.04357142857142857 0.037142857142857144
3 0.27535714285714286 0.6771428571428572 0.05357142857142857 0.14666666666666667
4 0.2764285714285714 0.8647619047619047 0.05714285714285714 0.15428571428571428
4 0.45714285714285713 0.1019047619047619 0.041428571428571426 0.10666666666666666
3 0.2925 0.1676190476190476 0.04642857142857143 0.11047619047619048
3 0.2975 0.06333333333333334 0.04214285714285714 0.10571428571428572
0 0.43107142857142855 0.020476190476190478 0.012142857142857143 0.037142857142857144
3 0.6225 0.4928571428571429 0.11071428571428571 0.07523809523809524
3 0.5675 0.36428571428571427 0.09357142857142857 0.06190476190476191
0 0.5932142857142857 0.4219047619047619 0.016428571428571428 0.03238095238095238
0 0.7625 0.6052380952380952 0.030714285714285715 0.035238095238095235
9 0.6857142857142857 0.6276190476190476 0.045714285714285714 0.030476190476190476
9 0.6975 0.31142857142857144 0.020714285714285713 0.05904761904761905
9 0.6642857142857143 0.2838095238095238 0.014285714285714285 0.0419047619047619
9 0.6357142857142857 0.1357142857142857 0.03428571428571429 0.02761904761904762
9 0.6275 0.11952380952380952 0.03214285714285714 0.035238095238095235
0 0.6367857142857143 0.06952380952380953 0.016428571428571428 0.04
0 0.65 0.027142857142857142 0.012857142857142857 0.040952380952380955
0 0.56 0.029523809523809525 0.015714285714285715 0.04
0 0.5267857142857143 0.19714285714285715 0.010714285714285714 0.0419047619047619
0 0.48964285714285716 0.11238095238095239 0.010714285714285714 0.04
0 0.4982142857142857 0.18571428571428572 0.017857142857142856 0.03428571428571429
0 0.4907142857142857 0.15857142857142856 0.014285714285714285 0.039047619047619046
0 0.5303571428571429 0.17476190476190476 0.010714285714285714 0.035238095238095235
0 0.53 0.16285714285714287 0.012857142857142857 0.03428571428571429
9 0.5203571428571429 0.26 0.039285714285714285 0.02857142857142857
0 0.6125 0.8433333333333334 0.017857142857142856 0.039047619047619046
1 0.49857142857142855 0.06095238095238095 0.011428571428571429 0.03619047619047619
9 0.49642857142857144 0.06285714285714286 0.03 0.026666666666666665
