0 0.4230167014613778 0.8065862708719852 0.02974947807933194 0.0640074211502783
0 0.4313674321503131 0.648886827458256 0.013048016701461376 0.049165120593692026
0 0.4360647181628392 0.6159554730983302 0.019311064718162838 0.07606679035250465
1 0.49582463465553234 0.5561224489795918 0.021920668058455113 0.043599257884972174
1 0.9138830897703548 0.851113172541744 0.027139874739039664 0.039888682745825604
2 0.5060020876826722 0.599721706864564 0.02661795407098121 0.06586270871985157
0 0.6717118997912317 0.3965677179962894 0.010438413361169102 0.045454545454545456
0 0.6466597077244258 0.39517625231910947 0.011482254697286011 0.04081632653061225
1 0.6581419624217119 0.387291280148423 0.011482254697286011 0.015769944341372914
0 0.6646659707724425 0.37894248608534326 0.0057411273486430055 0.021335807050092765
1 0.6550104384133612 0.38961038961038963 0.008350730688935281 0.012987012987012988
0 0.15474947807933193 0.5672541743970315 0.02139874739039666 0.08256029684601113
0 0.16362212943632568 0.6498144712430427 0.032881002087682666 0.08441558441558442
0 0.020876826722338204 0.7583487940630798 0.026096033402922752 0.07142857142857142
9 0.4504175365344467 0.3617810760667904 0.025052192066805843 0.055658627087198514
