5 0.30892857142857144 0.3147208121827411 0.07785714285714286 0.19289340101522842
5 0.4810714285714286 0.6706852791878172 0.07214285714285715 0.16370558375634517
4 0.4107142857142857 0.6459390862944162 0.04857142857142857 0.11167512690355329
4 0.4164285714285714 0.35342639593908626 0.045714285714285714 0.09771573604060912
4 0.5160714285714286 0.6040609137055837 0.04357142857142857 0.10406091370558375
3 0.23892857142857143 0.10786802030456852 0.03785714285714286 0.08375634517766496
3 0.2596428571428571 0.03236040609137056 0.03357142857142857 0.06472081218274112
5 0.7096428571428571 0.03616751269035533 0.05785714285714286 0.07233502538071065
5 0.7546428571428572 0.06598984771573603 0.115 0.13197969543147206
3 0.5617857142857143 0.38642131979695427 0.023571428571428573 0.0748730964467005
3 0.5825 0.43972081218274106 0.055 0.06979695431472081
3 0.645 0.4308375634517766 0.05857142857142857 0.0748730964467005
3 0.5921428571428572 0.47715736040609136 0.05285714285714286 0.06598984771573603
3 0.6032142857142857 0.5126903553299492 0.05071428571428571 0.06345177664974619
3 0.6528571428571428 0.4689086294416243 0.05285714285714286 0.06979695431472081
3 0.7021428571428572 0.4631979695431472 0.04428571428571428 0.08883248730964466
3 0.6185714285714285 0.5482233502538071 0.05142857142857143 0.06091370558375634
3 0.6621428571428571 0.506979695431472 0.045714285714285714 0.06472081218274112
3 0.6317857142857143 0.598984771573604 0.05785714285714286 0.07868020304568528
3 0.6821428571428572 0.5475888324873096 0.05714285714285714 0.07233502538071065
3 0.6471428571428571 0.6357868020304568 0.05285714285714286 0.07614213197969542
3 0.6982142857142857 0.5856598984771573 0.052142857142857144 0.07233502538071065
3 0.6657142857142857 0.6713197969543147 0.05714285714285714 0.07868020304568528
3 0.7164285714285714 0.623730964467005 0.05285714285714286 0.06979695431472081
3 0.6796428571428571 0.715736040609137 0.05785714285714286 0.07868020304568528
3 0.7328571428571429 0.6662436548223349 0.05857142857142857 0.07614213197969542
3 0.6864285714285714 0.7696700507614213 0.04857142857142857 0.06725888324873096
3 0.7378571428571429 0.715736040609137 0.06142857142857143 0.08375634517766496
3 0.7682142857142857 0.7455583756345177 0.060714285714285714 0.07994923857868019
3 0.7182142857142857 0.7994923857868019 0.05071428571428571 0.06852791878172589
3 0.7317857142857143 0.8420050761421319 0.06357142857142857 0.09010152284263959
3 0.8525 0.8172588832487309 0.05357142857142857 0.11167512690355329
3 0.9060714285714285 0.8686548223350253 0.05785714285714286 0.12309644670050761
3 0.8725 0.9428934010152283 0.05071428571428571 0.09898477157360405
8 0.9278571428571428 0.7925126903553299 0.13285714285714287 0.2779187817258883
3 0.8103571428571429 0.1782994923857868 0.047857142857142855 0.05710659898477157
