3 0.8 0.8906666666666666 0.137 0.07466666666666666
3 0.74 0.7929999999999999 0.1 0.051333333333333335
3 0.7045 0.7483333333333333 0.09 0.041999999999999996
3 0.50125 0.849 0.1085 0.07666666666666666
3 0.51875 0.7933333333333333 0.0935 0.05466666666666666
3 0.5275 0.731 0.07200000000000001 0.03933333333333333
3 0.6905 0.7026666666666667 0.07100000000000001 0.03866666666666667
3 0.68075 0.6903333333333334 0.0635 0.028666666666666667
3 0.5415 0.6693333333333333 0.058 0.028
3 0.545 0.65 0.05 0.025333333333333333
3 0.5425 0.633 0.044 0.020666666666666667
3 0.54525 0.613 0.0375 0.016666666666666666
3 0.54875 0.6013333333333333 0.0345 0.016
3 0.55425 0.5856666666666667 0.0135 0.018
3 0.6545 0.643 0.051000000000000004 0.026
3 0.64925 0.6353333333333333 0.0465 0.021333333333333333
3 0.63925 0.6173333333333333 0.0395 0.02
3 0.6295000000000001 0.6003333333333333 0.038 0.018
3 0.61925 0.5793333333333334 0.0285 0.013333333333333332
3 0.6155 0.5733333333333334 0.026000000000000002 0.010666666666666666
3 0.60975 0.5673333333333334 0.0245 0.009333333333333332
3 0.555 0.5593333333333333 0.017 0.009333333333333332
3 0.488 0.5576666666666666 0.018000000000000002 0.008666666666666666
3 0.46125 0.534 0.0045000000000000005 0.005333333333333333
5 0.312 0.6003333333333333 0.068 0.049999999999999996
4 0.39975 0.5559999999999999 0.0145 0.010666666666666666
3 0.38575 0.5596666666666666 0.0205 0.01
9 0.6915 0.6243333333333333 0.017 0.016666666666666666
3 0.61575 0.5469999999999999 0.0115 0.007333333333333333
4 0.581 0.5293333333333333 0.01 0.008
0 0.5660000000000001 0.542 0.002 0.006666666666666666
0 0.5635 0.5423333333333333 0.002 0.007333333333333333
5 0.33775 0.6283333333333333 0.0625 0.056666666666666664
3 0.61 0.5616666666666666 0.024 0.008666666666666666
3 0.608 0.5593333333333333 0.024 0.006666666666666666
3 0.6045 0.5566666666666666 0.022 0.008
3 0.5965 0.5486666666666666 0.018000000000000002 0.009333333333333332
3 0.595 0.5443333333333333 0.016 0.007333333333333333
3 0.593 0.5436666666666666 0.016 0.008666666666666666
3 0.5895 0.5403333333333333 0.019 0.008666666666666666
3 0.58625 0.538 0.0195 0.008
3 0.584 0.5376666666666666 0.021 0.006
3 0.5680000000000001 0.5316666666666666 0.012 0.004666666666666666
3 0.56625 0.53 0.0105 0.006666666666666666
3 0.55925 0.5283333333333333 0.0115 0.006
