0 0.39285714285714285 0.9471428571428572 0.015714285714285715 0.02
0 0.3871428571428571 0.950952380952381 0.015714285714285715 0.018095238095238095
0 0.2517857142857143 0.9395238095238095 0.012142857142857143 0.02
0 0.2646428571428571 0.929047619047619 0.015 0.014285714285714285
0 0.27 0.9214285714285714 0.015714285714285715 0.01619047619047619
0 0.2867857142857143 0.8328571428571429 0.010714285714285714 0.01619047619047619
3 0.2832142857142857 0.8547619047619047 0.035 0.03333333333333333
3 0.2925 0.8247619047619048 0.030714285714285715 0.030476190476190476
4 0.3707142857142857 0.5128571428571429 0.012857142857142857 0.018095238095238095
3 0.3610714285714286 0.5223809523809524 0.009285714285714286 0.010476190476190476
3 0.3578571428571429 0.5247619047619048 0.01 0.009523809523809525
3 0.4667857142857143 0.8423809523809523 0.025 0.07333333333333333
3 0.49892857142857144 0.7971428571428572 0.025 0.07238095238095238
3 0.5407142857142857 0.7495238095238095 0.024285714285714285 0.06285714285714286
3 0.5657142857142857 0.7057142857142857 0.03 0.05714285714285714
3 0.47214285714285714 0.7738095238095238 0.024285714285714285 0.054285714285714284
3 0.5057142857142857 0.7285714285714285 0.022857142857142857 0.05523809523809524
3 0.47964285714285715 0.72 0.020714285714285713 0.047619047619047616
3 0.5353571428571429 0.6861904761904762 0.023571428571428573 0.05047619047619047
3 0.5632142857142857 0.64 0.023571428571428573 0.04380952380952381
3 0.5375 0.64 0.020714285714285713 0.04380952380952381
3 0.5078571428571429 0.6761904761904762 0.02 0.04380952380952381
4 0.4825 0.670952380952381 0.020714285714285713 0.04285714285714286
3 0.5060714285714286 0.6361904761904762 0.017857142857142856 0.04
3 0.485 0.6342857142857142 0.017142857142857144 0.03238095238095238
3 0.5589285714285714 0.5995238095238096 0.019285714285714285 0.040952380952380955
3 0.5346428571428572 0.5976190476190476 0.020714285714285713 0.040952380952380955
3 0.51 0.5976190476190476 0.017142857142857144 0.03333333333333333
0 0.4975 0.5928571428571429 0.007857142857142858 0.014285714285714285
0 0.515 0.5671428571428572 0.008571428571428572 0.014285714285714285
0 0.5182142857142857 0.5638095238095238 0.009285714285714286 0.015238095238095238
3 0.48678571428571427 0.5966666666666667 0.019285714285714285 0.03333333333333333
3 0.48857142857142855 0.5695238095238095 0.014285714285714285 0.026666666666666665
4 0.5067857142857143 0.5676190476190476 0.016428571428571428 0.03428571428571429
3 0.5335714285714286 0.5680952380952381 0.017142857142857144 0.029523809523809525
0 0.5714285714285714 0.5728571428571428 0.008571428571428572 0.014285714285714285
3 0.5557142857142857 0.5604761904761905 0.018571428571428572 0.03333333333333333
4 0.5307142857142857 0.5328571428571428 0.015714285714285715 0.029523809523809525
3 0.5503571428571429 0.5266666666666666 0.017857142857142856 0.030476190476190476
3 0.5125 0.5252380952380953 0.013571428571428571 0.025714285714285714
3 0.5132142857142857 0.5009523809523809 0.012142857142857143 0.022857142857142857
3 0.5489285714285714 0.5033333333333333 0.013571428571428571 0.023809523809523808
4 0.5467857142857143 0.47714285714285715 0.015 0.022857142857142857
3 0.5421428571428571 0.46190476190476193 0.012857142857142857 0.02095238095238095
3 0.53 0.4766666666666667 0.011428571428571429 0.021904761904761906
3 0.5303571428571429 0.45 0.010714285714285714 0.018095238095238095
3 0.5714285714285714 0.45904761904761904 0.012857142857142857 0.022857142857142857
3 0.5875 0.42952380952380953 0.012142857142857143 0.022857142857142857
3 0.5628571428571428 0.42523809523809525 0.011428571428571429 0.018095238095238095
4 0.5567857142857143 0.3952380952380952 0.009285714285714286 0.017142857142857144
3 0.5710714285714286 0.3942857142857143 0.010714285714285714 0.017142857142857144
3 0.585 0.37333333333333335 0.008571428571428572 0.015238095238095238
3 0.57 0.3719047619047619 0.008571428571428572 0.012380952380952381
3 0.5539285714285714 0.3838095238095238 0.007857142857142858 0.011428571428571429
3 0.5632142857142857 0.36142857142857143 0.007857142857142858 0.010476190476190476
3 0.5514285714285714 0.36904761904761907 0.008571428571428572 0.012380952380952381
3 0.5617857142857143 0.3547619047619048 0.0064285714285714285 0.010476190476190476
3 0.5507142857142857 0.3576190476190476 0.005714285714285714 0.008571428571428572
3 0.5471428571428572 0.35095238095238096 0.007142857142857143 0.010476190476190476
3 0.5582142857142857 0.3433333333333333 0.0064285714285714285 0.008571428571428572
3 0.5453571428571429 0.34 0.005 0.007619047619047619
3 0.5571428571428572 0.32142857142857145 0.005714285714285714 0.008571428571428572
3 0.5453571428571429 0.3314285714285714 0.005 0.007619047619047619
3 0.55 0.3223809523809524 0.004285714285714286 0.006666666666666666
3 0.5417857142857143 0.32857142857142857 0.0035714285714285713 0.007619047619047619
3 0.5407142857142857 0.32047619047619047 0.004285714285714286 0.004761904761904762
3 0.5467857142857143 0.3161904761904762 0.0035714285714285713 0.005714285714285714
3 0.54 0.3142857142857143 0.004285714285714286 0.005714285714285714
3 0.5457142857142857 0.30904761904761907 0.004285714285714286 0.004761904761904762
3 0.5442857142857143 0.3057142857142857 0.004285714285714286 0.005714285714285714
3 0.5382142857142858 0.3080952380952381 0.0035714285714285713 0.004761904761904762
3 0.5364285714285715 0.30428571428571427 0.004285714285714286 0.004761904761904762
3 0.5425 0.3 0.0035714285714285713 0.005714285714285714
3 0.5417857142857143 0.2947619047619048 0.0035714285714285713 0.002857142857142857
3 0.5353571428571429 0.3 0.0035714285714285713 0.0038095238095238095
8 0.5178571428571429 0.2885714285714286 0.004285714285714286 0.007619047619047619
3 0.5221428571428571 0.2857142857142857 0.002857142857142857 0.0038095238095238095
3 0.5142857142857142 0.29333333333333333 0.002857142857142857 0.0038095238095238095
3 0.5264285714285715 0.2876190476190476 0.002857142857142857 0.0038095238095238095
3 0.525 0.2914285714285714 0.002857142857142857 0.0038095238095238095
3 0.5132142857142857 0.30714285714285716 0.0035714285714285713 0.002857142857142857
3 0.5178571428571429 0.3057142857142857 0.002857142857142857 0.0038095238095238095
3 0.5221428571428571 0.30238095238095236 0.002857142857142857 0.004761904761904762
3 0.5257142857142857 0.30047619047619045 0.002857142857142857 0.004761904761904762
3 0.5267857142857143 0.31238095238095237 0.0035714285714285713 0.0038095238095238095
3 0.5182142857142857 0.31142857142857144 0.0035714285714285713 0.0038095238095238095
3 0.5057142857142857 0.3361904761904762 0.004285714285714286 0.007619047619047619
3 0.5125 0.3361904761904762 0.0035714285714285713 0.005714285714285714
3 0.5164285714285715 0.3395238095238095 0.005714285714285714 0.006666666666666666
3 0.5225 0.34476190476190477 0.005 0.007619047619047619
3 0.5021428571428571 0.36 0.005714285714285714 0.009523809523809525
3 0.5139285714285714 0.3538095238095238 0.005 0.006666666666666666
3 0.5064285714285715 0.38476190476190475 0.005714285714285714 0.011428571428571429
4 0.5342857142857143 0.37047619047619046 0.007142857142857143 0.011428571428571429
3 0.5128571428571429 0.3952380952380952 0.007142857142857143 0.013333333333333332
0 0.5221428571428571 0.3961904761904762 0.004285714285714286 0.009523809523809525
3 0.4332142857142857 0.4523809523809524 0.013571428571428571 0.011428571428571429
5 0.43464285714285716 0.44761904761904764 0.010714285714285714 0.011428571428571429
3 0.45821428571428574 0.44666666666666666 0.015 0.011428571428571429
3 0.4442857142857143 0.42904761904761907 0.011428571428571429 0.014285714285714285
