0 0.5635 0.9446666666666667 0.025 0.058666666666666666
1 0.198 0.8456666666666667 0.062 0.04466666666666667
1 0.3105 0.8073333333333333 0.037 0.06
0 0.60925 0.5886666666666667 0.021500000000000002 0.06
0 0.65125 0.5806666666666667 0.0305 0.06933333333333333
0 0.353 0.4653333333333333 0.021 0.076
0 0.6145 0.5053333333333333 0.028 0.06
0 0.58225 0.4106666666666667 0.0155 0.06133333333333333
1 0.59075 0.39666666666666667 0.0075 0.036
0 0.452 0.3813333333333333 0.018000000000000002 0.064
0 0.4185 0.3433333333333333 0.026000000000000002 0.05466666666666666
9 0.40900000000000003 0.35466666666666663 0.017 0.07066666666666667
0 0.40900000000000003 0.2866666666666667 0.012 0.056
1 0.403 0.2773333333333333 0.007 0.032
0 0.36125 0.364 0.0225 0.05733333333333333
0 0.3685 0.3426666666666667 0.019 0.06133333333333333
0 0.37275 0.324 0.0205 0.07066666666666667
0 0.32725 0.33499999999999996 0.0195 0.056666666666666664
1 0.2595 0.49266666666666664 0.032 0.042666666666666665
0 0.6940000000000001 0.43266666666666664 0.028 0.058666666666666666
0 0.7605000000000001 0.39566666666666667 0.044 0.056666666666666664
0 0.7895 0.37066666666666664 0.026000000000000002 0.048
9 0.70875 0.3403333333333333 0.0485 0.041999999999999996
7 0.785 0.3423333333333333 0.083 0.05933333333333333
9 0.796 0.2613333333333333 0.044 0.04
7 0.727 0.238 0.054 0.07733333333333334
7 0.61725 0.253 0.0335 0.09266666666666666
0 0.5685 0.163 0.01 0.03666666666666667
1 0.39825 0.20199999999999999 0.0185 0.04533333333333333
0 0.39275 0.17933333333333332 0.025500000000000002 0.04666666666666666
0 0.39475 0.16599999999999998 0.0265 0.050666666666666665
0 0.4045 0.16133333333333333 0.01 0.036
0 0.3985 0.141 0.014 0.05533333333333333
1 0.39725 0.13233333333333333 0.0125 0.014
0 0.34875 0.14266666666666666 0.0155 0.04666666666666666
0 0.35875 0.13333333333333333 0.0145 0.056
0 0.41925 0.14433333333333334 0.0135 0.054
9 0.4305 0.16966666666666666 0.029 0.049999999999999996
0 0.47850000000000004 0.16066666666666665 0.016 0.05733333333333333
0 0.529 0.165 0.012 0.05933333333333333
0 0.5515 0.151 0.017 0.06066666666666667
0 0.46025 0.148 0.0165 0.05733333333333333
0 0.44925 0.13333333333333333 0.0125 0.06133333333333333
0 0.47425 0.09799999999999999 0.0165 0.058666666666666666
0 0.57225 0.09333333333333332 0.0125 0.05733333333333333
0 0.50175 0.07733333333333334 0.0115 0.056
0 0.55475 0.04566666666666667 0.0145 0.051333333333333335
0 0.5085000000000001 0.019 0.014 0.038
7 0.52875 0.015 0.0285 0.03
9 0.4405 0.007666666666666666 0.02 0.015333333333333332
9 0.43175 0.018 0.0225 0.024
0 0.426 0.088 0.013000000000000001 0.052
0 0.4185 0.07733333333333334 0.008 0.03866666666666667
0 0.4045 0.08833333333333333 0.014 0.05533333333333333
0 0.40750000000000003 0.06866666666666667 0.015 0.04666666666666666
0 0.37325 0.07533333333333334 0.0135 0.04666666666666666
0 0.382 0.023666666666666666 0.009000000000000001 0.043333333333333335
0 0.41925 0.023666666666666666 0.0115 0.04733333333333333
