1 0.5589285714285714 0.03 0.009285714285714286 0.021904761904761906
1 0.5378571428571428 0.10761904761904761 0.008571428571428572 0.02095238095238095
1 0.5603571428571429 0.3319047619047619 0.009285714285714286 0.018095238095238095
1 0.49214285714285716 0.5514285714285714 0.011428571428571429 0.01904761904761905
0 0.3775 0.5933333333333334 0.009285714285714286 0.011428571428571429
0 0.3675 0.6104761904761905 0.0064285714285714285 0.007619047619047619
9 0.3989285714285714 0.9533333333333334 0.03357142857142857 0.017142857142857144
9 0.7132142857142857 0.9847619047619047 0.025 0.030476190476190476
9 0.7175 0.9495238095238095 0.035 0.03238095238095238
9 0.3917857142857143 0.7804761904761904 0.025 0.039047619047619046
9 0.3914285714285714 0.7333333333333333 0.025714285714285714 0.022857142857142857
9 0.39071428571428574 0.71 0.02857142857142857 0.03142857142857143
9 0.4 0.6828571428571428 0.02857142857142857 0.022857142857142857
9 0.6735714285714286 0.5395238095238095 0.03142857142857143 0.014285714285714285
9 0.4060714285714286 0.5219047619047619 0.027857142857142858 0.017142857142857144
9 0.4932142857142857 0.550952380952381 0.013571428571428571 0.04476190476190476
9 0.5596428571428571 0.33380952380952383 0.009285714285714286 0.029523809523809525
9 0.4064285714285714 0.44 0.02857142857142857 0.01904761904761905
9 0.3985714285714286 0.23142857142857143 0.017142857142857144 0.024761904761904763
9 0.4010714285714286 0.2542857142857143 0.017857142857142856 0.01904761904761905
9 0.5382142857142858 0.11047619047619048 0.009285714285714286 0.030476190476190476
9 0.5603571428571429 0.03380952380952381 0.010714285714285714 0.025714285714285714
3 0.44035714285714284 0.07095238095238095 0.023571428571428573 0.07142857142857142
3 0.44 0.23761904761904762 0.025714285714285714 0.07714285714285714
3 0.5921428571428572 0.31285714285714283 0.027142857142857142 0.07333333333333333
3 0.44 0.4461904761904762 0.027142857142857142 0.06952380952380953
3 0.44285714285714284 0.33714285714285713 0.02857142857142857 0.0761904761904762
3 0.5610714285714286 0.5366666666666666 0.03357142857142857 0.08857142857142856
3 0.6278571428571429 0.54 0.03 0.08190476190476191
3 0.6360714285714286 0.6347619047619047 0.030714285714285715 0.08666666666666667
3 0.43892857142857145 0.6733333333333333 0.027857142857142858 0.08952380952380952
3 0.4357142857142857 0.7866666666666666 0.032857142857142856 0.09333333333333334
3 0.6514285714285715 0.8495238095238096 0.04 0.11047619047619048
3 0.43892857142857145 0.9357142857142857 0.03214285714285714 0.10380952380952381
9 0.8878571428571429 0.6904761904761905 0.03142857142857143 0.01904761904761905
9 0.8539285714285715 0.690952380952381 0.030714285714285715 0.018095238095238095
