3 0.16805845511482254 0.6076066790352505 0.04697286012526095 0.09461966604823747
4 0.29305845511482254 0.5644712430426716 0.05897703549060542 0.0640074211502783
6 0.05819415448851774 0.5593692022263451 0.025574112734864297 0.0686456400742115
6 0.5284446764091858 0.7467532467532467 0.015135699373695197 0.07235621521335807
3 0.48460334029227553 0.5510204081632654 0.04540709812108559 0.08719851576994435
3 0.3990083507306889 0.28339517625231914 0.05375782881002087 0.043599257884972174
6 0.3528183716075156 0.5273654916512059 0.026096033402922752 0.05287569573283859
6 0.36351774530271397 0.47031539888682744 0.013048016701461376 0.04452690166975881
2 0.34081419624217113 0.4689239332096475 0.015657620041753653 0.021335807050092765
9 0.3562108559498956 0.4067717996289425 0.008872651356993735 0.026901669758812616
4 0.6103862212943632 0.300556586270872 0.02661795407098121 0.03710575139146568
5 0.5182672233820459 0.28339517625231914 0.015657620041753653 0.049165120593692026
6 0.7755741127348642 0.9768089053803339 0.06054279749478079 0.04452690166975881
6 0.5670668058455114 0.0663265306122449 0.016179540709812108 0.02319109461966605
0 0.40683716075156573 0.020871985157699443 0.004697286012526096 0.021335807050092765
0 0.40788100208768263 0.041743970315398886 0.004697286012526096 0.014842300556586271
8 0.443893528183716 0.012523191094619666 0.016179540709812108 0.02504638218923933
1 0.5300104384133612 0.75 0.009916492693110646 0.0287569573283859
