3 0.5464509394572025 0.16743970315398887 0.028183716075156573 0.05844155844155844
3 0.5571503131524008 0.09090909090909091 0.022442588726513567 0.04823747680890538
3 0.5879436325678496 0.1349721706864564 0.025574112734864297 0.05287569573283859
3 0.587160751565762 0.18460111317254174 0.030271398747390394 0.0575139146567718
3 0.5777661795407097 0.25742115027829315 0.032359081419624215 0.07328385899814471
0 0.5326200417536534 0.31864564007421153 0.010960334029227557 0.05658627087198516
0 0.587160751565762 0.3933209647495362 0.011482254697286011 0.04452690166975881
0 0.545929018789144 0.6818181818181819 0.010438413361169102 0.06493506493506494
0 0.525313152400835 0.6841372912801484 0.015135699373695197 0.07142857142857142
0 0.5378392484342379 0.7416512059369202 0.009916492693110646 0.041743970315398886
0 0.5701983298538622 0.6855287569573284 0.013048016701461376 0.07977736549165121
0 0.5965553235908141 0.6906307977736549 0.011482254697286011 0.05287569573283859
0 0.6218684759916492 0.7101113172541744 0.009916492693110646 0.0640074211502783
0 0.5052192066805845 0.6757884972170687 0.012526096033402922 0.0640074211502783
0 0.48121085594989554 0.687847866419295 0.015657620041753653 0.06957328385899815
0 0.48382045929018785 0.8200371057513914 0.012526096033402922 0.05009276437847866
0 0.5704592901878914 0.8167903525046383 0.015657620041753653 0.05658627087198516
0 0.47494780793319413 0.7625231910946196 0.012526096033402922 0.0705009276437848
0 0.6156054279749478 0.6507421150278293 0.010960334029227557 0.0640074211502783
0 0.630741127348643 0.6692949907235621 0.014091858037578286 0.06586270871985157
0 0.6020354906054279 0.6553803339517625 0.014091858037578286 0.05473098330241188
0 0.587160751565762 0.6641929499072357 0.01774530271398747 0.0686456400742115
0 0.5485386221294363 0.6498144712430427 0.016701461377870562 0.06215213358070501
0 0.5926409185803757 0.6001855287569573 0.012004175365344467 0.07235621521335807
0 0.5874217118997912 0.640074211502783 0.010960334029227557 0.059369202226345084
0 0.5720250521920668 0.6363636363636364 0.014613778705636741 0.06679035250463822
0 0.5534968684759916 0.6219851576994434 0.014091858037578286 0.06586270871985157
0 0.5662839248434237 0.6006493506493507 0.012526096033402922 0.0640074211502783
3 0.5730688935281837 0.46614100185528756 0.04175365344467641 0.13079777365491652
0 0.5028705636743215 0.599721706864564 0.012004175365344467 0.05473098330241188
0 0.5174843423799582 0.5978664192949907 0.010960334029227557 0.07328385899814471
0 0.528705636743215 0.6182745825602969 0.011482254697286011 0.0640074211502783
0 0.539144050104384 0.6243042671614101 0.010438413361169102 0.055658627087198514
0 0.5365344467640918 0.5955473098330242 0.010438413361169102 0.05009276437847866
0 0.5302713987473904 0.5709647495361782 0.008350730688935281 0.04730983302411874
0 0.5339248434237995 0.5565862708719852 0.009394572025052192 0.0463821892393321
0 0.545929018789144 0.5542671614100185 0.012526096033402922 0.05287569573283859
0 0.5365344467640918 0.5454545454545454 0.010438413361169102 0.05380333951762523
0 0.5354906054279749 0.5194805194805195 0.009394572025052192 0.0463821892393321
0 0.5443632567849687 0.5139146567717996 0.0073068893528183704 0.05194805194805195
0 0.5336638830897703 0.4935064935064935 0.010960334029227557 0.05009276437847866
0 0.5062630480167014 0.5032467532467533 0.010438413361169102 0.05287569573283859
0 0.5185281837160751 0.5009276437847866 0.008872651356993735 0.05009276437847866
0 0.5177453027139874 0.511595547309833 0.009394572025052192 0.043599257884972174
6 0.5164405010438413 0.46567717996289426 0.019311064718162838 0.07792207792207792
0 0.5339248434237995 0.4359925788497217 0.009394572025052192 0.0575139146567718
0 0.5469728601252609 0.42578849721706863 0.010438413361169102 0.05009276437847866
0 0.5474947807933194 0.4387755102040816 0.010438413361169102 0.0463821892393321
0 0.5464509394572025 0.4536178107606679 0.012526096033402922 0.0575139146567718
0 0.5412317327766178 0.4749536178107607 0.009394572025052192 0.04267161410018553
0 0.5448851774530271 0.4675324675324675 0.008350730688935281 0.04267161410018553
0 0.6069937369519832 0.5834879406307978 0.011482254697286011 0.07421150278293136
0 0.6419624217118998 0.6307977736549165 0.012526096033402922 0.07792207792207792
0 0.6289144050104384 0.6117810760667903 0.010438413361169102 0.06771799628942486
0 0.6312630480167014 0.5927643784786643 0.009916492693110646 0.059369202226345084
0 0.6931106471816283 0.6553803339517625 0.010438413361169102 0.06957328385899815
0 0.699634655532359 0.6358998144712431 0.009916492693110646 0.07142857142857142
0 0.6852818371607515 0.6372912801484231 0.010438413361169102 0.0686456400742115
9 0.8055845511482254 0.6688311688311689 0.05167014613778705 0.04452690166975881
3 0.5913361169102296 0.0904452690166976 0.024008350730688934 0.03803339517625232
3 0.5889874739039666 0.04081632653061225 0.02139874739039666 0.04452690166975881
0 0.5991649269311065 0.43738404452690166 0.009394572025052192 0.05844155844155844
0 0.6054279749478079 0.4448051948051948 0.008350730688935281 0.05658627087198516
0 0.6143006263048016 0.437847866419295 0.009394572025052192 0.055658627087198514
0 0.6278705636743215 0.4313543599257885 0.010438413361169102 0.05009276437847866
0 0.6137787056367432 0.47634508348794063 0.010438413361169102 0.06029684601113173
0 0.6299582463465553 0.5162337662337663 0.010438413361169102 0.05844155844155844
0 0.6187369519832985 0.49211502782931354 0.008872651356993735 0.049165120593692026
0 0.49243215031315235 0.6243042671614101 0.009916492693110646 0.05194805194805195
0 0.4733820459290187 0.6655844155844156 0.012526096033402922 0.07884972170686456
0 0.4843423799582463 0.6117810760667903 0.008350730688935281 0.07142857142857142
0 0.4765135699373695 0.5737476808905381 0.012526096033402922 0.07328385899814471
3 0.5754175365344467 0.3385899814471243 0.04123173277661795 0.10018552875695733
0 0.6137787056367432 0.5644712430426716 0.010438413361169102 0.06957328385899815
3 0.6059498956158663 0.9253246753246753 0.07411273486430062 0.14749536178107606
3 0.5957724425887264 0.013450834879406308 0.019311064718162838 0.026901669758812616
