3 0.7335594989561586 0.6669758812615956 0.025574112734864297 0.07235621521335807
3 0.786795407098121 0.5561224489795918 0.04853862212943632 0.05287569573283859
3 0.8538622129436325 0.27133580705009275 0.038622129436325675 0.049165120593692026
9 0.7904488517745302 0.3650278293135436 0.012004175365344467 0.02504638218923933
9 0.7787056367432149 0.3719851576994434 0.009394572025052192 0.027829313543599257
9 0.7677453027139874 0.3687384044526902 0.008350730688935281 0.030612244897959183
9 0.7565240083507306 0.3687384044526902 0.008872651356993735 0.02319109461966605
9 0.7643528183716074 0.34369202226345086 0.015135699373695197 0.021335807050092765
1 0.7192066805845511 0.400278293135436 0.008350730688935281 0.015769944341372914
1 0.6985908141962421 0.3961038961038961 0.008872651356993735 0.020408163265306124
1 0.7155532359081419 0.3868274582560297 0.008350730688935281 0.016697588126159554
2 0.6951983298538621 0.42346938775510207 0.013569937369519832 0.02504638218923933
3 0.6221294363256784 0.39517625231910947 0.033402922755741124 0.059369202226345084
3 0.5036534446764092 0.362708719851577 0.028183716075156573 0.0575139146567718
3 0.5263569937369519 0.3585343228200371 0.03079331941544885 0.05102040816326531
3 0.44885177453027136 0.24211502782931354 0.027139874739039664 0.04823747680890538
3 0.41466597077244255 0.2569573283858998 0.020354906054279746 0.04823747680890538
3 0.39483298538622125 0.2602040816326531 0.023486430062630476 0.05102040816326531
3 0.13308977035490605 0.13543599257884972 0.021920668058455113 0.04081632653061225
3 0.15866388308977034 0.14656771799628943 0.019832985386221292 0.04267161410018553
3 0.18215031315240082 0.09647495361781076 0.018789144050104383 0.0352504638218924
3 0.23042797494780792 0.12198515769944342 0.019311064718162838 0.039888682745825604
3 0.1988517745302714 0.2147495361781076 0.019832985386221292 0.049165120593692026
3 0.15213987473903964 0.23191094619666047 0.02453027139874739 0.05009276437847866
3 0.2771398747390396 0.4860853432282004 0.03653444676409186 0.06679035250463822
3 0.35125260960334026 0.5185528756957328 0.03549060542797494 0.0686456400742115
3 0.3987473903966597 0.5422077922077922 0.033402922755741124 0.07142857142857142
3 0.45433194154488515 0.5728200371057514 0.03183716075156576 0.07328385899814471
3 0.06236951983298538 0.18320964749536178 0.019311064718162838 0.043599257884972174
3 0.4692066805845511 0.01901669758812616 0.026096033402922752 0.03803339517625232
