7 0.5107142857142857 0.3061904761904762 0.025714285714285714 0.03333333333333333
3 0.3767857142857143 0.39904761904761904 0.05357142857142857 0.05333333333333333
9 0.35464285714285715 0.9738095238095238 0.03214285714285714 0.037142857142857144
1 0.3532142857142857 0.9733333333333334 0.016428571428571428 0.017142857142857144
4 0.7146428571428571 0.6114285714285714 0.065 0.06857142857142857
1 0.665 0.3461904761904762 0.005714285714285714 0.02761904761904762
3 0.6032142857142857 0.25047619047619046 0.03642857142857143 0.03619047619047619
3 0.715 0.2795238095238095 0.04 0.04476190476190476
3 0.7196428571428571 0.19666666666666666 0.04214285714285714 0.037142857142857144
3 0.7521428571428571 0.16 0.047142857142857146 0.026666666666666665
0 0.7182142857142857 0.22904761904761906 0.007857142857142858 0.023809523809523808
0 0.6296428571428572 0.2195238095238095 0.009285714285714286 0.021904761904761906
0 0.6385714285714286 0.2138095238095238 0.011428571428571429 0.01619047619047619
4 0.7967857142857143 0.20523809523809525 0.06357142857142857 0.06761904761904762
4 0.8964285714285715 0.4119047619047619 0.047142857142857146 0.05047619047619047
3 0.81 0.49666666666666665 0.055714285714285716 0.05619047619047619
