3 0.771 0.8553333333333333 0.17200000000000001 0.128
3 0.194 0.524 0.097 0.088
3 0.42325 0.42566666666666664 0.0345 0.048666666666666664
3 0.46975 0.41433333333333333 0.035500000000000004 0.048666666666666664
3 0.52475 0.4093333333333333 0.0245 0.04133333333333333
3 0.58525 0.43866666666666665 0.0455 0.05333333333333333
3 0.63875 0.441 0.0445 0.051333333333333335
3 0.7867500000000001 0.422 0.0805 0.04933333333333333
3 0.892 0.39366666666666666 0.08 0.043333333333333335
2 0.92925 0.43366666666666664 0.0165 0.024666666666666667
1 0.9345 0.42533333333333334 0.013000000000000001 0.030666666666666665
3 0.387 0.4003333333333333 0.047 0.038
3 0.34800000000000003 0.39466666666666667 0.057 0.04
4 0.306 0.38766666666666666 0.057 0.048666666666666664
3 0.23725000000000002 0.37466666666666665 0.0555 0.04
3 0.20775000000000002 0.36733333333333335 0.0545 0.034666666666666665
3 0.1335 0.35133333333333333 0.066 0.03333333333333333
3 0.14100000000000001 0.3193333333333333 0.057 0.022666666666666665
3 0.13925 0.304 0.0585 0.02
4 0.14125000000000001 0.28933333333333333 0.0665 0.034666666666666665
0 0.17425000000000002 0.29566666666666663 0.0085 0.024666666666666667
0 0.1875 0.284 0.009000000000000001 0.025333333333333333
3 0.156 0.27899999999999997 0.046 0.020666666666666667
3 0.16625 0.24966666666666665 0.0415 0.020666666666666667
3 0.16975 0.242 0.0325 0.012
3 0.17275000000000001 0.23099999999999998 0.0345 0.014
3 0.176 0.21733333333333332 0.034 0.013333333333333332
3 0.01575 0.3413333333333333 0.0315 0.028
3 0.02525 0.314 0.0505 0.026666666666666665
3 0.05625 0.27899999999999997 0.0535 0.022
3 0.0675 0.2653333333333333 0.048 0.017333333333333333
3 0.07525 0.252 0.0445 0.014666666666666666
3 0.08875 0.2363333333333333 0.0375 0.015333333333333332
3 0.099 0.22666666666666666 0.038 0.014666666666666666
3 0.11675 0.21033333333333332 0.0165 0.018
