7 0.3507306889352818 0.2527829313543599 0.024008350730688934 0.08998144712430427
4 0.4613778705636743 0.0839517625231911 0.022964509394572022 0.08070500927643785
3 0.49451983298538615 0.0774582560296846 0.02766179540709812 0.09369202226345083
3 0.5334029227557411 0.07189239332096475 0.027139874739039664 0.09183673469387756
3 0.5730688935281837 0.07931354359925788 0.030271398747390394 0.09183673469387756
3 0.670929018789144 0.07096474953617811 0.02661795407098121 0.09925788497217068
5 0.6205636743215031 0.07235621521335807 0.038622129436325675 0.14471243042671614
3 0.705375782881002 0.12523191094619665 0.02974947807933194 0.09461966604823747
5 0.7413883089770354 0.10992578849721707 0.04123173277661795 0.1215213358070501
3 0.7946242171189978 0.10528756957328386 0.032881002087682666 0.09740259740259741
4 0.8755219206680583 0.08812615955473098 0.03705636743215031 0.08348794063079777
7 0.9097077244258872 0.09601113172541745 0.030271398747390394 0.0862708719851577
9 0.9227557411273486 0.1525974025974026 0.012526096033402922 0.045454545454545456
5 0.9673799582463465 0.09740259740259741 0.062108559498956155 0.19480519480519481
3 0.7807933194154488 0.4202226345083488 0.038622129436325675 0.11688311688311688
3 0.7377348643006262 0.4253246753246753 0.03183716075156576 0.12523191094619665
4 0.6923277661795406 0.3965677179962894 0.028705636743215027 0.11038961038961038
3 0.6393528183716074 0.39564007421150277 0.032359081419624215 0.11410018552875696
3 0.5579331941544885 0.4517625231910946 0.031315240083507306 0.09461966604823747
3 0.49138830897703545 0.4359925788497217 0.03183716075156576 0.11317254174397032
9 0.5542797494780792 0.6071428571428572 0.027139874739039664 0.0287569573283859
3 0.28001043841336115 0.9025974025974026 0.04436325678496868 0.15584415584415584
