3 0.041428571428571426 0.04314720812182741 0.014285714285714285 0.032994923857868015
3 0.03785714285714286 0.11421319796954314 0.015714285714285715 0.032994923857868015
3 0.10964285714285714 0.32043147208121825 0.016428571428571428 0.04441624365482233
3 0.07392857142857143 0.49365482233502533 0.017857142857142856 0.050761421319796954
3 0.04357142857142857 0.5609137055837563 0.018571428571428572 0.050761421319796954
3 0.1175 0.7290609137055837 0.017857142857142856 0.05964467005076142
3 0.054642857142857146 0.70748730964467 0.02642857142857143 0.05710659898477157
3 0.07571428571428572 0.2899746192893401 0.015714285714285715 0.03426395939086294
8 0.04964285714285714 0.2931472081218274 0.03214285714285714 0.11421319796954314
3 0.17214285714285715 0.8604060913705583 0.02 0.07106598984771573
3 0.25642857142857145 0.5774111675126903 0.015714285714285715 0.048223350253807105
3 0.15857142857142856 0.648477157360406 0.018571428571428572 0.06091370558375634
3 0.27535714285714286 0.40862944162436543 0.020714285714285713 0.035532994923857864
3 0.39571428571428574 0.4289340101522842 0.024285714285714285 0.04060913705583756
3 0.18428571428571427 0.23540609137055835 0.018571428571428572 0.03680203045685279
3 0.5142857142857142 0.6034263959390862 0.02857142857142857 0.04187817258883248
3 0.83 0.972715736040609 0.03571428571428571 0.049492385786802026
3 0.6417857142857143 0.964467005076142 0.035 0.055837563451776644
3 0.16035714285714286 0.5342639593908629 0.020714285714285713 0.053299492385786795
4 0.16107142857142856 0.5869289340101522 0.019285714285714285 0.052030456852791875
4 0.5696428571428571 0.8001269035532994 0.03357142857142857 0.052030456852791875
9 0.5128571428571429 0.8128172588832486 0.014285714285714285 0.024111675126903553
5 0.15035714285714286 0.7176395939086294 0.020714285714285713 0.08756345177664974
3 0.13714285714285715 0.8032994923857867 0.02857142857142857 0.06852791878172589
