1 0.7955 0.7966666666666666 0.014 0.030666666666666665
9 0.6685 0.7236666666666667 0.024 0.02733333333333333
2 0.6345000000000001 0.6699999999999999 0.02 0.018666666666666665
9 0.62475 0.6603333333333333 0.0265 0.026
3 0.7215 0.8166666666666667 0.093 0.07466666666666666
3 0.57975 0.959 0.07050000000000001 0.082
0 0.5845 0.5863333333333333 0.009000000000000001 0.03133333333333333
3 0.5640000000000001 0.627 0.037 0.04733333333333333
3 0.379 0.9543333333333333 0.054 0.09133333333333334
3 0.36875 0.7596666666666666 0.0525 0.078
3 0.359 0.6779999999999999 0.033 0.06
3 0.35075 0.6063333333333333 0.0265 0.038
3 0.35100000000000003 0.5593333333333333 0.024 0.03866666666666667
3 0.44325000000000003 0.5563333333333333 0.025500000000000002 0.033999999999999996
3 0.4875 0.5233333333333333 0.03 0.028
3 0.4655 0.4923333333333333 0.023 0.022
3 0.40800000000000003 0.4593333333333333 0.02 0.024
3 0.46075 0.45199999999999996 0.0195 0.021333333333333333
9 0.52075 0.5383333333333333 0.0165 0.015333333333333332
6 0.3775 0.5823333333333333 0.017 0.03933333333333333
0 0.54525 0.496 0.0035 0.018666666666666665
0 0.5437500000000001 0.5106666666666666 0.006500000000000001 0.022666666666666665
0 0.5407500000000001 0.5176666666666666 0.0055 0.022
0 0.534 0.514 0.008 0.021333333333333333
0 0.52625 0.5163333333333333 0.006500000000000001 0.020666666666666667
9 0.50675 0.5106666666666666 0.0145 0.017333333333333333
0 0.503 0.495 0.005 0.020666666666666667
7 0.49225 0.4933333333333333 0.0145 0.03733333333333333
9 0.48175 0.496 0.0055 0.016
1 0.482 0.4933333333333333 0.006 0.018666666666666665
7 0.52575 0.44366666666666665 0.0245 0.022
1 0.5317500000000001 0.4443333333333333 0.006500000000000001 0.011333333333333332
0 0.5407500000000001 0.44766666666666666 0.0045000000000000005 0.016666666666666666
4 0.4925 0.6153333333333333 0.044 0.056
0 0.17875 0.6046666666666667 0.0085 0.026666666666666665
9 0.21775 0.49266666666666664 0.006500000000000001 0.014666666666666666
1 0.2175 0.487 0.006 0.014
3 0.218 0.618 0.047 0.026666666666666665
3 0.2255 0.5936666666666667 0.055 0.03
3 0.228 0.5766666666666667 0.054 0.029333333333333333
3 0.243 0.5343333333333333 0.045 0.02733333333333333
4 0.24875 0.5133333333333333 0.0395 0.028
3 0.246 0.379 0.017 0.011333333333333332
3 0.2635 0.376 0.011 0.013333333333333332
3 0.24375 0.3923333333333333 0.0125 0.014
4 0.28450000000000003 0.382 0.023 0.02
3 0.28125 0.39799999999999996 0.029500000000000002 0.013333333333333332
3 0.274 0.41866666666666663 0.027 0.013333333333333332
3 0.275 0.411 0.027 0.012666666666666666
3 0.2775 0.40399999999999997 0.026000000000000002 0.016
4 0.268 0.42966666666666664 0.026000000000000002 0.020666666666666667
4 0.306 0.47533333333333333 0.016 0.032
2 0.36575 0.4756666666666666 0.0045000000000000005 0.015333333333333332
1 0.36575 0.4713333333333333 0.0055 0.016
5 0.34650000000000003 0.49366666666666664 0.017 0.03666666666666667
4 0.34400000000000003 0.4656666666666667 0.015 0.02733333333333333
3 0.34375 0.44866666666666666 0.0165 0.021333333333333333
3 0.33925 0.43033333333333335 0.0145 0.019333333333333334
3 0.339 0.418 0.015 0.017333333333333333
3 0.33625 0.384 0.0105 0.013333333333333332
5 0.33575 0.4026666666666667 0.0155 0.026666666666666665
0 0.3865 0.40499999999999997 0.005 0.014
9 0.3565 0.39799999999999996 0.004 0.009333333333333332
1 0.3565 0.39566666666666667 0.004 0.01
3 0.3355 0.367 0.01 0.011333333333333332
3 0.33675 0.359 0.0095 0.012666666666666666
3 0.339 0.34299999999999997 0.014 0.01
3 0.33075 0.33899999999999997 0.006500000000000001 0.008666666666666666
3 0.33875 0.3363333333333333 0.006500000000000001 0.007333333333333333
3 0.33525 0.3203333333333333 0.006500000000000001 0.008666666666666666
0 0.34325 0.31966666666666665 0.0015 0.008666666666666666
4 0.364 0.324 0.012 0.009333333333333332
0 0.361 0.31966666666666665 0.001 0.007333333333333333
3 0.34375 0.30433333333333334 0.0055 0.006
3 0.35025 0.314 0.0055 0.006666666666666666
0 0.358 0.30033333333333334 0.002 0.006
0 0.35525 0.30833333333333335 0.0025 0.006
3 0.35875 0.30766666666666664 0.0085 0.006
3 0.3735 0.32066666666666666 0.007 0.008
0 0.45175 0.39599999999999996 0.0035 0.013333333333333332
0 0.4455 0.39699999999999996 0.003 0.014
0 0.44425000000000003 0.42833333333333334 0.0035 0.015333333333333332
3 0.4415 0.42733333333333334 0.025 0.016
3 0.434 0.41866666666666663 0.026000000000000002 0.016
3 0.4195 0.417 0.023 0.015333333333333332
3 0.43425 0.4073333333333333 0.0265 0.016
3 0.4275 0.4036666666666667 0.03 0.015333333333333332
3 0.42675 0.3983333333333333 0.0265 0.015333333333333332
3 0.4205 0.39366666666666666 0.027 0.015333333333333332
3 0.4165 0.3903333333333333 0.025 0.014
3 0.41425 0.37966666666666665 0.025500000000000002 0.011333333333333332
3 0.406 0.3723333333333333 0.018000000000000002 0.012666666666666666
3 0.406 0.36833333333333335 0.021 0.011333333333333332
0 0.40275 0.36066666666666664 0.0035 0.010666666666666666
3 0.40775 0.362 0.0085 0.009333333333333332
4 0.3895 0.35766666666666663 0.017 0.012666666666666666
3 0.39575 0.35333333333333333 0.0205 0.010666666666666666
3 0.38675 0.35266666666666663 0.0165 0.008
3 0.3865 0.3473333333333333 0.015 0.009333333333333332
3 0.37925000000000003 0.3453333333333333 0.0075 0.009333333333333332
3 0.38825 0.33999999999999997 0.0165 0.009333333333333332
3 0.3885 0.33699999999999997 0.015 0.008666666666666666
3 0.38275000000000003 0.33599999999999997 0.0125 0.009333333333333332
3 0.3835 0.3293333333333333 0.008 0.006666666666666666
3 0.385 0.33299999999999996 0.006 0.007333333333333333
