5 0.5067857142857143 0.8095238095238095 0.039285714285714285 0.1180952380952381
5 0.5967857142857143 0.628095238095238 0.03785714285714286 0.07714285714285714
5 0.555 0.2571428571428571 0.024285714285714285 0.07047619047619047
5 0.38785714285714284 0.06142857142857143 0.024285714285714285 0.02
5 0.35678571428571426 0.05380952380952381 0.02214285714285714 0.02
5 0.7085714285714285 0.8495238095238096 0.09142857142857143 0.06095238095238095
3 0.9071428571428571 0.9766666666666667 0.07714285714285714 0.04666666666666667
3 0.8903571428571428 0.9271428571428572 0.06642857142857143 0.04857142857142857
3 0.8689285714285714 0.8766666666666667 0.06357142857142857 0.04666666666666667
3 0.8453571428571428 0.810952380952381 0.055 0.05047619047619047
3 0.8285714285714286 0.7690476190476191 0.05714285714285714 0.039047619047619046
3 0.8628571428571429 0.6233333333333333 0.04 0.054285714285714284
3 0.7696428571428572 0.590952380952381 0.04214285714285714 0.035238095238095235
3 0.7632142857142857 0.5538095238095239 0.045 0.03142857142857143
3 0.7471428571428571 0.5042857142857143 0.04285714285714286 0.029523809523809525
3 0.7889285714285714 0.4461904761904762 0.027857142857142858 0.039047619047619046
3 0.7164285714285714 0.42238095238095236 0.03857142857142857 0.025714285714285714
3 0.7471428571428571 0.3414285714285714 0.02142857142857143 0.029523809523809525
3 0.67 0.17238095238095238 0.014285714285714285 0.017142857142857144
3 0.5389285714285714 0.4057142857142857 0.017857142857142856 0.03238095238095238
3 0.4692857142857143 0.5128571428571429 0.02 0.04285714285714286
3 0.6246428571428572 0.14904761904761904 0.020714285714285713 0.012380952380952381
3 0.6214285714285714 0.1357142857142857 0.02142857142857143 0.014285714285714285
3 0.6182142857142857 0.12857142857142856 0.019285714285714285 0.013333333333333332
3 0.6146428571428572 0.1219047619047619 0.020714285714285713 0.011428571428571429
3 0.6107142857142858 0.10761904761904761 0.02 0.013333333333333332
3 0.6089285714285714 0.10142857142857142 0.019285714285714285 0.010476190476190476
3 0.6046428571428571 0.08714285714285715 0.017857142857142856 0.014285714285714285
3 0.6375 0.0980952380952381 0.012142857142857143 0.013333333333333332
3 0.6175 0.04904761904761905 0.009285714285714286 0.014285714285714285
3 0.039285714285714285 0.52 0.03857142857142857 0.0419047619047619
3 0.0175 0.5247619047619048 0.035 0.05333333333333333
3 0.062142857142857146 0.3423809523809524 0.02857142857142857 0.03333333333333333
3 0.07464285714285715 0.31761904761904763 0.03357142857142857 0.02
3 0.1525 0.25476190476190474 0.020714285714285713 0.029523809523809525
3 0.17035714285714285 0.25285714285714284 0.02214285714285714 0.03142857142857143
3 0.18964285714285714 0.25142857142857145 0.02214285714285714 0.03238095238095238
3 0.20892857142857144 0.21333333333333332 0.017857142857142856 0.01904761904761905
3 0.22285714285714286 0.23285714285714285 0.015714285714285715 0.025714285714285714
3 0.27035714285714285 0.2338095238095238 0.015 0.021904761904761906
3 0.2910714285714286 0.12380952380952381 0.020714285714285713 0.013333333333333332
3 0.29178571428571426 0.11952380952380952 0.017857142857142856 0.01619047619047619
3 0.29214285714285715 0.11571428571428571 0.018571428571428572 0.014285714285714285
3 0.2925 0.11047619047619048 0.019285714285714285 0.013333333333333332
3 0.295 0.10380952380952381 0.02142857142857143 0.013333333333333332
3 0.33535714285714285 0.11190476190476191 0.007857142857142858 0.014285714285714285
3 0.3492857142857143 0.09952380952380953 0.01 0.014285714285714285
3 0.3517857142857143 0.062380952380952384 0.015 0.012380952380952381
3 0.30357142857142855 0.08428571428571428 0.02 0.012380952380952381
3 0.32607142857142857 0.09095238095238095 0.009285714285714286 0.014285714285714285
0 0.5592857142857143 0.51 0.007142857142857143 0.018095238095238095
0 0.5871428571428572 0.56 0.007142857142857143 0.017142857142857144
9 0.5082142857142857 0.5652380952380952 0.007857142857142858 0.021904761904761906
9 0.9535714285714286 0.8252380952380952 0.02 0.023809523809523808
9 0.9589285714285715 0.8480952380952381 0.025 0.02
9 0.9760714285714286 0.8742857142857143 0.025 0.022857142857142857
9 0.98 0.8928571428571429 0.02142857142857143 0.021904761904761906
9 0.9875 0.9057142857142857 0.019285714285714285 0.022857142857142857
0 0.695 0.1895238095238095 0.005714285714285714 0.011428571428571429
9 0.5007142857142857 0.1580952380952381 0.004285714285714286 0.013333333333333332
9 0.4975 0.07095238095238095 0.005 0.010476190476190476
9 0.4857142857142857 0.06714285714285714 0.004285714285714286 0.012380952380952381
7 0.013928571428571429 0.6542857142857142 0.027857142857142858 0.030476190476190476
9 0.1732142857142857 0.8747619047619047 0.017857142857142856 0.04857142857142857
1 0.17214285714285715 0.8714285714285714 0.012857142857142857 0.02095238095238095
1 0.5082142857142857 0.5638095238095238 0.007857142857142858 0.013333333333333332
0 0.7482142857142857 0.29428571428571426 0.007857142857142858 0.015238095238095238
