3 0.4471428571428571 0.8857868020304568 0.032857142857142856 0.10406091370558375
3 0.3889285714285714 0.70748730964467 0.02642857142857143 0.08502538071065989
3 0.5267857142857143 0.6637055837563451 0.020714285714285713 0.08375634517766496
3 0.49392857142857144 0.5101522842639593 0.02214285714285714 0.07868020304568528
3 0.3607142857142857 0.5723350253807106 0.024285714285714285 0.06345177664974619
3 0.5192857142857142 0.23223350253807104 0.02 0.053299492385786795
3 0.5139285714285714 0.07931472081218273 0.013571428571428571 0.04187817258883248
4 0.48928571428571427 0.2563451776649746 0.017142857142857144 0.06091370558375634
4 0.3107142857142857 0.7220812182741116 0.02857142857142857 0.08883248730964466
3 0.21857142857142858 0.4422588832487309 0.02 0.05710659898477157
3 0.2317857142857143 0.38642131979695427 0.02214285714285714 0.052030456852791875
3 0.23714285714285716 0.32741116751269034 0.018571428571428572 0.04568527918781726
3 0.24357142857142858 0.2848984771573604 0.018571428571428572 0.03934010152284264
8 0.26857142857142857 0.22208121827411165 0.025714285714285714 0.07614213197969542
5 0.24964285714285714 0.19225888324873094 0.03214285714285714 0.09771573604060912
3 0.2835714285714286 0.12880710659898476 0.015714285714285715 0.03680203045685279
0 0.21428571428571427 0.09898477157360405 0.005714285714285714 0.017766497461928932
0 0.15071428571428572 0.36167512690355325 0.01 0.02284263959390863
0 0.09821428571428571 0.5190355329949238 0.0064285714285714285 0.02030456852791878
0 0.12428571428571429 0.515228426395939 0.008571428571428572 0.025380710659898477
0 0.2392857142857143 0.6967005076142131 0.007142857142857143 0.02030456852791878
0 0.2625 0.7131979695431472 0.007857142857142858 0.017766497461928932
0 0.011428571428571429 0.5615482233502538 0.011428571428571429 0.021573604060913704
0 0.7803571428571429 0.8934010152284263 0.007857142857142858 0.02030456852791878
0 0.6642857142857143 0.8140862944162436 0.005714285714285714 0.021573604060913704
0 0.7614285714285715 0.7703045685279187 0.008571428571428572 0.02030456852791878
0 0.6285714285714286 0.6694162436548223 0.007142857142857143 0.021573604060913704
0 0.7314285714285714 0.6351522842639593 0.007142857142857143 0.019035532994923856
0 0.7142857142857143 0.4606598984771573 0.005714285714285714 0.017766497461928932
0 0.6810714285714285 0.49048223350253806 0.009285714285714286 0.016497461928934008
1 0.6321428571428571 0.45368020304568524 0.007142857142857143 0.013959390862944161
0 0.6689285714285714 0.4029187817258883 0.0064285714285714285 0.013959390862944161
0 0.5982142857142857 0.35850253807106597 0.009285714285714286 0.019035532994923856
0 0.5735714285714286 0.4879441624365482 0.005714285714285714 0.024111675126903553
0 0.6225 0.30583756345177665 0.0064285714285714285 0.017766497461928932
0 0.6939285714285715 0.31535532994923854 0.0064285714285714285 0.019035532994923856
0 0.6607142857142857 0.2785532994923858 0.005714285714285714 0.016497461928934008
0 0.6725 0.2246192893401015 0.0064285714285714285 0.017766497461928932
0 0.6407142857142857 0.19289340101522842 0.007142857142857143 0.017766497461928932
0 0.62 0.19416243654822332 0.005714285714285714 0.012690355329949238
0 0.6067857142857143 0.2182741116751269 0.007857142857142858 0.017766497461928932
0 0.6460714285714285 0.10342639593908629 0.0064285714285714285 0.019035532994923856
0 0.6239285714285714 0.04441624365482233 0.0064285714285714285 0.015228426395939085
0 0.2646428571428571 0.1713197969543147 0.005 0.015228426395939085
0 0.24428571428571427 0.6903553299492385 0.007142857142857143 0.017766497461928932
0 0.2567857142857143 0.7252538071065989 0.007857142857142858 0.019035532994923856
0 0.2532142857142857 0.7125634517766497 0.007857142857142858 0.019035532994923856
0 0.2557142857142857 0.5107868020304568 0.01 0.019035532994923856
0 0.7796428571428572 0.8794416243654821 0.0064285714285714285 0.015228426395939085
0 0.7771428571428571 0.8686548223350253 0.01 0.019035532994923856
0 0.7607142857142857 0.7601522842639593 0.007142857142857143 0.017766497461928932
0 0.6692857142857143 0.8147208121827411 0.005714285714285714 0.02030456852791878
0 0.74 0.6288071065989848 0.007142857142857143 0.021573604060913704
0 0.6253571428571428 0.6624365482233502 0.0064285714285714285 0.017766497461928932
0 0.7096428571428571 0.46002538071065985 0.0064285714285714285 0.021573604060913704
0 0.6653571428571429 0.3978426395939086 0.007857142857142858 0.013959390862944161
0 0.6871428571428572 0.31979695431472077 0.005714285714285714 0.02030456852791878
0 0.6807142857142857 0.2861675126903553 0.005714285714285714 0.016497461928934008
0 0.6664285714285715 0.27347715736040606 0.004285714285714286 0.019035532994923856
0 0.6696428571428571 0.27411167512690354 0.005 0.015228426395939085
1 0.6396428571428572 0.30901015228426393 0.005 0.019035532994923856
0 0.6310714285714286 0.3096446700507614 0.005 0.017766497461928932
0 0.6110714285714286 0.2563451776649746 0.0064285714285714285 0.017766497461928932
0 0.61 0.1916243654822335 0.005714285714285714 0.012690355329949238
0 0.6146428571428572 0.1947969543147208 0.0035714285714285713 0.011421319796954314
0 0.6121428571428571 0.1782994923857868 0.007142857142857143 0.013959390862944161
0 0.6142857142857143 0.16243654822335024 0.005714285714285714 0.017766497461928932
0 0.6403571428571428 0.10469543147208121 0.005 0.016497461928934008
0 0.6360714285714286 0.10659898477157359 0.005 0.017766497461928932
