3 0.45035714285714284 0.7652380952380953 0.05071428571428571 0.12285714285714286
3 0.2782142857142857 0.6476190476190476 0.07357142857142857 0.13142857142857142
3 0.3192857142857143 0.5066666666666667 0.04857142857142857 0.09142857142857143
3 0.48214285714285715 0.48333333333333334 0.037142857142857144 0.1019047619047619
3 0.5667857142857143 0.16666666666666666 0.02214285714285714 0.049523809523809526
3 0.4407142857142857 0.12285714285714286 0.02142857142857143 0.04
3 0.6285714285714286 0.23857142857142857 0.024285714285714285 0.05047619047619047
7 0.6828571428571428 0.370952380952381 0.018571428571428572 0.05047619047619047
3 0.5903571428571428 0.11047619047619048 0.020714285714285713 0.0380952380952381
3 0.5175 0.021904761904761906 0.019285714285714285 0.03619047619047619
0 0.735 0.19523809523809524 0.01 0.02857142857142857
1 0.7110714285714286 0.15095238095238095 0.009285714285714286 0.02
1 0.6707142857142857 0.14714285714285713 0.008571428571428572 0.01619047619047619
1 0.69 0.08333333333333333 0.007142857142857143 0.014285714285714285
1 0.6864285714285714 0.058095238095238096 0.007142857142857143 0.013333333333333332
1 0.6742857142857143 0.02619047619047619 0.007142857142857143 0.014285714285714285
1 0.6603571428571429 0.09428571428571429 0.0064285714285714285 0.013333333333333332
1 0.6428571428571429 0.04523809523809524 0.005714285714285714 0.012380952380952381
1 0.6457142857142857 0.017619047619047618 0.005714285714285714 0.012380952380952381
9 0.6696428571428571 0.16095238095238096 0.0064285714285714285 0.01904761904761905
9 0.7092857142857143 0.1619047619047619 0.005714285714285714 0.01904761904761905
9 0.6896428571428571 0.08904761904761904 0.005 0.012380952380952381
9 0.6592857142857143 0.09952380952380953 0.004285714285714286 0.008571428571428572
9 0.6846428571428571 0.06476190476190476 0.005 0.009523809523809525
9 0.6425 0.05142857142857143 0.0064285714285714285 0.011428571428571429
9 0.6739285714285714 0.032857142857142856 0.0064285714285714285 0.012380952380952381
9 0.6453571428571429 0.022857142857142857 0.0064285714285714285 0.013333333333333332
3 0.5882142857142857 0.011904761904761904 0.013571428571428571 0.021904761904761906
0 0.7721428571428571 0.42523809523809525 0.012857142857142857 0.03142857142857143
0 0.7867857142857143 0.4957142857142857 0.012142857142857143 0.040952380952380955
3 0.4660714285714286 0.6147619047619047 0.04071428571428572 0.09428571428571429
