3 0.36214285714285716 0.3361904761904762 0.018571428571428572 0.017142857142857144
3 0.37214285714285716 0.3819047619047619 0.022857142857142857 0.02857142857142857
3 0.4785714285714286 0.4057142857142857 0.015714285714285715 0.022857142857142857
3 0.46785714285714286 0.3904761904761905 0.015714285714285715 0.02095238095238095
3 0.33107142857142857 0.42333333333333334 0.035 0.02
3 0.3442857142857143 0.38 0.014285714285714285 0.01904761904761905
3 0.39785714285714285 0.4676190476190476 0.024285714285714285 0.022857142857142857
3 0.405 0.4866666666666667 0.017142857142857144 0.022857142857142857
3 0.41535714285714287 0.5023809523809524 0.02214285714285714 0.03142857142857143
3 0.4207142857142857 0.5680952380952381 0.025714285714285714 0.04666666666666667
4 0.42142857142857143 0.7228571428571429 0.04428571428571428 0.08761904761904762
3 0.4182142857142857 0.8114285714285714 0.04928571428571429 0.09523809523809523
3 0.4207142857142857 0.9257142857142857 0.055714285714285716 0.10857142857142857
5 0.6982142857142857 0.8161904761904762 0.09214285714285714 0.15047619047619049
3 0.5996428571428571 0.611904761904762 0.035 0.040952380952380955
3 0.5457142857142857 0.5019047619047619 0.02857142857142857 0.03428571428571429
3 0.5110714285714286 0.45 0.023571428571428573 0.023809523809523808
