3 0.43658663883089766 0.7959183673469388 0.04227557411273486 0.09090909090909091
3 0.47807933194154484 0.5913729128014842 0.045929018789144044 0.039888682745825604
3 0.4504175365344467 0.5496289424860854 0.04279749478079332 0.03432282003710575
3 0.4331941544885177 0.5032467532467533 0.039665970772442584 0.036178107606679034
4 0.4470250521920668 0.4489795918367347 0.03392484342379958 0.03153988868274583
4 0.5060020876826722 0.5023191094619666 0.03496868475991649 0.03803339517625232
7 0.4655532359081419 0.47217068645640076 0.029227557411273482 0.029684601113172542
7 0.4063152400835073 0.5366419294990724 0.016179540709812108 0.03246753246753247
7 0.40135699373695194 0.5705009276437848 0.01774530271398747 0.04267161410018553
7 0.37943632567849683 0.6822820037105751 0.030271398747390394 0.041743970315398886
7 0.4217118997912317 0.7082560296846011 0.03444676409185803 0.045454545454545456
7 0.4039665970772442 0.7866419294990724 0.021920668058455113 0.059369202226345084
7 0.38335073068893527 0.7769016697588126 0.017223382045929016 0.08070500927643785
7 0.35229645093945716 0.786178107606679 0.04279749478079332 0.05102040816326531
7 0.36456158663883087 0.7411873840445269 0.04436325678496868 0.0352504638218924
0 0.4566805845511482 0.48330241187384043 0.0073068893528183704 0.025974025974025976
0 0.4457202505219206 0.47866419294990725 0.0073068893528183704 0.022263450834879406
0 0.3603862212943632 0.6855287569573284 0.007828810020876827 0.03153988868274583
1 0.5613256784968684 0.5923005565862709 0.009916492693110646 0.02504638218923933
9 0.5610647181628392 0.5955473098330242 0.008350730688935281 0.029684601113172542
1 0.5289665970772442 0.35482374768089053 0.006784968684759916 0.01948051948051948
1 0.5840292275574113 0.2982374768089054 0.005219206680584551 0.01948051948051948
1 0.5983820459290188 0.2036178107606679 0.004697286012526096 0.012059369202226345
1 0.6022964509394572 0.16465677179962895 0.0041753653444676405 0.013914656771799629
0 0.4825156576200417 0.3487940630797774 0.006784968684759916 0.022263450834879406
9 0.4548538622129436 0.313543599257885 0.007828810020876827 0.01855287569573284
9 0.4577244258872651 0.3339517625231911 0.0073068893528183704 0.016697588126159554
9 0.4535490605427974 0.33766233766233766 0.009394572025052192 0.020408163265306124
9 0.46711899791231726 0.3385899814471243 0.009394572025052192 0.01855287569573284
9 0.47181628392484337 0.3469387755102041 0.011482254697286011 0.016697588126159554
4 0.4916492693110647 0.3358070500927644 0.026096033402922752 0.027829313543599257
3 0.5187891440501043 0.31864564007421153 0.031315240083507306 0.0287569573283859
3 0.5227035490605427 0.35018552875695735 0.03392484342379958 0.0287569573283859
9 0.5354906054279749 0.3320964749536178 0.014613778705636741 0.016697588126159554
7 0.5146137787056367 0.33070500927643787 0.022964509394572022 0.01948051948051948
7 0.5613256784968684 0.31261595547309834 0.019311064718162838 0.025974025974025976
6 0.6286534446764092 0.3404452690166976 0.007828810020876827 0.022263450834879406
6 0.5973382045929018 0.20593692022263452 0.007828810020876827 0.01855287569573284
7 0.6085594989561586 0.12430426716141002 0.012526096033402922 0.01855287569573284
9 0.6127348643006263 0.13868274582560297 0.010438413361169102 0.010204081632653062
9 0.6017745302713987 0.16558441558441558 0.0041753653444676405 0.013914656771799629
9 0.5989039665970772 0.22217068645640076 0.0057411273486430055 0.012059369202226345
9 0.5973382045929018 0.26716141001855287 0.006784968684759916 0.012987012987012988
9 0.5842901878914405 0.30009276437847865 0.007828810020876827 0.013914656771799629
0 0.5955114822546972 0.2690166975881262 0.005219206680584551 0.022263450834879406
0 0.5999478079331941 0.2662337662337662 0.0057411273486430055 0.01855287569573284
4 0.604384133611691 0.31957328385899814 0.015657620041753653 0.036178107606679034
1 0.6281315240083507 0.3325602968460111 0.007828810020876827 0.013914656771799629
5 0.6270876826722338 0.28339517625231914 0.0360125260960334 0.049165120593692026
5 0.563152400835073 0.29081632653061223 0.028183716075156573 0.0287569573283859
9 0.6208246346555323 0.2082560296846011 0.0057411273486430055 0.01948051948051948
7 0.6187369519832985 0.1859925788497217 0.007828810020876827 0.02319109461966605
9 0.5861169102296451 0.06307977736549165 0.006263048016701461 0.011131725417439703
7 0.6012526096033403 0.05287569573283859 0.0073068893528183704 0.012987012987012988
7 0.606732776617954 0.08905380333951762 0.0057411273486430055 0.016697588126159554
2 0.609081419624217 0.11410018552875696 0.008350730688935281 0.00927643784786642
1 0.61143006263048 0.10853432282003711 0.004697286012526096 0.00927643784786642
4 0.6390918580375782 0.0816326530612245 0.008872651356993735 0.020408163265306124
3 0.6628392484342379 0.17532467532467533 0.011482254697286011 0.02411873840445269
3 0.6542275574112735 0.08487940630797773 0.009916492693110646 0.015769944341372914
3 0.6510960334029227 0.07003710575139147 0.008872651356993735 0.015769944341372914
7 0.6463987473903966 0.05287569573283859 0.006784968684759916 0.014842300556586271
0 0.6513569937369519 0.06076066790352505 0.0020876826722338203 0.006493506493506494
0 0.5989039665970772 0.00974025974025974 0.0026096033402922755 0.012059369202226345
3 0.6396137787056366 0.016233766233766236 0.010960334029227557 0.012059369202226345
4 0.6547494780793319 0.012987012987012988 0.006784968684759916 0.011131725417439703
9 0.6033402922755741 0.007884972170686457 0.0020876826722338203 0.006493506493506494
1 0.6036012526096033 0.006029684601113173 0.0026096033402922755 0.006493506493506494
2 0.6028183716075156 0.06725417439703155 0.0031315240083507304 0.008348794063079777
9 0.6719728601252609 0.02319109461966605 0.0026096033402922755 0.00927643784786642
1 0.6724947807933194 0.021799628942486087 0.0026096033402922755 0.008348794063079777
7 0.6899791231732776 0.026437847866419294 0.009394572025052192 0.012059369202226345
7 0.7283402922755741 0.022263450834879406 0.007828810020876827 0.011131725417439703
7 0.714509394572025 0.040352504638218926 0.005219206680584551 0.010204081632653062
7 0.7171189979123173 0.048701298701298704 0.006263048016701461 0.013914656771799629
7 0.7241649269311063 0.05983302411873841 0.006784968684759916 0.015769944341372914
7 0.7267745302713987 0.06447124304267161 0.008872651356993735 0.015769944341372914
7 0.7312108559498955 0.07189239332096475 0.0073068893528183704 0.0176252319109462
3 0.7132045929018789 0.014842300556586271 0.016179540709812108 0.011131725417439703
3 0.7108559498956158 0.008348794063079777 0.014613778705636741 0.00927643784786642
3 0.7361691022964508 0.06168831168831169 0.008872651356993735 0.0176252319109462
3 0.7573068893528183 0.06910946196660482 0.018789144050104383 0.012059369202226345
3 0.7612212943632567 0.07235621521335807 0.016179540709812108 0.012987012987012988
4 0.7622651356993736 0.08441558441558442 0.01826722338204593 0.016697588126159554
3 0.769572025052192 0.10528756957328386 0.02139874739039666 0.0176252319109462
3 0.7980167014613778 0.11131725417439703 0.020876826722338204 0.012987012987012988
3 0.780010438413361 0.14517625231910947 0.023486430062630476 0.015769944341372914
3 0.790187891440501 0.16465677179962895 0.022964509394572022 0.0176252319109462
7 0.7617432150313151 0.11549165120593692 0.015135699373695197 0.015769944341372914
7 0.7951461377870563 0.10204081632653061 0.014091858037578286 0.016697588126159554
9 0.7437369519832985 0.1238404452690167 0.0041753653444676405 0.010204081632653062
1 0.7434759916492693 0.12059369202226346 0.0036534446764091852 0.012987012987012988
1 0.7805323590814195 0.12987012987012989 0.0036534446764091852 0.0074211502782931356
1 0.784446764091858 0.12894248608534323 0.0041753653444676405 0.011131725417439703
6 0.782098121085595 0.13126159554730985 0.009916492693110646 0.008348794063079777
9 0.7711377870563674 0.1590909090909091 0.006784968684759916 0.0176252319109462
5 0.7797494780793318 0.6948051948051949 0.05427974947807933 0.1391465677179963
