0 0.35035714285714287 0.7404822335025381 0.015 0.04695431472081218
4 0.5357142857142857 0.7994923857868019 0.04285714285714286 0.1548223350253807
3 0.5889285714285715 0.7671319796954315 0.04642857142857143 0.1383248730964467
4 0.5182142857142857 0.5996192893401014 0.03357142857142857 0.12055837563451775
0 0.7082142857142857 0.9866751269035532 0.013571428571428571 0.024111675126903553
0 0.8192857142857143 0.9118020304568527 0.017142857142857144 0.04187817258883248
0 0.815 0.897208121827411 0.017142857142857144 0.03807106598984771
0 0.8303571428571429 0.9029187817258882 0.012142857142857143 0.03680203045685279
0 0.3325 0.6941624365482233 0.010714285714285714 0.04060913705583756
0 0.3389285714285714 0.690989847715736 0.010714285714285714 0.049492385786802026
0 0.6753571428571429 0.7493654822335025 0.010714285714285714 0.04695431472081218
0 0.6992857142857143 0.756979695431472 0.007142857142857143 0.029187817258883246
0 0.7039285714285715 0.7385786802030456 0.009285714285714286 0.03807106598984771
0 0.7092857142857143 0.7354060913705583 0.008571428571428572 0.026649746192893398
0 0.6632142857142858 0.6256345177664974 0.007857142857142858 0.03807106598984771
0 0.6689285714285714 0.6167512690355329 0.007857142857142858 0.04060913705583756
0 0.675 0.6148477157360406 0.01 0.03426395939086294
0 0.5935714285714285 0.4098984771573604 0.007142857142857143 0.032994923857868015
0 0.6064285714285714 0.43274111675126903 0.005714285714285714 0.032994923857868015
0 0.6214285714285714 0.47842639593908626 0.007142857142857143 0.03807106598984771
0 0.6246428571428572 0.4612944162436548 0.007857142857142858 0.03934010152284264
0 0.6217857142857143 0.4302030456852792 0.0064285714285714285 0.035532994923857864
0 0.6278571428571429 0.42703045685279184 0.005714285714285714 0.03680203045685279
4 0.5010714285714286 0.424492385786802 0.030714285714285715 0.10025380710659898
4 0.4689285714285714 0.08375634517766496 0.019285714285714285 0.055837563451776644
8 0.4928571428571429 0.23286802030456852 0.04 0.11040609137055837
8 0.5114285714285715 0.12055837563451775 0.037142857142857144 0.15989847715736039
8 0.49178571428571427 0.01967005076142132 0.020714285714285713 0.03934010152284264
0 0.36214285714285716 0.2480964467005076 0.005714285714285714 0.03680203045685279
0 0.36714285714285716 0.25380710659898476 0.005714285714285714 0.02284263959390863
0 0.36964285714285716 0.12626903553299493 0.0064285714285714285 0.026649746192893398
0 0.36357142857142855 0.20685279187817257 0.005714285714285714 0.027918781725888322
0 0.3725 0.1897208121827411 0.007857142857142858 0.031725888324873094
0 0.36607142857142855 0.21573604060913704 0.0064285714285714285 0.02284263959390863
0 0.5767857142857142 0.30901015228426393 0.005 0.024111675126903553
0 0.5810714285714286 0.3096446700507614 0.005 0.032994923857868015
0 0.5821428571428572 0.3178934010152284 0.005714285714285714 0.029187817258883246
0 0.5875 0.3096446700507614 0.005 0.035532994923857864
0 0.5907142857142857 0.3032994923857868 0.007142857142857143 0.027918781725888322
0 0.5964285714285714 0.29568527918781723 0.005714285714285714 0.03045685279187817
0 0.5828571428571429 0.26776649746192893 0.005714285714285714 0.032994923857868015
0 0.5896428571428571 0.26776649746192893 0.007857142857142858 0.032994923857868015
0 0.5339285714285714 0.09898477157360405 0.0064285714285714285 0.03045685279187817
0 0.5335714285714286 0.07614213197969542 0.005714285714285714 0.02284263959390863
0 0.5078571428571429 0.01713197969543147 0.005714285714285714 0.024111675126903553
0 0.5221428571428571 0.01967005076142132 0.005714285714285714 0.021573604060913704
0 0.5178571428571429 0.04505076142131979 0.005714285714285714 0.021573604060913704
0 0.5196428571428572 0.06027918781725888 0.005 0.026649746192893398
0 0.5267857142857143 0.04695431472081218 0.0064285714285714285 0.03045685279187817
0 0.5389285714285714 0.17322335025380708 0.005 0.026649746192893398
0 0.5425 0.1763959390862944 0.0035714285714285713 0.02030456852791878
0 0.5396428571428571 0.10977157360406091 0.005 0.029187817258883246
0 0.5410714285714285 0.10088832487309644 0.0064285714285714285 0.029187817258883246
0 0.5407142857142857 0.08375634517766496 0.007142857142857143 0.03045685279187817
0 0.5503571428571429 0.10088832487309644 0.007857142857142858 0.026649746192893398
0 0.5510714285714285 0.12309644670050761 0.0064285714285714285 0.02284263959390863
0 0.5457142857142857 0.157994923857868 0.004285714285714286 0.026649746192893398
0 0.5378571428571428 0.1383248730964467 0.007142857142857143 0.027918781725888322
0 0.56 0.1878172588832487 0.007142857142857143 0.03045685279187817
0 0.5660714285714286 0.1782994923857868 0.0064285714285714285 0.029187817258883246
0 0.5575 0.1446700507614213 0.005 0.025380710659898477
0 0.5571428571428572 0.16370558375634517 0.005714285714285714 0.025380710659898477
0 0.5760714285714286 0.157994923857868 0.005 0.026649746192893398
1 0.5817857142857142 0.1884517766497462 0.0064285714285714285 0.019035532994923856
0 0.5867857142857142 0.22588832487309643 0.0064285714285714285 0.03045685279187817
0 0.58 0.2315989847715736 0.005714285714285714 0.029187817258883246
0 0.5717857142857142 0.22842639593908629 0.005 0.03045685279187817
0 0.5778571428571428 0.22081218274111675 0.005714285714285714 0.032994923857868015
0 0.5810714285714286 0.22525380710659898 0.005 0.026649746192893398
0 0.5714285714285714 0.1916243654822335 0.005714285714285714 0.027918781725888322
0 0.5717857142857142 0.2017766497461929 0.0064285714285714285 0.027918781725888322
0 0.5607142857142857 0.21573604060913704 0.005714285714285714 0.03045685279187817
0 0.5660714285714286 0.21383248730964466 0.005 0.029187817258883246
