9 0.1155 0.711 0.015 0.03666666666666667
3 0.19 0.7413333333333333 0.056 0.072
0 0.1995 0.6963333333333334 0.013000000000000001 0.014
9 0.47825 0.6829999999999999 0.0105 0.028666666666666667
3 0.51675 0.6953333333333334 0.0445 0.04666666666666666
3 0.59025 0.72 0.1005 0.05333333333333333
3 0.67125 0.6869999999999999 0.0735 0.04066666666666666
2 0.804 0.6706666666666666 0.019 0.029333333333333333
3 0.8365 0.695 0.079 0.04066666666666666
3 0.869 0.6773333333333333 0.075 0.03733333333333333
0 0.9115 0.6626666666666666 0.013000000000000001 0.03733333333333333
3 0.89125 0.7546666666666666 0.1225 0.06933333333333333
9 0.9305 0.657 0.016 0.022
3 0.9775 0.6806666666666666 0.045 0.034666666666666665
9 0.9762500000000001 0.651 0.0245 0.020666666666666667
9 0.2095 0.6863333333333334 0.011 0.035333333333333335
2 0.5115000000000001 0.6646666666666666 0.017 0.025333333333333333
0 0.60825 0.6546666666666666 0.0085 0.034666666666666665
