4 0.3846428571428571 0.9346446700507614 0.04357142857142857 0.11294416243654821
4 0.37142857142857144 0.7506345177664974 0.04285714285714286 0.08502538071065989
0 0.2475 0.8274111675126903 0.007857142857142858 0.035532994923857864
0 0.35642857142857143 0.5805837563451777 0.007142857142857143 0.029187817258883246
9 0.3410714285714286 0.532994923857868 0.012142857142857143 0.035532994923857864
9 0.39571428571428574 0.42385786802030456 0.011428571428571429 0.02284263959390863
0 0.4639285714285714 0.3642131979695431 0.0035714285714285713 0.02284263959390863
8 0.17964285714285713 0.3210659898477157 0.09214285714285714 0.07106598984771573
8 0.32107142857142856 0.299492385786802 0.08357142857142857 0.06598984771573603
8 0.46535714285714286 0.26903553299492383 0.10928571428571429 0.08375634517766496
8 0.5878571428571429 0.2576142131979695 0.07714285714285714 0.06345177664974619
0 0.4110714285714286 0.30837563451776645 0.0064285714285714285 0.027918781725888322
0 0.5264285714285715 0.2893401015228426 0.005714285714285714 0.027918781725888322
0 0.5257142857142857 0.29885786802030456 0.007142857142857143 0.031725888324873094
0 0.5425 0.28870558375634514 0.007857142857142858 0.029187817258883246
0 0.5421428571428571 0.29441624365482233 0.005714285714285714 0.03045685279187817
0 0.5835714285714285 0.2842639593908629 0.005714285714285714 0.025380710659898477
0 0.5985714285714285 0.2861675126903553 0.008571428571428572 0.031725888324873094
0 0.6317857142857143 0.2772842639593908 0.0064285714285714285 0.026649746192893398
0 0.6353571428571428 0.28109137055837563 0.005 0.026649746192893398
0 0.5185714285714286 0.21002538071065988 0.007142857142857143 0.024111675126903553
0 0.6921428571428572 0.1916243654822335 0.005714285714285714 0.02284263959390863
0 0.6882142857142857 0.18020304568527917 0.005 0.02030456852791878
3 0.6132142857142857 0.03426395939086294 0.007857142857142858 0.012690355329949238
4 0.6196428571428572 0.04060913705583756 0.007857142857142858 0.012690355329949238
3 0.6239285714285714 0.03426395939086294 0.007857142857142858 0.01015228426395939
3 0.6439285714285714 0.035532994923857864 0.007857142857142858 0.012690355329949238
3 0.6732142857142858 0.03934010152284264 0.0064285714285714285 0.012690355329949238
0 0.5975 0.027918781725888322 0.002142857142857143 0.01015228426395939
0 0.6007142857142858 0.02347715736040609 0.002857142857142857 0.008883248730964466
0 0.5821428571428572 0.05520304568527919 0.002857142857142857 0.011421319796954314
1 0.5992857142857143 0.1351522842639594 0.002857142857142857 0.011421319796954314
9 0.5996428571428571 0.1383248730964467 0.0035714285714285713 0.015228426395939085
4 0.9864285714285714 0.21954314720812182 0.027142857142857142 0.03807106598984771
4 0.9467857142857142 0.21954314720812182 0.04642857142857143 0.035532994923857864
4 0.9010714285714285 0.22588832487309643 0.03785714285714286 0.032994923857868015
4 0.9460714285714286 0.3902284263959391 0.06357142857142857 0.08756345177664974
4 0.9871428571428571 0.43210659898477155 0.025714285714285714 0.06472081218274112
4 0.9107142857142857 0.41370558375634514 0.05142857142857143 0.09390862944162436
4 0.88 0.4213197969543147 0.05 0.09644670050761421
3 0.8457142857142858 0.4295685279187817 0.027142857142857142 0.05710659898477157
3 0.9796428571428571 0.5786802030456852 0.04071428571428572 0.09137055837563451
3 0.9896428571428572 0.6408629441624365 0.020714285714285713 0.05837563451776649
0 0.6803571428571429 0.8597715736040609 0.007857142857142858 0.03934010152284264
0 0.6621428571428571 0.6408629441624365 0.007142857142857143 0.032994923857868015
0 0.6710714285714285 0.640228426395939 0.0064285714285714285 0.03426395939086294
0 0.6557142857142857 0.5323604060913705 0.005714285714285714 0.029187817258883246
0 0.6742857142857143 0.5095177664974619 0.005714285714285714 0.026649746192893398
0 0.6746428571428571 0.47335025380710655 0.0064285714285714285 0.027918781725888322
0 0.66 0.46700507614213194 0.007142857142857143 0.02284263959390863
0 0.6657142857142857 0.4606598984771573 0.005714285714285714 0.025380710659898477
0 0.6603571428571429 0.37373096446700504 0.0064285714285714285 0.026649746192893398
0 0.6642857142857143 0.3762690355329949 0.004285714285714286 0.024111675126903553
3 0.5796428571428571 0.43718274111675126 0.017857142857142856 0.04187817258883248
3 0.565 0.32868020304568524 0.02 0.03045685279187817
9 0.6460714285714285 0.2614213197969543 0.012142857142857143 0.032994923857868015
9 0.6578571428571428 0.26078680203045684 0.014285714285714285 0.024111675126903553
9 0.6617857142857143 0.2569796954314721 0.012142857142857143 0.026649746192893398
0 0.675 0.27538071065989844 0.007142857142857143 0.03045685279187817
9 0.6753571428571429 0.2531725888324873 0.012142857142857143 0.029187817258883246
9 0.6825 0.25571065989847713 0.009285714285714286 0.026649746192893398
9 0.6875 0.25507614213197966 0.010714285714285714 0.027918781725888322
9 0.6967857142857142 0.2531725888324873 0.012142857142857143 0.029187817258883246
9 0.7042857142857143 0.2531725888324873 0.01 0.026649746192893398
9 0.7096428571428571 0.2506345177664974 0.013571428571428571 0.031725888324873094
9 0.7125 0.2519035532994924 0.013571428571428571 0.026649746192893398
9 0.7214285714285714 0.24936548223350252 0.011428571428571429 0.029187817258883246
9 0.7275 0.24873096446700504 0.015 0.027918781725888322
9 0.7335714285714285 0.24936548223350252 0.012857142857142857 0.026649746192893398
9 0.7417857142857143 0.24999999999999997 0.013571428571428571 0.027918781725888322
4 0.8114285714285714 0.2315989847715736 0.045714285714285714 0.03934010152284264
4 0.8553571428571428 0.22652284263959388 0.04071428571428572 0.03680203045685279
