3 0.4903571428571429 0.679047619047619 0.005 0.005714285714285714
3 0.4882142857142857 0.6847619047619048 0.0035714285714285713 0.0038095238095238095
3 0.4882142857142857 0.689047619047619 0.005 0.004761904761904762
3 0.48035714285714287 0.6947619047619048 0.0035714285714285713 0.004761904761904762
7 0.5071428571428571 0.69 0.011428571428571429 0.010476190476190476
3 0.5035714285714286 0.6752380952380952 0.004285714285714286 0.005714285714285714
3 0.52 0.670952380952381 0.004285714285714286 0.004761904761904762
3 0.5310714285714285 0.6742857142857143 0.005 0.007619047619047619
3 0.5435714285714286 0.68 0.005714285714285714 0.007619047619047619
3 0.5592857142857143 0.6580952380952381 0.007142857142857143 0.007619047619047619
0 0.5671428571428572 0.6880952380952381 0.004285714285714286 0.006666666666666666
0 0.615 0.6038095238095238 0.004285714285714286 0.005714285714285714
0 0.6182142857142857 0.6028571428571429 0.0035714285714285713 0.005714285714285714
3 0.6171428571428571 0.599047619047619 0.008571428571428572 0.007619047619047619
3 0.6332142857142857 0.5861904761904762 0.010714285714285714 0.014285714285714285
3 0.7042857142857143 0.5833333333333334 0.018571428571428572 0.018095238095238095
3 0.6803571428571429 0.6395238095238095 0.016428571428571428 0.014285714285714285
3 0.6828571428571428 0.6514285714285715 0.015714285714285715 0.013333333333333332
3 0.7135714285714285 0.6185714285714285 0.018571428571428572 0.01619047619047619
3 0.7035714285714286 0.6485714285714286 0.018571428571428572 0.015238095238095238
3 0.7246428571428571 0.6295238095238095 0.017857142857142856 0.015238095238095238
3 0.7289285714285715 0.6395238095238095 0.017857142857142856 0.01619047619047619
3 0.7392857142857143 0.611904761904762 0.018571428571428572 0.01619047619047619
3 0.7496428571428572 0.6361904761904762 0.023571428571428573 0.017142857142857144
3 0.7492857142857143 0.6214285714285714 0.02142857142857143 0.014285714285714285
3 0.7710714285714285 0.6014285714285714 0.023571428571428573 0.01619047619047619
3 0.7725 0.6166666666666667 0.023571428571428573 0.018095238095238095
3 0.7489285714285714 0.6542857142857142 0.02642857142857143 0.01904761904761905
3 0.7817857142857143 0.6323809523809524 0.02214285714285714 0.017142857142857144
3 0.7985714285714286 0.5961904761904762 0.027142857142857142 0.02095238095238095
4 0.8185714285714286 0.6209523809523809 0.02857142857142857 0.02095238095238095
3 0.8496428571428571 0.6190476190476191 0.03214285714285714 0.02095238095238095
3 0.84 0.6014285714285714 0.03142857142857143 0.018095238095238095
3 0.84 0.5833333333333334 0.03142857142857143 0.02
3 0.8339285714285715 0.5704761904761905 0.029285714285714286 0.01904761904761905
3 0.8764285714285714 0.5933333333333334 0.03571428571428571 0.022857142857142857
3 0.8746428571428572 0.5771428571428572 0.03357142857142857 0.022857142857142857
3 0.8846428571428572 0.5533333333333333 0.03214285714285714 0.022857142857142857
3 0.9942857142857143 0.01619047619047619 0.004285714285714286 0.0038095238095238095
3 0.9842857142857143 0.04047619047619048 0.004285714285714286 0.004761904761904762
3 0.9917857142857143 0.04619047619047619 0.0035714285714285713 0.006666666666666666
3 0.995 0.040952380952380955 0.004285714285714286 0.0038095238095238095
3 0.9635714285714285 0.047142857142857146 0.004285714285714286 0.002857142857142857
3 0.9703571428571428 0.030476190476190476 0.002142857142857143 0.0038095238095238095
3 0.5932142857142857 0.9780952380952381 0.023571428571428573 0.030476190476190476
3 0.5539285714285714 0.9852380952380952 0.029285714285714286 0.029523809523809525
3 0.5367857142857143 0.9580952380952381 0.013571428571428571 0.0380952380952381
3 0.5010714285714286 0.9604761904761905 0.020714285714285713 0.03142857142857143
3 0.5067857142857143 0.9404761904761905 0.020714285714285713 0.02761904761904762
3 0.5078571428571429 0.9252380952380952 0.02 0.029523809523809525
3 0.49 0.9033333333333333 0.017142857142857144 0.023809523809523808
8 0.4689285714285714 0.8676190476190476 0.02214285714285714 0.04380952380952381
5 0.5032142857142857 0.8033333333333333 0.015 0.018095238095238095
8 0.4807142857142857 0.8004761904761905 0.018571428571428572 0.018095238095238095
8 0.4782142857142857 0.7871428571428571 0.030714285714285715 0.037142857142857144
3 0.4617857142857143 0.799047619047619 0.009285714285714286 0.013333333333333332
3 0.45 0.8114285714285714 0.008571428571428572 0.013333333333333332
3 0.4417857142857143 0.799047619047619 0.009285714285714286 0.009523809523809525
3 0.4382142857142857 0.81 0.007857142857142858 0.008571428571428572
4 0.43392857142857144 0.8180952380952381 0.009285714285714286 0.011428571428571429
3 0.43142857142857144 0.8261904761904761 0.01 0.010476190476190476
4 0.42857142857142855 0.8338095238095238 0.008571428571428572 0.010476190476190476
