3 0.2455 0.891 0.23800000000000002 0.21266666666666667
2 0.29725 0.6983333333333334 0.0555 0.08866666666666666
9 0.34275 0.5776666666666667 0.0385 0.06066666666666667
9 0.63075 0.6946666666666667 0.0685 0.064
3 0.61525 0.5763333333333334 0.0885 0.11399999999999999
5 0.25425000000000003 0.5233333333333333 0.1345 0.09333333333333332
5 0.587 0.43033333333333335 0.117 0.06866666666666667
3 0.60075 0.23933333333333331 0.0145 0.02
3 0.58975 0.24533333333333332 0.0195 0.025333333333333333
5 0.633 0.2803333333333333 0.024 0.038
1 0.60875 0.26166666666666666 0.0055 0.015333333333333332
0 0.60975 0.242 0.0045000000000000005 0.018666666666666665
5 0.541 0.26066666666666666 0.052000000000000005 0.042666666666666665
4 0.5445 0.2813333333333333 0.026000000000000002 0.03333333333333333
0 0.65325 0.22033333333333333 0.0035 0.018
0 0.6567500000000001 0.22033333333333333 0.0035 0.018
5 0.69975 0.2383333333333333 0.0265 0.056666666666666664
7 0.6085 0.27399999999999997 0.007 0.014666666666666666
4 0.6465 0.3423333333333333 0.08600000000000001 0.05533333333333333
0 0.6075 0.346 0.012 0.03866666666666667
9 0.54675 0.328 0.0095 0.024
1 0.53 0.4086666666666667 0.012 0.032
1 0.54625 0.319 0.0075 0.02733333333333333
5 0.48925 0.33699999999999997 0.0445 0.04466666666666667
1 0.2915 0.6756666666666666 0.032 0.074
1 0.3315 0.5796666666666667 0.019 0.043333333333333335
1 0.33925 0.5603333333333333 0.0235 0.048666666666666664
0 0.339 0.47333333333333333 0.024 0.064
0 0.47425 0.5363333333333333 0.0165 0.066
0 0.45625 0.5373333333333333 0.0155 0.06266666666666666
0 0.5405 0.6853333333333333 0.019 0.076
0 0.559 0.6946666666666667 0.019 0.09999999999999999
1 0.502 0.5943333333333333 0.025 0.05266666666666667
3 0.5710000000000001 0.3843333333333333 0.052000000000000005 0.04466666666666667
