0 0.5342857142857143 0.8138095238095238 0.03142857142857143 0.04666666666666667
0 0.7746428571428572 0.9480952380952381 0.045 0.05619047619047619
0 0.8139285714285714 0.9223809523809524 0.04642857142857143 0.04857142857142857
0 0.6414285714285715 0.5614285714285714 0.03142857142857143 0.029523809523809525
0 0.4932142857142857 0.28523809523809524 0.027857142857142858 0.04857142857142857
0 0.5214285714285715 0.28 0.027142857142857142 0.05523809523809524
3 0.38285714285714284 0.17238095238095238 0.06857142857142857 0.22476190476190477
3 0.6282142857142857 0.04238095238095238 0.16357142857142856 0.08476190476190476
3 0.6214285714285714 0.13142857142857142 0.14142857142857143 0.09904761904761905
3 0.6303571428571428 0.24714285714285714 0.155 0.11333333333333333
3 0.6310714285714286 0.37 0.17785714285714285 0.1019047619047619
9 0.7367857142857143 0.33380952380952383 0.03357142857142857 0.07904761904761905
9 0.7410714285714286 0.23809523809523808 0.030714285714285715 0.07809523809523809
2 0.7496428571428572 0.14952380952380953 0.03642857142857143 0.07047619047619047
2 0.8075 0.07571428571428572 0.05785714285714286 0.05047619047619047
2 0.8721428571428571 0.06285714285714286 0.03142857142857143 0.06666666666666667
0 0.42642857142857143 0.49142857142857144 0.03142857142857143 0.03619047619047619
0 0.4517857142857143 0.49333333333333335 0.02642857142857143 0.04
0 0.5117857142857143 0.5066666666666667 0.027857142857142858 0.04380952380952381
0 0.48857142857142855 0.5119047619047619 0.024285714285714285 0.05047619047619047
