3 0.4994780793319415 0.8566790352504638 0.06471816283924843 0.0862708719851577
3 0.4950417536534446 0.7736549165120594 0.0464509394572025 0.08534322820037106
3 0.5602818371607515 0.7258812615955473 0.055845511482254695 0.07142857142857142
4 0.4303235908141962 0.8302411873840445 0.0662839248434238 0.09090909090909091
9 0.5292275574112735 0.7040816326530612 0.013569937369519832 0.03153988868274583
0 0.4418058455114822 0.7221706864564007 0.008872651356993735 0.036178107606679034
0 0.45276617954070975 0.7161410018552876 0.0057411273486430055 0.03710575139146568
0 0.6492693110647181 0.5769944341372912 0.006263048016701461 0.02411873840445269
0 0.6534446764091857 0.5816326530612245 0.0073068893528183704 0.014842300556586271
0 0.650313152400835 0.5700371057513914 0.006263048016701461 0.021335807050092765
9 0.6740605427974947 0.5718923933209648 0.017223382045929016 0.01948051948051948
2 0.388830897703549 0.8010204081632654 0.009394572025052192 0.036178107606679034
3 0.7090292275574112 0.5932282003710575 0.05167014613778705 0.0640074211502783
3 0.7995824634655532 0.5046382189239332 0.027139874739039664 0.05009276437847866
4 0.7531315240083507 0.5510204081632654 0.038622129436325675 0.05009276437847866
0 0.7505219206680583 0.514378478664193 0.009394572025052192 0.02319109461966605
8 0.8890918580375782 0.6159554730983302 0.09551148225469727 0.1410018552875696
8 0.9733820459290187 0.5352504638218925 0.051148225469728595 0.13172541743970315
9 0.41466597077244255 0.7838589981447125 0.022442588726513567 0.0352504638218924
9 0.7163361169102296 0.550556586270872 0.01826722338204593 0.02319109461966605
9 0.7304279749478079 0.5347866419294991 0.012004175365344467 0.030612244897959183
9 0.818893528183716 0.4670686456400742 0.018789144050104383 0.02319109461966605
9 0.8079331941544884 0.4536178107606679 0.009394572025052192 0.025974025974025976
9 0.5467118997912317 0.6920222634508348 0.017223382045929016 0.029684601113172542
9 0.4042275574112734 0.7908163265306123 0.013048016701461376 0.03246753246753247
9 0.7074634655532358 0.5176252319109462 0.014091858037578286 0.014842300556586271
9 0.716858037578288 0.512987012987013 0.007828810020876827 0.012987012987012988
1 0.7082463465553235 0.5074211502782932 0.006263048016701461 0.014842300556586271
1 0.7160751565762004 0.5009276437847866 0.006263048016701461 0.016697588126159554
9 0.18867432150313151 0.9387755102040817 0.04123173277661795 0.0463821892393321
9 0.1847599164926931 0.924860853432282 0.037578288100208766 0.04823747680890538
