3 0.7471294363256784 0.8585343228200372 0.050626304801670144 0.10296846011131726
4 0.7933194154488517 0.7388682745825603 0.04801670146137787 0.09925788497217068
3 0.8259394572025052 0.6655844155844156 0.04018789144050104 0.07884972170686456
3 0.18502087682672233 0.75139146567718 0.04227557411273486 0.04823747680890538
3 0.20902922755741124 0.7133580705009277 0.05167014613778705 0.05380333951762523
3 0.3562108559498956 0.5640074211502784 0.0464509394572025 0.06679035250463822
3 0.4198851774530271 0.08256029684601113 0.03079331941544885 0.03339517625231911
3 0.9882567849686846 0.29591836734693877 0.022442588726513567 0.06493506493506494
3 0.9115344467640918 0.3302411873840445 0.04227557411273486 0.0463821892393321
3 0.8629958246346554 0.287569573283859 0.04331941544885177 0.04823747680890538
3 0.815501043841336 0.25788497217068646 0.02661795407098121 0.04267161410018553
3 0.7941022964509393 0.23840445269016697 0.028705636743215027 0.04267161410018553
3 0.7690501043841336 0.22448979591836735 0.028705636743215027 0.04452690166975881
3 0.7484342379958245 0.19990723562152135 0.031315240083507306 0.041743970315398886
3 0.7265135699373695 0.18042671614100186 0.027139874739039664 0.045454545454545456
3 0.707724425887265 0.16094619666048238 0.026096033402922752 0.03803339517625232
4 0.6537056367432149 0.10714285714285715 0.02974947807933194 0.045454545454545456
3 0.6370041753653444 0.10204081632653061 0.025574112734864297 0.03710575139146568
3 0.6030793319415448 0.07653061224489796 0.028705636743215027 0.03803339517625232
