3 0.5178571428571429 0.7557106598984771 0.03 0.07741116751269035
3 0.4546428571428571 0.20939086294416243 0.013571428571428571 0.027918781725888322
3 0.44642857142857145 0.06598984771573603 0.007142857142857143 0.017766497461928932
3 0.5278571428571428 0.05964467005076142 0.01 0.027918781725888322
3 0.45571428571428574 0.012690355329949238 0.008571428571428572 0.012690355329949238
3 0.5853571428571429 0.1618020304568528 0.020714285714285713 0.019035532994923856
3 0.5853571428571429 0.15101522842639592 0.023571428571428573 0.017766497461928932
3 0.5782142857142857 0.12944162436548223 0.019285714285714285 0.015228426395939085
4 0.5835714285714285 0.14086294416243653 0.027142857142857142 0.017766497461928932
4 0.5764285714285714 0.11675126903553298 0.022857142857142857 0.02284263959390863
4 0.5946428571428571 0.4612944162436548 0.016428571428571428 0.052030456852791875
8 0.3792857142857143 0.29885786802030456 0.024285714285714285 0.10532994923857868
8 0.3757142857142857 0.37373096446700504 0.025714285714285714 0.12563451776649745
4 0.42142857142857143 0.416243654822335 0.014285714285714285 0.053299492385786795
4 0.5303571428571429 0.13071065989847716 0.010714285714285714 0.025380710659898477
0 0.8867857142857143 0.9232233502538071 0.012142857142857143 0.026649746192893398
0 0.6921428571428572 0.6510152284263959 0.008571428571428572 0.035532994923857864
0 0.6746428571428571 0.5558375634517766 0.007857142857142858 0.027918781725888322
0 0.6607142857142857 0.49302030456852786 0.007142857142857143 0.029187817258883246
0 0.3482142857142857 0.3629441624365482 0.005 0.02030456852791878
0 0.36 0.3096446700507614 0.004285714285714286 0.017766497461928932
0 0.5989285714285715 0.1516497461928934 0.0035714285714285713 0.019035532994923856
