3 0.48464285714285715 0.8357142857142857 0.045 0.1019047619047619
3 0.5764285714285714 0.770952380952381 0.05 0.08666666666666667
3 0.5160714285714286 0.74 0.039285714285714285 0.07428571428571429
3 0.46285714285714286 0.7171428571428572 0.03428571428571429 0.07428571428571429
3 0.49607142857142855 0.6657142857142857 0.030714285714285715 0.06095238095238095
3 0.5439285714285714 0.6833333333333333 0.04214285714285714 0.07333333333333333
4 0.45285714285714285 0.6433333333333333 0.02857142857142857 0.06571428571428571
3 0.4828571428571429 0.6033333333333334 0.027142857142857142 0.058095238095238096
3 0.5207142857142857 0.611904761904762 0.03571428571428571 0.05238095238095238
3 0.4407142857142857 0.5895238095238096 0.024285714285714285 0.05142857142857143
3 0.49892857142857144 0.5628571428571428 0.029285714285714286 0.047619047619047616
3 0.47 0.5576190476190476 0.022857142857142857 0.04285714285714286
3 0.43964285714285717 0.5452380952380952 0.025 0.039047619047619046
3 0.48714285714285716 0.5261904761904762 0.027142857142857142 0.040952380952380955
3 0.4357142857142857 0.5095238095238095 0.02 0.03428571428571429
3 0.4660714285714286 0.46714285714285714 0.020714285714285713 0.037142857142857144
3 0.43964285714285717 0.48 0.020714285714285713 0.03238095238095238
3 0.43607142857142855 0.44571428571428573 0.020714285714285713 0.03238095238095238
3 0.45535714285714285 0.42523809523809525 0.016428571428571428 0.02761904761904762
3 0.4467857142857143 0.38047619047619047 0.015 0.021904761904761906
3 0.42857142857142855 0.3952380952380952 0.015714285714285715 0.024761904761904763
3 0.42392857142857143 0.3661904761904762 0.012142857142857143 0.02
3 0.4203571428571429 0.35428571428571426 0.012142857142857143 0.01904761904761905
3 0.40785714285714286 0.36714285714285716 0.015714285714285715 0.023809523809523808
3 0.43285714285714283 0.3380952380952381 0.014285714285714285 0.017142857142857144
3 0.45535714285714285 0.31523809523809526 0.012142857142857143 0.011428571428571429
3 0.4175 0.3047619047619048 0.010714285714285714 0.013333333333333332
3 0.41678571428571426 0.2838095238095238 0.009285714285714286 0.013333333333333332
3 0.41214285714285714 0.27285714285714285 0.008571428571428572 0.010476190476190476
3 0.41285714285714287 0.2342857142857143 0.007142857142857143 0.009523809523809525
3 0.435 0.24285714285714285 0.008571428571428572 0.009523809523809525
3 0.43714285714285717 0.23095238095238096 0.007142857142857143 0.010476190476190476
3 0.43214285714285716 0.2257142857142857 0.011428571428571429 0.005714285714285714
1 0.41214285714285714 0.3842857142857143 0.005714285714285714 0.010476190476190476
9 0.4125 0.39571428571428574 0.0064285714285714285 0.018095238095238095
1 0.4025 0.5152380952380953 0.0064285714285714285 0.011428571428571429
1 0.41214285714285714 0.5157142857142857 0.008571428571428572 0.012380952380952381
1 0.4035714285714286 0.5566666666666666 0.008571428571428572 0.014285714285714285
1 0.4085714285714286 0.5395238095238095 0.01 0.021904761904761906
9 0.40214285714285714 0.5266666666666666 0.007142857142857143 0.015238095238095238
9 0.41285714285714287 0.5276190476190477 0.007142857142857143 0.013333333333333332
9 0.4067857142857143 0.5428571428571428 0.007857142857142858 0.013333333333333332
9 0.4039285714285714 0.5723809523809524 0.0064285714285714285 0.01904761904761905
1 0.3942857142857143 0.9385714285714286 0.01 0.023809523809523808
1 0.3964285714285714 0.93 0.014285714285714285 0.018095238095238095
1 0.3975 0.8876190476190476 0.015 0.0380952380952381
1 0.39535714285714285 0.8738095238095238 0.010714285714285714 0.025714285714285714
1 0.43892857142857145 0.8752380952380953 0.013571428571428571 0.03428571428571429
1 0.41785714285714287 0.8785714285714286 0.014285714285714285 0.02
9 0.39785714285714285 0.8995238095238095 0.017142857142857144 0.037142857142857144
9 0.41785714285714287 0.9 0.012857142857142857 0.03238095238095238
9 0.4407142857142857 0.900952380952381 0.012857142857142857 0.03428571428571429
9 0.3942857142857143 0.9619047619047619 0.01 0.03238095238095238
0 0.8325 0.9076190476190477 0.012142857142857143 0.0419047619047619
0 0.5771428571428572 0.520952380952381 0.007142857142857143 0.026666666666666665
0 0.5225 0.439047619047619 0.005 0.02095238095238095
0 0.525 0.439047619047619 0.005714285714285714 0.02095238095238095
1 0.4132142857142857 0.7766666666666666 0.009285714285714286 0.02
9 0.4125 0.7928571428571428 0.015 0.02
9 0.8371428571428572 0.9723809523809523 0.04857142857142857 0.03428571428571429
1 0.8425 0.96 0.020714285714285713 0.030476190476190476
