3 0.6157142857142857 0.5938095238095238 0.06428571428571428 0.07333333333333333
3 0.7642857142857142 0.6876190476190476 0.08714285714285715 0.08190476190476191
3 0.3914285714285714 0.4533333333333333 0.06571428571428571 0.049523809523809526
3 0.5407142857142857 0.4876190476190476 0.02857142857142857 0.05714285714285714
3 0.09178571428571429 0.5266666666666666 0.075 0.045714285714285714
3 0.09857142857142857 0.4976190476190476 0.07 0.04285714285714286
3 0.5475 0.36857142857142855 0.027857142857142858 0.03428571428571429
3 0.07857142857142857 0.38476190476190475 0.054285714285714284 0.030476190476190476
9 0.18714285714285714 0.38904761904761903 0.02 0.01619047619047619
9 0.22178571428571428 0.3952380952380952 0.02214285714285714 0.01904761904761905
9 0.1757142857142857 0.3861904761904762 0.02 0.021904761904761906
9 0.12642857142857142 0.37523809523809526 0.02 0.013333333333333332
9 0.16535714285714287 0.379047619047619 0.023571428571428573 0.013333333333333332
9 0.14964285714285713 0.6504761904761904 0.02642857142857143 0.02095238095238095
9 0.14214285714285715 0.6876190476190476 0.03 0.026666666666666665
9 0.10607142857142857 0.6652380952380952 0.03214285714285714 0.029523809523809525
9 0.1125 0.6966666666666667 0.02642857142857143 0.02
9 0.12892857142857142 0.7228571428571429 0.04357142857142857 0.02857142857142857
2 0.06821428571428571 0.6319047619047619 0.025 0.021904761904761906
1 0.06571428571428571 0.6214285714285714 0.015714285714285715 0.03142857142857143
1 0.14642857142857144 0.6414285714285715 0.014285714285714285 0.029523809523809525
1 0.10142857142857142 0.6557142857142857 0.017142857142857144 0.025714285714285714
1 0.1392857142857143 0.6795238095238095 0.017142857142857144 0.029523809523809525
1 0.11071428571428571 0.69 0.017142857142857144 0.025714285714285714
1 0.12285714285714286 0.7133333333333334 0.012857142857142857 0.024761904761904763
9 0.4928571428571429 0.22476190476190477 0.01 0.011428571428571429
9 0.5071428571428571 0.2276190476190476 0.01 0.011428571428571429
9 0.5157142857142857 0.22238095238095237 0.01 0.008571428571428572
3 0.5525 0.29619047619047617 0.020714285714285713 0.026666666666666665
3 0.5589285714285714 0.3380952380952381 0.023571428571428573 0.02857142857142857
3 0.5885714285714285 0.3423809523809524 0.022857142857142857 0.02761904761904762
7 0.3867857142857143 0.7690476190476191 0.07214285714285715 0.058095238095238096
9 0.44357142857142856 0.638095238095238 0.022857142857142857 0.024761904761904763
1 0.44107142857142856 0.628095238095238 0.010714285714285714 0.025714285714285714
1 0.4010714285714286 0.7652380952380953 0.016428571428571428 0.03333333333333333
3 0.9528571428571428 0.7733333333333333 0.09428571428571429 0.06476190476190476
3 0.7285714285714285 0.05714285714285714 0.004285714285714286 0.005714285714285714
3 0.7342857142857143 0.054285714285714284 0.004285714285714286 0.005714285714285714
3 0.7289285714285715 0.05142857142857143 0.0035714285714285713 0.0038095238095238095
3 0.7335714285714285 0.040952380952380955 0.004285714285714286 0.0038095238095238095
3 0.7335714285714285 0.03333333333333333 0.004285714285714286 0.005714285714285714
3 0.6882142857142857 0.0761904761904762 0.0064285714285714285 0.005714285714285714
3 0.6892857142857143 0.06857142857142857 0.005714285714285714 0.005714285714285714
3 0.7 0.058095238095238096 0.005714285714285714 0.005714285714285714
3 0.7021428571428572 0.05238095238095238 0.005714285714285714 0.005714285714285714
3 0.6703571428571429 0.10476190476190476 0.007857142857142858 0.009523809523809525
3 0.6657142857142857 0.12523809523809523 0.01 0.010476190476190476
3 0.6485714285714286 0.1376190476190476 0.01 0.010476190476190476
8 0.6464285714285715 0.15761904761904763 0.017142857142857144 0.02761904761904762
3 0.6585714285714286 0.1461904761904762 0.007142857142857143 0.010476190476190476
3 0.6817857142857143 0.10380952380952381 0.007857142857142858 0.007619047619047619
3 0.6889285714285714 0.08523809523809524 0.007857142857142858 0.008571428571428572
3 0.6810714285714285 0.07333333333333333 0.005 0.005714285714285714
3 0.6982142857142857 0.06714285714285714 0.005 0.004761904761904762
3 0.7378571428571429 0.034761904761904765 0.004285714285714286 0.006666666666666666
3 0.6942857142857143 0.07857142857142857 0.004285714285714286 0.006666666666666666
0 0.6585714285714286 0.10666666666666666 0.002857142857142857 0.009523809523809525
0 0.6703571428571429 0.09523809523809523 0.002142857142857143 0.007619047619047619
3 0.665 0.09571428571428571 0.005714285714285714 0.006666666666666666
3 0.6132142857142857 0.28476190476190477 0.016428571428571428 0.024761904761904763
3 0.7335714285714285 0.04666666666666667 0.004285714285714286 0.005714285714285714
0 0.6810714285714285 0.08095238095238096 0.002142857142857143 0.005714285714285714
