9 0.010357142857142856 0.06666666666666667 0.020714285714285713 0.045714285714285714
0 0.01 0.04523809523809524 0.02 0.039047619047619046
0 0.02 0.034761904761904765 0.02142857142857143 0.035238095238095235
0 0.031785714285714285 0.02142857142857143 0.017857142857142856 0.03142857142857143
0 0.026071428571428572 0.028095238095238097 0.02642857142857143 0.040952380952380955
9 0.03357142857142857 0.30904761904761907 0.02857142857142857 0.05047619047619047
1 0.029642857142857144 0.28714285714285714 0.027857142857142858 0.021904761904761906
1 0.028214285714285713 0.2980952380952381 0.02642857142857143 0.017142857142857144
9 0.08607142857142858 0.5661904761904762 0.035 0.05619047619047619
1 0.08392857142857142 0.5519047619047619 0.027857142857142858 0.035238095238095235
3 0.35642857142857143 0.6633333333333333 0.11142857142857143 0.2180952380952381
0 0.3357142857142857 0.5871428571428572 0.018571428571428572 0.025714285714285714
3 0.38107142857142856 0.4685714285714286 0.09357142857142857 0.14476190476190476
3 0.46035714285714285 0.6309523809523809 0.11642857142857142 0.1895238095238095
4 0.5189285714285714 0.54 0.13071428571428573 0.2057142857142857
3 0.5964285714285714 0.5142857142857142 0.11714285714285715 0.16380952380952382
3 0.6632142857142858 0.47095238095238096 0.10357142857142858 0.12857142857142856
3 0.5778571428571428 0.3647619047619048 0.1 0.11619047619047619
2 0.5325 0.4423809523809524 0.05071428571428571 0.03142857142857143
0 0.4539285714285714 0.36142857142857143 0.020714285714285713 0.058095238095238096
0 0.48928571428571427 0.36714285714285716 0.017142857142857144 0.058095238095238096
0 0.5853571428571429 0.27476190476190476 0.017857142857142856 0.05619047619047619
2 0.2617857142857143 0.3619047619047619 0.04071428571428572 0.03619047619047619
2 0.21607142857142858 0.3514285714285714 0.04928571428571429 0.04380952380952381
2 0.2814285714285714 0.3242857142857143 0.045714285714285714 0.04476190476190476
2 0.37107142857142855 0.27380952380952384 0.03785714285714286 0.03333333333333333
2 0.46035714285714285 0.23238095238095238 0.035 0.04
2 0.3460714285714286 0.30333333333333334 0.045 0.039047619047619046
2 0.5414285714285715 0.21857142857142858 0.03571428571428571 0.039047619047619046
2 0.5339285714285714 0.20142857142857143 0.023571428571428573 0.023809523809523808
3 0.7825 0.33714285714285713 0.12214285714285714 0.10857142857142857
3 0.7228571428571429 0.4185714285714286 0.11714285714285715 0.14
3 0.7335714285714285 0.2947619047619048 0.10428571428571429 0.09428571428571429
3 0.6917857142857143 0.24619047619047618 0.105 0.08285714285714285
4 0.5871428571428572 0.11142857142857143 0.06857142857142857 0.09714285714285714
4 0.6353571428571428 0.08571428571428572 0.08357142857142857 0.10857142857142857
4 0.5296428571428572 0.05095238095238095 0.06785714285714285 0.08095238095238096
4 0.8160714285714286 0.09476190476190476 0.11071428571428571 0.09619047619047619
4 0.7271428571428571 0.0380952380952381 0.08571428571428572 0.07428571428571429
0 0.8442857142857143 0.5271428571428571 0.037142857142857144 0.06571428571428571
0 0.8160714285714286 0.5061904761904762 0.029285714285714286 0.06571428571428571
3 0.9525 0.731904761904762 0.09214285714285714 0.18
4 0.885 0.8914285714285715 0.22714285714285715 0.21523809523809523
