7 0.14170146137787054 0.36363636363636365 0.028705636743215027 0.03339517625231911
7 0.24999999999999997 0.3747680890538033 0.013569937369519832 0.029684601113172542
9 0.2361691022964509 0.7722634508348795 0.015135699373695197 0.030612244897959183
2 0.25574112734864296 0.7096474953617811 0.018789144050104383 0.02411873840445269
0 0.29827766179540705 0.7244897959183674 0.009916492693110646 0.03896103896103896
0 0.2552192066805845 0.6799628942486086 0.010438413361169102 0.027829313543599257
0 0.2578288100208768 0.6688311688311689 0.009394572025052192 0.029684601113172542
1 0.38178496868475986 0.9039888682745826 0.014091858037578286 0.03803339517625232
9 0.38048016701461373 0.9095547309833024 0.012526096033402922 0.06215213358070501
0 0.29749478079331937 0.5923005565862709 0.009394572025052192 0.03432282003710575
7 0.36064718162839243 0.6066790352504638 0.014613778705636741 0.04452690166975881
7 0.36821503131524 0.5528756957328386 0.02661795407098121 0.03896103896103896
1 0.3316805845511482 0.549165120593692 0.008872651356993735 0.025974025974025976
9 0.3308977035490605 0.549165120593692 0.011482254697286011 0.025974025974025976
0 0.31132567849686843 0.5533395176252319 0.008872651356993735 0.030612244897959183
9 0.3100208768267223 0.5403525046382189 0.012526096033402922 0.026901669758812616
0 0.29305845511482254 0.5384972170686456 0.006784968684759916 0.0287569573283859
1 0.2969728601252609 0.5607606679035251 0.008350730688935281 0.030612244897959183
9 0.2946242171189979 0.5640074211502784 0.01826722338204593 0.022263450834879406
9 0.29749478079331937 0.5547309833024119 0.015657620041753653 0.025974025974025976
9 0.2946242171189979 0.5496289424860854 0.015135699373695197 0.026901669758812616
1 0.4141440501043841 0.4689239332096475 0.006784968684759916 0.02319109461966605
9 0.4138830897703549 0.47170686456400746 0.008350730688935281 0.030612244897959183
7 0.3935281837160751 0.3719851576994434 0.012526096033402922 0.03339517625231911
9 0.3971816283924843 0.326530612244898 0.011482254697286011 0.012987012987012988
9 0.40031315240083504 0.3232838589981447 0.009394572025052192 0.015769944341372914
0 0.3843945720250522 0.313543599257885 0.0057411273486430055 0.022263450834879406
1 0.36978079331941544 0.31957328385899814 0.007828810020876827 0.01948051948051948
1 0.36325678496868474 0.3047309833024119 0.005219206680584551 0.01948051948051948
1 0.36430062630480164 0.313543599257885 0.006263048016701461 0.01855287569573284
9 0.3640396659707724 0.3075139146567718 0.009916492693110646 0.013914656771799629
9 0.3640396659707724 0.3163265306122449 0.0057411273486430055 0.01855287569573284
9 0.369258872651357 0.3232838589981447 0.006784968684759916 0.021335807050092765
9 0.34916492693110646 0.32560296846011133 0.006263048016701461 0.014842300556586271
9 0.3431628392484342 0.3232838589981447 0.009916492693110646 0.0176252319109462
9 0.34368475991649267 0.3293135435992579 0.008872651356993735 0.014842300556586271
9 0.3799582463465553 0.1836734693877551 0.0073068893528183704 0.012987012987012988
9 0.3799582463465553 0.16743970315398887 0.008350730688935281 0.010204081632653062
1 0.3971816283924843 0.1859925788497217 0.0041753653444676405 0.013914656771799629
9 0.39744258872651356 0.18877551020408165 0.0036534446764091852 0.013914656771799629
9 0.38935281837160746 0.1525974025974026 0.0073068893528183704 0.010204081632653062
6 0.3932672233820459 0.14842300556586271 0.009916492693110646 0.011131725417439703
7 0.4172755741127348 0.1808905380333952 0.010960334029227557 0.025974025974025976
3 0.4164926931106471 0.13126159554730985 0.010438413361169102 0.021335807050092765
9 0.39848643006263046 0.09925788497217068 0.006784968684759916 0.00927643784786642
9 0.39692066805845505 0.09601113172541745 0.0057411273486430055 0.008348794063079777
9 0.4282359081419624 0.09601113172541745 0.007828810020876827 0.008348794063079777
1 0.43084551148225464 0.0074211502782931356 0.0026096033402922755 0.0074211502782931356
9 0.43084551148225464 0.0088126159554731 0.0026096033402922755 0.008348794063079777
9 0.4483298538622129 0.03942486085343228 0.0020876826722338203 0.008348794063079777
1 0.4480688935281837 0.03710575139146568 0.0026096033402922755 0.0074211502782931356
9 0.44311064718162835 0.08487940630797773 0.0031315240083507304 0.010204081632653062
1 0.4428496868475991 0.08116883116883117 0.0026096033402922755 0.008348794063079777
3 0.4963465553235908 0.0088126159554731 0.0073068893528183704 0.012059369202226345
3 0.4757306889352818 0.026437847866419294 0.006784968684759916 0.013914656771799629
3 0.4655532359081419 0.017161410018552876 0.0073068893528183704 0.013914656771799629
7 0.46189979123173275 0.036641929499072357 0.008350730688935281 0.01948051948051948
3 0.47494780793319413 0.03710575139146568 0.006263048016701461 0.011131725417439703
5 0.4744258872651356 0.05612244897959184 0.012526096033402922 0.039888682745825604
3 0.46111691022964507 0.112708719851577 0.009916492693110646 0.0176252319109462
8 0.46033402922755734 0.1345083487940631 0.013569937369519832 0.03710575139146568
5 0.47912317327766174 0.11873840445269017 0.015657620041753653 0.05380333951762523
3 0.49999999999999994 0.14517625231910947 0.011482254697286011 0.01948051948051948
3 0.47155532359081415 0.2036178107606679 0.013048016701461376 0.02319109461966605
1 0.517223382045929 0.04313543599257885 0.0020876826722338203 0.010204081632653062
1 0.534446764091858 0.15769944341372913 0.0041753653444676405 0.012987012987012988
9 0.5169624217118998 0.04406307977736549 0.0026096033402922755 0.008348794063079777
9 0.534446764091858 0.161873840445269 0.005219206680584551 0.012059369202226345
5 0.4832985386221294 0.25556586270871984 0.024008350730688934 0.10482374768089053
3 0.5135699373695198 0.3487940630797774 0.016701461377870562 0.03339517625231911
6 0.5647181628392484 0.30287569573283857 0.008350730688935281 0.030612244897959183
1 0.5735908141962421 0.34369202226345086 0.0031315240083507304 0.013914656771799629
1 0.5738517745302714 0.3395176252319109 0.0057411273486430055 0.016697588126159554
9 0.5733298538622129 0.34090909090909094 0.004697286012526096 0.02319109461966605
1 0.5772442588726513 0.3775510204081633 0.0041753653444676405 0.011131725417439703
1 0.5806367432150312 0.37662337662337664 0.004697286012526096 0.011131725417439703
6 0.5801148225469728 0.3840445269016698 0.013048016701461376 0.027829313543599257
5 0.4728601252609603 0.4035250463821892 0.04070981210855949 0.14656771799628943
3 0.5274008350730688 0.46289424860853434 0.02139874739039666 0.05009276437847866
5 0.49530271398747383 0.6841372912801484 0.033402922755741124 0.11595547309833024
3 0.5634133611691022 0.9475881261595548 0.03496868475991649 0.10296846011131726
1 0.7379958246346554 0.8659554730983302 0.009394572025052192 0.0176252319109462
1 0.7361691022964508 0.852504638218924 0.012004175365344467 0.025974025974025976
9 0.7351252609603339 0.8571428571428572 0.013048016701461376 0.04267161410018553
7 0.9827766179540709 0.8474025974025974 0.033402922755741124 0.08256029684601113
1 0.5879436325678496 0.44387755102040816 0.004697286012526096 0.0176252319109462
1 0.5861169102296451 0.4387755102040816 0.006263048016701461 0.022263450834879406
9 0.5866388308977035 0.4424860853432282 0.0073068893528183704 0.022263450834879406
9 0.600991649269311 0.5018552875695733 0.007828810020876827 0.025974025974025976
2 0.813152400835073 0.5983302411873841 0.018789144050104383 0.027829313543599257
6 0.8165448851774529 0.5756029684601113 0.023486430062630476 0.039888682745825604
9 0.7787056367432149 0.5932282003710575 0.019832985386221292 0.02504638218923933
9 0.8207202505219205 0.4448051948051948 0.015135699373695197 0.01948051948051948
9 0.8175887265135698 0.4359925788497217 0.017223382045929016 0.02411873840445269
3 0.7322546972860124 0.39285714285714285 0.037578288100208766 0.03803339517625232
0 0.7922755741127347 0.39192949907235625 0.006263048016701461 0.02504638218923933
9 0.8079331941544884 0.41883116883116883 0.019832985386221292 0.01948051948051948
9 0.7622651356993736 0.3738404452690167 0.012004175365344467 0.016697588126159554
9 0.7745302713987473 0.35111317254174396 0.011482254697286011 0.0176252319109462
9 0.7567849686847599 0.34461966604823746 0.011482254697286011 0.0176252319109462
9 0.7549582463465553 0.3404452690166976 0.012004175365344467 0.016697588126159554
9 0.7455636743215031 0.32560296846011133 0.010960334029227557 0.016697588126159554
0 0.7265135699373695 0.33534322820037105 0.0073068893528183704 0.02504638218923933
1 0.7288622129436325 0.34740259740259744 0.0057411273486430055 0.021335807050092765
7 0.7361691022964508 0.35111317254174396 0.014091858037578286 0.03246753246753247
3 0.6844989561586639 0.4819109461966605 0.03914405010438413 0.05287569573283859
3 0.6779749478079331 0.4536178107606679 0.033402922755741124 0.03896103896103896
3 0.6724947807933194 0.42810760667903525 0.03183716075156576 0.03803339517625232
1 0.5949895615866387 0.25510204081632654 0.005219206680584551 0.016697588126159554
9 0.5942066805845511 0.25742115027829315 0.0057411273486430055 0.0176252319109462
7 0.6351774530271398 0.22912801484230055 0.01774530271398747 0.027829313543599257
0 0.6505741127348642 0.21753246753246755 0.004697286012526096 0.0176252319109462
0 0.6557933194154488 0.21753246753246755 0.004697286012526096 0.015769944341372914
0 0.6771920668058454 0.22170686456400743 0.004697286012526096 0.014842300556586271
1 0.7286012526096033 0.23933209647495363 0.005219206680584551 0.016697588126159554
9 0.7288622129436325 0.24257884972170687 0.012004175365344467 0.012059369202226345
7 0.6816283924843423 0.23747680890538034 0.015657620041753653 0.022263450834879406
6 0.6918058455114822 0.22634508348794063 0.017223382045929016 0.012987012987012988
0 0.6808455114822546 0.2230983302411874 0.004697286012526096 0.0176252319109462
7 0.6664926931106471 0.21567717996289426 0.01774530271398747 0.02504638218923933
9 0.6646659707724425 0.20732838589981448 0.009916492693110646 0.015769944341372914
7 0.7768789144050103 0.2453617810760668 0.016179540709812108 0.01948051948051948
9 0.740866388308977 0.2031539888682746 0.0057411273486430055 0.014842300556586271
9 0.7463465553235907 0.19805194805194806 0.006263048016701461 0.015769944341372914
9 0.751304801670146 0.19758812615955473 0.004697286012526096 0.016697588126159554
9 0.7565240083507306 0.19944341372912802 0.0057411273486430055 0.016697588126159554
3 0.781054279749478 0.20918367346938777 0.025574112734864297 0.026901669758812616
9 0.7139874739039666 0.19758812615955473 0.005219206680584551 0.012987012987012988
7 0.6046450939457202 0.17996289424860853 0.023486430062630476 0.022263450834879406
6 0.6670146137787055 0.19387755102040816 0.016701461377870562 0.014842300556586271
9 0.6602296450939457 0.18645640074211503 0.0073068893528183704 0.012987012987012988
6 0.6025574112734864 0.1679035250463822 0.02139874739039666 0.022263450834879406
3 0.6015135699373695 0.15862708719851576 0.022442588726513567 0.025974025974025976
3 0.5994258872651357 0.15120593692022263 0.02661795407098121 0.02411873840445269
3 0.598643006263048 0.14795918367346939 0.026096033402922752 0.0287569573283859
3 0.5819415448851774 0.11595547309833024 0.025052192066805843 0.01855287569573284
3 0.5866388308977035 0.12662337662337664 0.021920668058455113 0.015769944341372914
3 0.5905532359081419 0.1331168831168831 0.023486430062630476 0.01948051948051948
3 0.5767223382045928 0.09693877551020408 0.020876826722338204 0.015769944341372914
7 0.5793319415448851 0.08858998144712431 0.009394572025052192 0.012059369202226345
7 0.574634655532359 0.08580705009276438 0.012526096033402922 0.013914656771799629
3 0.5704592901878914 0.07003710575139147 0.018789144050104383 0.0176252319109462
3 0.5636743215031315 0.06261595547309833 0.018789144050104383 0.013914656771799629
3 0.563152400835073 0.055658627087198514 0.018789144050104383 0.011131725417439703
3 0.5602818371607515 0.05102040816326531 0.017223382045929016 0.011131725417439703
3 0.5352296450939457 0.00974025974025974 0.007828810020876827 0.013914656771799629
0 0.5399269311064717 0.022727272727272728 0.0015657620041753652 0.010204081632653062
1 0.5294885177453027 0.02411873840445269 0.0026096033402922755 0.0074211502782931356
9 0.5294885177453027 0.026901669758812616 0.0026096033402922755 0.0074211502782931356
1 0.5409707724425886 0.07235621521335807 0.0036534446764091852 0.00927643784786642
9 0.5412317327766178 0.07606679035250465 0.0031315240083507304 0.00927643784786642
