1 0.17607142857142857 0.8666666666666667 0.030714285714285715 0.05714285714285714
1 0.3125 0.7842857142857143 0.027857142857142858 0.04666666666666667
1 0.39535714285714285 0.7076190476190476 0.020714285714285713 0.045714285714285714
1 0.4542857142857143 0.6814285714285714 0.02142857142857143 0.04857142857142857
1 0.33321428571428574 0.6804761904761905 0.020714285714285713 0.04476190476190476
1 0.2842857142857143 0.6752380952380952 0.02 0.04380952380952381
1 0.25357142857142856 0.63 0.015714285714285715 0.039047619047619046
9 0.2842857142857143 0.69 0.014285714285714285 0.04285714285714286
9 0.33285714285714285 0.6980952380952381 0.02 0.04380952380952381
9 0.3925 0.7371428571428571 0.015 0.0419047619047619
9 0.31214285714285717 0.82 0.015714285714285715 0.05142857142857143
9 0.44821428571428573 0.7047619047619048 0.013571428571428571 0.0380952380952381
9 0.17857142857142858 0.9142857142857143 0.022857142857142857 0.06476190476190476
9 0.2532142857142857 0.64 0.015 0.03428571428571429
1 0.30607142857142855 0.6204761904761905 0.013571428571428571 0.04476190476190476
9 0.3107142857142857 0.6247619047619047 0.014285714285714285 0.0380952380952381
1 0.03964285714285714 0.6152380952380953 0.012142857142857143 0.03428571428571429
3 0.04321428571428571 0.5928571428571429 0.08642857142857142 0.029523809523809525
3 0.04928571428571429 0.5771428571428572 0.07714285714285714 0.04
9 0.23714285714285716 0.5285714285714286 0.022857142857142857 0.015238095238095238
1 0.3053571428571429 0.47904761904761906 0.005 0.009523809523809525
9 0.305 0.4861904761904762 0.007142857142857143 0.014285714285714285
3 0.365 0.4780952380952381 0.024285714285714285 0.022857142857142857
3 0.4782142857142857 0.5938095238095238 0.03357142857142857 0.05047619047619047
3 0.52 0.5523809523809524 0.05142857142857143 0.04
3 0.5878571428571429 0.5266666666666666 0.04857142857142857 0.03238095238095238
3 0.5242857142857142 0.5185714285714286 0.05285714285714286 0.037142857142857144
3 0.48857142857142855 0.5061904761904762 0.054285714285714284 0.025714285714285714
3 0.5032142857142857 0.48142857142857143 0.04642857142857143 0.025714285714285714
3 0.5914285714285714 0.49238095238095236 0.05285714285714286 0.026666666666666665
3 0.5778571428571428 0.4780952380952381 0.04285714285714286 0.01904761904761905
3 0.6310714285714286 0.49666666666666665 0.04928571428571429 0.02761904761904762
3 0.675 0.5014285714285714 0.05142857142857143 0.029523809523809525
3 0.6739285714285714 0.47619047619047616 0.045 0.024761904761904763
3 0.65 0.4685714285714286 0.04285714285714286 0.026666666666666665
3 0.7207142857142858 0.4595238095238095 0.04285714285714286 0.023809523809523808
3 0.6603571428571429 0.6228571428571429 0.08214285714285714 0.05523809523809524
3 0.7075 0.6066666666666667 0.07642857142857143 0.05714285714285714
3 0.7632142857142857 0.48 0.045 0.024761904761904763
3 0.7485714285714286 0.4723809523809524 0.04 0.02095238095238095
3 0.7696428571428572 0.45904761904761904 0.04214285714285714 0.024761904761904763
3 0.8225 0.46 0.04214285714285714 0.024761904761904763
3 0.8639285714285714 0.46190476190476193 0.04071428571428572 0.022857142857142857
3 0.8039285714285714 0.45 0.03357142857142857 0.021904761904761906
8 0.9317857142857143 0.43238095238095237 0.08357142857142857 0.045714285714285714
3 0.8907142857142857 0.44333333333333336 0.018571428571428572 0.012380952380952381
3 0.9867857142857143 0.43142857142857144 0.02642857142857143 0.017142857142857144
3 0.8185714285714286 0.7223809523809523 0.13857142857142857 0.08666666666666667
1 0.8975 0.5776190476190476 0.013571428571428571 0.029523809523809525
1 0.835 0.5538095238095239 0.011428571428571429 0.023809523809523808
9 0.8335714285714285 0.5680952380952381 0.025714285714285714 0.02761904761904762
9 0.8917857142857143 0.5914285714285714 0.03214285714285714 0.02857142857142857
0 0.7664285714285715 0.5252380952380953 0.008571428571428572 0.029523809523809525
3 0.9578571428571429 0.83 0.08428571428571428 0.1019047619047619
