8 0.07321428571428572 0.45571428571428574 0.07928571428571428 0.02761904761904762
8 0.017857142857142856 0.45285714285714285 0.03571428571428571 0.02761904761904762
8 0.03964285714285714 0.42714285714285716 0.07928571428571428 0.029523809523809525
8 0.04321428571428571 0.3961904761904762 0.06357142857142857 0.03238095238095238
5 0.06285714285714286 0.37523809523809526 0.03571428571428571 0.02095238095238095
5 0.024285714285714285 0.370952380952381 0.04428571428571428 0.023809523809523808
5 0.054642857142857146 0.34714285714285714 0.056428571428571425 0.023809523809523808
5 0.0375 0.31476190476190474 0.047857142857142855 0.025714285714285714
5 0.23142857142857143 0.37714285714285717 0.022857142857142857 0.049523809523809526
5 0.25035714285714283 0.37238095238095237 0.02214285714285714 0.05142857142857143
3 0.265 0.3485714285714286 0.017142857142857144 0.0380952380952381
3 0.27714285714285714 0.3376190476190476 0.014285714285714285 0.029523809523809525
5 0.3339285714285714 0.22428571428571428 0.017857142857142856 0.05619047619047619
3 0.30392857142857144 0.5204761904761904 0.013571428571428571 0.037142857142857144
3 0.2075 0.7833333333333333 0.017857142857142856 0.037142857142857144
3 0.13785714285714284 0.7961904761904762 0.02857142857142857 0.017142857142857144
3 0.13964285714285715 0.7757142857142857 0.030714285714285715 0.018095238095238095
3 0.08071428571428571 0.7871428571428571 0.03 0.029523809523809525
3 0.30892857142857144 0.7552380952380953 0.027857142857142858 0.01904761904761905
3 0.6789285714285714 0.41714285714285715 0.015 0.03619047619047619
3 0.6932142857142857 0.3952380952380952 0.015 0.03428571428571429
3 0.7082142857142857 0.40095238095238095 0.013571428571428571 0.03619047619047619
3 0.7239285714285715 0.40523809523809523 0.015 0.03333333333333333
3 0.9857142857142858 0.38047619047619047 0.02 0.037142857142857144
3 0.5703571428571429 0.9780952380952381 0.017857142857142856 0.0419047619047619
3 0.6010714285714286 0.9804761904761905 0.016428571428571428 0.037142857142857144
3 0.3675 0.9657142857142857 0.029285714285714286 0.022857142857142857
3 0.18535714285714286 0.9652380952380952 0.035 0.018095238095238095
3 0.06678571428571428 0.9923809523809524 0.03357142857142857 0.015238095238095238
3 0.056428571428571425 0.9552380952380952 0.03142857142857143 0.02095238095238095
9 0.4639285714285714 0.9904761904761905 0.013571428571428571 0.011428571428571429
