4 0.863 0.8886666666666666 0.094 0.20133333333333334
3 0.7575000000000001 0.821 0.098 0.206
4 0.67275 0.712 0.1135 0.156
3 0.62325 0.6056666666666667 0.0955 0.17133333333333334
0 0.5675 0.6836666666666666 0.021 0.043333333333333335
6 0.5397500000000001 0.45899999999999996 0.0445 0.066
5 0.37025 0.518 0.1785 0.19333333333333333
3 0.278 0.4643333333333333 0.125 0.118
3 0.23475000000000001 0.40199999999999997 0.1115 0.11733333333333333
4 0.1795 0.3413333333333333 0.099 0.09333333333333332
4 0.0535 0.35133333333333333 0.107 0.10133333333333333
0 0.34225 0.6726666666666666 0.0175 0.044
3 0.23700000000000002 0.8823333333333333 0.167 0.18333333333333332
4 0.051500000000000004 0.9253333333333333 0.10300000000000001 0.14933333333333332
