4 0.6703571428571429 0.5380710659898477 0.03642857142857143 0.12690355329949238
4 0.7035714285714286 0.5425126903553299 0.04 0.13578680203045684
4 0.7382142857142857 0.5418781725888324 0.039285714285714285 0.13451776649746192
4 0.7735714285714286 0.5393401015228426 0.04285714285714286 0.12944162436548223
4 0.8114285714285714 0.5450507614213198 0.03857142857142857 0.13578680203045684
4 0.4907142857142857 0.906725888324873 0.032857142857142856 0.15862944162436546
4 0.43357142857142855 0.23604060913705582 0.03142857142857143 0.12436548223350252
4 0.8132142857142857 0.9175126903553299 0.045 0.16243654822335024
4 0.5310714285714285 0.9111675126903552 0.03785714285714286 0.15989847715736039
4 0.44857142857142857 0.9213197969543147 0.037142857142857144 0.149746192893401
4 0.40714285714285714 0.9143401015228426 0.041428571428571426 0.15355329949238578
4 0.6139285714285714 0.9206852791878172 0.035 0.13071065989847716
4 0.23785714285714285 0.9733502538071065 0.09 0.050761421319796954
8 0.5042857142857143 0.10152284263959391 0.04 0.20304568527918782
8 0.5514285714285714 0.10342639593908629 0.03428571428571429 0.20685279187817257
8 0.6721428571428572 0.10469543147208121 0.05285714285714286 0.20939086294416243
8 0.7117857142857142 0.10786802030456852 0.055 0.21573604060913704
8 0.8839285714285714 0.09771573604060912 0.07642857142857143 0.19543147208121825
3 0.41535714285714287 0.7709390862944162 0.03642857142857143 0.133248730964467
3 0.5303571428571429 0.7690355329949238 0.035 0.12690355329949238
3 0.5282142857142857 0.5368020304568527 0.030714285714285715 0.12436548223350252
3 0.42428571428571427 0.5431472081218274 0.02857142857142857 0.12944162436548223
3 0.495 0.4314720812182741 0.02857142857142857 0.09898477157360405
3 0.5617857142857143 0.4346446700507614 0.029285714285714286 0.09771573604060912
3 0.4235714285714286 0.4346446700507614 0.02857142857142857 0.09263959390862943
3 0.7464285714285714 0.26078680203045684 0.03142857142857143 0.11548223350253806
3 0.7739285714285714 0.9302030456852791 0.047857142857142855 0.13705583756345177
3 0.5707142857142857 0.9219543147208121 0.03571428571428571 0.13578680203045684
3 0.15142857142857144 0.9784263959390862 0.09 0.04060913705583756
3 0.26285714285714284 0.8508883248730964 0.07857142857142857 0.07233502538071065
3 0.1767857142857143 0.8508883248730964 0.08357142857142857 0.07741116751269035
3 0.18464285714285714 0.7810913705583755 0.085 0.06472081218274112
3 0.27464285714285713 0.781725888324873 0.07214285714285715 0.055837563451776644
3 0.2775 0.6104060913705583 0.07071428571428572 0.06852791878172589
3 0.2857142857142857 0.5380710659898477 0.07142857142857142 0.07614213197969542
3 0.23642857142857143 0.482233502538071 0.07142857142857142 0.06345177664974619
3 0.19071428571428573 0.7138324873096447 0.08142857142857143 0.06218274111675126
3 0.20392857142857143 0.6522842639593908 0.08214285714285714 0.05837563451776649
3 0.19107142857142856 0.5862944162436547 0.07071428571428572 0.055837563451776644
3 0.11464285714285714 0.700507614213198 0.03642857142857143 0.13705583756345177
3 0.06785714285714285 0.7049492385786802 0.04 0.1281725888324873
3 0.031071428571428573 0.7138324873096447 0.03357142857142857 0.12563451776649745
3 0.032857142857142856 0.5894670050761421 0.05 0.10532994923857868
5 0.2117857142857143 0.4035532994923858 0.135 0.09390862944162436
5 0.22392857142857142 0.34581218274111675 0.11214285714285714 0.08248730964467005
5 0.2275 0.28870558375634514 0.09928571428571428 0.08248730964467005
5 0.23357142857142857 0.2411167512690355 0.11714285714285715 0.09137055837563451
5 0.25607142857142856 0.14784263959390861 0.11928571428571429 0.08248730964467005
5 0.2642857142857143 0.09263959390862943 0.11714285714285715 0.08375634517766496
5 0.2842857142857143 0.05393401015228426 0.13428571428571429 0.08756345177664974
8 0.2475 0.19733502538071065 0.09928571428571428 0.06472081218274112
3 0.9425 0.20939086294416243 0.04642857142857143 0.08629441624365482
4 0.97 0.3439086294416243 0.06 0.1649746192893401
3 0.9192857142857143 0.10215736040609136 0.03428571428571429 0.07233502538071065
