3 0.5925 0.6357868020304568 0.027857142857142858 0.07614213197969542
3 0.5007142857142857 0.8876903553299492 0.02857142857142857 0.09010152284263959
3 0.4967857142857143 0.45368020304568524 0.017857142857142856 0.03680203045685279
5 0.46785714285714286 0.4175126903553299 0.025714285714285714 0.07868020304568528
3 0.49464285714285716 0.3496192893401015 0.013571428571428571 0.029187817258883246
3 0.4714285714285714 0.3052030456852792 0.012857142857142857 0.024111675126903553
3 0.4932142857142857 0.2703045685279188 0.012142857142857143 0.025380710659898477
9 0.47464285714285714 0.23604060913705582 0.0064285714285714285 0.017766497461928932
3 0.5178571428571429 0.1916243654822335 0.01 0.02284263959390863
3 0.4903571428571429 0.174492385786802 0.010714285714285714 0.021573604060913704
3 0.3939285714285714 0.9302030456852791 0.025 0.06852791878172589
3 0.4064285714285714 0.782994923857868 0.022857142857142857 0.06598984771573603
8 0.4057142857142857 0.6643401015228426 0.03571428571428571 0.13071065989847716
8 0.42178571428571426 0.5120558375634517 0.027857142857142858 0.09263959390862943
8 0.3707142857142857 0.4758883248730964 0.032857142857142856 0.07106598984771573
3 0.3157142857142857 0.8686548223350253 0.025714285714285714 0.06979695431472081
8 0.3360714285714286 0.7347715736040609 0.039285714285714285 0.10406091370558375
8 0.29214285714285715 0.7798223350253807 0.05 0.1611675126903553
8 0.2875 0.9689086294416243 0.039285714285714285 0.05964467005076142
8 0.24928571428571428 0.9251269035532994 0.07857142857142857 0.14720812182741116
8 0.32071428571428573 0.6440355329949238 0.05 0.11802030456852791
8 0.2932142857142857 0.6370558375634517 0.039285714285714285 0.12182741116751268
8 0.3510714285714286 0.5380710659898477 0.03214285714285714 0.08883248730964466
8 0.32392857142857145 0.5361675126903553 0.04214285714285714 0.10279187817258882
8 0.3585714285714286 0.4479695431472081 0.04428571428571428 0.07360406091370558
3 0.4375 0.3128172588832487 0.016428571428571428 0.029187817258883246
3 0.4210714285714286 0.2836294416243655 0.010714285714285714 0.026649746192893398
3 0.43785714285714283 0.21319796954314718 0.008571428571428572 0.017766497461928932
8 0.4325 0.17576142131979694 0.012142857142857143 0.026649746192893398
8 0.44785714285714284 0.157994923857868 0.011428571428571429 0.03934010152284264
3 0.43785714285714283 0.14911167512690354 0.007142857142857143 0.016497461928934008
3 0.4228571428571429 0.12373096446700507 0.012857142857142857 0.019035532994923856
4 0.4875 0.13071065989847716 0.010714285714285714 0.015228426395939085
3 0.5121428571428571 0.10342639593908629 0.011428571428571429 0.016497461928934008
3 0.4810714285714286 0.10786802030456852 0.009285714285714286 0.015228426395939085
3 0.47 0.08756345177664974 0.007142857142857143 0.012690355329949238
3 0.485 0.08185279187817258 0.01 0.013959390862944161
3 0.4521428571428571 0.07043147208121826 0.01 0.013959390862944161
3 0.45535714285714285 0.053299492385786795 0.009285714285714286 0.012690355329949238
3 0.43535714285714283 0.06598984771573603 0.012142857142857143 0.015228426395939085
8 0.4782142857142857 0.050761421319796954 0.020714285714285713 0.035532994923857864
3 0.43535714285714283 0.03362944162436548 0.009285714285714286 0.011421319796954314
4 0.42 0.04695431472081218 0.011428571428571429 0.015228426395939085
4 0.39035714285714285 0.03236040609137056 0.009285714285714286 0.016497461928934008
3 0.40785714285714286 0.02347715736040609 0.01 0.011421319796954314
3 0.38285714285714284 0.018401015228426396 0.01 0.008883248730964466
4 0.3539285714285714 0.02093908629441624 0.010714285714285714 0.013959390862944161
5 0.3892857142857143 0.12690355329949238 0.01 0.02284263959390863
5 0.3807142857142857 0.12690355329949238 0.005714285714285714 0.02030456852791878
5 0.37142857142857144 0.12373096446700507 0.007142857142857143 0.013959390862944161
5 0.36428571428571427 0.12626903553299493 0.007142857142857143 0.021573604060913704
5 0.3557142857142857 0.12563451776649745 0.007142857142857143 0.017766497461928932
5 0.3460714285714286 0.12563451776649745 0.007857142857142858 0.02284263959390863
5 0.33035714285714285 0.12753807106598983 0.012142857142857143 0.021573604060913704
5 0.3196428571428571 0.14403553299492386 0.010714285714285714 0.021573604060913704
3 0.37392857142857144 0.15736040609137056 0.009285714285714286 0.015228426395939085
5 0.3467857142857143 0.16878172588832485 0.016428571428571428 0.015228426395939085
5 0.35428571428571426 0.14340101522842638 0.011428571428571429 0.012690355329949238
3 0.3525 0.15545685279187815 0.0064285714285714285 0.008883248730964466
4 0.3432142857142857 0.15355329949238578 0.007857142857142858 0.012690355329949238
4 0.3167857142857143 0.006345177664974619 0.010714285714285714 0.01015228426395939
9 0.34285714285714286 0.014593908629441623 0.005714285714285714 0.011421319796954314
3 0.4357142857142857 0.05456852791878172 0.01 0.012690355329949238
3 0.5903571428571428 0.1618020304568528 0.017857142857142856 0.019035532994923856
3 0.5475 0.1465736040609137 0.013571428571428571 0.016497461928934008
0 0.3732142857142857 0.32741116751269034 0.0035714285714285713 0.012690355329949238
0 0.36964285714285716 0.32550761421319796 0.0035714285714285713 0.013959390862944161
0 0.5846428571428571 0.35977157360406087 0.005 0.024111675126903553
0 0.5925 0.3946700507614213 0.0064285714285714285 0.02030456852791878
