5 0.395 0.19142857142857142 0.005714285714285714 0.011428571428571429
5 0.39 0.1980952380952381 0.004285714285714286 0.011428571428571429
5 0.4235714285714286 0.24666666666666667 0.008571428571428572 0.01904761904761905
5 0.4060714285714286 0.2652380952380952 0.009285714285714286 0.018095238095238095
5 0.39571428571428574 0.22380952380952382 0.004285714285714286 0.009523809523809525
3 0.44607142857142856 0.42857142857142855 0.010714285714285714 0.02095238095238095
3 0.42964285714285716 0.3557142857142857 0.007857142857142858 0.012380952380952381
3 0.44357142857142856 0.25952380952380955 0.004285714285714286 0.006666666666666666
3 0.44107142857142856 0.2480952380952381 0.0035714285714285713 0.006666666666666666
3 0.3889285714285714 0.21047619047619048 0.002142857142857143 0.0038095238095238095
3 0.4139285714285714 0.2661904761904762 0.005 0.006666666666666666
3 0.41892857142857143 0.31666666666666665 0.007857142857142858 0.010476190476190476
3 0.39964285714285713 0.22285714285714286 0.002142857142857143 0.0038095238095238095
3 0.38107142857142856 0.1976190476190476 0.002142857142857143 0.002857142857142857
0 0.4125 0.3357142857142857 0.002142857142857143 0.006666666666666666
3 0.49892857142857144 0.6161904761904762 0.019285714285714285 0.04
0 0.6407142857142857 0.6033333333333334 0.005714285714285714 0.02
3 0.22071428571428572 0.46190476190476193 0.03 0.017142857142857144
3 0.2292857142857143 0.4695238095238095 0.022857142857142857 0.017142857142857144
3 0.28535714285714286 0.3952380952380952 0.020714285714285713 0.013333333333333332
3 0.28464285714285714 0.39 0.019285714285714285 0.008571428571428572
3 0.2882142857142857 0.38333333333333336 0.019285714285714285 0.010476190476190476
3 0.29035714285714287 0.37714285714285717 0.020714285714285713 0.011428571428571429
4 0.30107142857142855 0.3985714285714286 0.016428571428571428 0.01619047619047619
0 0.2817857142857143 0.4523809523809524 0.005 0.011428571428571429
0 0.2789285714285714 0.46 0.0035714285714285713 0.013333333333333332
0 0.25214285714285717 0.4661904761904762 0.002857142857142857 0.012380952380952381
