5 0.5267857142857143 0.09142857142857143 0.005 0.011428571428571429
5 0.5225 0.10571428571428572 0.0035714285714285713 0.009523809523809525
5 0.5239285714285714 0.16904761904761906 0.007857142857142858 0.014285714285714285
5 0.4992857142857143 0.2 0.017142857142857144 0.030476190476190476
5 0.48928571428571427 0.33476190476190476 0.011428571428571429 0.025714285714285714
5 0.48464285714285715 0.30952380952380953 0.012142857142857143 0.02095238095238095
3 0.4175 0.6514285714285715 0.017857142857142856 0.0380952380952381
3 0.4589285714285714 0.42857142857142855 0.013571428571428571 0.022857142857142857
3 0.5071428571428571 0.23952380952380953 0.005714285714285714 0.008571428571428572
3 0.51 0.17809523809523808 0.005714285714285714 0.007619047619047619
3 0.5507142857142857 0.17904761904761904 0.004285714285714286 0.007619047619047619
3 0.5257142857142857 0.15714285714285714 0.004285714285714286 0.005714285714285714
3 0.5275 0.1442857142857143 0.0035714285714285713 0.004761904761904762
4 0.49392857142857144 0.26857142857142857 0.0064285714285714285 0.013333333333333332
2 0.5782142857142857 0.5071428571428571 0.013571428571428571 0.008571428571428572
1 0.5782142857142857 0.5052380952380953 0.005 0.010476190476190476
5 0.4225 0.12904761904761905 0.007857142857142858 0.014285714285714285
0 0.5075 0.29619047619047617 0.002142857142857143 0.007619047619047619
