0 0.7860714285714285 0.04428571428571428 0.0035714285714285713 0.008571428571428572
0 0.7903571428571429 0.04428571428571428 0.0035714285714285713 0.006666666666666666
0 0.18571428571428572 0.26095238095238094 0.004285714285714286 0.005714285714285714
0 0.18714285714285714 0.26571428571428574 0.004285714285714286 0.005714285714285714
0 0.11142857142857143 0.6009523809523809 0.008571428571428572 0.005714285714285714
0 0.1075 0.6085714285714285 0.007857142857142858 0.005714285714285714
3 0.02857142857142857 0.41904761904761906 0.02857142857142857 0.01904761904761905
3 0.032857142857142856 0.4033333333333333 0.024285714285714285 0.014285714285714285
3 0.053214285714285714 0.35619047619047617 0.02214285714285714 0.013333333333333332
3 0.06678571428571428 0.3223809523809524 0.023571428571428573 0.014285714285714285
3 0.01107142857142857 0.3414285714285714 0.02214285714285714 0.01619047619047619
3 0.016785714285714286 0.3238095238095238 0.029285714285714286 0.015238095238095238
4 0.020714285714285713 0.30666666666666664 0.03142857142857143 0.01904761904761905
3 0.026071428571428572 0.29333333333333333 0.02214285714285714 0.015238095238095238
3 0.03214285714285714 0.2780952380952381 0.022857142857142857 0.015238095238095238
3 0.04428571428571428 0.2519047619047619 0.024285714285714285 0.01619047619047619
3 0.1 0.24285714285714285 0.022857142857142857 0.015238095238095238
3 0.10678571428571429 0.22428571428571428 0.02214285714285714 0.014285714285714285
3 0.11214285714285714 0.20904761904761904 0.02142857142857143 0.014285714285714285
3 0.11428571428571428 0.19523809523809524 0.022857142857142857 0.013333333333333332
3 0.06035714285714286 0.20952380952380953 0.025 0.015238095238095238
3 0.06785714285714285 0.19285714285714287 0.022857142857142857 0.01619047619047619
3 0.09107142857142857 0.010476190476190476 0.02214285714285714 0.013333333333333332
3 0.18392857142857144 0.012380952380952381 0.019285714285714285 0.013333333333333332
3 0.17714285714285713 0.03 0.02 0.014285714285714285
3 0.17142857142857143 0.04285714285714286 0.022857142857142857 0.013333333333333332
3 0.16714285714285715 0.05523809523809524 0.02 0.013333333333333332
3 0.16107142857142856 0.07380952380952381 0.02214285714285714 0.014285714285714285
3 0.15607142857142858 0.08619047619047619 0.020714285714285713 0.014285714285714285
3 0.1525 0.1 0.017857142857142856 0.013333333333333332
3 0.14607142857142857 0.11142857142857143 0.02214285714285714 0.015238095238095238
3 0.11714285714285715 0.07571428571428572 0.022857142857142857 0.01619047619047619
3 0.11035714285714286 0.08714285714285715 0.023571428571428573 0.01619047619047619
3 0.12071428571428572 0.06523809523809523 0.02142857142857143 0.014285714285714285
3 0.12928571428571428 0.04380952380952381 0.02142857142857143 0.015238095238095238
3 0.13357142857142856 0.03142857142857143 0.022857142857142857 0.013333333333333332
3 0.14607142857142857 0.003333333333333333 0.019285714285714285 0.006666666666666666
3 0.18571428571428572 0.0038095238095238095 0.02 0.007619047619047619
