0 0.7717857142857143 0.3376190476190476 0.012142857142857143 0.03142857142857143
3 0.4182142857142857 0.01 0.013571428571428571 0.02
3 0.4185714285714286 0.12380952380952381 0.018571428571428572 0.03238095238095238
3 0.41892857142857143 0.08476190476190476 0.016428571428571428 0.03238095238095238
3 0.41964285714285715 0.049523809523809526 0.016428571428571428 0.0380952380952381
1 0.48642857142857143 0.0838095238095238 0.005714285714285714 0.015238095238095238
1 0.49857142857142855 0.19476190476190477 0.005714285714285714 0.01619047619047619
9 0.48642857142857143 0.08714285714285715 0.005714285714285714 0.02
9 0.49892857142857144 0.19857142857142857 0.005 0.021904761904761906
3 0.5285714285714286 0.1661904761904762 0.017142857142857144 0.035238095238095235
3 0.5382142857142858 0.20809523809523808 0.020714285714285713 0.035238095238095235
3 0.5425 0.2519047619047619 0.02214285714285714 0.040952380952380955
3 0.5464285714285714 0.29904761904761906 0.02142857142857143 0.04380952380952381
9 0.5714285714285714 0.29714285714285715 0.018571428571428572 0.013333333333333332
0 0.3742857142857143 0.2914285714285714 0.007142857142857143 0.02095238095238095
3 0.4160714285714286 0.2885714285714286 0.020714285714285713 0.049523809523809526
9 0.39035714285714285 0.29333333333333333 0.019285714285714285 0.024761904761904763
4 0.4135714285714286 0.3404761904761905 0.018571428571428572 0.054285714285714284
0 0.3967857142857143 0.36333333333333334 0.007857142857142858 0.021904761904761906
5 0.3510714285714286 0.3842857142857143 0.05071428571428571 0.03142857142857143
3 0.56 0.42142857142857143 0.027142857142857142 0.05619047619047619
3 0.6303571428571428 0.37857142857142856 0.05357142857142857 0.029523809523809525
9 0.3414285714285714 0.5038095238095238 0.007142857142857143 0.02857142857142857
0 0.3525 0.5538095238095239 0.0064285714285714285 0.02
3 0.41535714285714287 0.4780952380952381 0.019285714285714285 0.047619047619047616
3 0.415 0.54 0.022857142857142857 0.06095238095238095
3 0.5714285714285714 0.49523809523809526 0.03 0.06285714285714286
3 0.5792857142857143 0.5723809523809524 0.027142857142857142 0.06285714285714286
9 0.3796428571428571 0.5776190476190476 0.027857142857142858 0.02
9 0.3796428571428571 0.6171428571428571 0.02214285714285714 0.02095238095238095
3 0.41285714285714287 0.6247619047619047 0.027142857142857142 0.07428571428571429
1 0.5571428571428572 0.7047619047619048 0.011428571428571429 0.011428571428571429
1 0.5575 0.6961904761904761 0.010714285714285714 0.011428571428571429
9 0.5571428571428572 0.7023809523809523 0.01 0.029523809523809525
1 0.5485714285714286 0.7595238095238095 0.011428571428571429 0.018095238095238095
9 0.5489285714285714 0.7623809523809524 0.009285714285714286 0.03333333333333333
1 0.4657142857142857 0.8214285714285714 0.011428571428571429 0.01619047619047619
9 0.4657142857142857 0.8252380952380952 0.01 0.039047619047619046
3 0.5853571428571429 0.6566666666666666 0.027857142857142858 0.06380952380952382
9 0.6139285714285714 0.5833333333333334 0.023571428571428573 0.012380952380952381
9 0.6132142857142857 0.5985714285714285 0.023571428571428573 0.014285714285714285
0 0.6596428571428572 0.6333333333333333 0.007857142857142858 0.026666666666666665
0 0.6678571428571428 0.6219047619047618 0.008571428571428572 0.015238095238095238
3 0.5975 0.7614285714285715 0.030714285714285715 0.08666666666666667
3 0.4132142857142857 0.719047619047619 0.027857142857142858 0.08761904761904762
3 0.41535714285714287 0.8342857142857143 0.027857142857142858 0.09523809523809523
0 0.4014285714285714 0.9480952380952381 0.011428571428571429 0.01619047619047619
3 0.5232142857142857 0.7914285714285715 0.035 0.09142857142857143
9 0.3289285714285714 0.6923809523809524 0.012142857142857143 0.03619047619047619
