5 0.3292857142857143 0.4542857142857143 0.047142857142857146 0.0380952380952381
8 0.4 0.38666666666666666 0.041428571428571426 0.047619047619047616
2 0.42964285714285716 0.37 0.005 0.012380952380952381
1 0.42964285714285716 0.3676190476190476 0.005 0.009523809523809525
5 0.6057142857142858 0.3466666666666667 0.032857142857142856 0.030476190476190476
4 0.6096428571428572 0.30904761904761907 0.007857142857142858 0.008571428571428572
5 0.49535714285714283 0.3219047619047619 0.030714285714285715 0.026666666666666665
0 0.6203571428571428 0.3161904761904762 0.002142857142857143 0.009523809523809525
0 0.58 0.3476190476190476 0.002857142857142857 0.009523809523809525
0 0.5607142857142857 0.37523809523809526 0.002857142857142857 0.011428571428571429
0 0.5646428571428571 0.3738095238095238 0.0035714285714285713 0.010476190476190476
3 0.9728571428571429 0.44095238095238093 0.03428571428571429 0.024761904761904763
3 0.9775 0.5038095238095238 0.03214285714285714 0.026666666666666665
3 0.8478571428571429 0.42523809523809525 0.027142857142857142 0.023809523809523808
3 0.9339285714285714 0.41 0.027857142857142858 0.018095238095238095
1 0.7910714285714285 0.3566666666666667 0.005 0.008571428571428572
9 0.7907142857142857 0.36047619047619045 0.005714285714285714 0.008571428571428572
3 0.7742857142857142 0.29333333333333333 0.014285714285714285 0.009523809523809525
3 0.7710714285714285 0.2919047619047619 0.015 0.010476190476190476
3 0.7967857142857143 0.28714285714285714 0.015 0.006666666666666666
5 0.795 0.29428571428571426 0.01 0.011428571428571429
3 0.7835714285714286 0.27714285714285714 0.007142857142857143 0.005714285714285714
3 0.7746428571428572 0.2780952380952381 0.007857142857142858 0.005714285714285714
1 0.7167857142857142 0.2914285714285714 0.002142857142857143 0.0038095238095238095
0 0.7196428571428571 0.2838095238095238 0.002142857142857143 0.005714285714285714
9 0.7164285714285714 0.29285714285714287 0.002857142857142857 0.004761904761904762
