0 0.8814285714285715 0.8809523809523809 0.024285714285714285 0.02857142857142857
0 0.8214285714285714 0.9323809523809524 0.018571428571428572 0.030476190476190476
0 0.6957142857142857 0.9895238095238095 0.018571428571428572 0.02095238095238095
0 0.6885714285714286 0.9176190476190477 0.014285714285714285 0.03333333333333333
0 0.68 0.92 0.015714285714285715 0.03428571428571429
0 0.7264285714285714 0.2861904761904762 0.008571428571428572 0.02
0 0.7292857142857143 0.27714285714285714 0.007142857142857143 0.015238095238095238
0 0.7228571428571429 0.2795238095238095 0.007142857142857143 0.02
0 0.7171428571428572 0.2814285714285714 0.007142857142857143 0.018095238095238095
0 0.7189285714285715 0.2719047619047619 0.005 0.01619047619047619
0 0.7139285714285715 0.27285714285714285 0.0064285714285714285 0.018095238095238095
0 0.4496428571428571 0.7614285714285715 0.015 0.029523809523809525
0 0.5707142857142857 0.8576190476190476 0.015714285714285715 0.025714285714285714
0 0.5732142857142857 0.8504761904761905 0.012142857142857143 0.024761904761904763
0 0.5842857142857143 0.8195238095238095 0.017142857142857144 0.021904761904761906
0 0.5535714285714286 0.8314285714285714 0.01 0.02857142857142857
0 0.5560714285714285 0.8204761904761905 0.009285714285714286 0.029523809523809525
0 0.5260714285714285 0.83 0.010714285714285714 0.023809523809523808
0 0.5010714285714286 0.799047619047619 0.016428571428571428 0.02857142857142857
0 0.36964285714285716 0.7409523809523809 0.009285714285714286 0.024761904761904763
0 0.37035714285714283 0.7314285714285714 0.009285714285714286 0.024761904761904763
0 0.39714285714285713 0.7080952380952381 0.012857142857142857 0.029523809523809525
0 0.39071428571428574 0.6947619047619048 0.008571428571428572 0.02761904761904762
0 0.3757142857142857 0.7057142857142857 0.01 0.026666666666666665
0 0.345 0.7233333333333334 0.011428571428571429 0.029523809523809525
0 0.25892857142857145 0.669047619047619 0.012142857142857143 0.02761904761904762
0 0.2675 0.6628571428571428 0.010714285714285714 0.030476190476190476
0 0.19071428571428573 0.5647619047619048 0.011428571428571429 0.024761904761904763
0 0.17392857142857143 0.5633333333333334 0.012142857142857143 0.029523809523809525
0 0.16142857142857142 0.5728571428571428 0.014285714285714285 0.02761904761904762
0 0.12142857142857143 0.44952380952380955 0.011428571428571429 0.024761904761904763
0 0.10714285714285714 0.45571428571428574 0.012857142857142857 0.023809523809523808
0 0.11107142857142857 0.4504761904761905 0.012142857142857143 0.026666666666666665
0 0.05285714285714286 0.43047619047619046 0.011428571428571429 0.02095238095238095
0 0.05785714285714286 0.42952380952380953 0.01 0.02095238095238095
0 0.02 0.3923809523809524 0.011428571428571429 0.02095238095238095
0 0.036071428571428574 0.3880952380952381 0.010714285714285714 0.02
0 0.04071428571428572 0.38333333333333336 0.01 0.02
0 0.012142857142857143 0.3080952380952381 0.007142857142857143 0.018095238095238095
0 0.019285714285714285 0.30952380952380953 0.011428571428571429 0.01904761904761905
0 0.036071428571428574 0.28714285714285714 0.007857142857142858 0.01619047619047619
0 0.041428571428571426 0.2861904761904762 0.008571428571428572 0.018095238095238095
0 0.04607142857142857 0.2795238095238095 0.010714285714285714 0.018095238095238095
0 0.4303571428571429 0.10476190476190476 0.005 0.011428571428571429
0 0.43892857142857145 0.11238095238095239 0.0035714285714285713 0.013333333333333332
0 0.4442857142857143 0.11523809523809524 0.004285714285714286 0.011428571428571429
0 0.44285714285714284 0.11095238095238096 0.004285714285714286 0.010476190476190476
0 0.44821428571428573 0.11 0.0035714285714285713 0.010476190476190476
0 0.4689285714285714 0.10952380952380952 0.0035714285714285713 0.009523809523809525
0 0.4714285714285714 0.10904761904761905 0.004285714285714286 0.010476190476190476
0 0.4764285714285714 0.12476190476190477 0.004285714285714286 0.013333333333333332
0 0.5010714285714286 0.14523809523809525 0.005 0.01619047619047619
0 0.5064285714285715 0.1457142857142857 0.004285714285714286 0.015238095238095238
0 0.5096428571428572 0.1442857142857143 0.005 0.01619047619047619
0 0.5142857142857142 0.1438095238095238 0.004285714285714286 0.015238095238095238
0 0.5267857142857143 0.14142857142857143 0.0035714285714285713 0.014285714285714285
0 0.48428571428571426 0.10857142857142857 0.004285714285714286 0.011428571428571429
