3 0.1367857142857143 0.9323809523809524 0.06642857142857143 0.045714285714285714
3 0.1357142857142857 0.8895238095238095 0.06 0.04
3 0.1275 0.7876190476190477 0.07214285714285715 0.0419047619047619
3 0.2275 0.8814285714285715 0.030714285714285715 0.08285714285714285
3 0.28035714285714286 0.920952380952381 0.062142857142857146 0.0419047619047619
3 0.2789285714285714 0.8204761904761905 0.062142857142857146 0.039047619047619046
3 0.2825 0.7795238095238095 0.05785714285714286 0.039047619047619046
3 0.2807142857142857 0.7342857142857143 0.06428571428571428 0.0380952380952381
3 0.39964285714285713 0.9595238095238096 0.030714285714285715 0.08095238095238096
3 0.4007142857142857 0.8552380952380952 0.03 0.0838095238095238
3 0.4060714285714286 0.768095238095238 0.029285714285714286 0.07523809523809524
6 0.40535714285714286 0.7042857142857143 0.03214285714285714 0.02761904761904762
3 0.4139285714285714 0.6295238095238095 0.030714285714285715 0.08
3 0.40714285714285714 0.5595238095238095 0.05714285714285714 0.035238095238095235
3 0.40714285714285714 0.49047619047619045 0.05857142857142857 0.03238095238095238
3 0.40964285714285714 0.4461904761904762 0.05357142857142857 0.037142857142857144
3 0.4125 0.41 0.056428571428571425 0.035238095238095235
3 0.4160714285714286 0.37047619047619046 0.05785714285714286 0.0380952380952381
3 0.41535714285714287 0.3333333333333333 0.05928571428571429 0.0380952380952381
3 0.41535714285714287 0.2919047619047619 0.05071428571428571 0.03333333333333333
3 0.42142857142857143 0.1961904761904762 0.055714285714285716 0.047619047619047616
4 0.3678571428571429 0.17857142857142858 0.025714285714285714 0.06190476190476191
3 0.42607142857142855 0.025238095238095237 0.05785714285714286 0.039047619047619046
9 0.34464285714285714 0.1580952380952381 0.019285714285714285 0.015238095238095238
0 0.35535714285714287 0.21285714285714286 0.007857142857142858 0.018095238095238095
0 0.3407142857142857 0.3028571428571429 0.008571428571428572 0.015238095238095238
3 0.5467857142857143 0.9642857142857143 0.029285714285714286 0.07142857142857142
3 0.6121428571428571 0.7985714285714286 0.027142857142857142 0.08666666666666667
9 0.5675 0.5 0.009285714285714286 0.02857142857142857
1 0.5675 0.4980952380952381 0.009285714285714286 0.015238095238095238
9 0.5582142857142857 0.08285714285714285 0.009285714285714286 0.02857142857142857
1 0.5589285714285714 0.07761904761904762 0.007857142857142858 0.01619047619047619
6 0.7407142857142857 0.8795238095238095 0.015714285714285715 0.04666666666666667
4 0.8025 0.7933333333333333 0.02642857142857143 0.06476190476190476
0 0.7667857142857143 0.71 0.0064285714285714285 0.02
3 0.7425 0.6233333333333333 0.02642857142857143 0.06761904761904762
0 0.7610714285714286 0.42523809523809525 0.010714285714285714 0.018095238095238095
3 0.7460714285714286 0.47285714285714286 0.02642857142857143 0.07142857142857142
3 0.8782142857142857 0.5038095238095238 0.05357142857142857 0.03428571428571429
2 0.75 0.2780952380952381 0.015714285714285715 0.01904761904761905
0 0.7807142857142857 0.055714285714285716 0.008571428571428572 0.021904761904761906
9 0.7682142857142857 0.04619047619047619 0.017857142857142856 0.01619047619047619
3 0.7510714285714286 0.05285714285714286 0.03214285714285714 0.037142857142857144
