5 0.4375 0.2804761904761905 0.047857142857142855 0.07142857142857142
3 0.5335714285714286 0.30047619047619045 0.03142857142857143 0.05619047619047619
0 0.5835714285714285 0.4795238095238095 0.01 0.01619047619047619
3 0.4642857142857143 0.44 0.04285714285714286 0.0380952380952381
3 0.4567857142857143 0.48904761904761906 0.05785714285714286 0.05047619047619047
3 0.4732142857142857 0.5338095238095238 0.055 0.040952380952380955
3 0.47285714285714286 0.5757142857142857 0.06428571428571428 0.039047619047619046
3 0.48964285714285716 0.6209523809523809 0.060714285714285714 0.0380952380952381
3 0.48892857142857143 0.6719047619047619 0.06357142857142857 0.058095238095238096
3 0.49892857142857144 0.7271428571428571 0.06928571428571428 0.06
5 0.5214285714285715 0.7576190476190476 0.08714285714285715 0.07333333333333333
3 0.5114285714285715 0.8204761904761905 0.06571428571428571 0.06
7 0.5889285714285715 0.5366666666666666 0.04214285714285714 0.05238095238095238
3 0.6110714285714286 0.5676190476190476 0.052142857142857144 0.06476190476190476
4 0.6303571428571428 0.6085714285714285 0.05785714285714286 0.07428571428571429
3 0.6525 0.6423809523809524 0.056428571428571425 0.07333333333333333
3 0.675 0.6838095238095238 0.06142857142857143 0.07047619047619047
3 0.7021428571428572 0.7161904761904762 0.05142857142857143 0.06666666666666667
3 0.7289285714285715 0.7561904761904762 0.065 0.0761904761904762
3 0.7753571428571429 0.8166666666666667 0.06785714285714285 0.08095238095238096
3 0.4610714285714286 0.9280952380952381 0.08357142857142857 0.08095238095238096
7 0.38285714285714284 0.9723809523809523 0.06142857142857143 0.05523809523809524
0 0.19464285714285715 0.8442857142857143 0.013571428571428571 0.02
0 0.21321428571428572 0.8442857142857143 0.007857142857142858 0.008571428571428572
0 0.2032142857142857 0.8366666666666667 0.007857142857142858 0.012380952380952381
4 0.9203571428571429 0.7942857142857143 0.08071428571428571 0.07238095238095238
3 0.9642857142857143 0.8971428571428571 0.07142857142857142 0.07238095238095238
2 0.8842857142857142 0.7590476190476191 0.022857142857142857 0.030476190476190476
