3 0.4624217118997912 0.9577922077922079 0.03444676409185803 0.08256029684601113
3 0.3799582463465553 0.937847866419295 0.032359081419624215 0.09833024118738405
3 0.4778183716075156 0.8599257884972171 0.02974947807933194 0.07977736549165121
3 0.4699895615866388 0.7690166975881262 0.03079331941544885 0.07235621521335807
9 0.3768267223382046 0.7963821892393321 0.021920668058455113 0.026901669758812616
4 0.517223382045929 0.5162337662337663 0.033402922755741124 0.03432282003710575
4 0.3789144050104384 0.3747680890538033 0.028183716075156573 0.029684601113172542
3 0.3997912317327766 0.39053803339517623 0.031315240083507306 0.027829313543599257
3 0.37291231732776614 0.0774582560296846 0.017223382045929016 0.012059369202226345
3 0.4778183716075156 0.08858998144712431 0.014091858037578286 0.010204081632653062
3 0.4775574112734864 0.07003710575139147 0.013569937369519832 0.012059369202226345
3 0.420929018789144 0.19573283858998144 0.016179540709812108 0.01855287569573284
3 0.6855427974947808 0.39935064935064934 0.03079331941544885 0.02504638218923933
3 0.6931106471816283 0.41233766233766234 0.03549060542797494 0.026901669758812616
0 0.7325156576200417 0.41929499072356213 0.004697286012526096 0.02411873840445269
4 0.6581419624217119 0.35760667903525045 0.027139874739039664 0.026901669758812616
3 0.6383089770354905 0.3330241187384045 0.029227557411273482 0.022263450834879406
3 0.6315240083507306 0.32142857142857145 0.029227557411273482 0.02504638218923933
4 0.6218684759916492 0.3107606679035251 0.023486430062630476 0.02411873840445269
3 0.6208246346555323 0.29313543599257885 0.02766179540709812 0.01855287569573284
4 0.6129958246346555 0.2815398886827458 0.023486430062630476 0.02319109461966605
6 0.6829331941544885 0.30565862708719854 0.013048016701461376 0.02504638218923933
3 0.6046450939457202 0.2722634508348794 0.02139874739039666 0.0176252319109462
3 0.5983820459290188 0.2625231910946197 0.022442588726513567 0.020408163265306124
3 0.5581941544885177 0.20454545454545456 0.019311064718162838 0.01948051948051948
4 0.5532359081419623 0.1920222634508349 0.018789144050104383 0.01855287569573284
4 0.540187891440501 0.17810760667903525 0.019832985386221292 0.01855287569573284
4 0.5266179540709811 0.1590909090909091 0.015657620041753653 0.013914656771799629
3 0.5247912317327765 0.14981447124304267 0.015135699373695197 0.013914656771799629
3 0.4997390396659707 0.06957328385899815 0.013048016701461376 0.011131725417439703
3 0.5232254697286012 0.0705009276437848 0.015135699373695197 0.011131725417439703
3 0.6143006263048016 0.1456400742115028 0.012526096033402922 0.014842300556586271
3 0.6028183716075156 0.1345083487940631 0.013569937369519832 0.014842300556586271
3 0.5931628392484342 0.12291280148423006 0.009916492693110646 0.012059369202226345
3 0.5824634655532358 0.11410018552875696 0.010438413361169102 0.011131725417439703
3 0.5743736951983298 0.10575139146567718 0.010960334029227557 0.012987012987012988
8 0.606732776617954 0.11085343228200371 0.022442588726513567 0.03432282003710575
8 0.5887265135699373 0.09461966604823747 0.022964509394572022 0.03153988868274583
8 0.6124739039665971 0.0575139146567718 0.032881002087682666 0.020408163265306124
3 0.5835073068893527 0.06493506493506494 0.014613778705636741 0.011131725417439703
3 0.5052192066805845 0.04406307977736549 0.008350730688935281 0.010204081632653062
3 0.4973903966597077 0.044990723562152134 0.0073068893528183704 0.012059369202226345
3 0.4921711899791231 0.039888682745825604 0.0073068893528183704 0.012987012987012988
3 0.4947807933194154 0.03293135435992579 0.0073068893528183704 0.010204081632653062
3 0.4723382045929018 0.017161410018552876 0.006263048016701461 0.008348794063079777
3 0.600991649269311 0.22727272727272727 0.016179540709812108 0.022263450834879406
0 0.6093423799582462 0.225417439703154 0.0036534446764091852 0.014842300556586271
3 0.5070459290187891 0.036178107606679034 0.007828810020876827 0.011131725417439703
1 0.5289665970772442 0.11966604823747681 0.0015657620041753652 0.0074211502782931356
1 0.6200417536534446 0.09137291280148423 0.0020876826722338203 0.006493506493506494
1 0.6419624217118998 0.11595547309833024 0.0020876826722338203 0.0074211502782931356
3 0.8603862212943632 0.21985157699443414 0.019311064718162838 0.01855287569573284
1 0.725991649269311 0.18738404452690166 0.0031315240083507304 0.00927643784786642
9 0.7254697286012526 0.1924860853432282 0.006263048016701461 0.008348794063079777
9 0.6411795407098121 0.11966604823747681 0.0036534446764091852 0.0055658627087198514
9 0.528705636743215 0.12337662337662338 0.0031315240083507304 0.0074211502782931356
9 0.6197807933194154 0.09647495361781076 0.004697286012526096 0.0055658627087198514
