3 0.43325 0.7979999999999999 0.0265 0.042666666666666665
3 0.47125 0.8163333333333334 0.0365 0.04733333333333333
3 0.56875 0.8103333333333333 0.0525 0.05266666666666667
4 0.5075000000000001 0.779 0.023 0.04733333333333333
3 0.43725 0.753 0.0225 0.03666666666666667
3 0.44 0.7 0.019 0.026666666666666665
3 0.5775 0.688 0.038 0.022666666666666665
4 0.64475 0.8193333333333334 0.0565 0.042666666666666665
3 0.6920000000000001 0.8723333333333333 0.07100000000000001 0.041999999999999996
3 0.6910000000000001 0.9056666666666666 0.076 0.041999999999999996
3 0.69325 0.947 0.0905 0.056666666666666664
4 0.616 0.7636666666666666 0.05 0.035333333333333335
3 0.61 0.747 0.051000000000000004 0.03
3 0.60175 0.7373333333333333 0.0485 0.028
3 0.54725 0.6483333333333333 0.0245 0.016666666666666666
5 0.39325 0.737 0.0285 0.06333333333333332
5 0.32075 0.985 0.0395 0.03
1 0.3815 0.9836666666666667 0.014 0.028666666666666667
9 0.38425 0.988 0.0135 0.024
3 0.4505 0.6686666666666666 0.015 0.018666666666666665
3 0.449 0.6516666666666666 0.014 0.016666666666666666
3 0.45 0.6353333333333333 0.012 0.014666666666666666
3 0.45375 0.6226666666666666 0.0115 0.014666666666666666
5 0.457 0.6026666666666667 0.01 0.016
4 0.45825 0.5903333333333333 0.0085 0.012666666666666666
3 0.46025 0.5853333333333333 0.0095 0.010666666666666666
3 0.45925 0.578 0.0095 0.009333333333333332
3 0.47000000000000003 0.5723333333333334 0.009000000000000001 0.008666666666666666
3 0.49475 0.5773333333333334 0.0095 0.009333333333333332
3 0.4815 0.5553333333333333 0.006 0.008
5 0.46025 0.5643333333333334 0.0085 0.015333333333333332
3 0.463 0.5573333333333333 0.006 0.008
3 0.46475 0.5483333333333333 0.006500000000000001 0.007333333333333333
3 0.4665 0.5443333333333333 0.006 0.007333333333333333
3 0.52775 0.617 0.0155 0.014
3 0.52225 0.6056666666666667 0.0105 0.011333333333333332
3 0.52825 0.5913333333333333 0.0115 0.012
3 0.522 0.58 0.017 0.009333333333333332
3 0.5185 0.5763333333333334 0.017 0.008666666666666666
3 0.511 0.575 0.016 0.008666666666666666
3 0.5215 0.5703333333333334 0.017 0.008666666666666666
3 0.51775 0.566 0.0165 0.008
3 0.51625 0.563 0.0195 0.008666666666666666
3 0.51475 0.5576666666666666 0.0175 0.008666666666666666
3 0.511 0.5523333333333333 0.014 0.007333333333333333
3 0.51275 0.5506666666666666 0.0145 0.006666666666666666
4 0.50225 0.5453333333333333 0.0125 0.008
0 0.7065 0.831 0.01 0.033999999999999996
0 0.6295000000000001 0.776 0.007 0.026666666666666665
1 0.62775 0.7673333333333333 0.0035 0.012
1 0.605 0.7876666666666666 0.006 0.022
1 0.537 0.758 0.007 0.017333333333333333
1 0.47650000000000003 0.6333333333333333 0.004 0.009333333333333332
1 0.47125 0.595 0.0025 0.007333333333333333
1 0.49725 0.5866666666666667 0.0025 0.005333333333333333
0 0.56 0.612 0.004 0.014666666666666666
0 0.56425 0.6023333333333333 0.0035 0.012666666666666666
0 0.542 0.609 0.004 0.011333333333333332
1 0.5317500000000001 0.6056666666666667 0.0035 0.008666666666666666
1 0.6075 0.6856666666666666 0.006 0.012666666666666666
9 0.61275 0.7833333333333333 0.0075 0.026666666666666665
9 0.60575 0.7949999999999999 0.0095 0.018
9 0.6035 0.7876666666666666 0.013000000000000001 0.015333333333333332
0 0.625 0.7936666666666666 0.007 0.024666666666666667
9 0.53725 0.7653333333333333 0.0085 0.017333333333333333
3 0.0505 0.8223333333333334 0.062 0.05533333333333333
3 0.03075 0.9099999999999999 0.0615 0.03866666666666667
0 0.278 0.662 0.005 0.016
0 0.4425 0.6233333333333333 0.005 0.013333333333333332
0 0.44 0.6653333333333333 0.004 0.017333333333333333
0 0.4865 0.655 0.004 0.015333333333333332
0 0.4845 0.6516666666666666 0.004 0.015333333333333332
1 0.491 0.6533333333333333 0.002 0.006666666666666666
1 0.48825 0.651 0.0025 0.007333333333333333
6 0.46475 0.6303333333333333 0.0085 0.014
9 0.54325 0.6236666666666666 0.0095 0.008666666666666666
9 0.57425 0.6726666666666666 0.0115 0.010666666666666666
9 0.5715 0.6603333333333333 0.01 0.008666666666666666
6 0.5680000000000001 0.659 0.013000000000000001 0.008666666666666666
0 0.53125 0.57 0.0025 0.008
0 0.55275 0.6026666666666667 0.0025 0.009333333333333332
0 0.53225 0.5526666666666666 0.0025 0.008
0 0.518 0.541 0.002 0.007333333333333333
3 0.5095000000000001 0.5439999999999999 0.012 0.006666666666666666
3 0.48625 0.5383333333333333 0.0055 0.006
0 0.20400000000000001 0.893 0.006 0.018
0 0.1945 0.8953333333333333 0.01 0.034666666666666665
1 0.193 0.889 0.004 0.01
3 0.47025 0.5353333333333333 0.0105 0.005333333333333333
3 0.506 0.5356666666666666 0.011 0.006
3 0.49525 0.528 0.0085 0.005333333333333333
3 0.47150000000000003 0.5256666666666666 0.01 0.006
3 0.48925 0.5203333333333333 0.0045000000000000005 0.006
3 0.4815 0.52 0.005 0.005333333333333333
3 0.50875 0.525 0.0115 0.006
3 0.50175 0.52 0.0075 0.005333333333333333
