9 0.054285714285714284 0.9314285714285714 0.03142857142857143 0.015238095238095238
3 0.13964285714285715 0.9395238095238095 0.07642857142857143 0.06
3 0.15071428571428572 0.8809523809523809 0.07 0.05523809523809524
4 0.15714285714285714 0.8338095238095238 0.05857142857142857 0.05047619047619047
5 0.3575 0.9885714285714285 0.07071428571428572 0.022857142857142857
5 0.37035714285714283 0.9461904761904761 0.07785714285714286 0.06380952380952382
3 0.3442857142857143 0.8809523809523809 0.06571428571428571 0.049523809523809526
3 0.3439285714285714 0.8285714285714286 0.05928571428571429 0.05142857142857143
5 0.3457142857142857 0.7852380952380953 0.05857142857142857 0.040952380952380955
9 0.4860714285714286 0.8323809523809523 0.013571428571428571 0.04380952380952381
1 0.4860714285714286 0.8342857142857143 0.009285714285714286 0.02095238095238095
8 0.5507142857142857 0.940952380952381 0.06142857142857143 0.1180952380952381
3 0.5957142857142858 0.9014285714285715 0.04428571428571428 0.0980952380952381
3 0.7010714285714286 0.9852380952380952 0.062142857142857146 0.029523809523809525
5 0.5710714285714286 0.7214285714285714 0.05071428571428571 0.09428571428571429
3 0.48928571428571427 0.6152380952380953 0.02857142857142857 0.05714285714285714
4 0.43357142857142855 0.41714285714285715 0.018571428571428572 0.03428571428571429
5 0.1742857142857143 0.6780952380952381 0.07857142857142857 0.05904761904761905
3 0.20642857142857143 0.5885714285714285 0.05285714285714286 0.04
3 0.12392857142857143 0.5795238095238096 0.04928571428571429 0.035238095238095235
6 0.4039285714285714 0.21571428571428572 0.013571428571428571 0.023809523809523808
1 0.40464285714285714 0.21571428571428572 0.005 0.01619047619047619
0 0.1332142857142857 0.6052380952380952 0.012142857142857143 0.018095238095238095
0 0.13642857142857143 0.5928571428571429 0.008571428571428572 0.018095238095238095
0 0.14142857142857143 0.5833333333333334 0.011428571428571429 0.023809523809523808
3 0.13857142857142857 0.4876190476190476 0.025714285714285714 0.049523809523809526
3 0.1682142857142857 0.4757142857142857 0.025 0.04857142857142857
4 0.21928571428571428 0.38904761904761903 0.041428571428571426 0.03142857142857143
3 0.21892857142857142 0.3738095238095238 0.03642857142857143 0.025714285714285714
4 0.3375 0.2280952380952381 0.035 0.023809523809523808
3 0.30642857142857144 0.23476190476190475 0.025714285714285714 0.025714285714285714
5 0.3267857142857143 0.17904761904761904 0.039285714285714285 0.03238095238095238
5 0.24428571428571427 0.25952380952380955 0.018571428571428572 0.040952380952380955
0 0.24357142857142858 0.2895238095238095 0.005714285714285714 0.01904761904761905
0 0.24642857142857144 0.2885714285714286 0.005714285714285714 0.01904761904761905
0 0.8492857142857143 0.5085714285714286 0.008571428571428572 0.02095238095238095
3 0.15428571428571428 0.011428571428571429 0.011428571428571429 0.013333333333333332
3 0.12321428571428572 0.09523809523809523 0.015 0.017142857142857144
3 0.16428571428571428 0.09380952380952381 0.012857142857142857 0.01619047619047619
3 0.16857142857142857 0.07904761904761905 0.011428571428571429 0.015238095238095238
3 0.17142857142857143 0.06095238095238095 0.011428571428571429 0.01904761904761905
3 0.17714285714285713 0.04380952380952381 0.01 0.015238095238095238
3 0.14642857142857144 0.030952380952380953 0.008571428571428572 0.014285714285714285
0 0.15214285714285714 0.058095238095238096 0.004285714285714286 0.011428571428571429
0 0.1575 0.05714285714285714 0.0064285714285714285 0.011428571428571429
0 0.15214285714285714 0.021904761904761906 0.005714285714285714 0.013333333333333332
0 0.1457142857142857 0.023333333333333334 0.004285714285714286 0.012380952380952381
5 0.7914285714285715 0.21047619047619048 0.03142857142857143 0.03238095238095238
3 0.8146428571428571 0.20952380952380953 0.02214285714285714 0.02095238095238095
5 0.8267857142857142 0.2057142857142857 0.019285714285714285 0.01904761904761905
3 0.84 0.20238095238095238 0.022857142857142857 0.021904761904761906
3 0.7296428571428571 0.32095238095238093 0.03214285714285714 0.022857142857142857
3 0.7196428571428571 0.30523809523809525 0.030714285714285715 0.021904761904761906
9 0.37035714285714283 0.06428571428571428 0.0064285714285714285 0.012380952380952381
9 0.345 0.04476190476190476 0.004285714285714286 0.011428571428571429
1 0.34464285714285714 0.043333333333333335 0.002142857142857143 0.008571428571428572
1 0.37 0.06190476190476191 0.002857142857142857 0.007619047619047619
3 0.5660714285714286 0.1457142857142857 0.025 0.015238095238095238
3 0.5607142857142857 0.1357142857142857 0.025714285714285714 0.01619047619047619
3 0.5535714285714286 0.12428571428571429 0.024285714285714285 0.01619047619047619
3 0.5396428571428571 0.10809523809523809 0.025 0.014285714285714285
3 0.5375 0.09952380952380953 0.020714285714285713 0.012380952380952381
3 0.5296428571428572 0.09095238095238095 0.023571428571428573 0.014285714285714285
4 0.5007142857142857 0.08047619047619048 0.022857142857142857 0.01619047619047619
3 0.5178571428571429 0.05285714285714286 0.012857142857142857 0.014285714285714285
