3 0.46325 0.9373333333333334 0.0505 0.12533333333333332
3 0.4265 0.8216666666666667 0.05 0.12466666666666666
3 0.647 0.8463333333333333 0.1 0.074
3 0.635 0.721 0.094 0.06333333333333332
3 0.3575 0.6933333333333334 0.05 0.11466666666666667
3 0.44375000000000003 0.6873333333333334 0.0445 0.104
3 0.49625 0.6606666666666666 0.0415 0.092
3 0.63775 0.6246666666666666 0.0775 0.048
0 0.45425 0.6293333333333333 0.0135 0.025333333333333333
3 0.38825 0.59 0.0455 0.08666666666666667
3 0.58875 0.5489999999999999 0.0325 0.07133333333333333
3 0.51125 0.5236666666666666 0.025500000000000002 0.05933333333333333
3 0.41175 0.5056666666666666 0.0365 0.06733333333333333
3 0.4265 0.44566666666666666 0.031 0.056666666666666664
3 0.5235 0.4086666666666667 0.026000000000000002 0.05466666666666666
3 0.5835 0.39566666666666667 0.024 0.051333333333333335
3 0.43925000000000003 0.39266666666666666 0.0275 0.04666666666666666
3 0.4565 0.35533333333333333 0.025 0.048
3 0.3825 0.3463333333333333 0.031 0.03
3 0.4585 0.31766666666666665 0.023 0.038
3 0.536 0.305 0.019 0.03
3 0.621 0.3463333333333333 0.05 0.028666666666666667
3 0.61825 0.3273333333333333 0.0525 0.026666666666666665
3 0.61225 0.30933333333333335 0.0455 0.028
3 0.6205 0.29533333333333334 0.044 0.026666666666666665
0 0.47900000000000004 0.31166666666666665 0.007 0.02333333333333333
3 0.46425 0.2823333333333333 0.0225 0.033999999999999996
3 0.527 0.27 0.018000000000000002 0.03333333333333333
3 0.61125 0.24366666666666667 0.0395 0.024666666666666667
3 0.5375 0.22233333333333333 0.018000000000000002 0.024666666666666667
3 0.481 0.22433333333333333 0.021 0.028666666666666667
3 0.5335 0.194 0.015 0.024
3 0.61275 0.22233333333333333 0.0375 0.020666666666666667
3 0.614 0.20966666666666667 0.037 0.019333333333333334
3 0.6115 0.20133333333333334 0.035 0.016
3 0.55075 0.19833333333333333 0.0165 0.022
3 0.61325 0.18566666666666667 0.0325 0.019333333333333334
4 0.5535 0.17833333333333332 0.013000000000000001 0.019333333333333334
5 0.47250000000000003 0.18733333333333332 0.04 0.034666666666666665
3 0.50075 0.184 0.0175 0.024
3 0.481 0.17033333333333334 0.03 0.019333333333333334
3 0.6155 0.177 0.033 0.018
3 0.612 0.16833333333333333 0.026000000000000002 0.015333333333333332
3 0.6045 0.16233333333333333 0.028 0.018
3 0.511 0.151 0.017 0.02333333333333333
4 0.59275 0.15033333333333332 0.0115 0.020666666666666667
3 0.517 0.134 0.013000000000000001 0.024
3 0.593 0.13666666666666666 0.013000000000000001 0.016
3 0.593 0.123 0.013000000000000001 0.016666666666666666
3 0.5955 0.108 0.013000000000000001 0.016
3 0.59275 0.097 0.0125 0.014
3 0.5205 0.123 0.013000000000000001 0.019333333333333334
4 0.5255 0.10866666666666666 0.012 0.021333333333333333
3 0.525 0.09166666666666666 0.02 0.015333333333333332
9 0.535 0.13899999999999998 0.006 0.011333333333333332
1 0.5347500000000001 0.135 0.0055 0.012666666666666666
3 0.555 0.08166666666666667 0.022 0.015333333333333332
0 0.51925 0.08133333333333333 0.0045000000000000005 0.010666666666666666
3 0.503 0.035333333333333335 0.011 0.013333333333333332
4 0.51275 0.035333333333333335 0.0095 0.013333333333333332
3 0.5255 0.037 0.009000000000000001 0.012666666666666666
3 0.54925 0.04 0.0105 0.013333333333333332
4 0.58375 0.036 0.0085 0.014666666666666666
3 0.55575 0.029666666666666664 0.0095 0.01
3 0.6005 0.020666666666666667 0.014 0.010666666666666666
3 0.559 0.024333333333333332 0.008 0.01
3 0.55125 0.019666666666666666 0.0085 0.008666666666666666
3 0.56125 0.019333333333333334 0.0085 0.009333333333333332
3 0.59175 0.016999999999999998 0.0075 0.008666666666666666
4 0.56275 0.01 0.0095 0.012
3 0.594 0.007666666666666666 0.006 0.008666666666666666
3 0.69675 0.067 0.0185 0.011333333333333332
3 0.724 0.06833333333333333 0.023 0.012666666666666666
3 0.73975 0.037 0.0085 0.011333333333333332
3 0.7505000000000001 0.03733333333333333 0.009000000000000001 0.010666666666666666
3 0.6535 0.028999999999999998 0.009000000000000001 0.011333333333333332
3 0.643 0.06966666666666667 0.025 0.014
