0 0.021500000000000002 0.9339999999999999 0.043000000000000003 0.08133333333333333
0 0.0525 0.8516666666666667 0.092 0.09799999999999999
9 0.08975 0.8356666666666667 0.1085 0.051333333333333335
2 0.07575 0.761 0.07150000000000001 0.13799999999999998
1 0.20600000000000002 0.7666666666666666 0.06 0.058666666666666666
6 0.21175 0.7859999999999999 0.0775 0.15333333333333332
9 0.1795 0.7186666666666667 0.053 0.12266666666666666
0 0.17325000000000002 0.531 0.0655 0.082
9 0.1585 0.573 0.061 0.10333333333333333
9 0.2215 0.5066666666666666 0.055 0.11066666666666666
9 0.17075 0.46399999999999997 0.0645 0.08
6 0.308 0.3243333333333333 0.067 0.122
0 0.39175 0.5223333333333333 0.0325 0.09533333333333333
1 0.3735 0.5193333333333333 0.03 0.06266666666666666
2 0.37225 0.5466666666666666 0.0305 0.052
0 0.5135 0.621 0.036000000000000004 0.08866666666666666
1 0.63525 0.962 0.0665 0.076
9 0.6405 0.9413333333333334 0.06 0.11733333333333333
9 0.8632500000000001 0.9196666666666666 0.1275 0.09
9 0.935 0.8566666666666667 0.13 0.064
9 0.9605 0.7959999999999999 0.079 0.058666666666666666
9 0.97075 0.7496666666666666 0.0585 0.043333333333333335
2 0.83175 0.859 0.1055 0.07666666666666666
0 0.7705 0.829 0.064 0.09266666666666666
0 0.72875 0.707 0.0655 0.08866666666666666
4 0.84675 0.6236666666666666 0.2955 0.178
0 0.977 0.5586666666666666 0.046 0.076
0 0.926 0.522 0.044 0.04
0 0.94625 0.39466666666666667 0.0735 0.104
0 0.904 0.3873333333333333 0.054 0.10133333333333333
9 0.8625 0.52 0.092 0.05466666666666666
9 0.85575 0.4973333333333333 0.0925 0.06266666666666666
9 0.837 0.471 0.089 0.06066666666666667
9 0.75625 0.505 0.0605 0.078
9 0.7445 0.4646666666666667 0.066 0.092
0 0.7675000000000001 0.42633333333333334 0.038 0.074
9 0.6990000000000001 0.481 0.031 0.09799999999999999
9 0.669 0.508 0.04 0.09866666666666667
9 0.6365000000000001 0.5173333333333333 0.045 0.09733333333333333
0 0.5952500000000001 0.4766666666666666 0.0325 0.08266666666666667
0 0.57925 0.4383333333333333 0.0385 0.07933333333333333
1 0.52175 0.43033333333333335 0.0205 0.035333333333333335
0 0.5385 0.3983333333333333 0.04 0.07933333333333333
0 0.4975 0.47933333333333333 0.032 0.07733333333333334
1 0.49425 0.46266666666666667 0.0135 0.036
0 0.463 0.4373333333333333 0.026000000000000002 0.07866666666666666
9 0.47800000000000004 0.429 0.033 0.09666666666666666
0 0.57425 0.3403333333333333 0.0225 0.07533333333333334
0 0.52175 0.36733333333333335 0.0265 0.08399999999999999
0 0.577 0.22233333333333333 0.02 0.07133333333333333
0 0.5680000000000001 0.20166666666666666 0.016 0.06066666666666667
0 0.54625 0.21366666666666667 0.0205 0.06466666666666666
0 0.47950000000000004 0.2803333333333333 0.02 0.078
9 0.494 0.26266666666666666 0.043000000000000003 0.07066666666666667
0 0.5155 0.2063333333333333 0.015 0.06866666666666667
3 0.49275 0.21966666666666665 0.0345 0.07133333333333333
0 0.49925 0.181 0.0125 0.041999999999999996
0 0.481 0.182 0.019 0.07333333333333333
0 0.47475 0.17033333333333334 0.0175 0.074
0 0.373 0.318 0.021 0.052
0 0.35425 0.302 0.0285 0.076
2 0.25175000000000003 0.188 0.0485 0.056
0 0.301 0.14133333333333334 0.026000000000000002 0.07066666666666667
0 0.40325 0.23433333333333334 0.025500000000000002 0.082
0 0.42575 0.23266666666666666 0.0315 0.07866666666666666
0 0.42 0.21333333333333332 0.024 0.07733333333333334
0 0.451 0.13599999999999998 0.025 0.07733333333333334
1 0.578 0.11766666666666667 0.01 0.026
0 0.5435 0.121 0.028 0.048666666666666664
0 0.50575 0.14666666666666667 0.0235 0.072
0 0.52025 0.14233333333333334 0.0285 0.062
0 0.503 0.123 0.018000000000000002 0.05933333333333333
0 0.47125 0.096 0.0155 0.06933333333333333
1 0.47325 0.08666666666666667 0.0135 0.034666666666666665
0 0.5495 0.056999999999999995 0.018000000000000002 0.043333333333333335
0 0.49825 0.072 0.0165 0.07333333333333333
0 0.497 0.06766666666666667 0.016 0.06999999999999999
0 0.4685 0.07066666666666667 0.015 0.05466666666666666
0 0.3325 0.078 0.023 0.076
0 0.357 0.076 0.023 0.06799999999999999
0 0.47725 0.051333333333333335 0.0145 0.04
0 0.46875 0.04833333333333333 0.0095 0.03266666666666666
0 0.48875 0.035666666666666666 0.0185 0.057999999999999996
0 0.46425 0.03933333333333333 0.0175 0.064
0 0.458 0.033 0.018000000000000002 0.06333333333333332
0 0.42325 0.02 0.0175 0.04
