5 0.029642857142857144 0.26666666666666666 0.05928571428571429 0.0380952380952381
3 0.018214285714285714 0.29333333333333333 0.03642857142857143 0.02095238095238095
9 0.05 0.30095238095238097 0.012857142857142857 0.007619047619047619
4 0.06285714285714286 0.28714285714285714 0.037142857142857144 0.01619047619047619
3 0.08714285714285715 0.26857142857142857 0.037142857142857144 0.01904761904761905
3 0.10642857142857143 0.2823809523809524 0.037142857142857144 0.02
5 0.1657142857142857 0.27 0.06571428571428571 0.039047619047619046
5 0.15928571428571428 0.25523809523809526 0.08142857142857143 0.03428571428571429
3 0.12714285714285714 0.2538095238095238 0.027142857142857142 0.018095238095238095
3 0.12321428571428572 0.21 0.023571428571428573 0.01619047619047619
9 0.22964285714285715 0.19380952380952382 0.009285714285714286 0.006666666666666666
0 0.22857142857142856 0.19 0.005714285714285714 0.008571428571428572
0 0.04857142857142857 0.2976190476190476 0.005714285714285714 0.010476190476190476
0 0.2542857142857143 0.12428571428571429 0.004285714285714286 0.010476190476190476
0 0.2575 0.1219047619047619 0.0035714285714285713 0.009523809523809525
0 0.2642857142857143 0.11666666666666667 0.004285714285714286 0.012380952380952381
0 0.27535714285714286 0.07333333333333333 0.005 0.011428571428571429
0 0.15892857142857142 0.5747619047619048 0.010714285714285714 0.02
7 0.4085714285714286 0.0419047619047619 0.008571428571428572 0.02095238095238095
4 0.40535714285714286 0.0680952380952381 0.007857142857142858 0.01619047619047619
9 0.4064285714285714 0.07952380952380952 0.002857142857142857 0.008571428571428572
0 0.4064285714285714 0.07714285714285714 0.002857142857142857 0.007619047619047619
3 0.4132142857142857 0.09 0.009285714285714286 0.014285714285714285
5 0.41535714285714287 0.13428571428571429 0.015 0.03619047619047619
5 0.4042857142857143 0.20952380952380953 0.018571428571428572 0.04380952380952381
3 0.4139285714285714 0.18714285714285714 0.010714285714285714 0.018095238095238095
3 0.42714285714285716 0.21761904761904763 0.012857142857142857 0.02
3 0.42607142857142855 0.2757142857142857 0.013571428571428571 0.021904761904761906
0 0.46285714285714286 0.21142857142857144 0.005714285714285714 0.015238095238095238
7 0.36142857142857143 0.2761904761904762 0.025714285714285714 0.03238095238095238
3 0.38857142857142857 0.3342857142857143 0.017142857142857144 0.02857142857142857
3 0.4278571428571429 0.3233333333333333 0.015714285714285715 0.02761904761904762
5 0.41464285714285715 0.38761904761904764 0.023571428571428573 0.07047619047619047
3 0.44357142857142856 0.4080952380952381 0.015714285714285715 0.03142857142857143
0 0.45821428571428574 0.2923809523809524 0.005 0.015238095238095238
4 0.4417857142857143 0.4785714285714286 0.017857142857142856 0.037142857142857144
8 0.41714285714285715 0.5504761904761905 0.032857142857142856 0.13523809523809524
3 0.44142857142857145 0.7338095238095238 0.03 0.06571428571428571
4 0.4625 0.861904761904762 0.02642857142857143 0.0761904761904762
3 0.46964285714285714 0.9804761904761905 0.045 0.039047619047619046
3 0.7567857142857143 0.7761904761904762 0.056428571428571425 0.0419047619047619
4 0.7396428571428572 0.7342857142857143 0.052142857142857144 0.04380952380952381
3 0.7439285714285714 0.6033333333333334 0.03785714285714286 0.05619047619047619
3 0.7682142857142857 0.589047619047619 0.039285714285714285 0.05238095238095238
3 0.7292857142857143 0.4957142857142857 0.04 0.029523809523809525
3 0.6535714285714286 0.48333333333333334 0.04285714285714286 0.02761904761904762
0 0.6396428571428572 0.49857142857142855 0.005 0.01619047619047619
0 0.6942857142857143 0.42857142857142855 0.007142857142857143 0.017142857142857144
0 0.5982142857142857 0.47095238095238096 0.0064285714285714285 0.018095238095238095
5 0.6507142857142857 0.41904761904761906 0.05142857142857143 0.04
4 0.6292857142857143 0.3647619047619048 0.03142857142857143 0.024761904761904763
3 0.6257142857142857 0.35 0.03428571428571429 0.02
3 0.6221428571428571 0.3380952380952381 0.03428571428571429 0.01904761904761905
9 0.6664285714285715 0.3433333333333333 0.014285714285714285 0.014285714285714285
9 0.6560714285714285 0.3238095238095238 0.013571428571428571 0.011428571428571429
5 0.5253571428571429 0.37 0.035 0.023809523809523808
3 0.5260714285714285 0.35619047619047617 0.03214285714285714 0.017142857142857144
3 0.5246428571428572 0.34285714285714286 0.03214285714285714 0.01904761904761905
5 0.5103571428571428 0.3238095238095238 0.03642857142857143 0.022857142857142857
5 0.5146428571428572 0.31047619047619046 0.03214285714285714 0.01904761904761905
4 0.5103571428571428 0.2966666666666667 0.025 0.021904761904761906
7 0.6125 0.29095238095238096 0.019285714285714285 0.023809523809523808
