3 0.2735714285714286 0.16523809523809524 0.06571428571428571 0.05047619047619047
0 0.16285714285714287 0.14666666666666667 0.012857142857142857 0.02857142857142857
0 0.1575 0.1361904761904762 0.013571428571428571 0.022857142857142857
0 0.15642857142857142 0.13142857142857142 0.012857142857142857 0.022857142857142857
3 0.18678571428571428 0.3314285714285714 0.045 0.06857142857142857
3 0.24071428571428571 0.3861904761904762 0.055714285714285716 0.07142857142857142
9 0.24428571428571427 0.4276190476190476 0.027142857142857142 0.02857142857142857
3 0.28964285714285715 0.430952380952381 0.065 0.06571428571428571
9 0.26607142857142857 0.4838095238095238 0.027857142857142858 0.03428571428571429
3 0.3075 0.490952380952381 0.056428571428571425 0.08857142857142856
1 0.3464285714285714 0.3961904761904762 0.008571428571428572 0.017142857142857144
9 0.3464285714285714 0.40285714285714286 0.01 0.02857142857142857
7 0.35678571428571426 0.6861904761904762 0.029285714285714286 0.08476190476190476
1 0.6289285714285714 0.7247619047619047 0.015 0.022857142857142857
1 0.6439285714285714 0.64 0.012142857142857143 0.022857142857142857
1 0.6746428571428571 0.6223809523809524 0.016428571428571428 0.021904761904761906
1 0.5371428571428571 0.5666666666666667 0.014285714285714285 0.022857142857142857
9 0.6275 0.7280952380952381 0.013571428571428571 0.04476190476190476
9 0.6432142857142857 0.6442857142857142 0.015 0.039047619047619046
9 0.6728571428571428 0.6271428571428571 0.018571428571428572 0.037142857142857144
9 0.5382142857142858 0.5723809523809524 0.012142857142857143 0.0419047619047619
3 0.565 0.6828571428571428 0.037142857142857144 0.11047619047619048
3 0.48714285714285716 0.5223809523809524 0.02857142857142857 0.07523809523809524
3 0.4942857142857143 0.3538095238095238 0.032857142857142856 0.08285714285714285
5 0.4767857142857143 0.20285714285714285 0.04357142857142857 0.08761904761904762
3 0.8675 0.2776190476190476 0.062142857142857146 0.04285714285714286
3 0.9557142857142857 0.25952380952380955 0.05857142857142857 0.05047619047619047
9 0.9653571428571428 0.38095238095238093 0.023571428571428573 0.024761904761904763
3 0.7996428571428571 0.38666666666666666 0.05785714285714286 0.06666666666666667
3 0.775 0.4338095238095238 0.06714285714285714 0.06761904761904762
3 0.8546428571428571 0.4642857142857143 0.060714285714285714 0.06380952380952382
3 0.8796428571428572 0.43714285714285717 0.065 0.07238095238095238
4 0.9064285714285715 0.4219047619047619 0.06285714285714286 0.06857142857142857
