3 0.8357142857142857 0.9766666666666667 0.06285714285714286 0.04666666666666667
3 0.5403571428571429 0.9585714285714285 0.04642857142857143 0.08285714285714285
3 0.48142857142857143 0.95 0.05857142857142857 0.1
5 0.435 0.8871428571428571 0.06714285714285714 0.1019047619047619
3 0.58 0.810952380952381 0.03571428571428571 0.06380952380952382
3 0.5264285714285715 0.8119047619047619 0.03571428571428571 0.06
3 0.49392857142857144 0.7852380952380953 0.035 0.05047619047619047
3 0.5507142857142857 0.7523809523809524 0.02857142857142857 0.05142857142857143
3 0.5714285714285714 0.6904761904761905 0.02 0.03428571428571429
3 0.5510714285714285 0.6752380952380952 0.025 0.02857142857142857
3 0.5996428571428571 0.5842857142857143 0.012142857142857143 0.01619047619047619
3 0.6089285714285714 0.5633333333333334 0.009285714285714286 0.012380952380952381
3 0.6264285714285714 0.5471428571428572 0.007142857142857143 0.010476190476190476
3 0.6135714285714285 0.5466666666666666 0.008571428571428572 0.011428571428571429
5 0.6167857142857143 0.5266666666666666 0.0064285714285714285 0.011428571428571429
3 0.6321428571428571 0.5276190476190477 0.007142857142857143 0.007619047619047619
3 0.6271428571428571 0.5228571428571429 0.005714285714285714 0.007619047619047619
3 0.6214285714285714 0.5171428571428571 0.007142857142857143 0.005714285714285714
3 0.6225 0.5095238095238095 0.005 0.005714285714285714
3 0.6339285714285714 0.5085714285714286 0.005 0.005714285714285714
3 0.6342857142857142 0.5023809523809524 0.004285714285714286 0.004761904761904762
3 0.6664285714285715 0.5061904761904762 0.004285714285714286 0.004761904761904762
3 0.6635714285714286 0.5004761904761905 0.004285714285714286 0.004761904761904762
3 0.6367857142857143 0.48904761904761906 0.0035714285714285713 0.004761904761904762
3 0.6335714285714286 0.4838095238095238 0.004285714285714286 0.005714285714285714
3 0.6367857142857143 0.4766666666666667 0.002142857142857143 0.002857142857142857
3 0.6475 0.4714285714285714 0.002142857142857143 0.0019047619047619048
3 0.6525 0.4704761904761905 0.002142857142857143 0.0019047619047619048
