0 0.5947286012526095 0.37987012987012986 0.0057411273486430055 0.015769944341372914
1 0.644572025052192 0.36641929499072357 0.0031315240083507304 0.0074211502782931356
1 0.6497912317327765 0.39888682745825604 0.005219206680584551 0.00927643784786642
1 0.5983820459290188 0.33163265306122447 0.0036534446764091852 0.010204081632653062
1 0.5999478079331941 0.33070500927643787 0.0026096033402922755 0.008348794063079777
6 0.6119519832985386 0.3330241187384045 0.0057411273486430055 0.016697588126159554
6 0.5989039665970772 0.3330241187384045 0.007828810020876827 0.01855287569573284
5 0.5848121085594989 0.5278293135435993 0.016179540709812108 0.04267161410018553
3 0.5623695198329853 0.4452690166975881 0.013048016701461376 0.029684601113172542
3 0.5519311064718162 0.549165120593692 0.032881002087682666 0.02411873840445269
6 0.5636743215031315 0.5171614100185529 0.008350730688935281 0.021335807050092765
9 0.5545407098121085 0.5227272727272727 0.007828810020876827 0.013914656771799629
9 0.5545407098121085 0.5199443413729128 0.007828810020876827 0.012059369202226345
6 0.5472338204592901 0.5709647495361782 0.016179540709812108 0.01948051948051948
9 0.5652400835073068 0.5909090909090909 0.01774530271398747 0.022263450834879406
1 0.5370563674321502 0.5927643784786643 0.005219206680584551 0.011131725417439703
9 0.548277661795407 0.5890538033395176 0.013048016701461376 0.01855287569573284
7 0.5506263048016701 0.5575139146567718 0.019832985386221292 0.022263450834879406
9 0.5302713987473904 0.698051948051948 0.006263048016701461 0.0176252319109462
3 0.536795407098121 0.7722634508348795 0.04436325678496868 0.039888682745825604
1 0.6427453027139874 0.8631725417439703 0.007828810020876827 0.01948051948051948
1 0.6432672233820459 0.8761595547309833 0.006784968684759916 0.015769944341372914
6 0.6432672233820459 0.8729128014842301 0.009916492693110646 0.03339517625231911
5 0.5882045929018789 0.32421150278293137 0.012526096033402922 0.0287569573283859
6 0.5099164926931106 0.24072356215213359 0.011482254697286011 0.015769944341372914
0 0.6030793319415448 0.25463821892393323 0.0026096033402922755 0.013914656771799629
1 0.5994258872651357 0.25510204081632654 0.0036534446764091852 0.00927643784786642
6 0.6015135699373695 0.2588126159554731 0.008872651356993735 0.020408163265306124
0 0.5594989561586639 0.22263450834879406 0.0031315240083507304 0.011131725417439703
1 0.5861169102296451 0.16048237476808905 0.0020876826722338203 0.0074211502782931356
9 0.5868997912317327 0.16280148423005567 0.0026096033402922755 0.006493506493506494
0 0.5910751565762004 0.08441558441558442 0.0015657620041753652 0.0074211502782931356
3 0.5840292275574113 0.07189239332096475 0.005219206680584551 0.012059369202226345
9 0.5694154488517744 0.16465677179962895 0.0031315240083507304 0.006493506493506494
