8 0.24392857142857144 0.6357868020304568 0.029285714285714286 0.15736040609137056
8 0.2935714285714286 0.4828680203045685 0.024285714285714285 0.14340101522842638
8 0.26035714285714284 0.4378172588832487 0.04214285714285714 0.1548223350253807
8 0.28464285714285714 0.3096446700507614 0.035 0.1446700507614213
8 0.30607142857142855 0.350253807106599 0.030714285714285715 0.12182741116751268
8 0.31785714285714284 0.2277918781725888 0.03142857142857143 0.11548223350253806
8 0.3242857142857143 0.11230964467005075 0.024285714285714285 0.16624365482233502
8 0.5885714285714285 0.1484771573604061 0.06571428571428571 0.17766497461928932
8 0.5139285714285714 0.3312182741116751 0.07214285714285715 0.18020304568527917
8 0.45535714285714285 0.30076142131979694 0.035 0.19035532994923857
8 0.3603571428571429 0.5406091370558376 0.03357142857142857 0.15736040609137056
8 0.45035714285714284 0.11230964467005075 0.03785714285714286 0.15355329949238578
4 0.37464285714285717 0.2315989847715736 0.017857142857142856 0.06979695431472081
3 0.37857142857142856 0.16370558375634517 0.02 0.05837563451776649
3 0.8571428571428571 0.4035532994923858 0.03428571428571429 0.10659898477157359
3 0.3675 0.4149746192893401 0.020714285714285713 0.08883248730964466
3 0.3725 0.3172588832487309 0.02214285714285714 0.06091370558375634
0 0.3367857142857143 0.4511421319796954 0.009285714285714286 0.03426395939086294
8 0.13857142857142857 0.9397208121827411 0.1457142857142857 0.09010152284263959
8 0.03535714285714286 0.9454314720812182 0.07071428571428572 0.08883248730964466
