3 0.31785714285714284 0.6643401015228426 0.05142857142857143 0.04441624365482233
3 0.4664285714285714 0.782994923857868 0.024285714285714285 0.07614213197969542
3 0.4325 0.6015228426395939 0.04071428571428572 0.04060913705583756
3 0.44785714285714284 0.5539340101522843 0.04285714285714286 0.03934010152284264
3 0.36642857142857144 0.5031725888324873 0.04 0.03934010152284264
3 0.30857142857142855 0.4815989847715736 0.04 0.03934010152284264
3 0.18821428571428572 0.5609137055837563 0.04214285714285714 0.04060913705583756
3 0.12392857142857143 0.5393401015228426 0.04357142857142857 0.04568527918781726
3 0.1575 0.7176395939086294 0.05071428571428571 0.04441624365482233
3 0.5410714285714285 0.44352791878172587 0.03785714285714286 0.031725888324873094
3 0.5107142857142857 0.3927664974619289 0.03857142857142857 0.03680203045685279
3 0.5714285714285714 0.40672588832487305 0.041428571428571426 0.03680203045685279
3 0.6007142857142858 0.3711928934010152 0.03571428571428571 0.03934010152284264
3 0.6653571428571429 0.3515228426395939 0.03785714285714286 0.032994923857868015
3 0.7614285714285715 0.3794416243654822 0.037142857142857144 0.032994923857868015
3 0.795 0.3413705583756345 0.04 0.035532994923857864
3 0.8567857142857143 0.29505076142131975 0.035 0.03426395939086294
3 0.8953571428571429 0.3343908629441624 0.039285714285714285 0.029187817258883246
3 0.9671428571428572 0.31218274111675126 0.03571428571428571 0.03045685279187817
3 0.7382142857142857 0.41307106598984766 0.03785714285714286 0.03426395939086294
3 0.7860714285714285 0.39911167512690354 0.03785714285714286 0.03426395939086294
3 0.6860714285714286 0.4289340101522842 0.039285714285714285 0.03807106598984771
3 0.6364285714285715 0.44670050761421315 0.041428571428571426 0.035532994923857864
3 0.5860714285714286 0.4644670050761421 0.04071428571428572 0.03807106598984771
3 0.6357142857142857 0.4181472081218274 0.037142857142857144 0.03426395939086294
3 0.7421428571428571 0.3280456852791878 0.03428571428571429 0.03934010152284264
3 0.265 0.25380710659898476 0.015714285714285715 0.035532994923857864
3 0.21321428571428572 0.07233502538071065 0.03214285714285714 0.017766497461928932
3 0.13714285714285715 0.15862944162436546 0.03 0.02284263959390863
3 0.13535714285714287 0.13769035532994922 0.03214285714285714 0.024111675126903553
3 0.13392857142857142 0.12563451776649745 0.029285714285714286 0.025380710659898477
3 0.13642857142857143 0.11421319796954314 0.027142857142857142 0.02284263959390863
3 0.1442857142857143 0.09644670050761421 0.02857142857142857 0.025380710659898477
3 0.15142857142857144 0.08185279187817258 0.02857142857142857 0.024111675126903553
3 0.21214285714285713 0.09010152284263959 0.02857142857142857 0.02030456852791878
3 0.225 0.05964467005076142 0.025714285714285714 0.02030456852791878
3 0.22142857142857142 0.05139593908629441 0.022857142857142857 0.019035532994923856
3 0.21928571428571428 0.03807106598984771 0.024285714285714285 0.02030456852791878
3 0.21785714285714286 0.024746192893401013 0.02857142857142857 0.019035532994923856
3 0.21821428571428572 0.011421319796954314 0.025 0.017766497461928932
3 0.15428571428571428 0.016497461928934008 0.025714285714285714 0.017766497461928932
4 0.15285714285714286 0.026015228426395937 0.022857142857142857 0.021573604060913704
4 0.21821428571428572 0.10406091370558375 0.02642857142857143 0.025380710659898477
4 0.2367857142857143 0.11802030456852791 0.013571428571428571 0.035532994923857864
3 0.2985714285714286 0.23921319796954313 0.015714285714285715 0.03680203045685279
3 0.29642857142857143 0.3236040609137056 0.015714285714285715 0.04060913705583756
3 0.2667857142857143 0.19352791878172587 0.013571428571428571 0.03680203045685279
3 0.29 0.28680203045685276 0.015714285714285715 0.04060913705583756
8 0.26821428571428574 0.30076142131979694 0.02214285714285714 0.08121827411167512
3 0.16642857142857143 0.11040609137055837 0.012857142857142857 0.025380710659898477
3 0.20785714285714285 0.1351522842639594 0.027142857142857142 0.024111675126903553
4 0.17214285714285715 0.20241116751269034 0.02857142857142857 0.026649746192893398
4 0.1357142857142857 0.2144670050761421 0.015714285714285715 0.03045685279187817
3 0.008571428571428572 0.24555837563451774 0.017142857142857144 0.03680203045685279
3 0.025357142857142856 0.24238578680203043 0.016428571428571428 0.03045685279187817
3 0.047857142857142855 0.2309644670050761 0.014285714285714285 0.03807106598984771
3 0.08928571428571429 0.23223350253807104 0.012857142857142857 0.03045685279187817
0 0.18178571428571427 0.17258883248730963 0.007857142857142858 0.02030456852791878
0 0.27285714285714285 0.12753807106598983 0.005714285714285714 0.021573604060913704
0 0.2739285714285714 0.23604060913705582 0.005 0.02030456852791878
0 0.27 0.23604060913705582 0.005714285714285714 0.017766497461928932
0 0.09892857142857144 0.1148477157360406 0.0064285714285714285 0.019035532994923856
5 0.21321428571428572 0.31218274111675126 0.025 0.09898477157360405
5 0.15964285714285714 0.3889593908629441 0.05357142857142857 0.05964467005076142
1 0.2532142857142857 0.35215736040609136 0.007857142857142858 0.019035532994923856
9 0.2532142857142857 0.35532994923857864 0.0064285714285714285 0.025380710659898477
3 0.3578571428571429 0.35850253807106597 0.027142857142857142 0.03680203045685279
4 0.3339285714285714 0.1465736040609137 0.013571428571428571 0.031725888324873094
0 0.3460714285714286 0.1630710659898477 0.005 0.019035532994923856
0 0.35 0.1897208121827411 0.004285714285714286 0.021573604060913704
0 0.3532142857142857 0.18654822335025378 0.0064285714285714285 0.02284263959390863
1 0.32821428571428574 0.17385786802030456 0.0064285714285714285 0.012690355329949238
9 0.32821428571428574 0.1763959390862944 0.0064285714285714285 0.02030456852791878
3 0.4253571428571429 0.3128172588832487 0.030714285714285715 0.03934010152284264
0 0.4278571428571429 0.3432741116751269 0.004285714285714286 0.024111675126903553
0 0.45 0.3445431472081218 0.004285714285714286 0.024111675126903553
0 0.47035714285714286 0.3635786802030457 0.005 0.021573604060913704
9 0.5 0.34010152284263956 0.011428571428571429 0.015228426395939085
5 0.38 0.149746192893401 0.03857142857142857 0.03807106598984771
4 0.3825 0.13388324873096447 0.025 0.026649746192893398
1 0.8057142857142857 0.2715736040609137 0.007142857142857143 0.015228426395939085
3 0.8017857142857143 0.30901015228426393 0.035 0.03680203045685279
4 0.8875 0.3096446700507614 0.04214285714285714 0.03807106598984771
3 0.9464285714285714 0.2931472081218274 0.03571428571428571 0.03045685279187817
3 0.9875 0.2798223350253807 0.025 0.031725888324873094
4 0.9246428571428571 0.5203045685279187 0.039285714285714285 0.03807106598984771
8 0.9767857142857143 0.44670050761421315 0.04642857142857143 0.07106598984771573
3 0.9785714285714285 0.5050761421319797 0.041428571428571426 0.032994923857868015
0 0.9303571428571429 0.5850253807106599 0.010714285714285714 0.02284263959390863
0 0.9067857142857143 0.590736040609137 0.010714285714285714 0.024111675126903553
0 0.9807142857142858 0.5361675126903553 0.011428571428571429 0.024111675126903553
0 0.9885714285714285 0.5437817258883249 0.011428571428571429 0.021573604060913704
0 0.9953571428571428 0.5564720812182741 0.009285714285714286 0.021573604060913704
1 0.9042857142857142 0.4777918781725888 0.007142857142857143 0.019035532994923856
2 0.9035714285714286 0.4841370558375634 0.01 0.021573604060913704
0 0.5378571428571428 0.8362944162436547 0.007142857142857143 0.025380710659898477
0 0.5435714285714286 0.833756345177665 0.007142857142857143 0.03045685279187817
0 0.5467857142857143 0.706218274111675 0.0064285714285714285 0.021573604060913704
1 0.48678571428571427 0.6795685279187816 0.0064285714285714285 0.024111675126903553
2 0.48642857142857143 0.6821065989847716 0.018571428571428572 0.019035532994923856
9 0.5307142857142857 0.6503807106598984 0.015714285714285715 0.021573604060913704
1 0.5321428571428571 0.6491116751269035 0.007142857142857143 0.019035532994923856
3 0.5521428571428572 0.6034263959390862 0.04 0.04695431472081218
0 0.1525 0.8857868020304568 0.007857142857142858 0.025380710659898477
0 0.1432142857142857 0.8140862944162436 0.013571428571428571 0.021573604060913704
3 0.06357142857142857 0.7455583756345177 0.05714285714285714 0.04695431472081218
4 0.10178571428571428 0.6865482233502538 0.055 0.05837563451776649
3 0.43357142857142855 0.9765228426395939 0.027142857142857142 0.04441624365482233
5 0.05357142857142857 0.5310913705583756 0.06571428571428571 0.04695431472081218
