0 0.245 0.037142857142857144 0.017142857142857144 0.04
0 0.29392857142857143 0.10428571428571429 0.015 0.040952380952380955
0 0.2914285714285714 0.19952380952380952 0.012857142857142857 0.03142857142857143
0 0.12785714285714286 0.4166666666666667 0.024285714285714285 0.04857142857142857
0 0.10321428571428572 0.4038095238095238 0.019285714285714285 0.047619047619047616
0 0.07107142857142858 0.3823809523809524 0.023571428571428573 0.05619047619047619
0 0.04928571428571429 0.3676190476190476 0.02142857142857143 0.05333333333333333
0 0.27535714285714286 0.3038095238095238 0.019285714285714285 0.04380952380952381
0 0.3082142857142857 0.24142857142857144 0.020714285714285713 0.04857142857142857
0 0.2785714285714286 0.1961904761904762 0.015714285714285715 0.03428571428571429
0 0.27035714285714285 0.23904761904761904 0.016428571428571428 0.045714285714285714
0 0.3975 0.23904761904761904 0.019285714285714285 0.045714285714285714
0 0.6535714285714286 0.1838095238095238 0.014285714285714285 0.045714285714285714
0 0.7010714285714286 0.18904761904761905 0.009285714285714286 0.04666666666666667
0 0.9585714285714285 0.1280952380952381 0.015714285714285715 0.04285714285714286
0 0.9517857142857142 0.1261904761904762 0.015 0.039047619047619046
0 0.9635714285714285 0.06190476190476191 0.011428571428571429 0.04
0 0.9407142857142857 0.03333333333333333 0.017142857142857144 0.0380952380952381
0 0.5735714285714286 0.11952380952380952 0.008571428571428572 0.04285714285714286
0 0.5589285714285714 0.10857142857142857 0.012142857142857143 0.04
0 0.5328571428571428 0.10714285714285714 0.011428571428571429 0.040952380952380955
0 0.455 0.11142857142857143 0.011428571428571429 0.045714285714285714
0 0.4675 0.11761904761904762 0.012142857142857143 0.029523809523809525
0 0.9582142857142857 0.010476190476190476 0.012142857142857143 0.02095238095238095
0 0.2646428571428571 0.8223809523809524 0.02642857142857143 0.054285714285714284
0 0.43785714285714283 0.809047619047619 0.024285714285714285 0.03333333333333333
0 0.38357142857142856 0.9628571428571429 0.03142857142857143 0.03428571428571429
0 0.022857142857142857 0.9066666666666666 0.04285714285714286 0.047619047619047616
