4 0.580829756795422 0.6760496183206106 0.1402002861230329 0.14026717557251908
4 0.6398426323319027 0.7652671755725191 0.15092989985693847 0.183206106870229
3 0.724964234620887 0.8306297709923663 0.13376251788268956 0.18606870229007633
3 0.7013590844062947 0.6044847328244275 0.11659513590844063 0.15362595419847327
3 0.2421316165951359 0.2876908396946565 0.07081545064377683 0.10019083969465649
3 0.1226752503576538 0.1316793893129771 0.060801144492131615 0.08206106870229007
5 0.15128755364806867 0.7170801526717557 0.23247496423462088 0.26240458015267176
0 0.3397711015736767 0.7843511450381679 0.024320457796852647 0.04389312977099236
0 0.3494277539341917 0.6688931297709924 0.02646638054363376 0.03625954198473282
1 0.3959227467811159 0.6708015267175572 0.019313304721030045 0.04198473282442748
1 0.09442060085836909 0.16507633587786258 0.01430615164520744 0.03244274809160305
1 0.25894134477825465 0.4198473282442748 0.02145922746781116 0.04198473282442748
1 0.19742489270386265 0.42604961832061067 0.02861230329041488 0.04293893129770992
0 0.33583690987124465 0.48520992366412213 0.020743919885550785 0.046755725190839696
0 0.4781831187410587 0.5004770992366412 0.016452074391988557 0.03530534351145038
0 0.6784692417739628 0.3110687022900763 0.013590844062947067 0.047709923664122134
1 0.6666666666666666 0.5019083969465649 0.020028612303290415 0.03244274809160305
1 0.6834763948497854 0.487118320610687 0.013590844062947067 0.023854961832061067
1 0.694206008583691 0.4756679389312977 0.019313304721030045 0.025763358778625952
0 0.7725321888412017 0.46326335877862596 0.02575107296137339 0.05057251908396947
0 0.27646638054363376 0.5677480916030534 0.027896995708154508 0.03816793893129771
9 0.21244635193133046 0.42843511450381677 0.03862660944206009 0.04961832061068702
2 0.26645207439198854 0.4375 0.020743919885550785 0.05057251908396947
2 0.10050071530758226 0.1784351145038168 0.020743919885550785 0.04198473282442748
2 0.4009298998569385 0.6755725190839694 0.02646638054363376 0.05725190839694656
2 0.8372675250357654 0.6951335877862596 0.035050071530758224 0.05629770992366412
2 0.5300429184549357 0.11688931297709923 0.020028612303290415 0.023854961832061067
9 0.5146638054363376 0.10400763358778625 0.027896995708154508 0.02862595419847328
9 0.34084406294706726 0.24284351145038166 0.020743919885550785 0.04866412213740458
3 0.24034334763948498 0.9136450381679388 0.15593705293276108 0.1631679389312977
0 0.5225321888412017 0.6979961832061068 0.009298998569384835 0.03530534351145038
0 0.663447782546495 0.825381679389313 0.02503576537911302 0.04961832061068702
0 0.25393419170243203 0.6483778625954199 0.020028612303290415 0.04484732824427481
3 0.07546494992846924 0.22185114503816794 0.04792560801144492 0.09064885496183206
4 0.1123032904148784 0.3244274809160305 0.06723891273247497 0.10687022900763359
4 0.19957081545064378 0.20849236641221372 0.06151645207439199 0.08301526717557252
4 0.16988555078683834 0.4484732824427481 0.07081545064377683 0.11832061068702289
4 0.07975679542203147 0.04866412213740458 0.06366237482117311 0.08969465648854962
3 0.027896995708154508 0.033396946564885496 0.035765379113018594 0.051526717557251904
3 0.0407725321888412 0.1455152671755725 0.035765379113018594 0.06011450381679389
0 0.219241773962804 0.07442748091603053 0.012160228898426323 0.02480916030534351
1 0.20278969957081544 0.08206106870229007 0.009298998569384835 0.019083969465648856
3 0.17024320457796852 0.050095419847328244 0.08869814020028613 0.07538167938931298
3 0.14377682403433475 0.03196564885496183 0.07868383404864092 0.06393129770992366
0 0.8844778254649499 0.05677480916030534 0.022174535050071532 0.03530534351145038
2 0.821173104434907 0.16269083969465647 0.02575107296137339 0.029580152671755722
0 0.6816881258941345 0.11259541984732824 0.010014306151645207 0.02862595419847328
0 0.8816165951359084 0.5333969465648855 0.027896995708154508 0.03625954198473282
3 0.7964949928469242 0.9093511450381679 0.1251788268955651 0.17366412213740456
3 0.8891273247496423 0.9561068702290076 0.10014306151645208 0.08587786259541984
0 0.9030758226037195 0.5095419847328244 0.013590844062947067 0.022900763358778626
0 0.8930615164520744 0.4980916030534351 0.013590844062947067 0.022900763358778626
0 0.23390557939914164 0.5944656488549618 0.027181688125894134 0.04961832061068702
0 0.26394849785407726 0.5873091603053435 0.027181688125894134 0.03530534351145038
0 0.24964234620886983 0.5658396946564885 0.02145922746781116 0.03244274809160305
0 0.24248927038626608 0.5458015267175572 0.017167381974248927 0.026717557251908396
1 0.21494992846924177 0.5625 0.030758226037195996 0.029580152671755722
