0 0.2807142857142857 0.47619047619047616 0.02 0.07238095238095238
3 0.18071428571428572 0.6638095238095238 0.16285714285714287 0.2438095238095238
3 0.7325 0.5457142857142857 0.19214285714285714 0.12761904761904763
3 0.355 0.2842857142857143 0.047142857142857146 0.058095238095238096
3 0.5225 0.26666666666666666 0.04357142857142857 0.05714285714285714
3 0.5635714285714286 0.20238095238095238 0.06 0.03333333333333333
3 0.3942857142857143 0.1880952380952381 0.027142857142857142 0.037142857142857144
3 0.39714285714285713 0.16333333333333333 0.022857142857142857 0.03333333333333333
3 0.4017857142857143 0.1380952380952381 0.027857142857142858 0.024761904761904763
3 0.3417857142857143 0.14333333333333334 0.04214285714285714 0.025714285714285714
3 0.3392857142857143 0.13333333333333333 0.04 0.01904761904761905
3 0.31535714285714284 0.11904761904761904 0.04071428571428572 0.01904761904761905
3 0.29428571428571426 0.08761904761904762 0.024285714285714285 0.015238095238095238
3 0.32035714285714284 0.09 0.027857142857142858 0.018095238095238095
3 0.3475 0.09666666666666666 0.023571428571428573 0.01619047619047619
3 0.6514285714285715 0.1961904761904762 0.054285714285714284 0.03619047619047619
3 0.7317857142857143 0.19904761904761906 0.060714285714285714 0.03238095238095238
3 0.8267857142857142 0.20142857142857143 0.06357142857142857 0.035238095238095235
