3 0.805 0.9352380952380952 0.2342857142857143 0.1295238095238095
3 0.7957142857142857 0.7842857142857143 0.24285714285714285 0.12095238095238095
3 0.7839285714285714 0.6523809523809524 0.19357142857142856 0.12380952380952381
4 0.7007142857142857 0.5333333333333333 0.2 0.11619047619047619
3 0.6639285714285714 0.43761904761904763 0.17357142857142857 0.10380952380952381
3 0.6496428571428572 0.2919047619047619 0.13785714285714284 0.09619047619047619
3 0.6475 0.22095238095238096 0.12928571428571428 0.07428571428571429
3 0.40785714285714286 0.5838095238095238 0.1 0.2019047619047619
3 0.42928571428571427 0.37714285714285717 0.07571428571428572 0.15428571428571428
3 0.4642857142857143 0.15428571428571428 0.055714285714285716 0.10857142857142857
3 0.4667857142857143 0.05 0.047857142857142855 0.09428571428571429
0 0.5517857142857143 0.03 0.012142857142857143 0.04666666666666667
0 0.5675 0.029047619047619048 0.012142857142857143 0.05619047619047619
3 0.6257142857142857 0.024285714285714285 0.09714285714285714 0.04857142857142857
3 0.1657142857142857 0.05047619047619047 0.07571428571428572 0.09523809523809523
3 0.32571428571428573 0.03666666666666667 0.055714285714285716 0.07333333333333333
2 0.6292857142857143 0.06619047619047619 0.04 0.023809523809523808
9 0.6232142857142857 0.05380952380952381 0.045 0.039047619047619046
