5 0.47 0.6066666666666667 0.05 0.18285714285714286
3 0.3871428571428571 0.9442857142857143 0.04428571428571428 0.11142857142857143
8 0.4853571428571429 0.37285714285714283 0.029285714285714286 0.08666666666666667
8 0.5067857142857143 0.2633333333333333 0.019285714285714285 0.04857142857142857
5 0.4860714285714286 0.23238095238095238 0.019285714285714285 0.049523809523809526
3 0.5171428571428571 0.2338095238095238 0.007142857142857143 0.014285714285714285
8 0.5142857142857142 0.14714285714285713 0.008571428571428572 0.02761904761904762
3 0.5282142857142857 0.13904761904761906 0.0064285714285714285 0.009523809523809525
4 0.27964285714285714 0.25666666666666665 0.023571428571428573 0.012380952380952381
3 0.2782142857142857 0.2671428571428571 0.02642857142857143 0.014285714285714285
3 0.26571428571428574 0.30428571428571427 0.02 0.014285714285714285
3 0.23392857142857143 0.33095238095238094 0.025 0.021904761904761906
3 0.15321428571428572 0.37047619047619046 0.019285714285714285 0.024761904761904763
3 0.9896428571428572 0.40476190476190477 0.020714285714285713 0.017142857142857144
8 0.5307142857142857 0.06952380952380953 0.005714285714285714 0.011428571428571429
8 0.5278571428571428 0.055714285714285716 0.004285714285714286 0.010476190476190476
8 0.5321428571428571 0.054285714285714284 0.002857142857142857 0.005714285714285714
3 0.7360714285714286 0.13904761904761906 0.013571428571428571 0.007619047619047619
5 0.7889285714285714 0.15666666666666668 0.02214285714285714 0.012380952380952381
3 0.7810714285714285 0.1438095238095238 0.007857142857142858 0.009523809523809525
4 0.7778571428571428 0.13333333333333333 0.014285714285714285 0.009523809523809525
5 0.7978571428571428 0.1357142857142857 0.017142857142857144 0.014285714285714285
3 0.7471428571428571 0.12380952380952381 0.014285714285714285 0.007619047619047619
4 0.7296428571428571 0.13285714285714287 0.017857142857142856 0.010476190476190476
3 0.7225 0.10523809523809524 0.007857142857142858 0.006666666666666666
3 0.7142857142857143 0.10571428571428572 0.008571428571428572 0.007619047619047619
5 0.6946428571428571 0.10714285714285714 0.012142857142857143 0.008571428571428572
0 0.4742857142857143 0.22 0.004285714285714286 0.009523809523809525
5 0.4689285714285714 0.22285714285714286 0.019285714285714285 0.009523809523809525
5 0.5485714285714286 0.07761904761904762 0.02 0.012380952380952381
3 0.22964285714285715 0.5071428571428571 0.03357142857142857 0.04476190476190476
