5 0.77175 0.598 0.0245 0.042666666666666665
5 0.6605 0.5116666666666666 0.007 0.01
3 0.655 0.5256666666666666 0.007 0.007333333333333333
3 0.64575 0.535 0.0115 0.01
3 0.64675 0.53 0.0115 0.008
3 0.61125 0.529 0.0115 0.007333333333333333
3 0.6052500000000001 0.5473333333333333 0.0095 0.010666666666666666
1 0.65025 0.5429999999999999 0.0025 0.006
9 0.6505 0.5469999999999999 0.003 0.006
1 0.65525 0.5443333333333333 0.0025 0.004666666666666666
9 0.6555 0.5473333333333333 0.002 0.005333333333333333
3 0.5885 0.5706666666666667 0.012 0.014666666666666666
3 0.5680000000000001 0.5936666666666667 0.014 0.015333333333333332
3 0.5425 0.5876666666666667 0.014 0.014
3 0.52825 0.5876666666666667 0.0145 0.012666666666666666
4 0.52 0.5926666666666667 0.011 0.018666666666666665
7 0.546 0.6143333333333333 0.008 0.022
3 0.5377500000000001 0.6336666666666666 0.0185 0.016666666666666666
3 0.5235 0.6513333333333333 0.021 0.021333333333333333
3 0.509 0.6659999999999999 0.023 0.021333333333333333
3 0.429 0.6829999999999999 0.031 0.022
0 0.49075 0.69 0.0045000000000000005 0.021333333333333333
3 0.467 0.718 0.028 0.028
3 0.4395 0.7513333333333333 0.033 0.032
3 0.45825 0.775 0.0365 0.038
3 0.4005 0.8116666666666666 0.036000000000000004 0.062
4 0.352 0.7633333333333333 0.048 0.04
3 0.256 0.8053333333333333 0.04 0.03333333333333333
3 0.2955 0.8283333333333333 0.051000000000000004 0.049999999999999996
3 0.337 0.88 0.051000000000000004 0.058666666666666666
3 0.625 0.7746666666666666 0.027 0.04
3 0.52475 0.8183333333333334 0.0365 0.046
4 0.6255000000000001 0.855 0.031 0.074
4 0.5942500000000001 0.9736666666666667 0.0455 0.05266666666666667
4 0.45625 0.9663333333333333 0.0605 0.06733333333333333
1 0.5095000000000001 0.9826666666666667 0.014 0.025333333333333333
9 0.51175 0.9836666666666667 0.0185 0.03266666666666666
