4 0.2575 0.5196700507614213 0.025 0.06472081218274112
3 0.29714285714285715 0.5241116751269035 0.027142857142857142 0.05837563451776649
3 0.12 0.7525380710659898 0.03857142857142857 0.07106598984771573
3 0.023571428571428573 0.8147208121827411 0.045714285714285714 0.048223350253807105
3 0.06035714285714286 0.6808375634517766 0.03785714285714286 0.03680203045685279
4 0.06285714285714286 0.5456852791878172 0.02857142857142857 0.06345177664974619
3 0.04428571428571428 0.482233502538071 0.017142857142857144 0.025380710659898477
3 0.054285714285714284 0.5025380710659898 0.018571428571428572 0.03045685279187817
3 0.031785714285714285 0.44035532994923854 0.019285714285714285 0.03045685279187817
4 0.4732142857142857 0.6954314720812182 0.03214285714285714 0.055837563451776644
9 0.36142857142857143 0.5393401015228426 0.01 0.027918781725888322
3 0.1225 0.3635786802030457 0.019285714285714285 0.026649746192893398
3 0.1175 0.2772842639593908 0.016428571428571428 0.024111675126903553
3 0.19107142857142856 0.3147208121827411 0.019285714285714285 0.027918781725888322
3 0.07392857142857143 0.2182741116751269 0.012142857142857143 0.015228426395939085
4 0.14107142857142857 0.21573604060913704 0.020714285714285713 0.03045685279187817
4 0.11214285714285714 0.21954314720812182 0.014285714285714285 0.02030456852791878
4 0.08821428571428572 0.1884517766497462 0.013571428571428571 0.019035532994923856
3 0.04928571428571429 0.1846446700507614 0.011428571428571429 0.013959390862944161
3 0.025357142857142856 0.174492385786802 0.010714285714285714 0.013959390862944161
3 0.031785714285714285 0.1611675126903553 0.009285714285714286 0.012690355329949238
3 0.08071428571428571 0.17005076142131978 0.01 0.015228426395939085
3 0.07714285714285714 0.15545685279187815 0.01 0.016497461928934008
3 0.05892857142857143 0.15609137055837563 0.007857142857142858 0.015228426395939085
3 0.04928571428571429 0.1484771573604061 0.008571428571428572 0.012690355329949238
3 0.06 0.13769035532994922 0.01 0.013959390862944161
3 0.009642857142857142 0.37246192893401014 0.012142857142857143 0.019035532994923856
3 0.4278571428571429 0.38007614213197966 0.02142857142857143 0.019035532994923856
3 0.395 0.315989847715736 0.012857142857142857 0.02284263959390863
3 0.3410714285714286 0.2880710659898477 0.013571428571428571 0.02030456852791878
3 0.425 0.3280456852791878 0.025714285714285714 0.024111675126903553
3 0.4332142857142857 0.3096446700507614 0.023571428571428573 0.015228426395939085
3 0.44357142857142856 0.2880710659898477 0.018571428571428572 0.015228426395939085
3 0.4675 0.30012690355329946 0.02214285714285714 0.013959390862944161
3 0.5092857142857142 0.266497461928934 0.015714285714285715 0.017766497461928932
3 0.005357142857142857 0.40736040609137053 0.010714285714285714 0.025380710659898477
3 0.4475 0.2715736040609137 0.012142857142857143 0.012690355329949238
3 0.42928571428571427 0.3229695431472081 0.024285714285714285 0.024111675126903553
3 0.5335714285714286 0.28109137055837563 0.02 0.024111675126903553
3 0.5282142857142857 0.2779187817258883 0.016428571428571428 0.02030456852791878
3 0.5564285714285714 0.2779187817258883 0.02 0.02284263959390863
3 0.5428571428571428 0.2703045685279188 0.012857142857142857 0.02030456852791878
3 0.5353571428571429 0.266497461928934 0.013571428571428571 0.02030456852791878
3 0.5285714285714286 0.2639593908629441 0.017142857142857144 0.02030456852791878
3 0.5146428571428572 0.25571065989847713 0.020714285714285713 0.021573604060913704
3 0.04535714285714286 0.1383248730964467 0.007857142857142858 0.01015228426395939
3 0.0525 0.12880710659898476 0.007857142857142858 0.011421319796954314
3 0.017142857142857144 0.12373096446700507 0.007142857142857143 0.011421319796954314
3 0.016428571428571428 0.11675126903553298 0.005714285714285714 0.01015228426395939
5 0.003928571428571429 0.1148477157360406 0.007857142857142858 0.021573604060913704
