3 0.2275 0.07809523809523809 0.04214285714285714 0.05523809523809524
3 0.25142857142857145 0.018095238095238095 0.027142857142857142 0.03619047619047619
3 0.06285714285714286 0.10476190476190476 0.07428571428571429 0.0419047619047619
3 0.07464285714285715 0.06095238095238095 0.06928571428571428 0.0419047619047619
3 0.09642857142857143 0.04238095238095238 0.07 0.040952380952380955
3 0.095 0.02238095238095238 0.055714285714285716 0.03142857142857143
3 0.11857142857142858 0.34523809523809523 0.07285714285714286 0.08285714285714285
3 0.048214285714285716 0.20476190476190476 0.065 0.07238095238095238
0 0.48892857142857143 0.5271428571428571 0.013571428571428571 0.054285714285714284
0 0.49 0.1676190476190476 0.012857142857142857 0.03619047619047619
0 0.48428571428571426 0.10476190476190476 0.008571428571428572 0.03619047619047619
0 0.48892857142857143 0.06285714285714286 0.009285714285714286 0.03238095238095238
4 0.6675 0.1619047619047619 0.02642857142857143 0.05904761904761905
