3 0.03321428571428572 0.3496192893401015 0.023571428571428573 0.06725888324873096
3 0.15214285714285714 0.22081218274111675 0.047142857142857146 0.04568527918781726
3 0.062142857142857146 0.3375634517766497 0.027142857142857142 0.05837563451776649
3 0.2567857142857143 0.21637055837563451 0.04357142857142857 0.04441624365482233
3 0.3407142857142857 0.2519035532994924 0.047142857142857146 0.05456852791878172
3 0.43535714285714283 0.2893401015228426 0.04214285714285714 0.055837563451776644
3 0.4739285714285714 0.26903553299492383 0.04357142857142857 0.053299492385786795
3 0.5403571428571429 0.2982233502538071 0.045 0.04314720812182741
3 0.5592857142857143 0.3439086294416243 0.045714285714285714 0.04314720812182741
3 0.625 0.33375634517766495 0.041428571428571426 0.04314720812182741
3 0.7464285714285714 0.37182741116751267 0.05 0.048223350253807105
3 0.7532142857142857 0.41053299492385786 0.035 0.04187817258883248
3 0.8589285714285714 0.40164974619289334 0.05357142857142857 0.05710659898477157
3 0.8725 0.4498730964467005 0.05357142857142857 0.052030456852791875
3 0.9478571428571428 0.14720812182741116 0.017142857142857144 0.04314720812182741
3 0.9342857142857143 0.2595177664974619 0.02142857142857143 0.049492385786802026
3 0.9242857142857143 0.3845177664974619 0.03428571428571429 0.04568527918781726
3 0.9353571428571429 0.43337563451776645 0.04642857142857143 0.04695431472081218
3 0.7635714285714286 0.8610406091370558 0.06571428571428571 0.06979695431472081
3 0.8317857142857142 0.8934010152284263 0.05928571428571429 0.06091370558375634
3 0.8514285714285714 0.9467005076142131 0.06142857142857143 0.050761421319796954
3 0.7825 0.9200507614213197 0.07357142857142857 0.07614213197969542
3 0.7707142857142857 0.9581218274111675 0.06857142857142857 0.07614213197969542
3 0.8385714285714285 0.9777918781725887 0.06857142857142857 0.04187817258883248
3 0.8325 0.8458121827411167 0.06928571428571428 0.07233502538071065
5 0.8160714285714286 0.7887055837563451 0.095 0.09010152284263959
3 0.7189285714285715 0.7309644670050761 0.027857142857142858 0.09898477157360405
3 0.75 0.6541878172588832 0.022857142857142857 0.07233502538071065
3 0.7253571428571428 0.6535532994923857 0.025 0.07360406091370558
3 0.6967857142857142 0.6548223350253807 0.030714285714285715 0.09898477157360405
3 0.6275 0.5881979695431472 0.025 0.09010152284263959
8 0.6607142857142857 0.6668781725888324 0.054285714285714284 0.2449238578680203
1 0.7396428571428572 0.2626903553299492 0.007857142857142858 0.02030456852791878
1 0.74 0.24873096446700504 0.008571428571428572 0.025380710659898477
3 0.7489285714285714 0.7246192893401014 0.029285714285714286 0.07614213197969542
4 0.9239285714285714 0.10850253807106598 0.025 0.08502538071065989
4 0.9867857142857143 0.0881979695431472 0.02214285714285714 0.05456852791878172
3 0.9367857142857143 0.5012690355329948 0.060714285714285714 0.05837563451776649
4 0.24428571428571427 0.174492385786802 0.041428571428571426 0.049492385786802026
