3 0.23450000000000001 0.6923333333333334 0.079 0.08466666666666667
3 0.292 0.655 0.07100000000000001 0.066
4 0.34475 0.612 0.0565 0.076
4 0.3755 0.5723333333333334 0.062 0.062
4 0.39925 0.5266666666666666 0.0535 0.05466666666666666
3 0.41725 0.5013333333333333 0.0555 0.04666666666666666
3 0.4355 0.48066666666666663 0.051000000000000004 0.04
3 0.45 0.45699999999999996 0.052000000000000005 0.038
3 0.46525 0.435 0.0505 0.033999999999999996
4 0.47850000000000004 0.412 0.044 0.036
4 0.48875 0.39666666666666667 0.0375 0.029333333333333333
4 0.4985 0.38566666666666666 0.045 0.03133333333333333
3 0.50225 0.3733333333333333 0.0425 0.028
3 0.51925 0.36233333333333334 0.0385 0.024666666666666667
3 0.5195 0.34833333333333333 0.037 0.020666666666666667
3 0.52925 0.3393333333333333 0.0335 0.022666666666666665
4 0.5357500000000001 0.326 0.0305 0.02
3 0.5407500000000001 0.311 0.0185 0.020666666666666667
4 0.56025 0.29333333333333333 0.0245 0.017333333333333333
4 0.58775 0.245 0.0135 0.015333333333333332
4 0.59575 0.23466666666666666 0.0175 0.014666666666666666
4 0.60375 0.22366666666666665 0.0095 0.01
3 0.62025 0.206 0.0075 0.008
1 0.633 0.18133333333333332 0.002 0.004
9 0.633 0.18333333333333332 0.002 0.004
1 0.636 0.20266666666666666 0.002 0.006666666666666666
6 0.63475 0.204 0.006500000000000001 0.006666666666666666
3 0.15475 0.25766666666666665 0.0195 0.014
3 0.145 0.24866666666666665 0.019 0.013333333333333332
3 0.179 0.25066666666666665 0.019 0.013333333333333332
3 0.183 0.24233333333333332 0.019 0.011333333333333332
3 0.20925 0.242 0.0195 0.012
4 0.2415 0.23133333333333334 0.016 0.012
4 0.2545 0.21833333333333332 0.017 0.01
4 0.621 0.9726666666666667 0.16 0.05466666666666666
5 0.619 0.8526666666666667 0.16 0.14266666666666666
4 0.55075 0.7876666666666666 0.1115 0.102
3 0.58075 0.7196666666666667 0.1205 0.06466666666666666
4 0.59 0.6556666666666666 0.095 0.06999999999999999
4 0.48775 0.6623333333333333 0.0675 0.09
3 0.57175 0.568 0.0655 0.05333333333333333
3 0.5690000000000001 0.525 0.07 0.046
4 0.608 0.429 0.025 0.033999999999999996
4 0.60875 0.39266666666666666 0.0335 0.030666666666666665
3 0.614 0.37166666666666665 0.035 0.026
4 0.61925 0.346 0.0315 0.024
4 0.62925 0.31 0.0155 0.018666666666666665
3 0.63225 0.29633333333333334 0.0245 0.016666666666666666
3 0.63225 0.28833333333333333 0.025500000000000002 0.016666666666666666
3 0.63375 0.2796666666666667 0.0245 0.015333333333333332
3 0.643 0.262 0.011 0.014666666666666666
4 0.64225 0.251 0.0185 0.016666666666666666
3 0.652 0.23533333333333334 0.008 0.010666666666666666
