3 0.6565762004175365 0.20083487940630798 0.038622129436325675 0.14007421150278293
4 0.656054279749478 0.4174397031539889 0.032359081419624215 0.11873840445269017
4 0.6510960334029227 0.5932282003710575 0.0360125260960334 0.11966604823747681
4 0.6552713987473904 0.7323747680890538 0.03496868475991649 0.14192949907235622
3 0.42014613778705634 0.8738404452690167 0.08141962421711899 0.08534322820037106
3 0.33611691022964507 0.8585343228200372 0.08037578288100208 0.06771799628942486
4 0.42223382045929014 0.7898886827458256 0.08037578288100208 0.05844155844155844
4 0.4198851774530271 0.7365491651205937 0.07150313152400835 0.061224489795918366
4 0.42223382045929014 0.6822820037105751 0.07098121085594988 0.0640074211502783
3 0.42249478079331937 0.5357142857142857 0.08507306889352817 0.06771799628942486
3 0.3695198329853862 0.44387755102040816 0.08455114822546972 0.0640074211502783
0 0.3977035490605428 0.4104823747680891 0.022964509394572022 0.0176252319109462
9 0.3846555323590814 0.3538961038961039 0.022964509394572022 0.03803339517625232
7 0.4154488517745302 0.6043599257884972 0.056367432150313146 0.0640074211502783
7 0.3186325678496868 0.6219851576994434 0.05793319415448851 0.05102040816326531
7 0.3136743215031315 0.577922077922078 0.0615866388308977 0.04267161410018553
3 0.4433716075156576 0.09322820037105752 0.06837160751565761 0.08441558441558442
4 0.3580375782881002 0.09369202226345083 0.0720250521920668 0.07421150278293136
4 0.35125260960334026 0.03153988868274583 0.06889352818371607 0.059369202226345084
4 0.42353862212943627 0.02504638218923933 0.0767223382045929 0.05009276437847866
9 0.6474425887265135 0.3297773654916512 0.02974947807933194 0.03803339517625232
6 0.6615344467640918 0.326530612244898 0.04227557411273486 0.04267161410018553
