3 0.07892857142857143 0.4614285714285714 0.04214285714285714 0.029523809523809525
3 0.17 0.49523809523809526 0.045714285714285714 0.024761904761904763
3 0.18285714285714286 0.4738095238095238 0.04428571428571428 0.023809523809523808
4 0.21785714285714286 0.4180952380952381 0.03857142857142857 0.024761904761904763
4 0.225 0.36666666666666664 0.03428571428571429 0.02857142857142857
3 0.024285714285714285 0.5371428571428571 0.04857142857142857 0.02857142857142857
4 0.5935714285714285 0.8066666666666666 0.054285714285714284 0.06285714285714286
3 0.7325 0.7966666666666666 0.05071428571428571 0.035238095238095235
5 0.6057142857142858 0.4928571428571429 0.02 0.05047619047619047
5 0.6467857142857143 0.5195238095238095 0.020714285714285713 0.04285714285714286
4 0.5242857142857142 0.4580952380952381 0.018571428571428572 0.04380952380952381
3 0.49107142857142855 0.36523809523809525 0.017857142857142856 0.03142857142857143
4 0.6810714285714285 0.4342857142857143 0.015 0.02857142857142857
6 0.6621428571428571 0.5166666666666667 0.012857142857142857 0.037142857142857144
9 0.7660714285714286 0.9695238095238096 0.02642857142857143 0.026666666666666665
9 0.6367857142857143 0.45285714285714285 0.015 0.012380952380952381
9 0.5825 0.3138095238095238 0.010714285714285714 0.018095238095238095
9 0.5821428571428572 0.4004761904761905 0.01 0.014285714285714285
9 0.5182142857142857 0.37761904761904763 0.0064285714285714285 0.01619047619047619
9 0.5385714285714286 0.20952380952380953 0.005714285714285714 0.013333333333333332
9 0.5942857142857143 0.10523809523809524 0.005714285714285714 0.010476190476190476
9 0.6039285714285715 0.06476190476190476 0.007857142857142858 0.011428571428571429
