4 0.0825 0.5704761904761905 0.052142857142857144 0.030476190476190476
5 0.10071428571428571 0.550952380952381 0.05285714285714286 0.03142857142857143
4 0.1467857142857143 0.6276190476190476 0.060714285714285714 0.04
3 0.15857142857142856 0.6061904761904762 0.05142857142857143 0.03142857142857143
3 0.2007142857142857 0.55 0.04285714285714286 0.023809523809523808
3 0.21642857142857141 0.5333333333333333 0.045714285714285714 0.024761904761904763
3 0.2367857142857143 0.5114285714285715 0.04357142857142857 0.026666666666666665
3 0.24607142857142858 0.49952380952380954 0.04071428571428572 0.023809523809523808
3 0.12964285714285714 0.5195238095238095 0.04642857142857143 0.023809523809523808
3 0.14464285714285716 0.5023809523809524 0.04071428571428572 0.021904761904761906
5 0.16428571428571428 0.4861904761904762 0.047142857142857146 0.025714285714285714
3 0.13964285714285715 0.43 0.03642857142857143 0.023809523809523808
9 0.20785714285714285 0.4461904761904762 0.018571428571428572 0.012380952380952381
3 0.36857142857142855 0.43285714285714283 0.03571428571428571 0.025714285714285714
5 0.40964285714285714 0.8695238095238095 0.06642857142857143 0.19428571428571428
5 0.4492857142857143 0.6976190476190476 0.06714285714285714 0.2180952380952381
3 0.47535714285714287 0.5780952380952381 0.023571428571428573 0.0380952380952381
5 0.5664285714285714 0.8728571428571429 0.041428571428571426 0.13428571428571429
5 0.6617857142857143 0.9242857142857143 0.045 0.12857142857142856
3 0.5785714285714286 0.7195238095238096 0.025714285714285714 0.05619047619047619
5 0.6585714285714286 0.700952380952381 0.03571428571428571 0.11047619047619048
9 0.6342857142857142 0.5980952380952381 0.02142857142857143 0.017142857142857144
9 0.6307142857142857 0.5833333333333334 0.02 0.010476190476190476
9 0.6321428571428571 0.5723809523809524 0.02142857142857143 0.013333333333333332
9 0.6314285714285715 0.5619047619047619 0.018571428571428572 0.011428571428571429
9 0.6314285714285715 0.5542857142857143 0.018571428571428572 0.015238095238095238
9 0.8242857142857143 0.9876190476190476 0.032857142857142856 0.024761904761904763
9 0.8292857142857143 0.9728571428571429 0.03428571428571429 0.02761904761904762
3 0.7875 0.8471428571428572 0.05357142857142857 0.06190476190476191
7 0.7732142857142857 0.78 0.02642857142857143 0.05714285714285714
0 0.7657142857142857 0.7533333333333333 0.011428571428571429 0.02095238095238095
5 0.7367857142857143 0.6947619047619048 0.056428571428571425 0.04476190476190476
5 0.7260714285714286 0.6566666666666666 0.07214285714285715 0.05619047619047619
0 0.7682142857142857 0.6561904761904762 0.009285714285714286 0.02095238095238095
7 0.7328571428571429 0.6328571428571429 0.03857142857142857 0.029523809523809525
9 0.7585714285714286 0.6152380952380953 0.007142857142857143 0.022857142857142857
5 0.7225 0.6019047619047619 0.04357142857142857 0.03428571428571429
7 0.7085714285714285 0.5928571428571429 0.03 0.025714285714285714
3 0.6921428571428572 0.4461904761904762 0.037142857142857144 0.02
3 0.6846428571428571 0.4142857142857143 0.03214285714285714 0.017142857142857144
0 0.6646428571428571 0.41095238095238096 0.0064285714285714285 0.014285714285714285
9 0.6760714285714285 0.35904761904761906 0.012142857142857143 0.013333333333333332
3 0.6128571428571429 0.3871428571428571 0.02857142857142857 0.018095238095238095
9 0.5867857142857142 0.39380952380952383 0.007857142857142858 0.014285714285714285
5 0.5778571428571428 0.5295238095238095 0.027142857142857142 0.10857142857142857
5 0.5842857142857143 0.44666666666666666 0.024285714285714285 0.06285714285714286
0 0.565 0.4461904761904762 0.005714285714285714 0.014285714285714285
3 0.5507142857142857 0.4142857142857143 0.014285714285714285 0.01904761904761905
5 0.51 0.43333333333333335 0.03 0.07809523809523809
3 0.5178571428571429 0.38571428571428573 0.014285714285714285 0.02095238095238095
0 0.5842857142857143 0.3438095238095238 0.004285714285714286 0.011428571428571429
3 0.5757142857142857 0.30238095238095236 0.01 0.012380952380952381
5 0.5310714285714285 0.32904761904761903 0.02214285714285714 0.06
9 0.6489285714285714 0.3271428571428571 0.009285714285714286 0.008571428571428572
9 0.6639285714285714 0.3376190476190476 0.010714285714285714 0.010476190476190476
9 0.6521428571428571 0.30095238095238097 0.01 0.009523809523809525
3 0.6253571428571428 0.29619047619047617 0.013571428571428571 0.013333333333333332
0 0.6228571428571429 0.2671428571428571 0.004285714285714286 0.010476190476190476
0 0.5689285714285715 0.24857142857142858 0.0035714285714285713 0.009523809523809525
0 0.5882142857142857 0.2276190476190476 0.005 0.009523809523809525
3 0.5525 0.2261904761904762 0.009285714285714286 0.012380952380952381
3 0.5225 0.2557142857142857 0.007857142857142858 0.014285714285714285
3 0.525 0.24619047619047618 0.01 0.01619047619047619
3 0.4882142857142857 0.27095238095238094 0.017857142857142856 0.012380952380952381
3 0.48928571428571427 0.26666666666666666 0.02 0.011428571428571429
0 0.5089285714285714 0.2571428571428571 0.0035714285714285713 0.011428571428571429
3 0.4907142857142857 0.2542857142857143 0.017142857142857144 0.011428571428571429
4 0.49464285714285716 0.2509523809523809 0.016428571428571428 0.014285714285714285
3 0.4975 0.24476190476190476 0.017857142857142856 0.009523809523809525
3 0.5007142857142857 0.23809523809523808 0.018571428571428572 0.009523809523809525
0 0.5242857142857142 0.23476190476190475 0.002857142857142857 0.008571428571428572
3 0.5239285714285714 0.22666666666666666 0.007857142857142858 0.009523809523809525
4 0.5142857142857142 0.2276190476190476 0.007142857142857143 0.011428571428571429
4 0.4925 0.2261904761904762 0.009285714285714286 0.012380952380952381
3 0.4782142857142857 0.22714285714285715 0.009285714285714286 0.010476190476190476
3 0.4682142857142857 0.2261904761904762 0.010714285714285714 0.010476190476190476
3 0.4585714285714286 0.2257142857142857 0.008571428571428572 0.009523809523809525
3 0.44785714285714284 0.22523809523809524 0.01 0.010476190476190476
3 0.43785714285714283 0.22476190476190477 0.008571428571428572 0.011428571428571429
3 0.45107142857142857 0.25476190476190474 0.02214285714285714 0.014285714285714285
3 0.45285714285714285 0.2509523809523809 0.02 0.010476190476190476
3 0.4517857142857143 0.24666666666666667 0.020714285714285713 0.009523809523809525
3 0.4539285714285714 0.24428571428571427 0.017857142857142856 0.010476190476190476
3 0.45571428571428574 0.23952380952380953 0.018571428571428572 0.010476190476190476
3 0.45964285714285713 0.23666666666666666 0.017857142857142856 0.010476190476190476
4 0.42 0.22238095238095237 0.01 0.012380952380952381
3 0.42928571428571427 0.24476190476190476 0.017142857142857144 0.011428571428571429
3 0.43285714285714283 0.24142857142857144 0.017142857142857144 0.010476190476190476
3 0.4342857142857143 0.23761904761904762 0.018571428571428572 0.010476190476190476
3 0.4367857142857143 0.2338095238095238 0.017857142857142856 0.010476190476190476
