0 0.5745 0.8016666666666666 0.032 0.05266666666666667
0 0.613 0.639 0.032 0.056666666666666664
0 0.555 0.5006666666666667 0.037 0.072
0 0.35000000000000003 0.4613333333333333 0.029 0.058666666666666666
0 0.37125 0.45199999999999996 0.0225 0.04
0 0.35675 0.4026666666666667 0.0325 0.07866666666666666
0 0.71725 0.8493333333333333 0.0525 0.04133333333333333
0 0.717 0.7893333333333333 0.053 0.050666666666666665
0 0.72775 0.729 0.0385 0.04066666666666666
3 0.33475 0.9159999999999999 0.1145 0.16666666666666666
1 0.29475 0.41866666666666663 0.0345 0.058666666666666666
1 0.51275 0.4703333333333333 0.029500000000000002 0.048666666666666664
1 0.51275 0.4623333333333333 0.0335 0.054
9 0.294 0.42266666666666663 0.039 0.08266666666666667
9 0.5135 0.46699999999999997 0.028 0.08333333333333333
3 0.4435 0.4126666666666666 0.084 0.19999999999999998
0 0.67925 0.33866666666666667 0.0315 0.058666666666666666
0 0.66925 0.2866666666666667 0.029500000000000002 0.05466666666666666
0 0.6647500000000001 0.25866666666666666 0.029500000000000002 0.064
9 0.6545 0.267 0.034 0.07133333333333333
9 0.64725 0.20866666666666667 0.0535 0.06
2 0.81575 0.16333333333333333 0.0615 0.05333333333333333
2 0.6695 0.16999999999999998 0.046 0.04533333333333333
9 0.7475 0.15433333333333332 0.052000000000000005 0.051333333333333335
9 0.766 0.13166666666666665 0.055 0.043333333333333335
0 0.84275 0.08399999999999999 0.0285 0.06
0 0.8205 0.08433333333333333 0.017 0.041999999999999996
0 0.64075 0.13533333333333333 0.0235 0.06933333333333333
0 0.6305000000000001 0.10833333333333332 0.022 0.062
0 0.5992500000000001 0.102 0.0285 0.06933333333333333
4 0.6965 0.07966666666666666 0.14200000000000002 0.10866666666666666
0 0.56075 0.11533333333333333 0.025500000000000002 0.072
9 0.73 0.028666666666666667 0.043000000000000003 0.030666666666666665
9 0.722 0.017666666666666667 0.044 0.03133333333333333
9 0.6695 0.02 0.046 0.04
2 0.63825 0.028333333333333332 0.0245 0.051333333333333335
9 0.62075 0.032 0.0245 0.05733333333333333
9 0.6045 0.036333333333333336 0.028 0.05533333333333333
0 0.54125 0.02333333333333333 0.0165 0.04533333333333333
0 0.49375 0.030333333333333334 0.0165 0.06066666666666667
0 0.513 0.016999999999999998 0.015 0.033999999999999996
0 0.311 0.18433333333333332 0.031 0.06866666666666667
9 0.36725 0.10533333333333333 0.0235 0.06666666666666667
9 0.3405 0.09933333333333333 0.027 0.06933333333333333
2 0.31775000000000003 0.12566666666666665 0.0285 0.06066666666666667
9 0.377 0.02733333333333333 0.027 0.05466666666666666
9 0.34775 0.04833333333333333 0.0235 0.048666666666666664
1 0.35125 0.05533333333333333 0.0155 0.022666666666666665
