3 0.12892857142857142 0.9676190476190476 0.07928571428571428 0.06476190476190476
3 0.18428571428571427 0.8866666666666667 0.06285714285714286 0.0761904761904762
3 0.2342857142857143 0.8157142857142857 0.04428571428571428 0.05619047619047619
3 0.2639285714285714 0.7742857142857142 0.03214285714285714 0.04
5 0.15285714285714286 0.8380952380952381 0.11 0.14095238095238094
3 0.05392857142857143 0.9695238095238096 0.09214285714285714 0.06095238095238095
3 0.42857142857142855 0.6157142857142857 0.007142857142857143 0.010476190476190476
3 0.485 0.5952380952380952 0.007142857142857143 0.009523809523809525
3 0.5571428571428572 0.6185714285714285 0.012857142857142857 0.012380952380952381
3 0.4032142857142857 0.5523809523809524 0.007857142857142858 0.007619047619047619
