0 0.37857142857142856 0.8752380952380953 0.018571428571428572 0.02857142857142857
0 0.345 0.969047619047619 0.024285714285714285 0.018095238095238095
0 0.3475 0.9547619047619048 0.023571428571428573 0.01619047619047619
0 0.37214285714285716 0.981904761904762 0.018571428571428572 0.026666666666666665
0 0.32607142857142857 0.8104761904761905 0.02214285714285714 0.03428571428571429
0 0.315 0.8366666666666667 0.024285714285714285 0.037142857142857144
0 0.29392857142857143 0.8633333333333333 0.025 0.035238095238095235
0 0.2760714285714286 0.88 0.023571428571428573 0.03619047619047619
0 0.28 0.8623809523809524 0.022857142857142857 0.03142857142857143
0 0.26 0.7114285714285714 0.017142857142857144 0.02857142857142857
0 0.2782142857142857 0.6961904761904761 0.016428571428571428 0.030476190476190476
0 0.29464285714285715 0.6776190476190476 0.015 0.02761904761904762
0 0.25607142857142856 0.6066666666666667 0.016428571428571428 0.03238095238095238
0 0.24964285714285714 0.5838095238095238 0.015 0.03238095238095238
0 0.2767857142857143 0.5719047619047619 0.016428571428571428 0.029523809523809525
0 0.275 0.56 0.015714285714285715 0.030476190476190476
0 0.2810714285714286 0.5504761904761905 0.016428571428571428 0.02857142857142857
0 0.30142857142857143 0.550952380952381 0.014285714285714285 0.03142857142857143
0 0.3067857142857143 0.5423809523809524 0.015 0.03142857142857143
0 0.2932142857142857 0.5219047619047619 0.016428571428571428 0.030476190476190476
0 0.28964285714285715 0.5123809523809524 0.010714285714285714 0.02857142857142857
0 0.26285714285714284 0.48904761904761906 0.017142857142857144 0.02761904761904762
0 0.2575 0.48 0.013571428571428571 0.030476190476190476
0 0.30107142857142855 0.4942857142857143 0.017857142857142856 0.030476190476190476
0 0.29214285714285715 0.47904761904761906 0.012857142857142857 0.02857142857142857
0 0.32 0.4757142857142857 0.014285714285714285 0.029523809523809525
0 0.3175 0.439047619047619 0.016428571428571428 0.02857142857142857
0 0.3132142857142857 0.4280952380952381 0.013571428571428571 0.029523809523809525
0 0.28714285714285714 0.42142857142857143 0.017142857142857144 0.029523809523809525
0 0.2860714285714286 0.4138095238095238 0.016428571428571428 0.02761904761904762
0 0.4446428571428571 0.47714285714285715 0.009285714285714286 0.030476190476190476
0 0.4539285714285714 0.5019047619047619 0.012142857142857143 0.02857142857142857
9 0.48428571428571426 0.48142857142857143 0.02857142857142857 0.025714285714285714
1 0.4857142857142857 0.4780952380952381 0.012857142857142857 0.02095238095238095
1 0.48035714285714287 0.4776190476190476 0.013571428571428571 0.023809523809523808
0 0.5057142857142857 0.4423809523809524 0.008571428571428572 0.029523809523809525
0 0.5185714285714286 0.4642857142857143 0.011428571428571429 0.03142857142857143
0 0.5185714285714286 0.4533333333333333 0.008571428571428572 0.02857142857142857
0 0.5214285714285715 0.44095238095238093 0.01 0.030476190476190476
0 0.6178571428571429 0.44952380952380955 0.008571428571428572 0.030476190476190476
0 0.6267857142857143 0.43714285714285717 0.007857142857142858 0.026666666666666665
0 0.5742857142857143 0.44142857142857145 0.011428571428571429 0.02761904761904762
0 0.5682142857142857 0.43238095238095237 0.015 0.030476190476190476
0 0.5657142857142857 0.4247619047619048 0.011428571428571429 0.026666666666666665
0 0.5921428571428572 0.4114285714285714 0.011428571428571429 0.026666666666666665
0 0.5896428571428571 0.40190476190476193 0.012142857142857143 0.026666666666666665
0 0.625 0.379047619047619 0.014285714285714285 0.02857142857142857
0 0.7560714285714286 0.44142857142857145 0.015 0.02761904761904762
0 0.7485714285714286 0.43476190476190474 0.014285714285714285 0.02761904761904762
0 0.7621428571428571 0.4280952380952381 0.012857142857142857 0.02761904761904762
0 0.775 0.40904761904761905 0.018571428571428572 0.029523809523809525
0 0.7810714285714285 0.39476190476190476 0.020714285714285713 0.029523809523809525
0 0.09035714285714286 0.8204761904761905 0.02642857142857143 0.02761904761904762
0 0.06142857142857143 0.7757142857142857 0.032857142857142856 0.025714285714285714
0 0.010714285714285714 0.7357142857142858 0.02142857142857143 0.025714285714285714
0 0.01107142857142857 0.7142857142857143 0.02214285714285714 0.03238095238095238
0 0.020714285714285713 0.6457142857142857 0.032857142857142856 0.03238095238095238
0 0.015357142857142857 0.6338095238095238 0.02642857142857143 0.03142857142857143
0 0.023214285714285715 0.6242857142857143 0.027857142857142858 0.03142857142857143
0 0.15071428571428572 0.611904761904762 0.025714285714285714 0.029523809523809525
0 0.14785714285714285 0.5976190476190476 0.027142857142857142 0.02761904761904762
0 0.016785714285714286 0.5257142857142857 0.02642857142857143 0.03238095238095238
0 0.048214285714285716 0.5580952380952381 0.027857142857142858 0.030476190476190476
0 0.04428571428571428 0.5471428571428572 0.02142857142857143 0.023809523809523808
0 0.048214285714285716 0.5404761904761904 0.02214285714285714 0.025714285714285714
0 0.27035714285714285 0.23714285714285716 0.009285714285714286 0.022857142857142857
3 0.4425 0.07714285714285714 0.027857142857142858 0.02857142857142857
5 0.4142857142857143 0.06952380952380953 0.045714285714285714 0.045714285714285714
