3 0.4767857142857143 0.9438095238095238 0.055 0.11238095238095239
3 0.5239285714285714 0.9252380952380952 0.05785714285714286 0.13047619047619047
3 0.5885714285714285 0.9104761904761904 0.05857142857142857 0.14095238095238094
3 0.6442857142857142 0.9323809523809524 0.06142857142857143 0.13523809523809524
3 0.6685714285714286 0.768095238095238 0.05142857142857143 0.11714285714285715
3 0.6167857142857143 0.7390476190476191 0.04928571428571429 0.10476190476190476
3 0.5678571428571428 0.7609523809523809 0.04285714285714286 0.09333333333333334
3 0.6071428571428571 0.6476190476190476 0.041428571428571426 0.07428571428571429
3 0.7003571428571429 0.6109523809523809 0.04642857142857143 0.09047619047619047
3 0.6664285714285715 0.5747619047619048 0.03857142857142857 0.07523809523809524
3 0.6871428571428572 0.46476190476190476 0.032857142857142856 0.05714285714285714
3 0.7592857142857142 0.2652380952380952 0.024285714285714285 0.040952380952380955
3 0.8371428571428572 0.13952380952380952 0.018571428571428572 0.025714285714285714
5 0.7678571428571429 0.21761904761904763 0.018571428571428572 0.037142857142857144
5 0.7396428571428572 0.17666666666666667 0.02214285714285714 0.040952380952380955
3 0.7917857142857143 0.14333333333333334 0.016428571428571428 0.023809523809523808
3 0.77 0.1442857142857143 0.014285714285714285 0.021904761904761906
3 0.7667857142857143 0.11238095238095239 0.013571428571428571 0.01904761904761905
3 0.7828571428571428 0.1 0.012857142857142857 0.024761904761904763
3 0.7910714285714285 0.05761904761904762 0.010714285714285714 0.018095238095238095
3 0.7732142857142857 0.05476190476190476 0.009285714285714286 0.01619047619047619
5 0.8196428571428571 0.024761904761904763 0.016428571428571428 0.026666666666666665
3 0.8064285714285714 0.01619047619047619 0.008571428571428572 0.015238095238095238
3 0.8007142857142857 0.020476190476190478 0.008571428571428572 0.014285714285714285
3 0.7867857142857143 0.03238095238095238 0.009285714285714286 0.013333333333333332
3 0.7828571428571428 0.028095238095238097 0.007142857142857143 0.012380952380952381
3 0.795 0.014761904761904763 0.007142857142857143 0.012380952380952381
0 0.7757142857142857 0.02 0.002857142857142857 0.005714285714285714
3 0.7460714285714286 0.07761904761904762 0.015 0.014285714285714285
5 0.7589285714285714 0.05 0.016428571428571428 0.021904761904761906
3 0.7671428571428571 0.022857142857142857 0.01 0.009523809523809525
3 0.7692857142857142 0.018571428571428572 0.008571428571428572 0.008571428571428572
3 0.7703571428571429 0.016666666666666666 0.010714285714285714 0.006666666666666666
3 0.7710714285714285 0.01380952380952381 0.010714285714285714 0.006666666666666666
3 0.7721428571428571 0.010476190476190476 0.01 0.0038095238095238095
3 0.7728571428571429 0.009523809523809525 0.008571428571428572 0.005714285714285714
3 0.7746428571428572 0.006190476190476191 0.009285714285714286 0.004761904761904762
9 0.7317857142857143 0.13857142857142857 0.007857142857142858 0.012380952380952381
3 0.7157142857142857 0.15714285714285714 0.02 0.01904761904761905
3 0.7053571428571429 0.13238095238095238 0.009285714285714286 0.011428571428571429
3 0.73 0.07904761904761905 0.008571428571428572 0.009523809523809525
0 0.6521428571428571 0.22 0.005714285714285714 0.009523809523809525
3 0.6332142857142857 0.3319047619047619 0.017857142857142856 0.029523809523809525
3 0.6178571428571429 0.34523809523809523 0.017142857142857144 0.03142857142857143
3 0.6021428571428571 0.3557142857142857 0.017142857142857144 0.029523809523809525
3 0.5160714285714286 0.48 0.02642857142857143 0.024761904761904763
3 0.5071428571428571 0.49857142857142855 0.027142857142857142 0.023809523809523808
7 0.47464285714285714 0.5042857142857143 0.017857142857142856 0.02
3 0.44142857142857145 0.5604761904761905 0.027142857142857142 0.02761904761904762
3 0.4278571428571429 0.5666666666666667 0.015714285714285715 0.030476190476190476
4 0.41714285714285715 0.5728571428571428 0.014285714285714285 0.03333333333333333
3 0.3985714285714286 0.589047619047619 0.015714285714285715 0.029523809523809525
3 0.38607142857142857 0.599047619047619 0.015 0.030476190476190476
3 0.3742857142857143 0.6080952380952381 0.012857142857142857 0.025714285714285714
3 0.3610714285714286 0.6204761904761905 0.015 0.02761904761904762
4 0.355 0.599047619047619 0.018571428571428572 0.02095238095238095
0 0.1825 0.6938095238095238 0.005 0.006666666666666666
3 0.21535714285714286 0.7242857142857143 0.009285714285714286 0.012380952380952381
3 0.21678571428571428 0.7161904761904762 0.010714285714285714 0.009523809523809525
3 0.1982142857142857 0.7147619047619047 0.009285714285714286 0.010476190476190476
3 0.18892857142857142 0.7052380952380952 0.0064285714285714285 0.008571428571428572
3 0.019285714285714285 0.9119047619047619 0.01 0.014285714285714285
3 0.032857142857142856 0.8871428571428571 0.008571428571428572 0.012380952380952381
3 0.04107142857142857 0.8704761904761905 0.007857142857142858 0.011428571428571429
3 0.044642857142857144 0.8566666666666667 0.005 0.006666666666666666
3 0.046785714285714285 0.8504761904761905 0.005 0.007619047619047619
3 0.054642857142857146 0.84 0.0064285714285714285 0.011428571428571429
3 0.05071428571428571 0.8376190476190476 0.005714285714285714 0.008571428571428572
3 0.05928571428571429 0.8276190476190476 0.007142857142857143 0.007619047619047619
