3 0.815 0.9879441624365481 0.03428571428571429 0.021573604060913704
3 0.6542857142857142 0.9346446700507614 0.03142857142857143 0.026649746192893398
3 0.26821428571428574 0.9866751269035532 0.03214285714285714 0.024111675126903553
4 0.061785714285714284 0.9841370558375634 0.047857142857142855 0.029187817258883246
3 0.5057142857142857 0.7576142131979695 0.011428571428571429 0.04568527918781726
3 0.49 0.532994923857868 0.012857142857142857 0.032994923857868015
3 0.4367857142857143 0.4308375634517766 0.010714285714285714 0.024111675126903553
3 0.4185714285714286 0.42005076142131975 0.012857142857142857 0.027918781725888322
3 0.4282142857142857 0.3959390862944162 0.012142857142857143 0.025380710659898477
5 0.4203571428571429 0.34835025380710655 0.019285714285714285 0.052030456852791875
5 0.4057142857142857 0.36675126903553296 0.02 0.050761421319796954
3 0.3982142857142857 0.33248730964467005 0.015 0.02284263959390863
3 0.41035714285714286 0.3210659898477157 0.010714285714285714 0.02284263959390863
3 0.39357142857142857 0.3032994923857868 0.012857142857142857 0.027918781725888322
3 0.4035714285714286 0.2963197969543147 0.01 0.021573604060913704
4 0.38535714285714284 0.27411167512690354 0.013571428571428571 0.025380710659898477
4 0.39464285714285713 0.26078680203045684 0.013571428571428571 0.024111675126903553
3 0.4160714285714286 0.25253807106598986 0.009285714285714286 0.025380710659898477
3 0.3775 0.24365482233502536 0.010714285714285714 0.025380710659898477
3 0.38321428571428573 0.21890862944162434 0.010714285714285714 0.019035532994923856
3 0.3678571428571429 0.20431472081218272 0.011428571428571429 0.02030456852791878
5 0.37285714285714283 0.17385786802030456 0.012857142857142857 0.032994923857868015
4 0.37285714285714283 0.14340101522842638 0.01 0.02284263959390863
4 0.3557142857142857 0.14911167512690354 0.01 0.031725888324873094
8 0.2935714285714286 0.1465736040609137 0.04285714285714286 0.04187817258883248
5 0.2975 0.13071065989847716 0.023571428571428573 0.025380710659898477
3 0.27714285714285714 0.13388324873096447 0.012857142857142857 0.013959390862944161
3 0.2717857142857143 0.11167512690355329 0.013571428571428571 0.015228426395939085
3 0.3657142857142857 0.06472081218274112 0.01 0.017766497461928932
4 0.4517857142857143 0.12499999999999999 0.016428571428571428 0.019035532994923856
3 0.43892857142857145 0.11675126903553298 0.016428571428571428 0.015228426395939085
8 0.4592857142857143 0.10279187817258882 0.022857142857142857 0.025380710659898477
0 0.8364285714285714 0.47335025380710655 0.005714285714285714 0.01015228426395939
