3 0.005714285714285714 0.15418781725888323 0.005714285714285714 0.006345177664974619
3 0.052142857142857144 0.1713197969543147 0.008571428571428572 0.005076142131979695
4 0.041428571428571426 0.17576142131979694 0.007142857142857143 0.006345177664974619
3 0.053214285714285714 0.1846446700507614 0.007857142857142858 0.006345177664974619
5 0.0925 0.18401015228426396 0.016428571428571428 0.012690355329949238
4 0.11535714285714285 0.06218274111675126 0.0064285714285714285 0.005076142131979695
3 0.11214285714285714 0.0666243654822335 0.005714285714285714 0.0038071065989847713
3 0.12107142857142857 0.22398477157360405 0.007857142857142858 0.008883248730964466
0 0.16214285714285714 0.41180203045685276 0.0014285714285714286 0.008883248730964466
0 0.16785714285714284 0.5425126903553299 0.002857142857142857 0.008883248730964466
0 0.1707142857142857 0.5418781725888324 0.002857142857142857 0.01015228426395939
0 0.17214285714285715 0.5399746192893401 0.002857142857142857 0.008883248730964466
0 0.16535714285714287 0.5444162436548223 0.002142857142857143 0.01015228426395939
0 0.06928571428571428 0.6065989847715736 0.002857142857142857 0.01015228426395939
8 0.3982142857142857 0.958756345177665 0.05357142857142857 0.07994923857868019
8 0.39071428571428574 0.9295685279187816 0.04285714285714286 0.09263959390862943
0 0.4060714285714286 0.8895939086294415 0.0035714285714285713 0.02030456852791878
0 0.3792857142857143 0.9111675126903552 0.004285714285714286 0.017766497461928932
8 0.43285714285714283 0.8705583756345177 0.047142857142857146 0.08121827411167512
0 0.43285714285714283 0.8464467005076142 0.002857142857142857 0.015228426395939085
0 0.4496428571428571 0.8274111675126903 0.002142857142857143 0.01015228426395939
0 0.4685714285714286 0.8102791878172588 0.002857142857142857 0.011421319796954314
0 0.455 0.8274111675126903 0.002857142857142857 0.01015228426395939
0 0.45535714285714285 0.8197969543147208 0.0035714285714285713 0.01015228426395939
9 0.43142857142857144 0.7855329949238578 0.008571428571428572 0.012690355329949238
1 0.4317857142857143 0.7848984771573604 0.005 0.008883248730964466
8 0.5035714285714286 0.7944162436548222 0.041428571428571426 0.07614213197969542
8 0.5314285714285715 0.7398477157360406 0.027142857142857142 0.06852791878172589
9 0.5707142857142857 0.9651015228426395 0.004285714285714286 0.019035532994923856
1 0.57 0.964467005076142 0.004285714285714286 0.012690355329949238
4 0.4732142857142857 0.9511421319796953 0.016428571428571428 0.026649746192893398
4 0.6128571428571429 0.8724619289340101 0.012857142857142857 0.03934010152284264
4 0.47214285714285714 0.9200507614213197 0.02142857142857143 0.03045685279187817
4 0.5146428571428572 0.8426395939086294 0.015 0.03045685279187817
3 0.4967857142857143 0.8883248730964466 0.015 0.025380710659898477
3 0.4760714285714286 0.8934010152284263 0.017857142857142856 0.03045685279187817
3 0.49 0.8534263959390862 0.015714285714285715 0.029187817258883246
3 0.5267857142857143 0.8064720812182741 0.013571428571428571 0.024111675126903553
3 0.5453571428571429 0.7480964467005076 0.012142857142857143 0.024111675126903553
4 0.5364285714285715 0.7766497461928933 0.012857142857142857 0.025380710659898477
8 0.5489285714285714 0.7791878172588832 0.016428571428571428 0.04060913705583756
3 0.6146428571428572 0.7639593908629441 0.012142857142857143 0.025380710659898477
3 0.7660714285714286 0.9511421319796953 0.010714285714285714 0.03426395939086294
3 0.8717857142857143 0.9378172588832486 0.015 0.035532994923857864
3 0.8321428571428572 0.6935279187817258 0.01 0.019035532994923856
3 0.8371428571428572 0.7284263959390862 0.014285714285714285 0.02284263959390863
3 0.8489285714285715 0.7607868020304568 0.013571428571428571 0.026649746192893398
3 0.8578571428571429 0.8007614213197969 0.014285714285714285 0.027918781725888322
4 0.9467857142857142 0.9695431472081217 0.020714285714285713 0.04314720812182741
4 0.9328571428571428 0.9194162436548222 0.018571428571428572 0.03934010152284264
3 0.9232142857142858 0.8826142131979695 0.013571428571428571 0.026649746192893398
4 0.9028571428571428 0.8020304568527918 0.015714285714285715 0.032994923857868015
4 0.9114285714285715 0.8381979695431472 0.017142857142857144 0.03426395939086294
3 0.91 0.6592639593908629 0.018571428571428572 0.021573604060913704
3 0.9467857142857142 0.7855329949238578 0.016428571428571428 0.015228426395939085
3 0.9510714285714286 0.7988578680203045 0.019285714285714285 0.019035532994923856
4 0.9532142857142857 0.8153553299492385 0.020714285714285713 0.021573604060913704
3 0.9828571428571429 0.9194162436548222 0.018571428571428572 0.019035532994923856
4 0.9814285714285714 0.8876903553299492 0.02142857142857143 0.021573604060913704
4 0.975 0.8699238578680203 0.022857142857142857 0.024111675126903553
4 0.9667857142857142 0.8527918781725887 0.020714285714285713 0.02284263959390863
4 0.9635714285714285 0.8362944162436547 0.022857142857142857 0.02030456852791878
8 0.9017857142857143 0.4885786802030456 0.04214285714285714 0.03807106598984771
4 0.8789285714285714 0.4752538071065989 0.015 0.013959390862944161
3 0.8464285714285714 0.508248730964467 0.011428571428571429 0.013959390862944161
3 0.8078571428571428 0.5412436548223349 0.017142857142857144 0.011421319796954314
3 0.7675 0.515228426395939 0.010714285714285714 0.017766497461928932
3 0.7553571428571428 0.4777918781725888 0.0064285714285714285 0.016497461928934008
3 0.7539285714285714 0.4486040609137055 0.005 0.013959390862944161
3 0.7560714285714286 0.4156091370558375 0.0064285714285714285 0.013959390862944161
8 0.7817857142857143 0.45748730964467 0.009285714285714286 0.029187817258883246
5 0.9775 0.39403553299492383 0.010714285714285714 0.021573604060913704
3 0.95 0.3610406091370558 0.007142857142857143 0.011421319796954314
0 0.9457142857142857 0.30203045685279184 0.0014285714285714286 0.01015228426395939
0 0.9382142857142857 0.30774111675126903 0.002142857142857143 0.006345177664974619
0 0.9360714285714286 0.30837563451776645 0.002142857142857143 0.005076142131979695
0 0.9296428571428571 0.3210659898477157 0.002142857142857143 0.005076142131979695
0 0.9346428571428571 0.3413705583756345 0.002142857142857143 0.0076142131979695426
5 0.855 0.2442893401015228 0.017142857142857144 0.05710659898477157
8 0.9739285714285715 0.2703045685279188 0.013571428571428571 0.012690355329949238
3 0.9710714285714286 0.26205583756345174 0.007857142857142858 0.006345177664974619
3 0.8 0.22652284263959388 0.005714285714285714 0.008883248730964466
8 0.7225 0.05710659898477157 0.013571428571428571 0.01015228426395939
3 0.6907142857142857 0.052030456852791875 0.005714285714285714 0.005076142131979695
3 0.7039285714285715 0.05837563451776649 0.005 0.005076142131979695
3 0.7060714285714286 0.0666243654822335 0.005 0.0038071065989847713
3 0.72 0.1681472081218274 0.005714285714285714 0.006345177664974619
3 0.7210714285714286 0.19416243654822332 0.005 0.0076142131979695426
3 0.7385714285714285 0.21637055837563451 0.004285714285714286 0.008883248730964466
4 0.75 0.23540609137055835 0.005714285714285714 0.011421319796954314
3 0.7228571428571429 0.23857868020304568 0.004285714285714286 0.0076142131979695426
3 0.7228571428571429 0.2506345177664974 0.002857142857142857 0.008883248730964466
3 0.7310714285714286 0.26015228426395937 0.0035714285714285713 0.0076142131979695426
3 0.7235714285714285 0.26840101522842635 0.004285714285714286 0.008883248730964466
8 0.7128571428571429 0.27220812182741116 0.008571428571428572 0.024111675126903553
4 0.7482142857142857 0.3115482233502538 0.005 0.013959390862944161
3 0.7428571428571429 0.3039340101522842 0.004285714285714286 0.008883248730964466
3 0.7335714285714285 0.31345177664974616 0.004285714285714286 0.01015228426395939
3 0.7007142857142857 0.315989847715736 0.005714285714285714 0.01015228426395939
4 0.6842857142857143 0.33375634517766495 0.007142857142857143 0.01015228426395939
4 0.7060714285714286 0.3375634517766497 0.0064285714285714285 0.01015228426395939
8 0.7517857142857143 0.33375634517766495 0.012142857142857143 0.035532994923857864
8 0.7364285714285714 0.35342639593908626 0.011428571428571429 0.03426395939086294
8 0.7289285714285715 0.407994923857868 0.012142857142857143 0.04187817258883248
5 0.72 0.34517766497461927 0.007142857142857143 0.017766497461928932
3 0.6821428571428572 0.36675126903553296 0.007142857142857143 0.01015228426395939
3 0.6925 0.3946700507614213 0.0064285714285714285 0.01015228426395939
3 0.7164285714285714 0.39847715736040606 0.005714285714285714 0.012690355329949238
3 0.6628571428571428 0.4181472081218274 0.007142857142857143 0.011421319796954314
3 0.6296428571428572 0.46573604060913704 0.009285714285714286 0.012690355329949238
3 0.6685714285714286 0.43401015228426393 0.007142857142857143 0.01015228426395939
3 0.6996428571428571 0.4555837563451776 0.0064285714285714285 0.015228426395939085
4 0.73 0.4625634517766497 0.005714285714285714 0.019035532994923856
3 0.6639285714285714 0.4777918781725888 0.007857142857142858 0.011421319796954314
4 0.6457142857142857 0.5336294416243654 0.01 0.016497461928934008
4 0.6810714285714285 0.47715736040609136 0.007857142857142858 0.02030456852791878
8 0.6864285714285714 0.49682741116751267 0.008571428571428572 0.019035532994923856
8 0.7067857142857142 0.5126903553299492 0.015 0.050761421319796954
4 0.6475 0.5939086294416244 0.009285714285714286 0.025380710659898477
3 0.6207142857142857 0.6065989847715736 0.01 0.017766497461928932
