3 0.4082142857142857 0.8134517766497461 0.04071428571428572 0.13451776649746192
3 0.3842857142857143 0.5602791878172588 0.03 0.11040609137055837
3 0.4471428571428571 0.7379441624365481 0.04428571428571428 0.133248730964467
3 0.3032142857142857 0.7093908629441624 0.04214285714285714 0.11675126903553298
3 0.3157142857142857 0.5640862944162436 0.03142857142857143 0.12055837563451775
3 0.30642857142857144 0.46002538071065985 0.02857142857142857 0.09263959390862943
3 0.30178571428571427 0.3813451776649746 0.023571428571428573 0.07741116751269035
3 0.3196428571428571 0.2512690355329949 0.027857142857142858 0.09898477157360405
3 0.365 0.16878172588832485 0.022857142857142857 0.08121827411167512
3 0.2892857142857143 0.2633248730964467 0.02857142857142857 0.10279187817258882
3 0.2914285714285714 0.1947969543147208 0.027142857142857142 0.0748730964467005
3 0.3267857142857143 0.1649746192893401 0.03357142857142857 0.09137055837563451
3 0.2839285714285714 0.1281725888324873 0.029285714285714286 0.07106598984771573
3 0.32071428571428573 0.0881979695431472 0.024285714285714285 0.07233502538071065
3 0.5485714285714286 0.70748730964467 0.06857142857142857 0.06979695431472081
3 0.5525 0.7696700507614213 0.06642857142857143 0.06725888324873096
3 0.6996428571428571 0.7493654822335025 0.062142857142857146 0.06218274111675126
3 0.6857142857142857 0.9619289340101522 0.08571428571428572 0.07360406091370558
3 0.6542857142857142 0.5958121827411167 0.06142857142857143 0.06979695431472081
3 0.6703571428571429 0.6440355329949238 0.062142857142857146 0.06979695431472081
3 0.6857142857142857 0.6947969543147208 0.06571428571428571 0.06472081218274112
3 0.7635714285714286 0.7296954314720812 0.06857142857142857 0.06852791878172589
3 0.7471428571428571 0.6744923857868019 0.06 0.05964467005076142
3 0.7367857142857143 0.6199238578680203 0.065 0.05964467005076142
3 0.825 0.5387055837563451 0.07285714285714286 0.0748730964467005
3 0.8389285714285715 0.581218274111675 0.07642857142857143 0.07360406091370558
3 0.8721428571428571 0.6535532994923857 0.06 0.10913705583756345
3 0.9075 0.5488578680203046 0.062142857142857146 0.06979695431472081
3 0.8914285714285715 0.516497461928934 0.07142857142857142 0.05837563451776649
3 0.8792857142857143 0.7519035532994923 0.05142857142857143 0.10532994923857868
3 0.9135714285714286 0.6554568527918782 0.04857142857142857 0.10786802030456852
3 0.9628571428571429 0.6890862944162436 0.06428571428571428 0.08629441624365482
3 0.9532142857142857 0.7246192893401014 0.062142857142857146 0.08375634517766496
3 0.9414285714285714 0.7576142131979695 0.06857142857142857 0.09390862944162436
3 0.9278571428571428 0.8039340101522842 0.07142857142857142 0.10025380710659898
3 0.915 0.8426395939086294 0.08285714285714285 0.09644670050761421
3 0.9096428571428572 0.891497461928934 0.07214285714285715 0.09517766497461928
3 0.8996428571428572 0.9378172588832486 0.09214285714285714 0.10659898477157359
3 0.8825 0.9746192893401014 0.08071428571428571 0.048223350253807105
0 0.5010714285714286 0.8445431472081217 0.009285714285714286 0.03426395939086294
0 0.5064285714285715 0.8585025380710659 0.01 0.029187817258883246
0 0.5192857142857142 0.8711928934010151 0.011428571428571429 0.029187817258883246
0 0.5135714285714286 0.8470812182741116 0.012857142857142857 0.031725888324873094
0 0.5271428571428571 0.8464467005076142 0.011428571428571429 0.025380710659898477
5 0.9678571428571429 0.5126903553299492 0.06428571428571428 0.08629441624365482
3 0.955 0.5996192893401014 0.03571428571428571 0.09010152284263959
3 0.985 0.6173857868020304 0.03 0.05456852791878172
3 0.7292857142857143 0.567258883248731 0.06 0.053299492385786795
3 0.24214285714285713 0.08946700507614212 0.03857142857142857 0.03680203045685279
