3 0.9567857142857142 0.6519047619047619 0.02642857142857143 0.010476190476190476
1 0.6582142857142858 0.7880952380952381 0.0064285714285714285 0.014285714285714285
7 0.6610714285714285 0.7976190476190477 0.013571428571428571 0.021904761904761906
3 0.6028571428571429 0.9757142857142858 0.027142857142857142 0.04857142857142857
3 0.5571428571428572 0.9733333333333334 0.027142857142857142 0.05333333333333333
3 0.5939285714285715 0.9152380952380952 0.023571428571428573 0.05333333333333333
3 0.5546428571428571 0.9161904761904762 0.023571428571428573 0.05333333333333333
3 0.5307142857142857 0.8671428571428571 0.02142857142857143 0.04666666666666667
3 0.5571428571428572 0.8709523809523809 0.02142857142857143 0.040952380952380955
3 0.5864285714285714 0.8604761904761905 0.02142857142857143 0.04476190476190476
3 0.6114285714285714 0.7547619047619047 0.017142857142857144 0.021904761904761906
3 0.6482142857142857 0.6933333333333334 0.015 0.01904761904761905
3 0.5853571428571429 0.8080952380952381 0.020714285714285713 0.037142857142857144
3 0.5607142857142857 0.8304761904761905 0.02 0.0419047619047619
3 0.5617857142857143 0.7885714285714286 0.015 0.03238095238095238
3 0.5835714285714285 0.7804761904761904 0.018571428571428572 0.025714285714285714
3 0.5596428571428571 0.7590476190476191 0.013571428571428571 0.024761904761904763
3 0.5807142857142857 0.75 0.014285714285714285 0.023809523809523808
3 0.575 0.7271428571428571 0.012857142857142857 0.021904761904761906
3 0.5546428571428571 0.7295238095238096 0.013571428571428571 0.022857142857142857
3 0.5535714285714286 0.700952380952381 0.012857142857142857 0.01904761904761905
0 0.35 0.8561904761904762 0.007142857142857143 0.024761904761904763
0 0.18964285714285714 0.8742857142857143 0.007857142857142858 0.026666666666666665
0 0.2621428571428571 0.9 0.008571428571428572 0.026666666666666665
0 0.2567857142857143 0.8985714285714286 0.0064285714285714285 0.03142857142857143
0 0.2517857142857143 0.8952380952380953 0.005 0.026666666666666665
3 0.355 0.9442857142857143 0.06571428571428571 0.04476190476190476
3 0.3725 0.91 0.05785714285714286 0.039047619047619046
3 0.32285714285714284 0.8938095238095238 0.037142857142857144 0.040952380952380955
3 0.2935714285714286 0.8957142857142857 0.04 0.04285714285714286
3 0.27785714285714286 0.8852380952380953 0.03857142857142857 0.040952380952380955
3 0.24357142857142858 0.888095238095238 0.04428571428571428 0.04476190476190476
3 0.21071428571428572 0.88 0.04285714285714286 0.045714285714285714
3 0.021785714285714287 0.9352380952380952 0.04357142857142857 0.0419047619047619
3 0.03892857142857143 0.909047619047619 0.056428571428571425 0.035238095238095235
3 0.0675 0.8890476190476191 0.05785714285714286 0.03142857142857143
3 0.09928571428571428 0.8604761904761905 0.05 0.03333333333333333
3 0.12571428571428572 0.8447619047619047 0.045714285714285714 0.026666666666666665
3 0.14035714285714285 0.770952380952381 0.03214285714285714 0.021904761904761906
3 0.15857142857142856 0.7609523809523809 0.032857142857142856 0.017142857142857144
3 0.175 0.7504761904761905 0.03571428571428571 0.01904761904761905
3 0.19 0.7404761904761905 0.03571428571428571 0.01619047619047619
3 0.2025 0.7276190476190476 0.029285714285714286 0.015238095238095238
3 0.2175 0.7233333333333334 0.029285714285714286 0.01619047619047619
3 0.23 0.7147619047619047 0.03428571428571429 0.01619047619047619
3 0.2417857142857143 0.7076190476190476 0.029285714285714286 0.011428571428571429
3 0.2375 0.6995238095238095 0.030714285714285715 0.018095238095238095
3 0.2717857142857143 0.7304761904761905 0.02642857142857143 0.02095238095238095
5 0.30428571428571427 0.6928571428571428 0.037142857142857144 0.02761904761904762
0 0.31607142857142856 0.7166666666666667 0.005 0.01619047619047619
3 0.21642857142857141 0.8161904761904762 0.037142857142857144 0.02857142857142857
3 0.24428571428571427 0.8128571428571428 0.03142857142857143 0.03333333333333333
3 0.27 0.8142857142857143 0.03 0.03238095238095238
3 0.29214285714285715 0.819047619047619 0.03142857142857143 0.030476190476190476
3 0.31607142857142856 0.82 0.030714285714285715 0.030476190476190476
3 0.34714285714285714 0.8214285714285714 0.03 0.03142857142857143
3 0.37642857142857145 0.8185714285714286 0.027142857142857142 0.035238095238095235
3 0.4014285714285714 0.8561904761904762 0.04857142857142857 0.02857142857142857
3 0.4253571428571429 0.8376190476190476 0.045 0.025714285714285714
3 0.40214285714285714 0.8223809523809524 0.022857142857142857 0.025714285714285714
0 0.48857142857142855 0.7295238095238096 0.005714285714285714 0.017142857142857144
0 0.49607142857142855 0.7209523809523809 0.0035714285714285713 0.015238095238095238
0 0.5121428571428571 0.7123809523809523 0.004285714285714286 0.017142857142857144
0 0.5264285714285715 0.700952380952381 0.002857142857142857 0.009523809523809525
0 0.5228571428571429 0.699047619047619 0.004285714285714286 0.015238095238095238
3 0.4017857142857143 0.6985714285714286 0.02642857142857143 0.014285714285714285
3 0.4367857142857143 0.6985714285714286 0.02214285714285714 0.014285714285714285
3 0.45321428571428574 0.6928571428571428 0.027857142857142858 0.014285714285714285
3 0.48678571428571427 0.6976190476190476 0.025 0.01619047619047619
4 0.42142857142857143 0.6761904761904762 0.02 0.015238095238095238
3 0.4725 0.68 0.02642857142857143 0.011428571428571429
3 0.4785714285714286 0.6728571428571428 0.024285714285714285 0.010476190476190476
0 0.4692857142857143 0.628095238095238 0.002857142857142857 0.010476190476190476
0 0.44571428571428573 0.6242857142857143 0.002857142857142857 0.008571428571428572
3 0.5060714285714286 0.6728571428571428 0.02214285714285714 0.014285714285714285
3 0.5296428571428572 0.6804761904761905 0.025 0.012380952380952381
5 0.5610714285714286 0.6680952380952381 0.010714285714285714 0.018095238095238095
3 0.5535714285714286 0.6566666666666666 0.008571428571428572 0.012380952380952381
3 0.5378571428571428 0.6480952380952381 0.017142857142857144 0.010476190476190476
3 0.5164285714285715 0.6623809523809524 0.02 0.010476190476190476
3 0.48464285714285715 0.669047619047619 0.020714285714285713 0.006666666666666666
3 0.4853571428571429 0.6647619047619048 0.02214285714285714 0.009523809523809525
3 0.48678571428571427 0.659047619047619 0.017857142857142856 0.011428571428571429
3 0.4689285714285714 0.66 0.010714285714285714 0.011428571428571429
3 0.4617857142857143 0.6480952380952381 0.009285714285714286 0.012380952380952381
3 0.4785714285714286 0.6447619047619048 0.015714285714285715 0.011428571428571429
3 0.48464285714285715 0.6114285714285714 0.013571428571428571 0.007619047619047619
3 0.49464285714285716 0.6052380952380952 0.007857142857142858 0.008571428571428572
0 0.4875 0.5928571428571429 0.002142857142857143 0.006666666666666666
0 0.48035714285714287 0.5885714285714285 0.002142857142857143 0.007619047619047619
0 0.4903571428571429 0.5871428571428572 0.002142857142857143 0.006666666666666666
0 0.4878571428571429 0.5871428571428572 0.002857142857142857 0.008571428571428572
0 0.48964285714285716 0.580952380952381 0.002142857142857143 0.007619047619047619
0 0.5067857142857143 0.5719047619047619 0.002142857142857143 0.006666666666666666
3 0.4546428571428571 0.6347619047619047 0.017857142857142856 0.008571428571428572
3 0.45571428571428574 0.6314285714285715 0.014285714285714285 0.009523809523809525
3 0.45785714285714285 0.6271428571428571 0.015714285714285715 0.010476190476190476
4 0.46214285714285713 0.6214285714285714 0.018571428571428572 0.010476190476190476
3 0.49535714285714283 0.6547619047619048 0.016428571428571428 0.008571428571428572
3 0.49714285714285716 0.6504761904761904 0.015714285714285715 0.005714285714285714
3 0.5035714285714286 0.6471428571428571 0.015714285714285715 0.006666666666666666
3 0.49535714285714283 0.6414285714285715 0.019285714285714285 0.008571428571428572
3 0.515 0.6576190476190477 0.02 0.008571428571428572
3 0.5185714285714286 0.6542857142857142 0.018571428571428572 0.009523809523809525
3 0.6167857142857143 0.6442857142857142 0.010714285714285714 0.010476190476190476
3 0.6210714285714286 0.6371428571428571 0.017857142857142856 0.011428571428571429
3 0.6128571428571429 0.6309523809523809 0.015714285714285715 0.010476190476190476
3 0.6453571428571429 0.6066666666666667 0.012142857142857143 0.007619047619047619
3 0.6096428571428572 0.6128571428571429 0.012142857142857143 0.008571428571428572
3 0.5796428571428571 0.6385714285714286 0.009285714285714286 0.010476190476190476
3 0.5603571428571429 0.6357142857142857 0.007857142857142858 0.012380952380952381
3 0.5507142857142857 0.6071428571428571 0.007142857142857143 0.008571428571428572
3 0.5460714285714285 0.5866666666666667 0.005 0.007619047619047619
3 0.5446428571428571 0.5833333333333334 0.005 0.006666666666666666
3 0.5442857142857143 0.5776190476190476 0.004285714285714286 0.006666666666666666
3 0.5503571428571429 0.5714285714285714 0.005 0.007619047619047619
3 0.5557142857142857 0.5757142857142857 0.004285714285714286 0.004761904761904762
3 0.5571428571428572 0.5695238095238095 0.004285714285714286 0.005714285714285714
3 0.55 0.5642857142857143 0.004285714285714286 0.004761904761904762
3 0.5964285714285714 0.6004761904761905 0.012857142857142857 0.006666666666666666
3 0.5971428571428572 0.5976190476190476 0.012857142857142857 0.006666666666666666
3 0.5967857142857143 0.5919047619047619 0.0064285714285714285 0.006666666666666666
3 0.5917857142857142 0.58 0.0064285714285714285 0.005714285714285714
3 0.5875 0.5766666666666667 0.010714285714285714 0.006666666666666666
3 0.5857142857142857 0.5733333333333334 0.007142857142857143 0.005714285714285714
3 0.5878571428571429 0.5714285714285714 0.007142857142857143 0.0038095238095238095
3 0.5832142857142857 0.5457142857142857 0.005 0.0038095238095238095
3 0.5767857142857142 0.5523809523809524 0.0064285714285714285 0.0038095238095238095
5 0.5757142857142857 0.5395238095238095 0.002857142857142857 0.004761904761904762
3 0.5664285714285714 0.5523809523809524 0.002857142857142857 0.0038095238095238095
3 0.5646428571428571 0.5495238095238095 0.0035714285714285713 0.0038095238095238095
3 0.5535714285714286 0.5580952380952381 0.002857142857142857 0.0038095238095238095
3 0.5546428571428571 0.5552380952380952 0.002142857142857143 0.0038095238095238095
3 0.5485714285714286 0.5533333333333333 0.007142857142857143 0.0038095238095238095
3 0.5564285714285714 0.5528571428571428 0.002857142857142857 0.002857142857142857
5 0.555 0.5504761904761905 0.002857142857142857 0.005714285714285714
3 0.5542857142857143 0.5457142857142857 0.002857142857142857 0.0038095238095238095
3 0.5460714285714285 0.5504761904761905 0.002142857142857143 0.0038095238095238095
3 0.5471428571428572 0.5471428571428572 0.002857142857142857 0.002857142857142857
3 0.5457142857142857 0.5423809523809524 0.002857142857142857 0.002857142857142857
3 0.5521428571428572 0.5385714285714286 0.002857142857142857 0.004761904761904762
3 0.5492857142857143 0.539047619047619 0.002857142857142857 0.0038095238095238095
