5 0.42 0.33380952380952383 0.01 0.014285714285714285
5 0.5471428571428572 0.4095238095238095 0.047142857142857146 0.022857142857142857
5 0.4689285714285714 0.41714285714285715 0.047857142857142855 0.022857142857142857
8 0.48178571428571426 0.3923809523809524 0.010714285714285714 0.022857142857142857
5 0.47 0.3919047619047619 0.007142857142857143 0.02
5 0.6846428571428571 0.9480952380952381 0.04928571428571429 0.09619047619047619
5 0.6142857142857143 0.8319047619047619 0.04857142857142857 0.10380952380952381
5 0.6075 0.7057142857142857 0.035 0.07238095238095238
5 0.5375 0.6857142857142857 0.03642857142857143 0.10666666666666666
5 0.5414285714285715 0.5704761904761905 0.027142857142857142 0.06285714285714286
5 0.5432142857142858 0.5090476190476191 0.02214285714285714 0.04666666666666667
5 0.5082142857142857 0.530952380952381 0.015 0.037142857142857144
5 0.6342857142857142 0.3976190476190476 0.05285714285714286 0.023809523809523808
5 0.28214285714285714 0.4642857142857143 0.041428571428571426 0.023809523809523808
5 0.33535714285714285 0.439047619047619 0.07214285714285715 0.030476190476190476
5 0.3367857142857143 0.4480952380952381 0.05357142857142857 0.025714285714285714
5 0.3407142857142857 0.45285714285714285 0.05285714285714286 0.02761904761904762
3 0.4860714285714286 0.47333333333333333 0.010714285714285714 0.01904761904761905
3 0.5171428571428571 0.4438095238095238 0.012857142857142857 0.013333333333333332
3 0.5789285714285715 0.63 0.015 0.025714285714285714
3 0.5685714285714286 0.6 0.015714285714285715 0.022857142857142857
3 0.5846428571428571 0.7457142857142857 0.019285714285714285 0.03619047619047619
3 0.5732142857142857 0.7019047619047619 0.017857142857142856 0.03238095238095238
3 0.6660714285714285 0.7204761904761905 0.017857142857142856 0.037142857142857144
3 0.6803571428571429 0.7666666666666667 0.02642857142857143 0.04380952380952381
3 0.6371428571428571 0.940952380952381 0.032857142857142856 0.06666666666666667
6 0.6617857142857143 0.8695238095238095 0.023571428571428573 0.045714285714285714
8 0.6332142857142857 0.7885714285714286 0.03785714285714286 0.07047619047619047
5 0.5621428571428572 0.6566666666666666 0.02 0.037142857142857144
5 0.6539285714285714 0.6180952380952381 0.020714285714285713 0.02857142857142857
3 0.5878571428571429 0.6647619047619048 0.017142857142857144 0.026666666666666665
3 0.5582142857142857 0.6171428571428571 0.013571428571428571 0.022857142857142857
3 0.5642857142857143 0.5752380952380952 0.012857142857142857 0.01904761904761905
3 0.5560714285714285 0.5519047619047619 0.012142857142857143 0.018095238095238095
3 0.6264285714285714 0.4114285714285714 0.014285714285714285 0.009523809523809525
3 0.5717857142857142 0.42 0.015 0.009523809523809525
0 0.8110714285714286 0.9747619047619047 0.010714285714285714 0.018095238095238095
9 0.7542857142857143 0.809047619047619 0.014285714285714285 0.025714285714285714
9 0.6253571428571428 0.6504761904761904 0.007857142857142858 0.013333333333333332
9 0.6578571428571428 0.6828571428571428 0.011428571428571429 0.011428571428571429
9 0.7014285714285714 0.6947619047619048 0.014285714285714285 0.02
9 0.6567857142857143 0.6771428571428572 0.013571428571428571 0.009523809523809525
9 0.6803571428571429 0.6642857142857143 0.0064285714285714285 0.012380952380952381
4 0.6332142857142857 0.5371428571428571 0.012142857142857143 0.017142857142857144
3 0.5542857142857143 0.5071428571428571 0.007142857142857143 0.012380952380952381
0 0.5639285714285714 0.43857142857142856 0.002142857142857143 0.008571428571428572
0 0.5760714285714286 0.4423809523809524 0.0035714285714285713 0.008571428571428572
5 0.055 0.33095238095238094 0.01 0.012380952380952381
5 0.03142857142857143 0.3357142857142857 0.008571428571428572 0.010476190476190476
5 0.09571428571428571 0.3647619047619048 0.008571428571428572 0.011428571428571429
5 0.07357142857142857 0.3638095238095238 0.011428571428571429 0.011428571428571429
5 0.22142857142857142 0.31476190476190474 0.02142857142857143 0.010476190476190476
5 0.2592857142857143 0.2976190476190476 0.008571428571428572 0.010476190476190476
5 0.25 0.29714285714285715 0.007142857142857143 0.009523809523809525
3 0.26142857142857145 0.4657142857142857 0.014285714285714285 0.011428571428571429
0 0.32785714285714285 0.5047619047619047 0.002857142857142857 0.009523809523809525
3 0.5935714285714285 0.3852380952380952 0.007142857142857143 0.006666666666666666
3 0.62 0.37857142857142856 0.007142857142857143 0.010476190476190476
3 0.6264285714285714 0.37952380952380954 0.008571428571428572 0.008571428571428572
3 0.6035714285714285 0.38666666666666666 0.008571428571428572 0.005714285714285714
3 0.6428571428571429 0.37761904761904763 0.008571428571428572 0.008571428571428572
3 0.6346428571428572 0.37857142857142856 0.007857142857142858 0.008571428571428572
4 0.6517857142857143 0.37761904761904763 0.007857142857142858 0.008571428571428572
4 0.6564285714285715 0.3742857142857143 0.007142857142857143 0.011428571428571429
4 0.6117857142857143 0.38666666666666666 0.005 0.007619047619047619
3 0.6203571428571428 0.3871428571428571 0.0064285714285714285 0.008571428571428572
0 0.7864285714285715 0.8976190476190476 0.007142857142857143 0.02
0 0.8021428571428572 0.9523809523809523 0.005714285714285714 0.01904761904761905
7 0.7917857142857143 0.9542857142857143 0.019285714285714285 0.03428571428571429
