3 0.030714285714285715 0.5347619047619048 0.06142857142857143 0.1457142857142857
3 0.25821428571428573 0.9704761904761905 0.045 0.05523809523809524
3 0.32785714285714285 0.9728571428571429 0.041428571428571426 0.05238095238095238
3 0.8925 0.018571428571428572 0.04357142857142857 0.037142857142857144
3 0.8457142857142858 0.029523809523809525 0.041428571428571426 0.05904761904761905
3 0.8003571428571429 0.03238095238095238 0.04214285714285714 0.06476190476190476
3 0.7128571428571429 0.04 0.047142857142857146 0.08
3 0.6657142857142857 0.035238095238095235 0.04285714285714286 0.07047619047619047
4 0.6189285714285714 0.03571428571428571 0.045 0.07142857142857142
4 0.5521428571428572 0.035238095238095235 0.05857142857142857 0.07047619047619047
4 0.7603571428571428 0.03190476190476191 0.039285714285714285 0.06380952380952382
3 0.18428571428571427 0.07095238095238095 0.06142857142857143 0.1419047619047619
3 0.14285714285714285 0.31523809523809526 0.055714285714285716 0.14476190476190476
3 0.23892857142857143 0.4676190476190476 0.062142857142857146 0.12761904761904763
3 0.23464285714285715 0.72 0.04928571428571429 0.13714285714285715
3 0.18428571428571427 0.8742857142857143 0.06285714285714286 0.14666666666666667
3 0.47285714285714286 0.1919047619047619 0.10428571428571429 0.06571428571428571
0 0.5178571428571429 0.2138095238095238 0.008571428571428572 0.023809523809523808
0 0.5257142857142857 0.24333333333333335 0.01 0.03142857142857143
3 0.5528571428571428 0.2823809523809524 0.04857142857142857 0.12857142857142856
3 0.6017857142857143 0.28 0.04214285714285714 0.1295238095238095
3 0.4685714285714286 0.12095238095238095 0.09571428571428571 0.06095238095238095
3 0.4639285714285714 0.05047619047619047 0.105 0.07238095238095238
4 0.3682142857142857 0.19 0.05071428571428571 0.11714285714285715
4 0.6964285714285714 0.5528571428571428 0.08142857142857143 0.05047619047619047
4 0.7225 0.6266666666666667 0.07642857142857143 0.05523809523809524
4 0.7975 0.2623809523809524 0.047857142857142855 0.10380952380952381
4 0.8478571428571429 0.2557142857142857 0.05142857142857143 0.11333333333333333
3 0.8928571428571429 0.24857142857142858 0.04857142857142857 0.12761904761904763
3 0.9375 0.2042857142857143 0.05928571428571429 0.12857142857142856
3 0.7507142857142857 0.2633333333333333 0.04285714285714286 0.13428571428571429
3 0.7042857142857143 0.26571428571428574 0.05 0.13142857142857142
3 0.6542857142857142 0.2714285714285714 0.05714285714285714 0.14285714285714285
3 0.8360714285714286 0.5157142857142857 0.09642857142857143 0.05619047619047619
3 0.8364285714285714 0.6061904761904762 0.09857142857142857 0.058095238095238096
0 0.2982142857142857 0.0761904761904762 0.010714285714285714 0.026666666666666665
0 0.395 0.07809523809523809 0.012857142857142857 0.0380952380952381
0 0.43642857142857144 0.3238095238095238 0.012857142857142857 0.022857142857142857
0 0.42178571428571426 0.4228571428571429 0.010714285714285714 0.02095238095238095
0 0.49892857142857144 0.40523809523809523 0.009285714285714286 0.014285714285714285
0 0.46535714285714286 0.32047619047619047 0.013571428571428571 0.021904761904761906
0 0.4853571428571429 0.3119047619047619 0.010714285714285714 0.023809523809523808
6 0.30214285714285716 0.06095238095238095 0.03857142857142857 0.07809523809523809
6 0.3075 0.2361904761904762 0.03785714285714286 0.0838095238095238
1 0.30142857142857143 0.20857142857142857 0.012857142857142857 0.026666666666666665
1 0.3921428571428571 0.37333333333333335 0.012857142857142857 0.015238095238095238
1 0.4607142857142857 0.27666666666666667 0.007142857142857143 0.01619047619047619
1 0.4639285714285714 0.2538095238095238 0.013571428571428571 0.02
1 0.38607142857142857 0.29 0.015 0.023809523809523808
0 0.35 0.28523809523809524 0.012857142857142857 0.025714285714285714
0 0.5075 0.3719047619047619 0.013571428571428571 0.018095238095238095
0 0.5039285714285714 0.38952380952380955 0.015 0.017142857142857144
0 0.44392857142857145 0.5271428571428571 0.013571428571428571 0.018095238095238095
0 0.42857142857142855 0.5138095238095238 0.012857142857142857 0.021904761904761906
6 0.3767857142857143 0.38571428571428573 0.05071428571428571 0.05523809523809524
6 0.5307142857142857 0.38857142857142857 0.05714285714285714 0.03619047619047619
2 0.9171428571428571 0.8771428571428571 0.03571428571428571 0.024761904761904763
4 0.9610714285714286 0.9733333333333334 0.07785714285714286 0.05333333333333333
0 0.5525 0.8595238095238095 0.015 0.035238095238095235
0 0.5521428571428572 0.7704761904761904 0.014285714285714285 0.024761904761904763
0 0.47035714285714286 0.6552380952380953 0.015 0.01904761904761905
0 0.5103571428571428 0.7323809523809524 0.019285714285714285 0.02095238095238095
