5 0.3921428571428571 0.07476190476190477 0.041428571428571426 0.14952380952380953
3 0.5982142857142857 0.047142857142857146 0.03214285714285714 0.07714285714285714
4 0.6175 0.24428571428571427 0.029285714285714286 0.06761904761904762
9 0.6635714285714286 0.04238095238095238 0.01 0.025714285714285714
0 0.43714285714285717 0.41523809523809524 0.011428571428571429 0.015238095238095238
0 0.42678571428571427 0.40904761904761905 0.009285714285714286 0.01619047619047619
5 0.41285714285714287 0.6523809523809524 0.05142857142857143 0.19047619047619047
3 0.6596428571428572 0.8361904761904762 0.03642857142857143 0.09714285714285714
0 0.6571428571428571 0.9152380952380952 0.012857142857142857 0.024761904761904763
9 0.7 0.8519047619047619 0.014285714285714285 0.037142857142857144
3 0.5889285714285715 0.5933333333333334 0.019285714285714285 0.05904761904761905
9 0.7128571428571429 0.6161904761904762 0.018571428571428572 0.030476190476190476
0 0.6203571428571428 0.3661904761904762 0.012142857142857143 0.018095238095238095
