1 0.11075 0.5893333333333333 0.0235 0.03333333333333333
1 0.13175 0.5633333333333334 0.0185 0.03333333333333333
0 0.010750000000000001 0.8706666666666666 0.0205 0.044
9 0.0315 0.6403333333333333 0.015 0.04733333333333333
9 0.10200000000000001 0.6473333333333333 0.036000000000000004 0.030666666666666665
9 0.053 0.6496666666666666 0.027 0.043333333333333335
9 0.0725 0.6443333333333333 0.03 0.04066666666666666
9 0.042 0.622 0.01 0.042666666666666665
9 0.0555 0.6213333333333333 0.012 0.032
6 0.149 0.6106666666666667 0.031 0.05466666666666666
9 0.14250000000000002 0.5663333333333334 0.023 0.043333333333333335
2 0.13425 0.5406666666666666 0.0275 0.021333333333333333
0 0.17325000000000002 0.563 0.0125 0.03666666666666667
7 0.2025 0.5479999999999999 0.041 0.034666666666666665
9 0.182 0.5686666666666667 0.013000000000000001 0.044
9 0.21225 0.5683333333333334 0.0345 0.043333333333333335
9 0.22675 0.5806666666666667 0.0265 0.044
7 0.24225 0.5519999999999999 0.0385 0.04
7 0.3235 0.5313333333333333 0.037 0.05466666666666666
5 0.1225 0.9066666666666666 0.18 0.18533333333333332
4 0.276 0.895 0.162 0.16866666666666666
4 0.44475000000000003 0.942 0.2095 0.11466666666666667
7 0.331 0.7516666666666666 0.08600000000000001 0.07666666666666666
9 0.23450000000000001 0.6253333333333333 0.031 0.04533333333333333
9 0.246 0.629 0.03 0.049999999999999996
9 0.26075 0.632 0.0315 0.050666666666666665
9 0.26875 0.6346666666666666 0.0335 0.052
9 0.28075 0.6443333333333333 0.0315 0.049999999999999996
9 0.2955 0.6473333333333333 0.029 0.05333333333333333
9 0.31075 0.6546666666666666 0.0345 0.048
9 0.3365 0.6643333333333333 0.028 0.054
9 0.36325 0.6723333333333333 0.0325 0.04733333333333333
0 0.5315 0.9056666666666666 0.014 0.04466666666666667
0 0.57025 0.9533333333333333 0.0165 0.052
0 0.56675 0.9846666666666666 0.0185 0.030666666666666665
0 0.6625 0.96 0.031 0.08
0 0.6597500000000001 0.8763333333333333 0.0265 0.07666666666666666
0 0.6275000000000001 0.8643333333333333 0.027 0.07133333333333333
1 0.59225 0.7513333333333333 0.0205 0.04933333333333333
1 0.59125 0.612 0.0135 0.029333333333333333
1 0.6 0.5903333333333333 0.015 0.03133333333333333
1 0.675 0.6093333333333333 0.008 0.016
0 0.64675 0.613 0.0125 0.04733333333333333
0 0.674 0.5953333333333333 0.014 0.042666666666666665
1 0.62225 0.5023333333333333 0.0145 0.028666666666666667
2 0.57925 0.6629999999999999 0.0145 0.038
2 0.519 0.4106666666666667 0.008 0.025333333333333333
3 0.3985 0.154 0.017 0.009333333333333332
3 0.48175 0.21033333333333332 0.0275 0.014
3 0.547 0.16466666666666666 0.02 0.012
0 0.50225 0.41833333333333333 0.0115 0.033999999999999996
0 0.63025 0.424 0.0075 0.034666666666666665
0 0.6415 0.416 0.009000000000000001 0.036
4 0.60475 0.4093333333333333 0.0805 0.04933333333333333
4 0.7342500000000001 0.5066666666666666 0.0425 0.07466666666666666
4 0.81025 0.5146666666666666 0.0885 0.058666666666666666
4 0.8525 0.5536666666666666 0.105 0.06466666666666666
7 0.9705 0.591 0.034 0.057999999999999996
4 0.72975 0.41133333333333333 0.0305 0.05466666666666666
0 0.8180000000000001 0.469 0.015 0.03933333333333333
0 0.8845000000000001 0.487 0.015 0.03666666666666667
1 0.8185 0.4383333333333333 0.016 0.016666666666666666
1 0.894 0.4343333333333333 0.013000000000000001 0.016666666666666666
1 0.8325 0.42633333333333334 0.017 0.016666666666666666
3 0.598 0.358 0.055 0.025333333333333333
3 0.60175 0.33799999999999997 0.0555 0.028
3 0.6165 0.3263333333333333 0.055 0.03133333333333333
3 0.62725 0.31966666666666665 0.0525 0.028666666666666667
5 0.6295000000000001 0.3 0.053 0.04
4 0.635 0.2846666666666667 0.056 0.036
3 0.74 0.37466666666666665 0.044 0.04666666666666666
1 0.68625 0.33299999999999996 0.0085 0.016666666666666666
9 0.68475 0.3423333333333333 0.006500000000000001 0.020666666666666667
0 0.71875 0.34833333333333333 0.0075 0.03266666666666666
0 0.7232500000000001 0.35266666666666663 0.0055 0.030666666666666665
0 0.749 0.3496666666666667 0.007 0.03133333333333333
0 0.773 0.3453333333333333 0.007 0.028
0 0.7897500000000001 0.327 0.0085 0.03133333333333333
0 0.82425 0.31366666666666665 0.0055 0.026
0 0.8775000000000001 0.3803333333333333 0.009000000000000001 0.03933333333333333
4 0.8445 0.35533333333333333 0.063 0.04666666666666666
5 0.8280000000000001 0.3333333333333333 0.075 0.05466666666666666
3 0.7375 0.33166666666666667 0.023 0.043333333333333335
3 0.73075 0.31066666666666665 0.0305 0.03333333333333333
3 0.734 0.286 0.022 0.029333333333333333
3 0.5417500000000001 0.257 0.029500000000000002 0.020666666666666667
3 0.59 0.25966666666666666 0.04 0.02733333333333333
3 0.631 0.25966666666666666 0.043000000000000003 0.019333333333333334
0 0.6625 0.26866666666666666 0.004 0.016
2 0.6657500000000001 0.2776666666666667 0.0045000000000000005 0.011333333333333332
0 0.7645000000000001 0.2816666666666667 0.005 0.026
3 0.76425 0.27899999999999997 0.0445 0.02733333333333333
3 0.7825 0.2713333333333333 0.035 0.022666666666666665
3 0.839 0.27899999999999997 0.038 0.02733333333333333
3 0.89975 0.28833333333333333 0.0385 0.024666666666666667
4 0.81575 0.2803333333333333 0.0445 0.035333333333333335
3 0.57375 0.217 0.0325 0.016666666666666666
3 0.672 0.239 0.038 0.018
3 0.6245 0.22066666666666665 0.03 0.017333333333333333
5 0.83425 0.22533333333333333 0.0845 0.042666666666666665
