4 0.6814285714285714 0.5452380952380952 0.07857142857142857 0.16857142857142857
3 0.8907142857142857 0.2661904761904762 0.07 0.0980952380952381
4 0.8353571428571429 0.11 0.08214285714285714 0.12095238095238095
3 0.9357142857142857 0.4142857142857143 0.08428571428571428 0.13333333333333333
0 0.8839285714285714 0.5557142857142857 0.030714285714285715 0.04476190476190476
0 0.8396428571428571 0.27666666666666667 0.019285714285714285 0.04857142857142857
3 0.4982142857142857 0.959047619047619 0.07071428571428572 0.07238095238095238
3 0.1875 0.9595238095238096 0.18785714285714286 0.07142857142857142
3 0.2042857142857143 0.8561904761904762 0.16428571428571428 0.08571428571428572
3 0.21678571428571428 0.7442857142857143 0.16214285714285714 0.07714285714285714
3 0.22607142857142856 0.6423809523809524 0.15642857142857142 0.08285714285714285
4 0.24285714285714285 0.5452380952380952 0.12285714285714286 0.07904761904761905
3 0.24964285714285714 0.4680952380952381 0.12928571428571428 0.07714285714285714
3 0.25821428571428573 0.3933333333333333 0.11785714285714285 0.06857142857142857
3 0.26964285714285713 0.3333333333333333 0.125 0.05904761904761905
3 0.27071428571428574 0.2733333333333333 0.11571428571428571 0.05523809523809524
3 0.28214285714285714 0.21857142857142858 0.09428571428571429 0.04857142857142857
3 0.28285714285714286 0.16857142857142857 0.1 0.05523809523809524
3 0.2978571428571429 0.08190476190476191 0.09857142857142857 0.05904761904761905
3 0.3007142857142857 0.03571428571428571 0.09285714285714286 0.054285714285714284
3 0.04 0.28095238095238095 0.08 0.06857142857142857
3 0.03464285714285714 0.36047619047619045 0.06928571428571428 0.08857142857142856
3 0.025 0.4519047619047619 0.05 0.07904761904761905
0 0.19535714285714287 0.21619047619047618 0.02214285714285714 0.05333333333333333
9 0.1367857142857143 0.10285714285714286 0.027857142857142858 0.049523809523809526
9 0.1657142857142857 0.029523809523809525 0.037142857142857144 0.03619047619047619
0 0.35 0.15047619047619049 0.012857142857142857 0.030476190476190476
3 0.9557142857142857 0.21666666666666667 0.07857142857142857 0.10380952380952381
