3 0.16535714285714287 0.8690476190476191 0.24071428571428571 0.16666666666666666
3 0.26 0.6766666666666666 0.19 0.12476190476190477
3 0.6535714285714286 0.7104761904761905 0.18857142857142858 0.10285714285714286
3 0.6225 0.5933333333333334 0.1407142857142857 0.07809523809523809
3 0.9128571428571428 0.680952380952381 0.13 0.15047619047619049
3 0.3325 0.49952380952380954 0.11214285714285714 0.07142857142857142
3 0.5578571428571428 0.44904761904761903 0.10142857142857142 0.04666666666666667
0 0.8132142857142857 0.7195238095238096 0.027857142857142858 0.08476190476190476
3 0.2925 0.5771428571428572 0.16642857142857143 0.0838095238095238
3 0.2357142857142857 0.4438095238095238 0.11142857142857143 0.05523809523809524
3 0.3457142857142857 0.47095238095238096 0.10285714285714286 0.05238095238095238
3 0.24464285714285713 0.42428571428571427 0.085 0.04476190476190476
4 0.33785714285714286 0.4228571428571429 0.07714285714285714 0.047619047619047616
3 0.3442857142857143 0.4023809523809524 0.07714285714285714 0.04285714285714286
3 0.3067857142857143 0.3871428571428571 0.08214285714285714 0.037142857142857144
3 0.3342857142857143 0.3738095238095238 0.06857142857142857 0.03333333333333333
3 0.33785714285714286 0.36238095238095236 0.06714285714285714 0.04285714285714286
3 0.3492857142857143 0.34904761904761905 0.06428571428571428 0.04857142857142857
3 0.3582142857142857 0.3380952380952381 0.055 0.04
3 0.37035714285714283 0.32761904761904764 0.05357142857142857 0.0380952380952381
3 0.3796428571428571 0.31285714285714283 0.05071428571428571 0.023809523809523808
3 0.3875 0.3109523809523809 0.047857142857142855 0.037142857142857144
3 0.3892857142857143 0.29904761904761906 0.047142857142857146 0.024761904761904763
3 0.39285714285714285 0.2876190476190476 0.05142857142857143 0.026666666666666665
3 0.39 0.28095238095238095 0.05 0.03238095238095238
3 0.39357142857142857 0.27285714285714285 0.04428571428571428 0.03142857142857143
3 0.4014285714285714 0.26666666666666666 0.03 0.022857142857142857
3 0.4035714285714286 0.26095238095238094 0.03857142857142857 0.022857142857142857
4 0.4157142857142857 0.25142857142857145 0.04285714285714286 0.026666666666666665
4 0.45535714285714285 0.24428571428571427 0.016428571428571428 0.03142857142857143
4 0.4382142857142857 0.23857142857142857 0.030714285714285715 0.02
3 0.41964285714285715 0.2357142857142857 0.023571428571428573 0.014285714285714285
3 0.4125 0.22904761904761906 0.015 0.01619047619047619
3 0.43357142857142855 0.2257142857142857 0.011428571428571429 0.015238095238095238
3 0.4575 0.2261904761904762 0.02642857142857143 0.014285714285714285
0 0.4521428571428571 0.29285714285714287 0.008571428571428572 0.025714285714285714
9 0.4725 0.2919047619047619 0.020714285714285713 0.01619047619047619
0 0.5121428571428571 0.28095238095238095 0.005714285714285714 0.022857142857142857
0 0.5228571428571429 0.20285714285714285 0.004285714285714286 0.011428571428571429
0 0.5310714285714285 0.20142857142857143 0.0035714285714285713 0.010476190476190476
3 0.42857142857142855 0.19428571428571428 0.008571428571428572 0.011428571428571429
3 0.44642857142857145 0.19904761904761906 0.024285714285714285 0.009523809523809525
3 0.5160714285714286 0.19476190476190477 0.009285714285714286 0.012380952380952381
0 0.36142857142857143 0.26095238095238094 0.007142857142857143 0.02095238095238095
3 0.43857142857142856 0.19333333333333333 0.008571428571428572 0.009523809523809525
3 0.5621428571428572 0.19476190476190477 0.01 0.010476190476190476
3 0.5575 0.1880952380952381 0.0064285714285714285 0.008571428571428572
3 0.5557142857142857 0.18523809523809523 0.005714285714285714 0.006666666666666666
3 0.5535714285714286 0.18428571428571427 0.007142857142857143 0.006666666666666666
3 0.5542857142857143 0.1819047619047619 0.004285714285714286 0.007619047619047619
3 0.59 0.22666666666666666 0.02142857142857143 0.017142857142857144
4 0.6053571428571428 0.24523809523809523 0.015 0.029523809523809525
3 0.5782142857142857 0.2761904761904762 0.016428571428571428 0.024761904761904763
3 0.625 0.2780952380952381 0.024285714285714285 0.02857142857142857
3 0.6235714285714286 0.2976190476190476 0.03857142857142857 0.02761904761904762
4 0.6021428571428571 0.31285714285714283 0.02142857142857143 0.037142857142857144
0 0.6185714285714285 0.31285714285714283 0.007142857142857143 0.02761904761904762
0 0.6257142857142857 0.3138095238095238 0.007142857142857143 0.02761904761904762
3 0.5632142857142857 0.42523809523809525 0.095 0.040952380952380955
3 0.5532142857142857 0.3976190476190476 0.08214285714285714 0.03333333333333333
3 0.5689285714285715 0.37857142857142856 0.07642857142857143 0.037142857142857144
3 0.5596428571428571 0.36952380952380953 0.07785714285714286 0.030476190476190476
3 0.5560714285714285 0.3485714285714286 0.065 0.02857142857142857
3 0.5596428571428571 0.33714285714285713 0.062142857142857146 0.024761904761904763
3 0.5528571428571428 0.32857142857142857 0.05857142857142857 0.022857142857142857
3 0.5482142857142858 0.31857142857142856 0.05785714285714286 0.025714285714285714
3 0.5489285714285714 0.31047619047619046 0.055 0.022857142857142857
