3 0.5610647181628392 0.6576994434137291 0.020876826722338204 0.07792207792207792
3 0.583768267223382 0.4647495361781076 0.02453027139874739 0.0686456400742115
3 0.5067849686847599 0.5510204081632654 0.026096033402922752 0.07235621521335807
3 0.5167014613778705 0.4744897959183674 0.025052192066805843 0.07328385899814471
3 0.5271398747390396 0.3803339517625232 0.024008350730688934 0.06307977736549165
3 0.41936325678496866 0.9568645640074211 0.03705636743215031 0.08441558441558442
3 0.5133089770354905 0.1590909090909091 0.013048016701461376 0.045454545454545456
3 0.5649791231732776 0.09137291280148423 0.014091858037578286 0.039888682745825604
3 0.5167014613778705 0.08116883116883117 0.013569937369519832 0.036178107606679034
3 0.5247912317327765 0.041743970315398886 0.016179540709812108 0.03710575139146568
3 0.5681106471816283 0.05241187384044527 0.013048016701461376 0.03432282003710575
