3 0.2814285714285714 0.709047619047619 0.06714285714285714 0.14761904761904762
3 0.36142857142857143 0.6652380952380952 0.05714285714285714 0.12095238095238095
3 0.44821428571428573 0.5376190476190477 0.045 0.1
3 0.4207142857142857 0.8161904761904762 0.06142857142857143 0.14857142857142858
3 0.3707142857142857 0.3304761904761905 0.04285714285714286 0.0761904761904762
3 0.43107142857142855 0.28523809523809524 0.03214285714285714 0.06571428571428571
3 0.4546428571428571 0.1819047619047619 0.035 0.05523809523809524
3 0.48178571428571426 0.24857142857142858 0.03214285714285714 0.06857142857142857
3 0.4725 0.3680952380952381 0.04214285714285714 0.08095238095238096
4 0.3171428571428571 0.5580952380952381 0.05714285714285714 0.10285714285714286
4 0.3939285714285714 0.07809523809523809 0.025 0.05142857142857143
3 0.5160714285714286 0.09095238095238095 0.02642857142857143 0.040952380952380955
3 0.5014285714285714 0.02238095238095238 0.02142857142857143 0.03142857142857143
3 0.4332142857142857 0.029523809523809525 0.027857142857142858 0.045714285714285714
3 0.3485714285714286 0.4257142857142857 0.04857142857142857 0.08571428571428572
3 0.4064285714285714 0.42714285714285716 0.04285714285714286 0.08285714285714285
3 0.22357142857142856 0.92 0.09428571428571429 0.16
3 0.31535714285714284 0.9271428571428572 0.075 0.1457142857142857
3 0.0775 0.024285714285714285 0.04928571428571429 0.035238095238095235
5 0.048214285714285716 0.03619047619047619 0.07642857142857143 0.045714285714285714
9 0.16285714285714287 0.03190476190476191 0.008571428571428572 0.023809523809523808
9 0.060714285714285714 0.12285714285714286 0.024285714285714285 0.026666666666666665
9 0.038214285714285715 0.09761904761904762 0.019285714285714285 0.025714285714285714
9 0.2789285714285714 0.039523809523809524 0.007857142857142858 0.023809523809523808
9 0.12142857142857143 0.38 0.027142857142857142 0.04
3 0.40464285714285714 0.01619047619047619 0.030714285714285715 0.03238095238095238
9 0.6507142857142857 0.023809523809523808 0.008571428571428572 0.024761904761904763
9 0.6971428571428572 0.26857142857142857 0.011428571428571429 0.03428571428571429
9 0.6367857142857143 0.30142857142857143 0.012142857142857143 0.037142857142857144
0 0.7725 0.10571428571428572 0.007857142857142858 0.026666666666666665
0 0.7657142857142857 0.10571428571428572 0.007142857142857143 0.024761904761904763
0 0.7682142857142857 0.07238095238095238 0.0064285714285714285 0.024761904761904763
0 0.7617857142857143 0.07285714285714286 0.0064285714285714285 0.025714285714285714
0 0.7210714285714286 0.04904761904761905 0.007857142857142858 0.025714285714285714
0 0.7310714285714286 0.05 0.007857142857142858 0.025714285714285714
0 0.7432142857142857 0.060476190476190475 0.0064285714285714285 0.02
0 0.7514285714285714 0.06142857142857143 0.005714285714285714 0.021904761904761906
0 0.7564285714285715 0.06095238095238095 0.005714285714285714 0.024761904761904763
9 0.16107142857142856 0.2571428571428571 0.025 0.0380952380952381
1 0.1632142857142857 0.025238095238095237 0.005 0.010476190476190476
1 0.2785714285714286 0.03333333333333333 0.005714285714285714 0.009523809523809525
1 0.03464285714285714 0.09142857142857143 0.007857142857142858 0.009523809523809525
1 0.05821428571428571 0.1180952380952381 0.010714285714285714 0.015238095238095238
1 0.16142857142857142 0.25047619047619046 0.012857142857142857 0.015238095238095238
1 0.12428571428571429 0.37142857142857144 0.011428571428571429 0.01904761904761905
1 0.6507142857142857 0.018095238095238095 0.005714285714285714 0.011428571428571429
1 0.6982142857142857 0.26 0.007857142857142858 0.015238095238095238
1 0.6378571428571429 0.29285714285714287 0.007142857142857143 0.014285714285714285
