3 0.2700939457202505 0.6307977736549165 0.0673277661795407 0.1280148423005566
5 0.383089770354906 0.5658627087198516 0.04801670146137787 0.17996289424860853
3 0.38282881002087676 0.762987012987013 0.0464509394572025 0.17717996289424862
9 0.29175365344467635 0.8450834879406308 0.037578288100208766 0.0463821892393321
3 0.690501043841336 0.9596474953617811 0.05949895615866388 0.07884972170686456
4 0.5944676409185803 0.47634508348794063 0.03549060542797494 0.08998144712430427
5 0.5550626304801669 0.19573283858998144 0.04436325678496868 0.10575139146567718
5 0.565501043841336 0.10992578849721707 0.032881002087682666 0.07328385899814471
3 0.45302713987473897 0.3167903525046382 0.031315240083507306 0.08256029684601113
6 0.36247390396659707 0.287569573283859 0.014091858037578286 0.055658627087198514
4 0.39953027139874736 0.34461966604823746 0.03079331941544885 0.09740259740259741
9 0.31236951983298533 0.44712430426716143 0.010960334029227557 0.05194805194805195
0 0.27531315240083504 0.39007421150278293 0.010960334029227557 0.036178107606679034
