3 0.2875 0.7081218274111675 0.05071428571428571 0.08629441624365482
3 0.4967857142857143 0.7170050761421319 0.04642857142857143 0.08629441624365482
3 0.5392857142857143 0.723984771573604 0.045714285714285714 0.08502538071065989
3 0.6089285714285714 0.49302030456852786 0.045 0.06979695431472081
3 0.6989285714285715 0.42005076142131975 0.03357142857142857 0.055837563451776644
3 0.7510714285714286 0.2512690355329949 0.03785714285714286 0.055837563451776644
3 0.7917857142857143 0.2633248730964467 0.035 0.05710659898477157
3 0.8246428571428571 0.11167512690355329 0.03214285714285714 0.050761421319796954
3 0.8575 0.12563451776649745 0.03357142857142857 0.053299492385786795
3 0.9146428571428571 0.025380710659898477 0.029285714285714286 0.050761421319796954
3 0.30892857142857144 0.5818527918781725 0.04214285714285714 0.07233502538071065
3 0.245 0.6269035532994923 0.041428571428571426 0.07360406091370558
3 0.22464285714285714 0.4473350253807106 0.045 0.07233502538071065
3 0.14285714285714285 0.3699238578680203 0.041428571428571426 0.06979695431472081
3 0.03464285714285714 0.18020304568527917 0.03357142857142857 0.06345177664974619
3 0.08571428571428572 0.2652284263959391 0.03428571428571429 0.06091370558375634
3 0.6385714285714286 0.5393401015228426 0.037142857142857144 0.06598984771573603
4 0.7421428571428571 0.44352791878172587 0.03857142857142857 0.07233502538071065
4 0.3610714285714286 0.6744923857868019 0.05071428571428571 0.09263959390862943
4 0.17392857142857143 0.35215736040609136 0.04642857142857143 0.07994923857868019
4 0.041428571428571426 0.2728426395939086 0.03428571428571429 0.05837563451776649
8 0.1025 0.3705583756345177 0.10214285714285715 0.18020304568527917
8 0.2739285714285714 0.5920050761421319 0.11214285714285714 0.19416243654822332
8 0.18428571428571427 0.4428934010152284 0.06285714285714286 0.11167512690355329
