5 0.20214285714285715 0.3438095238095238 0.03142857142857143 0.08571428571428572
5 0.1625 0.25142857142857145 0.03357142857142857 0.09904761904761905
5 0.3725 0.5452380952380952 0.056428571428571425 0.04476190476190476
5 0.4725 0.5766666666666667 0.08642857142857142 0.04476190476190476
5 0.24142857142857144 0.15476190476190477 0.032857142857142856 0.05619047619047619
5 0.1925 0.15047619047619049 0.029285714285714286 0.08190476190476191
5 0.2007142857142857 0.2695238095238095 0.025714285714285714 0.049523809523809526
4 0.8253571428571429 0.5471428571428572 0.05071428571428571 0.029523809523809525
4 0.1775 0.39666666666666667 0.020714285714285713 0.040952380952380955
3 0.038214285714285715 0.3080952380952381 0.03357142857142857 0.03142857142857143
4 0.062142857142857146 0.2642857142857143 0.037142857142857144 0.02761904761904762
4 0.0525 0.2866666666666667 0.03642857142857143 0.026666666666666665
3 0.01107142857142857 0.2509523809523809 0.02214285714285714 0.018095238095238095
3 0.013571428571428571 0.2361904761904762 0.027142857142857142 0.017142857142857144
3 0.023214285714285715 0.3314285714285714 0.03357142857142857 0.02857142857142857
3 0.07571428571428572 0.24666666666666667 0.037142857142857144 0.022857142857142857
3 0.1467857142857143 0.3595238095238095 0.017857142857142856 0.040952380952380955
3 0.1492857142857143 0.4085714285714286 0.02 0.045714285714285714
5 0.1432142857142857 0.30952380952380953 0.02214285714285714 0.049523809523809526
5 0.17107142857142857 0.3333333333333333 0.020714285714285713 0.05714285714285714
5 0.1982142857142857 0.5633333333333334 0.035 0.023809523809523808
3 0.6585714285714286 0.5761904761904761 0.04857142857142857 0.02857142857142857
3 0.7289285714285715 0.5090476190476191 0.04357142857142857 0.023809523809523808
3 0.4903571428571429 0.5380952380952381 0.04214285714285714 0.026666666666666665
7 0.4521428571428571 0.4857142857142857 0.014285714285714285 0.026666666666666665
6 0.5657142857142857 0.5280952380952381 0.03571428571428571 0.021904761904761906
1 0.5557142857142857 0.5295238095238095 0.01 0.013333333333333332
1 0.635 0.4757142857142857 0.007142857142857143 0.012380952380952381
2 0.6367857142857143 0.47333333333333333 0.019285714285714285 0.011428571428571429
7 0.7085714285714285 0.40904761904761905 0.03 0.029523809523809525
7 0.6189285714285714 0.37 0.013571428571428571 0.03142857142857143
3 0.43607142857142855 0.25857142857142856 0.029285714285714286 0.03142857142857143
3 0.4667857142857143 0.2138095238095238 0.015 0.037142857142857144
3 0.4825 0.20952380952380953 0.013571428571428571 0.03238095238095238
3 0.5182142857142857 0.20952380952380953 0.013571428571428571 0.03619047619047619
3 0.5360714285714285 0.20809523809523808 0.013571428571428571 0.039047619047619046
0 0.39321428571428574 0.2866666666666667 0.005 0.013333333333333332
0 0.34535714285714286 0.2195238095238095 0.005 0.01619047619047619
1 0.40535714285714286 0.24904761904761905 0.0035714285714285713 0.012380952380952381
9 0.405 0.2509523809523809 0.01 0.014285714285714285
9 0.32 0.49142857142857144 0.011428571428571429 0.024761904761904763
9 0.24785714285714286 0.4642857142857143 0.012857142857142857 0.01619047619047619
9 0.3921428571428571 0.4919047619047619 0.005714285714285714 0.018095238095238095
1 0.3917857142857143 0.4876190476190476 0.0064285714285714285 0.011428571428571429
1 0.3182142857142857 0.4895238095238095 0.0064285714285714285 0.013333333333333332
1 0.24464285714285713 0.4614285714285714 0.007857142857142858 0.012380952380952381
3 0.1992857142857143 0.22047619047619046 0.018571428571428572 0.040952380952380955
3 0.1675 0.18428571428571427 0.016428571428571428 0.035238095238095235
3 0.09607142857142857 0.20285714285714285 0.030714285714285715 0.01904761904761905
3 0.1442857142857143 0.15476190476190477 0.014285714285714285 0.035238095238095235
4 0.105 0.17809523809523808 0.03142857142857143 0.02857142857142857
4 0.3532142857142857 0.12333333333333334 0.029285714285714286 0.02761904761904762
4 0.4089285714285714 0.01619047619047619 0.027857142857142858 0.01904761904761905
4 0.41 0.029523809523809525 0.027142857142857142 0.01904761904761905
3 0.41035714285714286 0.041428571428571426 0.02214285714285714 0.018095238095238095
3 0.42 0.06619047619047619 0.025714285714285714 0.021904761904761906
3 0.4207142857142857 0.07904761904761905 0.025714285714285714 0.01904761904761905
3 0.42428571428571427 0.08904761904761904 0.03 0.021904761904761906
3 0.425 0.10523809523809524 0.032857142857142856 0.023809523809523808
3 0.3532142857142857 0.10809523809523809 0.027857142857142858 0.021904761904761906
3 0.35428571428571426 0.09476190476190476 0.02857142857142857 0.021904761904761906
3 0.3414285714285714 0.034761904761904765 0.02857142857142857 0.02
3 0.3457142857142857 0.05904761904761905 0.03 0.022857142857142857
5 0.4225 0.047619047619047616 0.03785714285714286 0.026666666666666665
7 0.24821428571428572 0.10857142857142857 0.009285714285714286 0.02095238095238095
0 0.3175 0.13428571428571429 0.0064285714285714285 0.015238095238095238
5 0.15928571428571428 0.10428571428571429 0.03 0.11904761904761904
5 0.18142857142857144 0.03333333333333333 0.03142857142857143 0.06666666666666667
9 0.15 0.02857142857142857 0.004285714285714286 0.017142857142857144
1 0.14964285714285713 0.025238095238095237 0.005 0.010476190476190476
1 0.05964285714285714 0.1980952380952381 0.009285714285714286 0.015238095238095238
1 0.09678571428571428 0.2919047619047619 0.0064285714285714285 0.014285714285714285
1 0.12714285714285714 0.2419047619047619 0.007142857142857143 0.011428571428571429
9 0.06142857142857143 0.2019047619047619 0.01 0.017142857142857144
9 0.1 0.2938095238095238 0.007142857142857143 0.018095238095238095
6 0.12964285714285714 0.24333333333333335 0.007857142857142858 0.021904761904761906
3 0.017142857142857144 0.2180952380952381 0.03428571428571429 0.024761904761904763
3 0.03535714285714286 0.14714285714285713 0.03214285714285714 0.021904761904761906
3 0.01607142857142857 0.19904761904761906 0.03214285714285714 0.022857142857142857
4 0.020714285714285713 0.17952380952380953 0.03428571428571429 0.023809523809523808
4 0.013571428571428571 0.16476190476190475 0.027142857142857142 0.022857142857142857
4 0.19071428571428573 0.10476190476190476 0.014285714285714285 0.024761904761904763
3 0.9642857142857143 0.5304761904761904 0.04857142857142857 0.02857142857142857
3 0.9535714285714286 0.4961904761904762 0.04857142857142857 0.026666666666666665
3 0.8353571428571429 0.51 0.045 0.025714285714285714
5 0.8696428571428572 0.37523809523809526 0.04214285714285714 0.022857142857142857
9 0.9364285714285714 0.43047619047619046 0.018571428571428572 0.015238095238095238
3 0.755 0.3280952380952381 0.02142857142857143 0.035238095238095235
9 0.9392857142857143 0.36047619047619045 0.018571428571428572 0.010476190476190476
0 0.43714285714285717 0.3628571428571429 0.004285714285714286 0.015238095238095238
0 0.7753571428571429 0.8995238095238095 0.0064285714285714285 0.010476190476190476
7 0.14392857142857143 0.4780952380952381 0.017857142857142856 0.024761904761904763
