5 0.08357142857142857 0.12428571428571429 0.05142857142857143 0.035238095238095235
5 0.21607142857142858 0.10952380952380952 0.02642857142857143 0.05714285714285714
8 0.45357142857142857 0.15761904761904763 0.022857142857142857 0.10571428571428572
3 0.4275 0.23285714285714285 0.012142857142857143 0.037142857142857144
3 0.43642857142857144 0.6261904761904762 0.014285714285714285 0.035238095238095235
3 0.12571428571428572 0.44142857142857145 0.02857142857142857 0.02
4 0.24714285714285714 0.4533333333333333 0.03142857142857143 0.022857142857142857
3 0.36964285714285716 0.5380952380952381 0.029285714285714286 0.02095238095238095
4 0.47464285714285714 0.5671428571428572 0.015 0.035238095238095235
4 0.445 0.6980952380952381 0.014285714285714285 0.03428571428571429
3 0.47928571428571426 0.7142857142857143 0.014285714285714285 0.0380952380952381
3 0.44892857142857145 0.7504761904761905 0.013571428571428571 0.0380952380952381
8 0.4828571428571429 0.9138095238095238 0.02142857142857143 0.11333333333333333
3 0.18357142857142858 0.9814285714285714 0.03142857142857143 0.025714285714285714
4 0.1632142857142857 0.9361904761904762 0.02214285714285714 0.045714285714285714
9 0.2507142857142857 0.9742857142857143 0.014285714285714285 0.009523809523809525
9 0.2596428571428571 0.9628571428571429 0.015 0.011428571428571429
9 0.24571428571428572 0.9604761904761905 0.008571428571428572 0.010476190476190476
3 0.9535714285714286 0.9842857142857143 0.03142857142857143 0.029523809523809525
4 0.8978571428571429 0.7928571428571428 0.025714285714285714 0.040952380952380955
9 0.7621428571428571 0.9538095238095238 0.008571428571428572 0.02
9 0.7510714285714286 0.2619047619047619 0.007857142857142858 0.015238095238095238
0 0.9392857142857143 0.025238095238095237 0.01 0.012380952380952381
0 0.9367857142857143 0.019523809523809523 0.007857142857142858 0.014285714285714285
0 0.9428571428571428 0.07476190476190477 0.007142857142857143 0.014285714285714285
0 0.9392857142857143 0.16142857142857142 0.01 0.010476190476190476
0 0.9414285714285714 0.1742857142857143 0.008571428571428572 0.009523809523809525
0 0.94 0.18857142857142858 0.007142857142857143 0.009523809523809525
0 0.9646428571428571 0.23666666666666666 0.010714285714285714 0.010476190476190476
0 0.9453571428571429 0.29428571428571426 0.010714285714285714 0.009523809523809525
0 0.9367857142857143 0.3233333333333333 0.007857142857142858 0.006666666666666666
0 0.9378571428571428 0.3295238095238095 0.01 0.007619047619047619
0 0.9414285714285714 0.33285714285714285 0.01 0.008571428571428572
0 0.9435714285714286 0.32571428571428573 0.01 0.007619047619047619
0 0.9460714285714286 0.38047619047619047 0.0064285714285714285 0.006666666666666666
0 0.9653571428571428 0.38142857142857145 0.010714285714285714 0.010476190476190476
0 0.9567857142857142 0.38857142857142857 0.009285714285714286 0.009523809523809525
0 0.9575 0.4076190476190476 0.0064285714285714285 0.0038095238095238095
0 0.9485714285714286 0.45571428571428574 0.004285714285714286 0.004761904761904762
0 0.9521428571428572 0.46095238095238095 0.007142857142857143 0.0038095238095238095
0 0.9514285714285714 0.5023809523809524 0.005714285714285714 0.014285714285714285
0 0.9596428571428571 0.4719047619047619 0.0064285714285714285 0.008571428571428572
0 0.9517857142857142 0.4680952380952381 0.009285714285714286 0.010476190476190476
0 0.9546428571428571 0.39476190476190476 0.013571428571428571 0.004761904761904762
0 0.9546428571428571 0.3995238095238095 0.009285714285714286 0.006666666666666666
0 0.9582142857142857 0.41714285714285715 0.010714285714285714 0.005714285714285714
0 0.9535714285714286 0.42714285714285716 0.007142857142857143 0.006666666666666666
0 0.96 0.4257142857142857 0.01 0.007619047619047619
0 0.013928571428571429 0.3742857142857143 0.010714285714285714 0.007619047619047619
0 0.015714285714285715 0.37 0.01 0.006666666666666666
0 0.0575 0.41619047619047617 0.007857142857142858 0.007619047619047619
0 0.05857142857142857 0.4119047619047619 0.007142857142857143 0.006666666666666666
0 0.05964285714285714 0.4061904761904762 0.007857142857142858 0.006666666666666666
0 0.05714285714285714 0.3976190476190476 0.008571428571428572 0.008571428571428572
0 0.3432142857142857 0.5014285714285714 0.0064285714285714285 0.006666666666666666
0 0.32357142857142857 0.5114285714285715 0.005714285714285714 0.005714285714285714
0 0.21571428571428572 0.45 0.008571428571428572 0.008571428571428572
0 0.19678571428571429 0.4561904761904762 0.009285714285714286 0.009523809523809525
0 0.1975 0.4676190476190476 0.009285714285714286 0.009523809523809525
9 0.14142857142857143 0.5061904761904762 0.008571428571428572 0.014285714285714285
9 0.14785714285714285 0.5023809523809524 0.008571428571428572 0.014285714285714285
9 0.1625 0.5071428571428571 0.0064285714285714285 0.012380952380952381
9 0.1667857142857143 0.5066666666666667 0.007857142857142858 0.011428571428571429
0 0.40285714285714286 0.5761904761904761 0.004285714285714286 0.007619047619047619
0 0.40535714285714286 0.5728571428571428 0.0035714285714285713 0.006666666666666666
