3 0.245 0.75 0.14285714285714285 0.07904761904761905
3 0.8382142857142857 0.809047619047619 0.16357142857142856 0.12666666666666668
3 0.8075 0.42666666666666664 0.09785714285714285 0.05714285714285714
3 0.7217857142857143 0.3976190476190476 0.04357142857142857 0.06380952380952382
3 0.6575 0.4076190476190476 0.06785714285714285 0.06476190476190476
3 0.8721428571428571 0.36952380952380953 0.08285714285714285 0.05714285714285714
3 0.2671428571428571 0.31333333333333335 0.05714285714285714 0.05142857142857143
3 0.1692857142857143 0.3433333333333333 0.06857142857142857 0.06190476190476191
3 0.115 0.26476190476190475 0.05 0.03428571428571429
3 0.06785714285714285 0.24904761904761905 0.03857142857142857 0.02761904761904762
3 0.39 0.2280952380952381 0.04285714285714286 0.04285714285714286
3 0.3439285714285714 0.2280952380952381 0.04357142857142857 0.039047619047619046
3 0.44571428571428573 0.1661904761904762 0.037142857142857144 0.03333333333333333
3 0.5760714285714286 0.37952380952380954 0.04928571428571429 0.054285714285714284
3 0.49964285714285717 0.32095238095238093 0.05357142857142857 0.047619047619047616
3 0.6664285714285715 0.2042857142857143 0.04 0.035238095238095235
3 0.6 0.20142857142857143 0.032857142857142856 0.035238095238095235
3 0.6235714285714286 0.17809523809523808 0.027142857142857142 0.03619047619047619
3 0.6414285714285715 0.16142857142857142 0.022857142857142857 0.03333333333333333
3 0.6582142857142858 0.14142857142857143 0.020714285714285713 0.025714285714285714
3 0.2367857142857143 0.21857142857142858 0.04214285714285714 0.02761904761904762
3 0.13964285714285715 0.21714285714285714 0.027857142857142858 0.026666666666666665
3 0.16464285714285715 0.21761904761904763 0.029285714285714286 0.025714285714285714
3 0.19464285714285715 0.21095238095238095 0.03357142857142857 0.023809523809523808
3 0.0225 0.2733333333333333 0.039285714285714285 0.030476190476190476
3 0.03678571428571428 0.24095238095238095 0.03785714285714286 0.026666666666666665
3 0.012142857142857143 0.23523809523809525 0.024285714285714285 0.030476190476190476
3 0.27071428571428574 0.21619047619047618 0.04285714285714286 0.0380952380952381
3 0.4164285714285714 0.1438095238095238 0.018571428571428572 0.024761904761904763
0 0.12035714285714286 0.1538095238095238 0.007857142857142858 0.02
0 0.17714285714285713 0.23952380952380953 0.008571428571428572 0.023809523809523808
0 0.21071428571428572 0.2480952380952381 0.008571428571428572 0.02761904761904762
0 0.23214285714285715 0.25142857142857145 0.01 0.026666666666666665
0 0.24464285714285713 0.23857142857142857 0.007857142857142858 0.021904761904761906
1 0.25107142857142856 0.2423809523809524 0.012142857142857143 0.018095238095238095
3 0.32357142857142857 0.15 0.03571428571428571 0.029523809523809525
3 0.4564285714285714 0.11476190476190476 0.024285714285714285 0.021904761904761906
3 0.48642857142857143 0.10380952380952381 0.018571428571428572 0.02095238095238095
3 0.5353571428571429 0.12380952380952381 0.02642857142857143 0.02857142857142857
3 0.5267857142857143 0.11476190476190476 0.025 0.021904761904761906
3 0.5767857142857142 0.09523809523809523 0.020714285714285713 0.01904761904761905
3 0.5760714285714286 0.0680952380952381 0.017857142857142856 0.02
3 0.6096428571428572 0.07285714285714286 0.020714285714285713 0.02
3 0.5803571428571429 0.1761904761904762 0.029285714285714286 0.026666666666666665
3 0.6135714285714285 0.14761904761904762 0.022857142857142857 0.022857142857142857
3 0.6282142857142857 0.13476190476190475 0.02214285714285714 0.025714285714285714
3 0.6357142857142857 0.11523809523809524 0.022857142857142857 0.024761904761904763
3 0.6614285714285715 0.10428571428571429 0.018571428571428572 0.021904761904761906
3 0.6525 0.07809523809523809 0.019285714285714285 0.01904761904761905
3 0.6346428571428572 0.06190476190476191 0.017857142857142856 0.02095238095238095
3 0.6560714285714285 0.04238095238095238 0.017857142857142856 0.018095238095238095
3 0.685 0.02238095238095238 0.015714285714285715 0.02
3 0.6607142857142857 0.018095238095238095 0.011428571428571429 0.015238095238095238
3 0.7067857142857142 0.011428571428571429 0.013571428571428571 0.013333333333333332
3 0.6757142857142857 0.006666666666666666 0.014285714285714285 0.013333333333333332
3 0.605 0.04904761904761905 0.017142857142857144 0.018095238095238095
5 0.6217857142857143 0.047142857142857146 0.030714285714285715 0.039047619047619046
3 0.49642857142857144 0.09428571428571429 0.02142857142857143 0.01904761904761905
3 0.5135714285714286 0.08333333333333333 0.02142857142857143 0.021904761904761906
3 0.5314285714285715 0.07285714285714286 0.02142857142857143 0.02
3 0.7085714285714285 0.06095238095238095 0.017142857142857144 0.017142857142857144
3 0.6878571428571428 0.10571428571428572 0.014285714285714285 0.022857142857142857
3 0.7014285714285714 0.09476190476190476 0.015714285714285715 0.02
3 0.7128571428571429 0.0838095238095238 0.022857142857142857 0.01904761904761905
4 0.6789285714285714 0.18761904761904763 0.039285714285714285 0.026666666666666665
3 0.6921428571428572 0.17666666666666667 0.04 0.023809523809523808
3 0.71 0.16047619047619047 0.04857142857142857 0.023809523809523808
3 0.7314285714285714 0.1461904761904762 0.04 0.023809523809523808
3 0.7442857142857143 0.13380952380952382 0.04285714285714286 0.018095238095238095
3 0.7542857142857143 0.12714285714285714 0.03571428571428571 0.02
3 0.7628571428571429 0.1180952380952381 0.04 0.02095238095238095
3 0.7492857142857143 0.11047619047619048 0.037142857142857144 0.01904761904761905
4 0.7582142857142857 0.09619047619047619 0.030714285714285715 0.022857142857142857
3 0.7303571428571428 0.06285714285714286 0.016428571428571428 0.017142857142857144
3 0.7360714285714286 0.05333333333333333 0.016428571428571428 0.017142857142857144
3 0.7446428571428572 0.05047619047619047 0.016428571428571428 0.017142857142857144
3 0.7532142857142857 0.0380952380952381 0.016428571428571428 0.017142857142857144
3 0.7589285714285714 0.03238095238095238 0.016428571428571428 0.017142857142857144
3 0.7653571428571428 0.026666666666666665 0.016428571428571428 0.017142857142857144
0 0.7346428571428572 0.19047619047619047 0.007857142857142858 0.022857142857142857
0 0.6932142857142857 0.22238095238095237 0.007857142857142858 0.02761904761904762
0 0.7128571428571429 0.25333333333333335 0.01 0.02857142857142857
0 0.7353571428571428 0.24142857142857144 0.007857142857142858 0.02761904761904762
0 0.7432142857142857 0.2704761904761905 0.010714285714285714 0.030476190476190476
0 0.8028571428571428 0.30428571428571427 0.01 0.03333333333333333
0 0.6767857142857143 0.2876190476190476 0.009285714285714286 0.03238095238095238
0 0.6325 0.3438095238095238 0.009285714285714286 0.03238095238095238
0 0.6296428571428572 0.37714285714285717 0.012142857142857143 0.03238095238095238
0 0.6564285714285715 0.37238095238095237 0.01 0.02857142857142857
1 0.6721428571428572 0.3295238095238095 0.014285714285714285 0.01904761904761905
1 0.61 0.3476190476190476 0.014285714285714285 0.030476190476190476
9 0.6089285714285714 0.35333333333333333 0.013571428571428571 0.03619047619047619
9 0.6375 0.24285714285714285 0.023571428571428573 0.024761904761904763
2 0.7017857142857142 0.28285714285714286 0.013571428571428571 0.026666666666666665
0 0.5978571428571429 0.58 0.012857142857142857 0.0419047619047619
0 0.5867857142857142 0.5833333333333334 0.010714285714285714 0.039047619047619046
0 0.5728571428571428 0.579047619047619 0.014285714285714285 0.049523809523809526
0 0.42214285714285715 0.5995238095238096 0.017142857142857144 0.05238095238095238
0 0.41285714285714287 0.6885714285714286 0.02142857142857143 0.049523809523809526
9 0.5507142857142857 0.3547619047619048 0.015714285714285715 0.02761904761904762
3 0.9492857142857143 0.4280952380952381 0.09714285714285714 0.05238095238095238
3 0.9732142857142857 0.38952380952380955 0.05357142857142857 0.047619047619047616
3 0.9592857142857143 0.3242857142857143 0.041428571428571426 0.06
