3 0.39025 0.765 0.0315 0.035333333333333335
0 0.481 0.8163333333333334 0.006 0.016666666666666666
3 0.48975 0.719 0.025500000000000002 0.03133333333333333
3 0.47300000000000003 0.71 0.026000000000000002 0.03333333333333333
4 0.4565 0.7006666666666667 0.028 0.03333333333333333
3 0.4205 0.6863333333333334 0.027 0.03
3 0.40675 0.6796666666666666 0.025500000000000002 0.026
3 0.3925 0.6723333333333333 0.023 0.026
3 0.402 0.6443333333333333 0.024 0.02733333333333333
3 0.4445 0.6639999999999999 0.028 0.029333333333333333
4 0.45625 0.6703333333333333 0.0225 0.03133333333333333
4 0.48025 0.6716666666666666 0.0285 0.03666666666666667
4 0.5005000000000001 0.6836666666666666 0.026000000000000002 0.028666666666666667
3 0.518 0.693 0.026000000000000002 0.02733333333333333
4 0.5337500000000001 0.737 0.0285 0.035333333333333335
3 0.56525 0.7206666666666667 0.0245 0.032
3 0.5640000000000001 0.8223333333333334 0.028 0.033999999999999996
3 0.5972500000000001 0.7946666666666666 0.0275 0.03733333333333333
4 0.6135 0.6413333333333333 0.021 0.026666666666666665
3 0.632 0.6153333333333333 0.02 0.024
1 0.489 0.625 0.005 0.011333333333333332
9 0.4895 0.6263333333333333 0.009000000000000001 0.011333333333333332
3 0.48075 0.6016666666666667 0.0265 0.019333333333333334
3 0.5115000000000001 0.617 0.026000000000000002 0.022
3 0.44025000000000003 0.5836666666666667 0.025500000000000002 0.018
4 0.41275 0.5693333333333334 0.021500000000000002 0.018666666666666665
3 0.365 0.5469999999999999 0.019 0.016666666666666666
9 0.3385 0.5336666666666666 0.007 0.01
9 0.3225 0.531 0.009000000000000001 0.011333333333333332
3 0.14625 0.65 0.0275 0.028
4 0.1135 0.6703333333333333 0.033 0.03
3 0.0905 0.6869999999999999 0.031 0.03
3 0.07225 0.697 0.0325 0.03
4 0.01375 0.7323333333333333 0.0275 0.033999999999999996
4 0.04075 0.6829999999999999 0.0405 0.03
4 0.025500000000000002 0.6446666666666666 0.035 0.028
4 0.0135 0.6406666666666666 0.027 0.026666666666666665
3 0.246 0.575 0.026000000000000002 0.018
3 0.0895 0.42133333333333334 0.018000000000000002 0.012
3 0.0795 0.42766666666666664 0.016 0.011333333333333332
