0 0.2557142857142857 0.9314285714285714 0.022857142857142857 0.045714285714285714
0 0.2767857142857143 0.9133333333333333 0.03357142857142857 0.06666666666666667
0 0.0975 0.7638095238095238 0.025 0.05523809523809524
0 0.0925 0.7495238095238095 0.019285714285714285 0.05714285714285714
0 0.5871428571428572 0.6785714285714286 0.02142857142857143 0.058095238095238096
0 0.6178571428571429 0.6190476190476191 0.02142857142857143 0.06285714285714286
1 0.4089285714285714 0.6228571428571429 0.023571428571428573 0.0380952380952381
1 0.4085714285714286 0.6171428571428571 0.02142857142857143 0.0380952380952381
0 0.02142857142857143 0.5252380952380953 0.02 0.037142857142857144
0 0.2714285714285714 0.5042857142857143 0.017142857142857144 0.03333333333333333
0 0.2735714285714286 0.49523809523809526 0.015714285714285715 0.0380952380952381
0 0.37392857142857144 0.47 0.015 0.037142857142857144
2 0.4975 0.45571428571428574 0.02214285714285714 0.023809523809523808
0 0.5142857142857142 0.44476190476190475 0.012857142857142857 0.03428571428571429
0 0.5335714285714286 0.44666666666666666 0.011428571428571429 0.03238095238095238
1 0.5414285714285715 0.4695238095238095 0.02 0.03619047619047619
0 0.6796428571428571 0.47904761904761906 0.013571428571428571 0.04380952380952381
1 0.6610714285714285 0.5295238095238095 0.023571428571428573 0.0419047619047619
0 0.7903571428571429 0.5171428571428571 0.016428571428571428 0.0419047619047619
0 0.8078571428571428 0.5295238095238095 0.014285714285714285 0.045714285714285714
1 0.7853571428571429 0.5538095238095239 0.017857142857142856 0.03142857142857143
1 0.9117857142857143 0.5757142857142857 0.019285714285714285 0.03333333333333333
1 0.9171428571428571 0.5047619047619047 0.01 0.02095238095238095
0 0.9025 0.4838095238095238 0.013571428571428571 0.0380952380952381
0 0.9382142857142857 0.5047619047619047 0.016428571428571428 0.0419047619047619
0 0.9360714285714286 0.49523809523809526 0.017857142857142856 0.04380952380952381
0 0.9214285714285714 0.39904761904761904 0.012857142857142857 0.03428571428571429
0 0.6953571428571429 0.4147619047619048 0.009285714285714286 0.03333333333333333
0 0.6760714285714285 0.4419047619047619 0.012142857142857143 0.030476190476190476
0 0.6675 0.44047619047619047 0.012142857142857143 0.035238095238095235
0 0.6517857142857143 0.430952380952381 0.010714285714285714 0.035238095238095235
0 0.64 0.43047619047619046 0.008571428571428572 0.03428571428571429
0 0.6289285714285714 0.43857142857142856 0.007857142857142858 0.035238095238095235
0 0.6203571428571428 0.44142857142857145 0.013571428571428571 0.035238095238095235
0 0.61 0.44095238095238093 0.008571428571428572 0.0380952380952381
0 0.6496428571428572 0.42428571428571427 0.009285714285714286 0.03333333333333333
0 0.6546428571428572 0.42238095238095236 0.007857142857142858 0.035238095238095235
1 0.6342857142857142 0.47095238095238096 0.015714285714285715 0.023809523809523808
0 0.6310714285714286 0.42428571428571427 0.007857142857142858 0.03333333333333333
0 0.6296428571428572 0.42333333333333334 0.009285714285714286 0.025714285714285714
0 0.5953571428571428 0.45904761904761904 0.012142857142857143 0.03619047619047619
0 0.5896428571428571 0.4442857142857143 0.009285714285714286 0.035238095238095235
0 0.5839285714285715 0.4423809523809524 0.012142857142857143 0.029523809523809525
8 0.5207142857142857 0.41333333333333333 0.17142857142857143 0.07047619047619047
3 0.5892857142857143 0.38857142857142857 0.05 0.026666666666666665
8 0.10285714285714286 0.4642857142857143 0.2057142857142857 0.09619047619047619
3 0.05357142857142857 0.4114285714285714 0.05857142857142857 0.03238095238095238
4 0.053214285714285714 0.3952380952380952 0.06785714285714285 0.04380952380952381
5 0.0375 0.3738095238095238 0.075 0.05047619047619047
3 0.018214285714285714 0.3504761904761905 0.03642857142857143 0.024761904761904763
3 0.0325 0.2985714285714286 0.027857142857142858 0.01619047619047619
4 0.03428571428571429 0.32047619047619047 0.02857142857142857 0.029523809523809525
4 0.04214285714285714 0.3271428571428571 0.02857142857142857 0.029523809523809525
4 0.0375 0.27714285714285714 0.019285714285714285 0.02095238095238095
5 0.019642857142857142 0.2795238095238095 0.039285714285714285 0.03333333333333333
3 0.05392857142857143 0.3080952380952381 0.03214285714285714 0.023809523809523808
3 0.075 0.27904761904761904 0.024285714285714285 0.01904761904761905
3 0.09285714285714286 0.27285714285714285 0.02142857142857143 0.014285714285714285
3 0.11964285714285715 0.2704761904761905 0.019285714285714285 0.013333333333333332
3 0.10964285714285714 0.26476190476190475 0.019285714285714285 0.013333333333333332
3 0.07357142857142857 0.3757142857142857 0.03142857142857143 0.021904761904761906
3 0.11071428571428571 0.38333333333333336 0.05142857142857143 0.02761904761904762
5 0.13642857142857143 0.37142857142857144 0.06285714285714286 0.03428571428571429
8 0.13035714285714287 0.35285714285714287 0.13214285714285715 0.054285714285714284
3 0.12821428571428573 0.3295238095238095 0.030714285714285715 0.03428571428571429
3 0.1492857142857143 0.3314285714285714 0.025714285714285714 0.024761904761904763
3 0.17357142857142857 0.3314285714285714 0.03 0.026666666666666665
3 0.20107142857142857 0.3252380952380952 0.023571428571428573 0.02
3 0.19071428571428573 0.36952380952380953 0.032857142857142856 0.024761904761904763
3 0.20142857142857143 0.3628571428571429 0.03571428571428571 0.022857142857142857
3 0.2257142857142857 0.3233333333333333 0.02142857142857143 0.023809523809523808
3 0.24857142857142858 0.31952380952380954 0.025714285714285714 0.021904761904761906
3 0.22464285714285714 0.38571428571428573 0.04214285714285714 0.030476190476190476
3 0.21607142857142858 0.37476190476190474 0.04071428571428572 0.02761904761904762
3 0.2525 0.36857142857142855 0.04642857142857143 0.02857142857142857
4 0.2592857142857143 0.35285714285714287 0.05285714285714286 0.02761904761904762
0 0.21892857142857142 0.3485714285714286 0.005 0.01904761904761905
0 0.2257142857142857 0.34904761904761905 0.008571428571428572 0.021904761904761906
0 0.2742857142857143 0.32095238095238093 0.007142857142857143 0.01904761904761905
0 0.2792857142857143 0.31857142857142856 0.007142857142857143 0.018095238095238095
3 0.3107142857142857 0.33 0.04428571428571428 0.023809523809523808
3 0.33214285714285713 0.3404761904761905 0.04 0.025714285714285714
4 0.31607142857142856 0.34809523809523807 0.04357142857142857 0.03142857142857143
4 0.32607142857142857 0.35714285714285715 0.052142857142857144 0.030476190476190476
3 0.27464285714285713 0.37333333333333335 0.052142857142857144 0.030476190476190476
4 0.2907142857142857 0.38095238095238093 0.04428571428571428 0.030476190476190476
3 0.3628571428571429 0.37666666666666665 0.054285714285714284 0.02761904761904762
3 0.3732142857142857 0.34714285714285714 0.047857142857142855 0.023809523809523808
3 0.3367857142857143 0.31 0.019285714285714285 0.025714285714285714
4 0.3717857142857143 0.30666666666666664 0.019285714285714285 0.030476190476190476
0 0.3196428571428571 0.3157142857142857 0.005 0.014285714285714285
0 0.3125 0.32285714285714284 0.005 0.017142857142857144
3 0.26107142857142857 0.3109523809523809 0.015 0.01619047619047619
0 0.24928571428571428 0.32285714285714284 0.008571428571428572 0.022857142857142857
3 0.4085714285714286 0.34904761904761905 0.047142857142857146 0.02761904761904762
8 0.42678571428571427 0.32095238095238093 0.11357142857142857 0.049523809523809526
3 0.5296428571428572 0.34714285714285714 0.04214285714285714 0.025714285714285714
3 0.5071428571428571 0.3319047619047619 0.041428571428571426 0.023809523809523808
4 0.4992857142857143 0.30952380952380953 0.03571428571428571 0.024761904761904763
4 0.51 0.3219047619047619 0.03857142857142857 0.024761904761904763
3 0.5160714285714286 0.2957142857142857 0.019285714285714285 0.023809523809523808
3 0.5467857142857143 0.3357142857142857 0.04214285714285714 0.023809523809523808
3 0.5867857142857142 0.35095238095238096 0.04357142857142857 0.025714285714285714
3 0.5692857142857143 0.3261904761904762 0.037142857142857144 0.021904761904761906
3 0.5817857142857142 0.3161904761904762 0.03357142857142857 0.02095238095238095
3 0.5989285714285715 0.33714285714285713 0.04214285714285714 0.024761904761904763
3 0.6121428571428571 0.32761904761904764 0.041428571428571426 0.024761904761904763
3 0.5385714285714286 0.29 0.02 0.023809523809523808
3 0.5757142857142857 0.30142857142857143 0.037142857142857144 0.02
3 0.5735714285714286 0.28523809523809524 0.015714285714285715 0.018095238095238095
0 0.5364285714285715 0.2985714285714286 0.005714285714285714 0.02
0 0.5325 0.29714285714285715 0.0064285714285714285 0.01904761904761905
0 0.5407142857142857 0.29714285714285715 0.008571428571428572 0.02095238095238095
3 0.6542857142857142 0.33904761904761904 0.047142857142857146 0.030476190476190476
3 0.6307142857142857 0.3161904761904762 0.04428571428571428 0.024761904761904763
3 0.6260714285714286 0.29523809523809524 0.04214285714285714 0.01904761904761905
3 0.6328571428571429 0.28476190476190477 0.03857142857142857 0.01904761904761905
3 0.65 0.3061904761904762 0.04 0.023809523809523808
5 0.685 0.30142857142857143 0.05714285714285714 0.039047619047619046
3 0.675 0.32142857142857145 0.045714285714285714 0.025714285714285714
3 0.6642857142857143 0.33380952380952383 0.04428571428571428 0.029523809523809525
3 0.6553571428571429 0.29428571428571426 0.03357142857142857 0.026666666666666665
3 0.7210714285714286 0.3342857142857143 0.04928571428571429 0.026666666666666665
3 0.7325 0.32476190476190475 0.04357142857142857 0.026666666666666665
3 0.7342857142857143 0.31857142857142856 0.04428571428571428 0.02761904761904762
3 0.7871428571428571 0.3271428571428571 0.05142857142857143 0.02761904761904762
3 0.7882142857142858 0.3157142857142857 0.04357142857142857 0.02761904761904762
3 0.7814285714285715 0.31 0.05 0.03333333333333333
3 0.7464285714285714 0.3061904761904762 0.03857142857142857 0.025714285714285714
4 0.6846428571428571 0.27476190476190476 0.03785714285714286 0.025714285714285714
3 0.6992857142857143 0.26857142857142857 0.03142857142857143 0.024761904761904763
4 0.7153571428571428 0.24619047619047618 0.02642857142857143 0.02
3 0.7060714285714286 0.23761904761904762 0.030714285714285715 0.02
3 0.7428571428571429 0.23285714285714285 0.012857142857142857 0.01619047619047619
3 0.7460714285714286 0.22857142857142856 0.010714285714285714 0.015238095238095238
3 0.7625 0.2604761904761905 0.015 0.018095238095238095
3 0.7667857142857143 0.23952380952380953 0.013571428571428571 0.014285714285714285
3 0.7796428571428572 0.26095238095238094 0.015 0.02095238095238095
3 0.7785714285714286 0.2438095238095238 0.011428571428571429 0.015238095238095238
3 0.7803571428571429 0.23809523809523808 0.012142857142857143 0.015238095238095238
3 0.7814285714285715 0.23095238095238096 0.011428571428571429 0.01619047619047619
3 0.7807142857142857 0.2261904761904762 0.011428571428571429 0.012380952380952381
3 0.7517857142857143 0.22238095238095237 0.010714285714285714 0.014285714285714285
4 0.7682142857142857 0.21523809523809523 0.010714285714285714 0.017142857142857144
0 0.7960714285714285 0.23666666666666666 0.005 0.01619047619047619
3 0.8007142857142857 0.23476190476190475 0.012857142857142857 0.014285714285714285
3 0.8164285714285714 0.24714285714285714 0.014285714285714285 0.018095238095238095
3 0.8178571428571428 0.2680952380952381 0.022857142857142857 0.02
3 0.8071428571428572 0.27714285714285714 0.017142857142857144 0.01904761904761905
9 0.8657142857142857 0.259047619047619 0.007142857142857143 0.011428571428571429
8 0.7535714285714286 0.28904761904761905 0.09571428571428571 0.06380952380952382
3 0.8571428571428571 0.31857142857142856 0.045714285714285714 0.03333333333333333
4 0.8428571428571429 0.31 0.045714285714285714 0.037142857142857144
3 0.8328571428571429 0.29904761904761906 0.041428571428571426 0.02857142857142857
1 0.8542857142857143 0.28095238095238095 0.005714285714285714 0.017142857142857144
9 0.8532142857142857 0.2842857142857143 0.015 0.012380952380952381
3 0.8664285714285714 0.2838095238095238 0.02857142857142857 0.01904761904761905
3 0.8917857142857143 0.30666666666666664 0.04642857142857143 0.026666666666666665
3 0.8889285714285714 0.3 0.04357142857142857 0.022857142857142857
3 0.89 0.2885714285714286 0.04428571428571428 0.022857142857142857
3 0.9714285714285714 0.30238095238095236 0.04285714285714286 0.021904761904761906
3 0.9510714285714286 0.2985714285714286 0.04214285714285714 0.023809523809523808
3 0.9453571428571429 0.29095238095238096 0.04642857142857143 0.021904761904761906
4 0.9442857142857143 0.2823809523809524 0.037142857142857144 0.02761904761904762
4 0.94 0.27714285714285714 0.04 0.02857142857142857
3 0.9810714285714286 0.27095238095238094 0.03785714285714286 0.023809523809523808
3 0.9832142857142857 0.28 0.03357142857142857 0.01904761904761905
3 0.9839285714285714 0.28523809523809524 0.030714285714285715 0.029523809523809525
0 0.81 0.22714285714285715 0.004285714285714286 0.01619047619047619
0 0.8875 0.2519047619047619 0.005 0.014285714285714285
