3 0.32857142857142857 0.7876190476190477 0.06428571428571428 0.13904761904761906
3 0.2960714285714286 0.6476190476190476 0.056428571428571425 0.11047619047619048
3 0.2782142857142857 0.5276190476190477 0.05357142857142857 0.11047619047619048
3 0.24964285714285714 0.42095238095238097 0.04928571428571429 0.08952380952380952
3 0.22964285714285715 0.28904761904761905 0.035 0.06380952380952382
3 0.20464285714285715 0.1680952380952381 0.03214285714285714 0.05238095238095238
3 0.28035714285714286 0.1523809523809524 0.03214285714285714 0.05523809523809524
3 0.4082142857142857 0.29714285714285715 0.04071428571428572 0.06285714285714286
3 0.8789285714285714 0.4580952380952381 0.08357142857142857 0.09142857142857143
3 0.7939285714285714 0.379047619047619 0.06642857142857143 0.06666666666666667
3 0.7296428571428571 0.31047619047619046 0.062142857142857146 0.05714285714285714
3 0.6707142857142857 0.24857142857142858 0.05857142857142857 0.05523809523809524
3 0.6267857142857143 0.1961904761904762 0.04357142857142857 0.04380952380952381
3 0.5353571428571429 0.09761904761904762 0.03642857142857143 0.03333333333333333
3 0.5053571428571428 0.09619047619047619 0.03214285714285714 0.03428571428571429
3 0.4667857142857143 0.06428571428571428 0.04071428571428572 0.03142857142857143
3 0.5771428571428572 0.1 0.03571428571428571 0.045714285714285714
3 0.6289285714285714 0.09285714285714286 0.02214285714285714 0.035238095238095235
3 0.6642857142857143 0.11047619047619048 0.02857142857142857 0.0419047619047619
3 0.8435714285714285 0.18761904761904763 0.05714285714285714 0.04
3 0.5210714285714285 0.8795238095238095 0.12642857142857142 0.15714285714285714
3 0.43 0.6047619047619047 0.09714285714285714 0.09142857142857143
3 0.3775 0.4461904761904762 0.08071428571428571 0.07523809523809524
3 0.3489285714285714 0.3819047619047619 0.06928571428571428 0.07238095238095238
3 0.5703571428571429 0.7433333333333333 0.07928571428571428 0.1457142857142857
3 0.5 0.5904761904761905 0.07285714285714286 0.12
3 0.4521428571428571 0.4757142857142857 0.06285714285714286 0.09047619047619047
3 0.3889285714285714 0.3376190476190476 0.04214285714285714 0.06571428571428571
3 0.6528571428571428 0.9166666666666666 0.10285714285714286 0.16476190476190475
3 0.9617857142857142 0.569047619047619 0.07642857142857143 0.11333333333333333
3 0.9746428571428571 0.4847619047619048 0.05071428571428571 0.09714285714285714
3 0.9746428571428571 0.31857142857142856 0.05071428571428571 0.054285714285714284
3 0.30785714285714283 0.014285714285714285 0.024285714285714285 0.02857142857142857
4 0.31035714285714283 0.25952380952380955 0.03642857142857143 0.08285714285714285
4 0.32857142857142857 0.31523809523809526 0.06142857142857143 0.05904761904761905
4 0.3578571428571429 0.26142857142857145 0.041428571428571426 0.07714285714285714
4 0.42 0.38761904761904764 0.04857142857142857 0.0838095238095238
3 0.365 0.9519047619047619 0.08 0.09619047619047619
5 0.08928571428571429 0.38142857142857145 0.06142857142857143 0.12857142857142856
5 0.4853571428571429 0.0380952380952381 0.03642857142857143 0.0419047619047619
4 0.4617857142857143 0.02142857142857143 0.03642857142857143 0.029523809523809525
3 0.4589285714285714 0.04238095238095238 0.030714285714285715 0.029523809523809525
3 0.5096428571428572 0.06952380952380953 0.030714285714285715 0.030476190476190476
3 0.5978571428571429 0.09428571428571429 0.03 0.04380952380952381
3 0.6539285714285714 0.17952380952380953 0.04214285714285714 0.04857142857142857
3 0.685 0.17142857142857143 0.045714285714285714 0.049523809523809526
3 0.7135714285714285 0.21428571428571427 0.06285714285714286 0.049523809523809526
3 0.7521428571428571 0.2633333333333333 0.07142857142857142 0.04666666666666667
3 0.7892857142857143 0.2966666666666667 0.05714285714285714 0.05047619047619047
3 0.8364285714285714 0.34904761904761905 0.06 0.04666666666666667
3 0.8796428571428572 0.3680952380952381 0.05071428571428571 0.06571428571428571
3 0.9178571428571428 0.4166666666666667 0.08857142857142856 0.058095238095238096
3 0.9432142857142857 0.29285714285714287 0.06357142857142857 0.04857142857142857
3 0.7728571428571429 0.15095238095238095 0.05142857142857143 0.039047619047619046
3 0.7532142857142857 0.13523809523809524 0.04928571428571429 0.0419047619047619
3 0.7321428571428571 0.12047619047619047 0.047142857142857146 0.035238095238095235
4 0.8210714285714286 0.31047619047619046 0.056428571428571425 0.06095238095238095
4 0.5617857142857143 0.18333333333333332 0.039285714285714285 0.05047619047619047
3 0.3157142857142857 0.1361904761904762 0.02857142857142857 0.05333333333333333
3 0.29714285714285715 0.11142857142857143 0.025714285714285714 0.0419047619047619
3 0.28285714285714286 0.08 0.027142857142857142 0.04
3 0.2739285714285714 0.05333333333333333 0.025 0.03428571428571429
3 0.2675 0.027142857142857142 0.025 0.039047619047619046
3 0.26357142857142857 0.12142857142857143 0.03428571428571429 0.040952380952380955
3 0.25214285714285717 0.1 0.037142857142857144 0.03238095238095238
3 0.23785714285714285 0.07809523809523809 0.027142857142857142 0.0380952380952381
3 0.22678571428571428 0.032857142857142856 0.025 0.03142857142857143
3 0.19178571428571428 0.13380952380952382 0.030714285714285715 0.04476190476190476
3 0.19107142857142856 0.10142857142857142 0.029285714285714286 0.04857142857142857
3 0.18285714285714286 0.0761904761904762 0.027142857142857142 0.03238095238095238
3 0.18 0.055714285714285716 0.025714285714285714 0.039047619047619046
4 0.17107142857142857 0.025238095238095237 0.027857142857142858 0.04285714285714286
0 0.12214285714285714 0.2638095238095238 0.018571428571428572 0.0380952380952381
1 0.09107142857142857 0.2885714285714286 0.017857142857142856 0.03238095238095238
1 0.10892857142857143 0.2823809523809524 0.013571428571428571 0.023809523809523808
1 0.33321428571428574 0.10380952380952381 0.009285714285714286 0.01904761904761905
2 0.335 0.11333333333333333 0.008571428571428572 0.024761904761904763
9 0.12464285714285714 0.19476190476190477 0.016428571428571428 0.03333333333333333
9 0.11607142857142858 0.16047619047619047 0.019285714285714285 0.029523809523809525
9 0.13607142857142857 0.12857142857142856 0.015 0.026666666666666665
9 0.053214285714285714 0.12428571428571429 0.017857142857142856 0.02761904761904762
9 0.15678571428571428 0.1438095238095238 0.013571428571428571 0.02857142857142857
2 0.15428571428571428 0.2019047619047619 0.02142857142857143 0.01904761904761905
9 0.9135714285714286 0.21666666666666667 0.02 0.02
2 0.9821428571428571 0.2633333333333333 0.018571428571428572 0.025714285714285714
0 0.9775 0.2923809523809524 0.012142857142857143 0.03238095238095238
0 0.9889285714285714 0.2904761904761905 0.010714285714285714 0.03238095238095238
