8 0.22178571428571428 0.8990476190476191 0.205 0.19428571428571428
3 0.1925 0.731904761904762 0.11785714285714285 0.19523809523809524
3 0.0225 0.30714285714285716 0.045 0.05238095238095238
3 0.03892857142857143 0.26476190476190475 0.07785714285714286 0.05333333333333333
3 0.044642857142857144 0.2261904761904762 0.085 0.04857142857142857
3 0.07071428571428572 0.2 0.07142857142857142 0.05523809523809524
3 0.10785714285714286 0.17809523809523808 0.08428571428571428 0.047619047619047616
3 0.12678571428571428 0.15 0.08785714285714286 0.05047619047619047
3 0.16071428571428573 0.11238095238095239 0.05857142857142857 0.0380952380952381
3 0.18 0.09142857142857143 0.05857142857142857 0.03619047619047619
3 0.18964285714285714 0.07571428571428572 0.065 0.035238095238095235
3 0.2317857142857143 0.035238095238095235 0.062142857142857146 0.03428571428571429
3 0.24357142857142858 0.023333333333333334 0.06142857142857143 0.035238095238095235
3 0.2625 0.012857142857142857 0.047857142857142855 0.025714285714285714
2 0.05714285714285714 0.14476190476190476 0.024285714285714285 0.026666666666666665
2 0.1357142857142857 0.07142857142857142 0.012857142857142857 0.022857142857142857
3 0.22214285714285714 0.2138095238095238 0.05857142857142857 0.06571428571428571
3 0.17857142857142858 0.38904761904761903 0.08 0.11142857142857143
3 0.3221428571428571 0.30095238095238097 0.06 0.08571428571428572
3 0.2810714285714286 0.2123809523809524 0.04642857142857143 0.07428571428571429
4 0.2621428571428571 0.12904761904761905 0.06142857142857143 0.07904761904761905
3 0.3082142857142857 0.15523809523809523 0.03642857142857143 0.05904761904761905
3 0.29214285714285715 0.09904761904761905 0.03428571428571429 0.04380952380952381
3 0.3275 0.10857142857142857 0.03642857142857143 0.05523809523809524
3 0.3132142857142857 0.05714285714285714 0.030714285714285715 0.03428571428571429
3 0.3485714285714286 0.0719047619047619 0.032857142857142856 0.04476190476190476
3 0.3289285714285714 0.02857142857142857 0.030714285714285715 0.03428571428571429
3 0.3610714285714286 0.04285714285714286 0.03214285714285714 0.04
3 0.37892857142857145 0.01380952380952381 0.019285714285714285 0.02761904761904762
4 0.4089285714285714 0.007142857142857143 0.025 0.014285714285714285
0 0.38142857142857145 0.024761904761904763 0.008571428571428572 0.030476190476190476
0 0.3075 0.011428571428571429 0.009285714285714286 0.022857142857142857
3 0.4257142857142857 0.05476190476190476 0.03428571428571429 0.04666666666666667
3 0.3917857142857143 0.1357142857142857 0.04071428571428572 0.058095238095238096
3 0.43357142857142855 0.1980952380952381 0.04 0.0761904761904762
5 0.39107142857142857 0.3180952380952381 0.06785714285714285 0.15619047619047619
3 0.49964285714285717 0.16952380952380952 0.035 0.07809523809523809
3 0.5528571428571428 0.0838095238095238 0.02857142857142857 0.047619047619047616
4 0.6046428571428571 0.015714285714285715 0.02642857142857143 0.03142857142857143
3 0.65 0.023333333333333334 0.045714285714285714 0.039047619047619046
3 0.6178571428571429 0.054285714285714284 0.024285714285714285 0.03619047619047619
3 0.6553571428571429 0.047142857142857146 0.02214285714285714 0.035238095238095235
3 0.6242857142857143 0.08904761904761904 0.03142857142857143 0.040952380952380955
3 0.6639285714285714 0.08142857142857143 0.027857142857142858 0.039047619047619046
3 0.6307142857142857 0.13047619047619047 0.03 0.045714285714285714
3 0.6710714285714285 0.13285714285714287 0.035 0.05619047619047619
3 0.6471428571428571 0.2509523809523809 0.05 0.06952380952380953
3 0.6371428571428571 0.19095238095238096 0.03857142857142857 0.054285714285714284
0 0.6664285714285715 0.2895238095238095 0.014285714285714285 0.0380952380952381
6 0.6385714285714286 0.3342857142857143 0.032857142857142856 0.06095238095238095
0 0.6525 0.33380952380952383 0.012142857142857143 0.02
3 0.5875 0.3585714285714286 0.065 0.09428571428571429
0 0.6853571428571429 0.013333333333333332 0.009285714285714286 0.026666666666666665
0 0.7025 0.03 0.007857142857142858 0.029523809523809525
2 0.7071428571428572 0.037142857142857144 0.007142857142857143 0.02857142857142857
0 0.7157142857142857 0.08714285714285715 0.008571428571428572 0.03333333333333333
9 0.7739285714285714 0.06619047619047619 0.012142857142857143 0.02761904761904762
3 0.7575 0.08619047619047619 0.02642857142857143 0.039047619047619046
3 0.7653571428571428 0.1280952380952381 0.035 0.05238095238095238
3 0.7739285714285714 0.18285714285714286 0.045 0.05714285714285714
0 0.7614285714285715 0.26285714285714284 0.01 0.04380952380952381
0 0.7742857142857142 0.26 0.011428571428571429 0.05333333333333333
3 0.8339285714285715 0.27666666666666667 0.08642857142857142 0.07333333333333333
3 0.8975 0.30952380952380953 0.08357142857142857 0.08
0 0.8553571428571428 0.379047619047619 0.02214285714285714 0.05714285714285714
6 0.8867857142857143 0.40904761904761905 0.04357142857142857 0.040952380952380955
0 0.7985714285714286 0.4980952380952381 0.024285714285714285 0.06095238095238095
0 0.8275 0.4757142857142857 0.015 0.05619047619047619
0 0.7492857142857143 0.47714285714285715 0.02 0.05523809523809524
0 0.7625 0.48428571428571426 0.015 0.040952380952380955
0 0.8110714285714286 0.46285714285714286 0.019285714285714285 0.047619047619047616
0 0.9857142857142858 0.5995238095238096 0.02857142857142857 0.06
