4 0.17719206680584548 0.050556586270871985 0.07254697286012525 0.10111317254174397
3 0.05793319415448851 0.2680890538033395 0.09081419624217119 0.08534322820037106
3 0.3778705636743215 0.2782931354359926 0.06993736951983298 0.1521335807050093
3 0.17667014613778703 0.648886827458256 0.06941544885177452 0.06957328385899815
1 0.24243215031315238 0.5264378478664193 0.022442588726513567 0.030612244897959183
1 0.33585594989561585 0.648886827458256 0.019311064718162838 0.0287569573283859
9 0.2455636743215031 0.5264378478664193 0.03705636743215031 0.036178107606679034
9 0.33898747390396655 0.648886827458256 0.03705636743215031 0.02504638218923933
0 0.1944154488517745 0.8821892393320965 0.020354906054279746 0.027829313543599257
4 0.4689457202505219 0.6646567717996289 0.05167014613778705 0.049165120593692026
3 0.4454592901878914 0.4619666048237477 0.0882045929018789 0.0705009276437848
1 0.48460334029227553 0.5626159554730983 0.016179540709812108 0.021335807050092765
2 0.485125260960334 0.5616883116883117 0.028705636743215027 0.0176252319109462
1 0.4947807933194154 0.3362708719851577 0.015657620041753653 0.03246753246753247
9 0.49243215031315235 0.33766233766233766 0.03079331941544885 0.03153988868274583
1 0.6923277661795406 0.3775510204081633 0.017223382045929016 0.029684601113172542
1 0.7205114822546972 0.4230055658627087 0.01826722338204593 0.022263450834879406
9 0.7173799582463465 0.4225417439703154 0.013048016701461376 0.049165120593692026
9 0.690501043841336 0.37894248608534326 0.014613778705636741 0.05473098330241188
9 0.8744780793319414 0.020408163265306124 0.020354906054279746 0.04081632653061225
9 0.5968162839248433 0.5816326530612245 0.028705636743215027 0.05380333951762523
0 0.7912317327766178 0.5987940630797773 0.018789144050104383 0.03432282003710575
3 0.6662317327766178 0.8956400742115028 0.05375782881002087 0.16048237476808905
9 0.7079853862212943 0.9689239332096475 0.025574112734864297 0.06029684601113173
6 0.9608559498956157 0.29962894248608535 0.038622129436325675 0.10018552875695733
