3 0.26071428571428573 0.7223809523809523 0.05 0.08476190476190476
3 0.18464285714285714 0.7366666666666667 0.045 0.08095238095238096
3 0.10357142857142858 0.839047619047619 0.08428571428571428 0.12571428571428572
3 0.11142857142857143 0.680952380952381 0.05142857142857143 0.08571428571428572
3 0.22785714285714287 0.5395238095238095 0.032857142857142856 0.04476190476190476
3 0.17785714285714285 0.5133333333333333 0.027142857142857142 0.0380952380952381
3 0.12 0.49 0.02857142857142857 0.039047619047619046
3 0.45071428571428573 0.6109523809523809 0.07571428571428572 0.04857142857142857
3 0.3539285714285714 0.5185714285714286 0.03642857142857143 0.04476190476190476
3 0.27785714285714286 0.48095238095238096 0.03 0.030476190476190476
3 0.8171428571428572 0.7338095238095238 0.07857142857142857 0.06380952380952382
3 0.685 0.67 0.07285714285714286 0.04476190476190476
3 0.8671428571428571 0.6166666666666667 0.05857142857142857 0.040952380952380955
3 0.9425 0.590952380952381 0.05071428571428571 0.037142857142857144
3 0.1775 0.4338095238095238 0.023571428571428573 0.02761904761904762
3 0.1767857142857143 0.3323809523809524 0.015 0.01904761904761905
3 0.06857142857142857 0.4014285714285714 0.022857142857142857 0.023809523809523808
3 0.08785714285714286 0.6152380952380953 0.05142857142857143 0.06857142857142857
4 0.13214285714285715 0.4066666666666667 0.017142857142857144 0.03428571428571429
4 0.21107142857142858 0.4442857142857143 0.023571428571428573 0.039047619047619046
4 0.5214285714285715 0.57 0.04285714285714286 0.04285714285714286
3 0.4853571428571429 0.5580952380952381 0.060714285714285714 0.03619047619047619
3 0.47464285714285714 0.5395238095238095 0.05785714285714286 0.03333333333333333
3 0.6321428571428571 0.5766666666666667 0.05714285714285714 0.04476190476190476
5 0.62 0.6233333333333333 0.09428571428571429 0.06761904761904762
0 0.5589285714285714 0.6219047619047618 0.009285714285714286 0.03428571428571429
0 0.5717857142857142 0.6190476190476191 0.012142857142857143 0.02857142857142857
1 0.5853571428571429 0.6147619047619047 0.010714285714285714 0.01619047619047619
0 0.5910714285714286 0.6157142857142857 0.009285714285714286 0.03333333333333333
3 0.6996428571428571 0.5595238095238095 0.05357142857142857 0.04285714285714286
0 0.44785714285714284 0.47523809523809524 0.008571428571428572 0.026666666666666665
0 0.018571428571428572 0.628095238095238 0.015714285714285715 0.04285714285714286
3 0.42714285714285716 0.4676190476190476 0.045714285714285714 0.022857142857142857
3 0.41785714285714287 0.45666666666666667 0.041428571428571426 0.025714285714285714
3 0.39071428571428574 0.42238095238095236 0.04285714285714286 0.021904761904761906
3 0.3867857142857143 0.4123809523809524 0.039285714285714285 0.022857142857142857
3 0.25892857142857145 0.43523809523809526 0.023571428571428573 0.024761904761904763
2 0.25107142857142856 0.4542857142857143 0.009285714285714286 0.01904761904761905
1 0.25107142857142856 0.4461904761904762 0.007857142857142858 0.018095238095238095
3 0.32321428571428573 0.4742857142857143 0.027857142857142858 0.03428571428571429
3 0.22857142857142856 0.3138095238095238 0.011428571428571429 0.012380952380952381
3 0.22071428571428572 0.30047619047619045 0.01 0.010476190476190476
3 0.21571428571428572 0.2876190476190476 0.01 0.009523809523809525
3 0.2092857142857143 0.27666666666666667 0.007142857142857143 0.008571428571428572
3 0.18178571428571427 0.28523809523809524 0.010714285714285714 0.010476190476190476
3 0.15964285714285714 0.2623809523809524 0.016428571428571428 0.008571428571428572
3 0.18785714285714286 0.23476190476190475 0.005714285714285714 0.006666666666666666
3 0.18571428571428572 0.22666666666666666 0.004285714285714286 0.005714285714285714
3 0.17857142857142858 0.22238095238095237 0.004285714285714286 0.006666666666666666
3 0.15 0.22285714285714286 0.004285714285714286 0.005714285714285714
3 0.13535714285714287 0.2652380952380952 0.009285714285714286 0.008571428571428572
3 0.1407142857142857 0.2523809523809524 0.007142857142857143 0.007619047619047619
3 0.09392857142857143 0.3233333333333333 0.013571428571428571 0.01619047619047619
4 0.1 0.3138095238095238 0.02142857142857143 0.018095238095238095
3 0.10642857142857143 0.2995238095238095 0.012857142857142857 0.01619047619047619
3 0.11285714285714285 0.29523809523809524 0.011428571428571429 0.011428571428571429
4 0.1175 0.28714285714285714 0.013571428571428571 0.01619047619047619
0 0.1982142857142857 0.27380952380952384 0.0035714285714285713 0.010476190476190476
0 0.19535714285714287 0.2742857142857143 0.0035714285714285713 0.009523809523809525
0 0.13785714285714284 0.2776190476190476 0.004285714285714286 0.008571428571428572
6 0.14714285714285713 0.2661904761904762 0.005714285714285714 0.010476190476190476
3 0.18714285714285714 0.21904761904761905 0.004285714285714286 0.005714285714285714
3 0.17857142857142858 0.21428571428571427 0.004285714285714286 0.005714285714285714
1 0.06 0.4247619047619048 0.008571428571428572 0.017142857142857144
9 0.06035714285714286 0.43142857142857144 0.010714285714285714 0.01904761904761905
0 0.007142857142857143 0.4280952380952381 0.008571428571428572 0.02761904761904762
9 0.3796428571428571 0.4452380952380952 0.015 0.01619047619047619
2 0.48964285714285716 0.5104761904761905 0.009285714285714286 0.01904761904761905
