1 0.1625 0.9219047619047619 0.025 0.0419047619047619
1 0.17785714285714285 0.9114285714285715 0.02 0.0419047619047619
1 0.26964285714285713 0.6680952380952381 0.015 0.037142857142857144
1 0.42892857142857144 0.6076190476190476 0.013571428571428571 0.0380952380952381
1 0.7071428571428572 0.7428571428571429 0.02142857142857143 0.02857142857142857
1 0.5532142857142857 0.7080952380952381 0.019285714285714285 0.04666666666666667
1 0.35642857142857143 0.5471428571428572 0.011428571428571429 0.029523809523809525
1 0.61 0.17809523809523808 0.002857142857142857 0.005714285714285714
9 0.6107142857142858 0.1823809523809524 0.005714285714285714 0.012380952380952381
9 0.16785714285714284 0.9428571428571428 0.04428571428571428 0.06476190476190476
2 0.27071428571428574 0.6828571428571428 0.02142857142857143 0.04
2 0.3557142857142857 0.5571428571428572 0.015714285714285715 0.026666666666666665
2 0.5528571428571428 0.7204761904761905 0.03142857142857143 0.03333333333333333
9 0.42714285714285716 0.6247619047619047 0.015714285714285715 0.0380952380952381
7 0.7078571428571429 0.7638095238095238 0.04 0.049523809523809526
0 0.5475 0.6704761904761904 0.009285714285714286 0.04380952380952381
0 0.2892857142857143 0.5028571428571429 0.014285714285714285 0.030476190476190476
0 0.7557142857142857 0.7719047619047619 0.02142857142857143 0.06761904761904762
0 0.7889285714285714 0.7323809523809524 0.017857142857142856 0.05714285714285714
4 0.7817857142857143 0.5319047619047619 0.045 0.07333333333333333
4 0.8282142857142857 0.4514285714285714 0.04214285714285714 0.06476190476190476
3 0.8803571428571428 0.4780952380952381 0.045 0.05714285714285714
3 0.7585714285714286 0.4657142857142857 0.04428571428571428 0.049523809523809526
3 0.79 0.42428571428571427 0.03 0.039047619047619046
3 0.575 0.3433333333333333 0.02142857142857143 0.03142857142857143
3 0.8132142857142857 0.38047619047619047 0.03357142857142857 0.04666666666666667
3 0.9160714285714285 0.2480952380952381 0.016428571428571428 0.018095238095238095
3 0.9664285714285714 0.20333333333333334 0.012857142857142857 0.01619047619047619
3 0.8532142857142857 0.39904761904761904 0.03357142857142857 0.047619047619047616
3 0.805 0.3485714285714286 0.03142857142857143 0.02857142857142857
3 0.66 0.2557142857142857 0.037142857142857144 0.02
0 0.6964285714285714 0.28285714285714286 0.004285714285714286 0.02095238095238095
0 0.6407142857142857 0.2561904761904762 0.004285714285714286 0.017142857142857144
0 0.6917857142857143 0.23 0.0035714285714285713 0.01619047619047619
0 0.9857142857142858 0.18428571428571427 0.005714285714285714 0.014285714285714285
3 0.9460714285714286 0.17714285714285713 0.009285714285714286 0.013333333333333332
3 0.9578571428571429 0.1657142857142857 0.01 0.015238095238095238
3 0.9471428571428572 0.12761904761904763 0.011428571428571429 0.007619047619047619
4 0.6439285714285714 0.11476190476190476 0.0064285714285714285 0.008571428571428572
3 0.6246428571428572 0.11857142857142858 0.0064285714285714285 0.010476190476190476
1 0.38357142857142856 0.44761904761904764 0.007142857142857143 0.015238095238095238
0 0.40464285714285714 0.41904761904761906 0.007857142857142858 0.026666666666666665
0 0.41535714285714287 0.3761904761904762 0.012142857142857143 0.03238095238095238
0 0.4064285714285714 0.40476190476190477 0.007142857142857143 0.024761904761904763
3 0.08071428571428571 0.3619047619047619 0.05142857142857143 0.01904761904761905
3 0.10142857142857142 0.35095238095238096 0.054285714285714284 0.02
3 0.12285714285714286 0.3385714285714286 0.05142857142857143 0.021904761904761906
3 0.1492857142857143 0.3019047619047619 0.03571428571428571 0.026666666666666665
3 0.15678571428571428 0.3238095238095238 0.04071428571428572 0.024761904761904763
3 0.1717857142857143 0.29285714285714287 0.027857142857142858 0.021904761904761906
9 0.12357142857142857 0.31333333333333335 0.007142857142857143 0.013333333333333332
1 0.38392857142857145 0.39476190476190476 0.007857142857142858 0.01619047619047619
2 0.4635714285714286 0.33666666666666667 0.02 0.01619047619047619
2 0.4714285714285714 0.32095238095238093 0.014285714285714285 0.01904761904761905
2 0.46714285714285714 0.3314285714285714 0.017142857142857144 0.01904761904761905
0 0.49357142857142855 0.38904761904761903 0.007142857142857143 0.03142857142857143
0 0.4835714285714286 0.31857142857142856 0.004285714285714286 0.018095238095238095
4 0.49214285714285716 0.3457142857142857 0.03571428571428571 0.04380952380952381
4 0.5492857142857143 0.3295238095238095 0.03428571428571429 0.06666666666666667
3 0.5725 0.2633333333333333 0.023571428571428573 0.02761904761904762
3 0.575 0.24857142857142858 0.002857142857142857 0.011428571428571429
3 0.5517857142857143 0.25952380952380955 0.016428571428571428 0.02761904761904762
3 0.56 0.24428571428571427 0.015714285714285715 0.018095238095238095
3 0.5142857142857142 0.31476190476190474 0.027142857142857142 0.039047619047619046
3 0.5332142857142858 0.29714285714285715 0.015 0.02095238095238095
3 0.49892857142857144 0.28904761904761905 0.02214285714285714 0.04857142857142857
3 0.5257142857142857 0.2842857142857143 0.04 0.023809523809523808
4 0.5092857142857142 0.2642857142857143 0.041428571428571426 0.02761904761904762
0 0.48142857142857143 0.2733333333333333 0.004285714285714286 0.013333333333333332
3 0.4660714285714286 0.2661904761904762 0.02214285714285714 0.01619047619047619
3 0.6171428571428571 0.15047619047619049 0.005714285714285714 0.009523809523809525
3 0.6128571428571429 0.16142857142857142 0.012857142857142857 0.014285714285714285
7 0.5935714285714285 0.1976190476190476 0.007142857142857143 0.008571428571428572
0 0.5946428571428571 0.19333333333333333 0.005 0.013333333333333332
3 0.6585714285714286 0.2338095238095238 0.03428571428571429 0.018095238095238095
3 0.6585714285714286 0.22857142857142856 0.032857142857142856 0.007619047619047619
3 0.6617857142857143 0.22333333333333333 0.030714285714285715 0.010476190476190476
3 0.6639285714285714 0.21666666666666667 0.029285714285714286 0.008571428571428572
3 0.6625 0.20952380952380953 0.02642857142857143 0.015238095238095238
3 0.6632142857142858 0.20142857142857143 0.029285714285714286 0.012380952380952381
3 0.6607142857142857 0.19142857142857142 0.032857142857142856 0.013333333333333332
5 0.6096428571428572 0.14333333333333334 0.009285714285714286 0.014285714285714285
3 0.5996428571428571 0.1461904761904762 0.009285714285714286 0.010476190476190476
3 0.5867857142857142 0.16523809523809524 0.019285714285714285 0.010476190476190476
3 0.5825 0.1676190476190476 0.017857142857142856 0.011428571428571429
3 0.5828571428571429 0.1757142857142857 0.015714285714285715 0.014285714285714285
3 0.5796428571428571 0.17904761904761904 0.016428571428571428 0.013333333333333332
3 0.575 0.18333333333333332 0.014285714285714285 0.012380952380952381
0 0.6414285714285715 0.1819047619047619 0.004285714285714286 0.011428571428571429
0 0.645 0.1719047619047619 0.004285714285714286 0.010476190476190476
0 0.6357142857142857 0.1719047619047619 0.002857142857142857 0.010476190476190476
0 0.6053571428571428 0.17 0.0035714285714285713 0.014285714285714285
0 0.6103571428571428 0.16952380952380952 0.0035714285714285713 0.017142857142857144
2 0.7207142857142858 0.2833333333333333 0.017142857142857144 0.008571428571428572
