3 0.3585714285714286 0.73 0.08142857142857143 0.09619047619047619
3 0.23464285714285715 0.6395238095238095 0.07928571428571428 0.04666666666666667
3 0.12285714285714286 0.6376190476190476 0.09142857142857143 0.04476190476190476
4 0.15571428571428572 0.5814285714285714 0.09285714285714286 0.05047619047619047
3 0.24035714285714285 0.5433333333333333 0.06928571428571428 0.04285714285714286
3 0.2775 0.4942857142857143 0.06785714285714285 0.0419047619047619
3 0.32392857142857145 0.6009523809523809 0.07071428571428572 0.05523809523809524
3 0.39321428571428574 0.569047619047619 0.075 0.054285714285714284
3 0.6035714285714285 0.5942857142857143 0.07714285714285714 0.05714285714285714
3 0.5817857142857142 0.6528571428571428 0.08357142857142857 0.06
3 0.6014285714285714 0.5038095238095238 0.07857142857142857 0.0419047619047619
3 0.7703571428571429 0.6228571428571429 0.08642857142857142 0.06476190476190476
3 0.9578571428571429 0.6614285714285715 0.08428571428571428 0.054285714285714284
3 0.49392857142857144 0.34714285714285714 0.02214285714285714 0.040952380952380955
3 0.5271428571428571 0.35333333333333333 0.02 0.04
3 0.5603571428571429 0.35523809523809524 0.020714285714285713 0.045714285714285714
3 0.4932142857142857 0.2976190476190476 0.017857142857142856 0.039047619047619046
3 0.5578571428571428 0.3076190476190476 0.02 0.0380952380952381
3 0.5275 0.3180952380952381 0.020714285714285713 0.03428571428571429
3 0.49857142857142855 0.27 0.017142857142857144 0.03333333333333333
3 0.5253571428571429 0.2833333333333333 0.020714285714285713 0.035238095238095235
3 0.5528571428571428 0.2704761904761905 0.018571428571428572 0.03619047619047619
3 0.5246428571428572 0.24666666666666667 0.019285714285714285 0.03238095238095238
3 0.5017857142857143 0.23904761904761904 0.016428571428571428 0.026666666666666665
3 0.5017857142857143 0.21333333333333332 0.016428571428571428 0.022857142857142857
3 0.5032142857142857 0.18761904761904763 0.015 0.02857142857142857
3 0.5432142857142858 0.17714285714285713 0.017857142857142856 0.026666666666666665
3 0.5767857142857142 0.06904761904761905 0.009285714285714286 0.014285714285714285
3 0.5517857142857143 0.0761904761904762 0.012142857142857143 0.011428571428571429
3 0.565 0.07380952380952381 0.01 0.010476190476190476
3 0.5642857142857143 0.06619047619047619 0.008571428571428572 0.012380952380952381
3 0.5496428571428571 0.0680952380952381 0.010714285714285714 0.010476190476190476
9 0.6 0.7814285714285715 0.032857142857142856 0.02
9 0.6585714285714286 0.7690476190476191 0.03428571428571429 0.018095238095238095
9 0.7232142857142857 0.7819047619047619 0.035 0.015238095238095238
9 0.7971428571428572 0.7409523809523809 0.03142857142857143 0.01904761904761905
9 0.8839285714285714 0.7704761904761904 0.029285714285714286 0.017142857142857144
2 0.21035714285714285 0.8947619047619048 0.016428571428571428 0.03142857142857143
2 0.18107142857142858 0.9480952380952381 0.02642857142857143 0.06
1 0.18071428571428572 0.9395238095238095 0.022857142857142857 0.021904761904761906
1 0.2057142857142857 0.8738095238095238 0.02 0.025714285714285714
1 0.24142857142857144 0.7033333333333334 0.012857142857142857 0.023809523809523808
9 0.24571428571428572 0.7080952380952381 0.032857142857142856 0.02
1 0.6 0.770952380952381 0.011428571428571429 0.018095238095238095
1 0.6603571428571429 0.7609523809523809 0.012142857142857143 0.01904761904761905
1 0.7278571428571429 0.7747619047619048 0.014285714285714285 0.025714285714285714
1 0.8032142857142857 0.7338095238095238 0.015 0.025714285714285714
1 0.885 0.7633333333333333 0.014285714285714285 0.018095238095238095
1 0.9182142857142858 0.7457142857142857 0.010714285714285714 0.01904761904761905
9 0.9267857142857143 0.7490476190476191 0.029285714285714286 0.02761904761904762
1 0.9167857142857143 0.9014285714285715 0.035 0.023809523809523808
0 0.8092857142857143 0.8033333333333333 0.025714285714285714 0.03142857142857143
9 0.9189285714285714 0.9052380952380953 0.02214285714285714 0.05619047619047619
3 0.025714285714285714 0.6314285714285715 0.05 0.047619047619047616
