3 0.5128571428571429 0.7066666666666667 0.05714285714285714 0.08952380952380952
3 0.7453571428571428 0.8938095238095238 0.04642857142857143 0.12666666666666668
3 0.5689285714285715 0.580952380952381 0.03357142857142857 0.0761904761904762
3 0.5867857142857142 0.5023809523809524 0.03357142857142857 0.054285714285714284
5 0.7475 0.7557142857142857 0.05357142857142857 0.13238095238095238
3 0.7489285714285714 0.6619047619047619 0.04071428571428572 0.0761904761904762
3 0.7471428571428571 0.5857142857142857 0.03571428571428571 0.05904761904761905
3 0.7492857142857143 0.5261904761904762 0.03142857142857143 0.05238095238095238
3 0.7503571428571428 0.4657142857142857 0.029285714285714286 0.05142857142857143
3 0.6010714285714286 0.45571428571428574 0.025 0.04666666666666667
3 0.6171428571428571 0.42095238095238097 0.025714285714285714 0.045714285714285714
3 0.6314285714285715 0.3780952380952381 0.025714285714285714 0.04
3 0.6446428571428572 0.3466666666666667 0.023571428571428573 0.03428571428571429
3 0.6607142857142857 0.3138095238095238 0.02 0.03333333333333333
3 0.6742857142857143 0.2904761904761905 0.022857142857142857 0.026666666666666665
3 0.665 0.27285714285714285 0.03142857142857143 0.029523809523809525
3 0.6725 0.24095238095238095 0.03785714285714286 0.02095238095238095
3 0.6335714285714286 0.2319047619047619 0.03142857142857143 0.02
3 0.5953571428571428 0.22238095238095237 0.03214285714285714 0.021904761904761906
3 0.6907142857142857 0.23476190476190475 0.032857142857142856 0.021904761904761906
3 0.7046428571428571 0.23333333333333334 0.030714285714285715 0.01904761904761905
3 0.7135714285714285 0.22857142857142856 0.03 0.017142857142857144
3 0.7182142857142857 0.2219047619047619 0.03357142857142857 0.01904761904761905
3 0.7235714285714285 0.20857142857142857 0.027142857142857142 0.01904761904761905
3 0.7275 0.1976190476190476 0.03214285714285714 0.018095238095238095
3 0.7342857142857143 0.19 0.03 0.01619047619047619
3 0.7367857142857143 0.1823809523809524 0.02642857142857143 0.018095238095238095
3 0.7442857142857143 0.17666666666666667 0.032857142857142856 0.02
3 0.7485714285714286 0.16714285714285715 0.03 0.01619047619047619
3 0.7503571428571428 0.16285714285714287 0.030714285714285715 0.017142857142857144
3 0.7567857142857143 0.15761904761904763 0.03214285714285714 0.02
4 0.7582142857142857 0.14952380952380953 0.025 0.017142857142857144
0 0.7728571428571429 0.1538095238095238 0.005714285714285714 0.021904761904761906
3 0.7632142857142857 0.14333333333333334 0.02642857142857143 0.01619047619047619
3 0.7682142857142857 0.14095238095238094 0.027857142857142858 0.01904761904761905
3 0.7746428571428572 0.13428571428571429 0.025 0.013333333333333332
4 0.7792857142857142 0.12571428571428572 0.03 0.02095238095238095
3 0.7839285714285714 0.12 0.025 0.013333333333333332
3 0.8246428571428571 0.12761904761904763 0.017857142857142856 0.01904761904761905
3 0.7878571428571428 0.11619047619047619 0.024285714285714285 0.013333333333333332
3 0.7946428571428571 0.11 0.023571428571428573 0.014285714285714285
3 0.795 0.10428571428571429 0.022857142857142857 0.01619047619047619
3 0.7982142857142858 0.10142857142857142 0.025 0.014285714285714285
3 0.7996428571428571 0.09714285714285714 0.025 0.013333333333333332
3 0.8210714285714286 0.09857142857142857 0.016428571428571428 0.02
3 0.8053571428571429 0.08761904761904762 0.025 0.01904761904761905
3 0.8146428571428571 0.08571428571428572 0.023571428571428573 0.011428571428571429
3 0.8132142857142857 0.08142857142857143 0.023571428571428573 0.01619047619047619
3 0.8217857142857142 0.07238095238095238 0.017857142857142856 0.015238095238095238
3 0.8271428571428572 0.06142857142857143 0.02142857142857143 0.018095238095238095
3 0.8328571428571429 0.055714285714285716 0.015714285714285715 0.010476190476190476
3 0.8335714285714285 0.05142857142857143 0.017142857142857144 0.011428571428571429
3 0.8428571428571429 0.04285714285714286 0.011428571428571429 0.015238095238095238
3 0.8460714285714286 0.034761904761904765 0.009285714285714286 0.008571428571428572
0 0.8685714285714285 0.06095238095238095 0.004285714285714286 0.013333333333333332
0 0.7971428571428572 0.17714285714285713 0.005714285714285714 0.015238095238095238
3 0.7585714285714286 0.42714285714285716 0.02857142857142857 0.04857142857142857
4 0.7596428571428572 0.3823809523809524 0.04928571428571429 0.039047619047619046
0 0.6985714285714286 0.6161904761904762 0.01 0.02857142857142857
0 0.7046428571428571 0.61 0.007857142857142858 0.02761904761904762
1 0.7125 0.6257142857142857 0.015 0.02857142857142857
9 0.7128571428571429 0.6285714285714286 0.008571428571428572 0.030476190476190476
3 0.7678571428571429 0.3566666666666667 0.024285714285714285 0.035238095238095235
3 0.7728571428571429 0.3295238095238095 0.02142857142857143 0.03238095238095238
3 0.7814285714285715 0.30142857142857143 0.024285714285714285 0.03142857142857143
3 0.8160714285714286 0.2885714285714286 0.03214285714285714 0.0419047619047619
3 0.77 0.28 0.041428571428571426 0.026666666666666665
3 0.8096428571428571 0.25761904761904764 0.039285714285714285 0.025714285714285714
3 0.7992857142857143 0.23476190476190475 0.022857142857142857 0.02761904761904762
3 0.7985714285714286 0.21857142857142858 0.02142857142857143 0.025714285714285714
3 0.8110714285714286 0.20523809523809525 0.019285714285714285 0.03142857142857143
3 0.8117857142857143 0.18523809523809523 0.025 0.02
3 0.8175 0.17333333333333334 0.019285714285714285 0.02095238095238095
3 0.8214285714285714 0.1657142857142857 0.02142857142857143 0.026666666666666665
3 0.8307142857142857 0.15761904761904763 0.025714285714285714 0.02
3 0.8285714285714286 0.14666666666666667 0.03142857142857143 0.022857142857142857
3 0.8403571428571428 0.13857142857142857 0.013571428571428571 0.021904761904761906
3 0.8442857142857143 0.12571428571428572 0.014285714285714285 0.015238095238095238
3 0.8514285714285714 0.11714285714285715 0.017142857142857144 0.017142857142857144
3 0.8671428571428571 0.08857142857142856 0.024285714285714285 0.022857142857142857
3 0.8564285714285714 0.10666666666666666 0.02 0.013333333333333332
3 0.8725 0.07666666666666666 0.013571428571428571 0.01619047619047619
3 0.8753571428571428 0.06619047619047619 0.010714285714285714 0.012380952380952381
3 0.8789285714285714 0.06380952380952382 0.010714285714285714 0.015238095238095238
3 0.8817857142857143 0.055714285714285716 0.010714285714285714 0.014285714285714285
3 0.8853571428571428 0.047619047619047616 0.012142857142857143 0.009523809523809525
3 0.8539285714285715 0.025238095238095237 0.009285714285714286 0.008571428571428572
3 0.8375 0.01904761904761905 0.010714285714285714 0.009523809523809525
3 0.8075 0.008095238095238095 0.015 0.010476190476190476
3 0.8853571428571428 0.03142857142857143 0.009285714285714286 0.013333333333333332
3 0.8942857142857142 0.03380952380952381 0.012857142857142857 0.010476190476190476
3 0.8978571428571429 0.02095238095238095 0.011428571428571429 0.013333333333333332
5 0.7053571428571429 0.009047619047619047 0.017857142857142856 0.008571428571428572
