3 0.3653571428571429 0.8071428571428572 0.03214285714285714 0.07142857142857142
3 0.44785714285714284 0.6480952380952381 0.022857142857142857 0.039047619047619046
3 0.4135714285714286 0.5752380952380952 0.017142857142857144 0.03619047619047619
3 0.5125 0.4542857142857143 0.030714285714285715 0.01904761904761905
9 0.48928571428571427 0.4680952380952381 0.011428571428571429 0.01619047619047619
5 0.9292857142857143 0.5266666666666666 0.14142857142857143 0.07047619047619047
3 0.4942857142857143 0.20285714285714285 0.005714285714285714 0.007619047619047619
3 0.5121428571428571 0.18142857142857144 0.005714285714285714 0.010476190476190476
0 0.3517857142857143 0.25952380952380955 0.005 0.008571428571428572
0 0.32607142857142857 0.30857142857142855 0.0035714285714285713 0.007619047619047619
0 0.3271428571428571 0.30333333333333334 0.004285714285714286 0.006666666666666666
0 0.3271428571428571 0.30047619047619045 0.004285714285714286 0.008571428571428572
0 0.3275 0.2957142857142857 0.0035714285714285713 0.006666666666666666
0 0.3317857142857143 0.29095238095238096 0.0035714285714285713 0.008571428571428572
0 0.3335714285714286 0.2904761904761905 0.002857142857142857 0.009523809523809525
0 0.3385714285714286 0.2919047619047619 0.002857142857142857 0.008571428571428572
0 0.34035714285714286 0.2914285714285714 0.0035714285714285713 0.009523809523809525
3 0.39285714285714285 0.24619047619047618 0.011428571428571429 0.008571428571428572
0 0.315 0.2814285714285714 0.002857142857142857 0.006666666666666666
0 0.3182142857142857 0.2780952380952381 0.0035714285714285713 0.007619047619047619
0 0.325 0.2752380952380952 0.004285714285714286 0.007619047619047619
0 0.32107142857142856 0.27714285714285714 0.002142857142857143 0.009523809523809525
5 0.9317857142857143 0.5561904761904762 0.09785714285714285 0.045714285714285714
5 0.43964285714285717 0.709047619047619 0.027857142857142858 0.10571428571428572
