5 0.6135714285714285 0.4080952380952381 0.06285714285714286 0.02
8 0.30642857142857144 0.4685714285714286 0.045714285714285714 0.024761904761904763
3 0.2642857142857143 0.4180952380952381 0.02142857142857143 0.017142857142857144
3 0.18035714285714285 0.4361904761904762 0.020714285714285713 0.01904761904761905
4 0.5178571428571429 0.2319047619047619 0.012857142857142857 0.02761904761904762
3 0.5371428571428571 0.23 0.01 0.029523809523809525
4 0.6914285714285714 0.21 0.024285714285714285 0.018095238095238095
4 0.7635714285714286 0.18857142857142858 0.011428571428571429 0.03619047619047619
4 0.7621428571428571 0.11333333333333333 0.011428571428571429 0.03238095238095238
4 0.5792857142857143 0.30238095238095236 0.012857142857142857 0.035238095238095235
4 0.3425 0.2723809523809524 0.010714285714285714 0.03238095238095238
3 0.33071428571428574 0.2509523809523809 0.008571428571428572 0.023809523809523808
3 0.3539285714285714 0.22380952380952382 0.013571428571428571 0.030476190476190476
5 0.2810714285714286 0.7509523809523809 0.06357142857142857 0.03333333333333333
5 0.6607142857142857 0.7047619047619048 0.03 0.022857142857142857
3 0.6085714285714285 0.7295238095238096 0.024285714285714285 0.013333333333333332
3 0.6935714285714286 0.6942857142857143 0.024285714285714285 0.015238095238095238
8 0.8139285714285714 0.45476190476190476 0.047857142857142855 0.02761904761904762
3 0.7453571428571428 0.43523809523809526 0.02642857142857143 0.015238095238095238
3 0.8907142857142857 0.44095238095238093 0.024285714285714285 0.015238095238095238
3 0.9382142857142857 0.43952380952380954 0.025 0.012380952380952381
3 0.9207142857142857 0.41619047619047617 0.024285714285714285 0.013333333333333332
3 0.9767857142857143 0.4104761904761905 0.02642857142857143 0.013333333333333332
3 0.8817857142857143 0.4142857142857143 0.02642857142857143 0.015238095238095238
3 0.6728571428571428 0.16714285714285715 0.011428571428571429 0.03142857142857143
3 0.5575 0.37 0.020714285714285713 0.025714285714285714
3 0.7907142857142857 0.2695238095238095 0.011428571428571429 0.030476190476190476
4 0.5978571428571429 0.3395238095238095 0.01 0.03142857142857143
3 0.5167857142857143 0.37333333333333335 0.009285714285714286 0.022857142857142857
3 0.9189285714285714 0.26095238095238094 0.02214285714285714 0.013333333333333332
3 0.9464285714285714 0.25285714285714284 0.02 0.01619047619047619
3 0.8760714285714286 0.26142857142857145 0.020714285714285713 0.03142857142857143
3 0.8475 0.2604761904761905 0.012142857142857143 0.03142857142857143
4 0.8160714285714286 0.22047619047619046 0.019285714285714285 0.014285714285714285
3 0.8528571428571429 0.19285714285714287 0.012857142857142857 0.029523809523809525
5 0.8307142857142857 0.319047619047619 0.047142857142857146 0.024761904761904763
5 0.8957142857142857 0.26 0.027142857142857142 0.0380952380952381
6 0.9185714285714286 0.24952380952380954 0.015714285714285715 0.011428571428571429
3 0.8135714285714286 0.26571428571428574 0.012857142857142857 0.02857142857142857
3 0.825 0.29904761904761906 0.015714285714285715 0.02857142857142857
3 0.7039285714285715 0.3280952380952381 0.025 0.01619047619047619
3 0.6764285714285714 0.33 0.022857142857142857 0.01619047619047619
4 0.6810714285714285 0.3442857142857143 0.023571428571428573 0.012380952380952381
3 0.08642857142857142 0.24666666666666667 0.024285714285714285 0.011428571428571429
3 0.10678571428571429 0.27095238095238094 0.023571428571428573 0.012380952380952381
9 0.16607142857142856 0.49666666666666665 0.007857142857142858 0.004761904761904762
9 0.33071428571428574 0.4357142857142857 0.007142857142857143 0.004761904761904762
9 0.3385714285714286 0.43761904761904763 0.007142857142857143 0.004761904761904762
6 0.44 0.41523809523809524 0.018571428571428572 0.009523809523809525
9 0.39964285714285713 0.3504761904761905 0.010714285714285714 0.005714285714285714
9 0.4114285714285714 0.3676190476190476 0.011428571428571429 0.011428571428571429
