3 0.5292857142857142 0.16904761904761906 0.014285714285714285 0.037142857142857144
3 0.6221428571428571 0.26571428571428574 0.015714285714285715 0.03619047619047619
3 0.5632142857142857 0.31476190476190474 0.015 0.035238095238095235
3 0.5864285714285714 0.3223809523809524 0.014285714285714285 0.039047619047619046
3 0.6060714285714286 0.33 0.013571428571428571 0.03333333333333333
3 0.6360714285714286 0.23904761904761904 0.015 0.03428571428571429
3 0.6839285714285714 0.27285714285714285 0.025 0.01619047619047619
3 0.6775 0.31 0.02642857142857143 0.01619047619047619
4 0.5539285714285714 0.18047619047619048 0.012142857142857143 0.03333333333333333
9 0.5860714285714286 0.07571428571428572 0.0064285714285714285 0.018095238095238095
9 0.5946428571428571 0.12333333333333334 0.0064285714285714285 0.01619047619047619
9 0.5964285714285714 0.011428571428571429 0.004285714285714286 0.015238095238095238
9 0.5978571428571429 0.07428571428571429 0.005714285714285714 0.013333333333333332
9 0.4710714285714286 0.2814285714285714 0.0064285714285714285 0.01619047619047619
9 0.4325 0.26476190476190475 0.0064285714285714285 0.013333333333333332
1 0.5982142857142857 0.07333333333333333 0.005 0.007619047619047619
1 0.4317857142857143 0.26571428571428574 0.0064285714285714285 0.009523809523809525
0 0.48142857142857143 0.20714285714285716 0.004285714285714286 0.008571428571428572
0 0.43535714285714283 0.4257142857142857 0.005 0.013333333333333332
3 0.4064285714285714 0.5423809523809524 0.012857142857142857 0.037142857142857144
3 0.4075 0.580952380952381 0.010714285714285714 0.03428571428571429
9 0.3867857142857143 0.5185714285714286 0.009285714285714286 0.008571428571428572
9 0.3742857142857143 0.5238095238095238 0.01 0.007619047619047619
9 0.3603571428571429 0.5252380952380953 0.012142857142857143 0.008571428571428572
9 0.385 0.5404761904761904 0.01 0.008571428571428572
9 0.43785714285714283 0.81 0.005714285714285714 0.01619047619047619
3 0.26357142857142857 0.5233333333333333 0.02857142857142857 0.018095238095238095
4 0.2935714285714286 0.6871428571428572 0.024285714285714285 0.018095238095238095
3 0.295 0.6642857142857143 0.025714285714285714 0.01619047619047619
0 0.47214285714285714 0.87 0.005714285714285714 0.010476190476190476
3 0.7046428571428571 0.5904761904761905 0.02642857142857143 0.022857142857142857
3 0.7028571428571428 0.6195238095238095 0.024285714285714285 0.035238095238095235
