5 0.5917857142857142 0.5557142857142857 0.03642857142857143 0.058095238095238096
3 0.66 0.930952380952381 0.03857142857142857 0.1
8 0.5260714285714285 0.25333333333333335 0.016428571428571428 0.0380952380952381
3 0.5328571428571428 0.3376190476190476 0.014285714285714285 0.018095238095238095
4 0.5075 0.24571428571428572 0.007857142857142858 0.017142857142857144
3 0.51 0.2 0.007142857142857143 0.007619047619047619
5 0.6007142857142858 0.20761904761904762 0.018571428571428572 0.011428571428571429
3 0.6296428571428572 0.20523809523809525 0.010714285714285714 0.008571428571428572
3 0.6410714285714286 0.20333333333333334 0.010714285714285714 0.010476190476190476
3 0.6639285714285714 0.25047619047619046 0.02214285714285714 0.011428571428571429
3 0.6678571428571428 0.29333333333333333 0.014285714285714285 0.030476190476190476
4 0.6303571428571428 0.27904761904761904 0.023571428571428573 0.013333333333333332
3 0.6357142857142857 0.2919047619047619 0.022857142857142857 0.014285714285714285
3 0.6310714285714286 0.26904761904761904 0.02214285714285714 0.014285714285714285
5 0.49142857142857144 0.14761904761904762 0.01 0.017142857142857144
3 0.48035714285714287 0.1361904761904762 0.005 0.005714285714285714
3 0.4742857142857143 0.12095238095238095 0.004285714285714286 0.005714285714285714
5 0.48464285714285715 0.07809523809523809 0.005 0.007619047619047619
4 0.32107142857142856 0.4438095238095238 0.020714285714285713 0.02857142857142857
0 0.3914285714285714 0.579047619047619 0.004285714285714286 0.015238095238095238
1 0.7357142857142858 0.7766666666666666 0.007142857142857143 0.014285714285714285
2 0.7314285714285714 0.7842857142857143 0.01 0.029523809523809525
5 0.7092857142857143 0.34 0.03571428571428571 0.01904761904761905
3 0.785 0.38761904761904764 0.027142857142857142 0.015238095238095238
5 0.7303571428571428 0.28523809523809524 0.02642857142857143 0.021904761904761906
3 0.7007142857142857 0.3076190476190476 0.012857142857142857 0.01904761904761905
4 0.7025 0.2757142857142857 0.019285714285714285 0.014285714285714285
3 0.44785714285714284 0.1819047619047619 0.0014285714285714286 0.007619047619047619
3 0.45071428571428573 0.1823809523809524 0.002857142857142857 0.006666666666666666
1 0.3653571428571429 0.38095238095238093 0.0035714285714285713 0.011428571428571429
0 0.9117857142857143 0.7161904761904762 0.012142857142857143 0.022857142857142857
0 0.9239285714285714 0.7066666666666667 0.016428571428571428 0.024761904761904763
