3 0.4585714285714286 0.2980952380952381 0.012857142857142857 0.03238095238095238
3 0.45357142857142857 0.5285714285714286 0.02 0.02095238095238095
3 0.5035714285714286 0.7857142857142857 0.012857142857142857 0.03619047619047619
3 0.5067857142857143 0.8376190476190476 0.012142857142857143 0.035238095238095235
3 0.3796428571428571 0.9866666666666667 0.02642857142857143 0.01904761904761905
3 0.44 0.8847619047619047 0.027142857142857142 0.01904761904761905
3 0.45071428571428573 0.8504761904761905 0.022857142857142857 0.01904761904761905
0 0.44357142857142856 0.9042857142857142 0.005714285714285714 0.012380952380952381
0 0.44821428571428573 0.9071428571428571 0.0064285714285714285 0.014285714285714285
9 0.4789285714285714 0.3914285714285714 0.005 0.013333333333333332
0 0.5064285714285715 0.45571428571428574 0.002857142857142857 0.008571428571428572
0 0.5089285714285714 0.4561904761904762 0.0035714285714285713 0.007619047619047619
0 0.5125 0.4552380952380952 0.0035714285714285713 0.007619047619047619
0 0.5057142857142857 0.11333333333333333 0.004285714285714286 0.011428571428571429
