3 0.42607142857142855 0.8623809523809524 0.1392857142857143 0.11714285714285715
3 0.4496428571428571 0.7652380952380953 0.12642857142857142 0.10761904761904761
3 0.5028571428571429 0.6019047619047619 0.10428571428571429 0.08
3 0.5078571428571429 0.5252380952380953 0.11714285714285715 0.09238095238095238
3 0.54 0.36952380952380953 0.10142857142857142 0.08571428571428572
4 0.5489285714285714 0.31047619047619046 0.07928571428571428 0.06285714285714286
3 0.5678571428571428 0.2719047619047619 0.08428571428571428 0.06952380952380953
0 0.20607142857142857 0.76 0.029285714285714286 0.03428571428571429
0 0.22892857142857143 0.7395238095238095 0.03214285714285714 0.039047619047619046
3 0.8142857142857143 0.5023809523809524 0.06 0.16095238095238096
3 0.7489285714285714 0.43142857142857144 0.047857142857142855 0.14476190476190476
3 0.9785714285714285 0.319047619047619 0.04285714285714286 0.1295238095238095
3 0.9767857142857143 0.13666666666666666 0.04642857142857143 0.07904761904761905
3 0.8989285714285714 0.04380952380952381 0.05928571428571429 0.08761904761904762
