3 0.53425 0.7036666666666667 0.0375 0.05533333333333333
3 0.9295 0.6536666666666666 0.058 0.03933333333333333
3 0.89225 0.6193333333333333 0.0575 0.03866666666666667
3 0.70775 0.6153333333333333 0.0545 0.03333333333333333
3 0.69975 0.485 0.029500000000000002 0.019333333333333334
3 0.67575 0.478 0.0345 0.018666666666666665
4 0.6697500000000001 0.46599999999999997 0.029500000000000002 0.02
3 0.63775 0.46099999999999997 0.0335 0.018
3 0.16875 0.5516666666666666 0.0315 0.028666666666666667
3 0.083 0.442 0.02 0.02
1 0.105 0.43166666666666664 0.005 0.012666666666666666
1 0.093 0.42666666666666664 0.004 0.009333333333333332
1 0.0905 0.426 0.005 0.012
1 0.08700000000000001 0.42666666666666664 0.005 0.016
9 0.10475 0.434 0.0055 0.010666666666666666
3 0.1475 0.41433333333333333 0.015 0.014
3 0.168 0.39999999999999997 0.015 0.014666666666666666
3 0.189 0.3943333333333333 0.013000000000000001 0.014
3 0.1785 0.371 0.011 0.01
1 0.215 0.3243333333333333 0.002 0.004666666666666666
0 0.17 0.34099999999999997 0.003 0.007333333333333333
5 0.17525000000000002 0.3466666666666667 0.0195 0.012
3 0.20075 0.36566666666666664 0.0095 0.01
3 0.2145 0.368 0.01 0.009333333333333332
4 0.209 0.35333333333333333 0.009000000000000001 0.010666666666666666
3 0.18725 0.34199999999999997 0.0145 0.009333333333333332
3 0.18925 0.33599999999999997 0.0145 0.008
1 0.4505 0.46699999999999997 0.006 0.011333333333333332
3 0.4375 0.4723333333333333 0.034 0.018
0 0.44475000000000003 0.45766666666666667 0.0055 0.016666666666666666
0 0.443 0.44466666666666665 0.006 0.016
1 0.43025 0.42066666666666663 0.0055 0.008
0 0.431 0.439 0.002 0.01
3 0.4285 0.4603333333333333 0.03 0.018
3 0.424 0.4483333333333333 0.029 0.019333333333333334
3 0.5435 0.4533333333333333 0.032 0.018666666666666665
3 0.51125 0.42533333333333334 0.0265 0.014666666666666666
3 0.5285 0.443 0.027 0.016666666666666666
3 0.60275 0.432 0.0245 0.016
3 0.581 0.416 0.028 0.013333333333333332
3 0.57025 0.4003333333333333 0.0225 0.011333333333333332
3 0.57025 0.3963333333333333 0.0235 0.011333333333333332
0 0.5555 0.39366666666666666 0.003 0.012666666666666666
3 0.58825 0.39266666666666666 0.0195 0.012
3 0.58425 0.3883333333333333 0.0205 0.012666666666666666
3 0.578 0.3853333333333333 0.022 0.012
0 0.57775 0.37466666666666665 0.0035 0.009333333333333332
1 0.58075 0.35233333333333333 0.0025 0.008666666666666666
9 0.57975 0.35366666666666663 0.0035 0.006
3 0.5595 0.35366666666666663 0.01 0.008666666666666666
3 0.53825 0.3743333333333333 0.0205 0.01
0 0.434 0.363 0.002 0.01
7 0.30975 0.40066666666666667 0.0135 0.012
1 0.31075 0.3923333333333333 0.0045000000000000005 0.007333333333333333
0 0.374 0.38466666666666666 0.004 0.010666666666666666
1 0.39475 0.3903333333333333 0.0025 0.006
1 0.41625 0.378 0.0035 0.008
0 0.41150000000000003 0.377 0.003 0.007333333333333333
0 0.40825 0.377 0.0015 0.008666666666666666
0 0.40675 0.377 0.0025 0.008666666666666666
3 0.55075 0.3383333333333333 0.0145 0.007333333333333333
0 0.538 0.3383333333333333 0.002 0.007333333333333333
5 0.51725 0.33766666666666667 0.0185 0.012666666666666666
3 0.508 0.35466666666666663 0.01 0.008
3 0.464 0.3496666666666667 0.017 0.008666666666666666
3 0.44275000000000003 0.35133333333333333 0.0165 0.008
3 0.4235 0.35233333333333333 0.017 0.007333333333333333
3 0.3985 0.35366666666666663 0.018000000000000002 0.008666666666666666
4 0.31525000000000003 0.33899999999999997 0.0095 0.008666666666666666
3 0.23325 0.38966666666666666 0.0115 0.011333333333333332
3 0.25475000000000003 0.374 0.0085 0.009333333333333332
3 0.2415 0.37366666666666665 0.01 0.01
3 0.23575000000000002 0.367 0.0095 0.01
3 0.25075000000000003 0.363 0.0095 0.01
3 0.2605 0.35266666666666663 0.008 0.009333333333333332
3 0.30875 0.3283333333333333 0.006500000000000001 0.007333333333333333
3 0.2975 0.32766666666666666 0.006 0.008666666666666666
3 0.25075000000000003 0.31266666666666665 0.0055 0.005333333333333333
3 0.259 0.30533333333333335 0.005 0.005333333333333333
3 0.2655 0.297 0.004 0.004666666666666666
3 0.273 0.296 0.004 0.004
3 0.3015 0.2813333333333333 0.006 0.0026666666666666666
3 0.2955 0.2816666666666667 0.004 0.003333333333333333
3 0.28625 0.27666666666666667 0.0025 0.0026666666666666666
3 0.28025 0.2723333333333333 0.0055 0.003333333333333333
3 0.27875 0.2806666666666667 0.0025 0.0026666666666666666
3 0.277 0.286 0.003 0.004
3 0.27325 0.2803333333333333 0.0025 0.003333333333333333
3 0.23950000000000002 0.30866666666666664 0.005 0.005333333333333333
1 0.25475000000000003 0.30166666666666664 0.0015 0.003333333333333333
9 0.2545 0.30333333333333334 0.002 0.004
1 0.24975 0.30833333333333335 0.0015 0.004666666666666666
9 0.24975 0.309 0.0025 0.004666666666666666
9 0.24675 0.30833333333333335 0.0015 0.003333333333333333
1 0.24675 0.30766666666666664 0.0015 0.003333333333333333
3 0.2465 0.30666666666666664 0.005 0.005333333333333333
3 0.251 0.30033333333333334 0.006 0.004666666666666666
3 0.252 0.29766666666666663 0.005 0.004666666666666666
3 0.25525000000000003 0.29533333333333334 0.0045000000000000005 0.004
4 0.25775 0.29266666666666663 0.0045000000000000005 0.005333333333333333
