3 0.5564285714285714 0.5961904761904762 0.13714285714285715 0.259047619047619
3 0.6364285714285715 0.17857142857142858 0.04285714285714286 0.04476190476190476
3 0.7307142857142858 0.19333333333333333 0.045714285714285714 0.049523809523809526
5 0.8428571428571429 0.26904761904761904 0.10857142857142857 0.12476190476190477
3 0.6721428571428572 0.14904761904761904 0.03857142857142857 0.04285714285714286
3 0.6342857142857142 0.12714285714285714 0.02857142857142857 0.03333333333333333
5 0.28464285714285714 0.7595238095238095 0.32785714285714285 0.48095238095238096
3 0.4164285714285714 0.52 0.12285714285714286 0.18857142857142858
3 0.4714285714285714 0.4119047619047619 0.08857142857142856 0.11523809523809524
3 0.49857142857142855 0.32476190476190475 0.06571428571428571 0.08
3 0.5067857142857143 0.27285714285714285 0.05928571428571429 0.06761904761904762
3 0.5160714285714286 0.2261904761904762 0.04928571428571429 0.04857142857142857
3 0.5282142857142857 0.17142857142857143 0.03642857142857143 0.05142857142857143
3 0.5217857142857143 0.1442857142857143 0.027857142857142858 0.02761904761904762
3 0.5142857142857142 0.13666666666666666 0.025714285714285714 0.03333333333333333
3 0.5025 0.13428571428571429 0.029285714285714286 0.030476190476190476
0 0.5385714285714286 0.14047619047619048 0.008571428571428572 0.03142857142857143
3 0.5992857142857143 0.11095238095238096 0.024285714285714285 0.025714285714285714
3 0.5914285714285714 0.10476190476190476 0.018571428571428572 0.026666666666666665
3 0.5764285714285714 0.1019047619047619 0.02142857142857143 0.022857142857142857
3 0.4878571428571429 0.10333333333333333 0.02 0.02
