3 0.5267857142857143 0.17 0.005 0.006666666666666666
3 0.5742857142857143 0.15619047619047619 0.005714285714285714 0.005714285714285714
3 0.5642857142857143 0.16380952380952382 0.005714285714285714 0.005714285714285714
3 0.6325 0.10904761904761905 0.0035714285714285713 0.004761904761904762
5 0.6410714285714286 0.10380952380952381 0.0064285714285714285 0.011428571428571429
5 0.5160714285714286 0.1919047619047619 0.012142857142857143 0.023809523809523808
0 0.4585714285714286 0.34095238095238095 0.002857142857142857 0.013333333333333332
1 0.4542857142857143 0.3680952380952381 0.004285714285714286 0.008571428571428572
1 0.4496428571428571 0.42523809523809525 0.005 0.008571428571428572
9 0.4542857142857143 0.3738095238095238 0.005714285714285714 0.008571428571428572
9 0.4496428571428571 0.43238095238095237 0.005 0.011428571428571429
3 0.3342857142857143 0.20714285714285716 0.007142857142857143 0.008571428571428572
3 0.3289285714285714 0.21428571428571427 0.007857142857142858 0.007619047619047619
3 0.29892857142857143 0.2723809523809524 0.010714285714285714 0.013333333333333332
3 0.28964285714285715 0.2833333333333333 0.012142857142857143 0.014285714285714285
3 0.32285714285714284 0.22142857142857142 0.008571428571428572 0.012380952380952381
3 0.7453571428571428 0.4533333333333333 0.027857142857142858 0.022857142857142857
3 0.7442857142857143 0.37476190476190474 0.017142857142857144 0.023809523809523808
3 0.7 0.36857142857142855 0.024285714285714285 0.017142857142857144
3 0.7157142857142857 0.4042857142857143 0.022857142857142857 0.02
3 0.725 0.4195238095238095 0.027142857142857142 0.01619047619047619
3 0.7342857142857143 0.43523809523809526 0.025714285714285714 0.017142857142857144
3 0.6807142857142857 0.3323809523809524 0.02142857142857143 0.013333333333333332
3 0.6835714285714286 0.3414285714285714 0.02 0.010476190476190476
3 0.6642857142857143 0.30523809523809525 0.015714285714285715 0.014285714285714285
4 0.6910714285714286 0.3495238095238095 0.019285714285714285 0.015238095238095238
3 0.6607142857142857 0.2966666666666667 0.011428571428571429 0.012380952380952381
4 0.7510714285714286 0.34809523809523807 0.02214285714285714 0.018095238095238095
3 0.7207142857142858 0.3404761904761905 0.014285714285714285 0.01619047619047619
5 0.4739285714285714 0.6761904761904762 0.020714285714285713 0.06476190476190476
5 0.9746428571428571 0.8395238095238096 0.05071428571428571 0.037142857142857144
5 0.8439285714285715 0.6271428571428571 0.06928571428571428 0.04857142857142857
3 0.8971428571428571 0.6547619047619048 0.04 0.054285714285714284
5 0.21464285714285714 0.3761904761904762 0.03357142857142857 0.02095238095238095
4 0.105 0.42666666666666664 0.02857142857142857 0.03428571428571429
4 0.2417857142857143 0.35333333333333333 0.030714285714285715 0.02095238095238095
4 0.6146428571428572 0.18428571428571427 0.012142857142857143 0.008571428571428572
