3 0.39107142857142857 0.799047619047619 0.047857142857142855 0.1523809523809524
3 0.44285714285714284 0.3819047619047619 0.022857142857142857 0.05523809523809524
3 0.5232142857142857 0.7671428571428571 0.03357142857142857 0.1019047619047619
3 0.5428571428571428 0.5128571428571429 0.022857142857142857 0.054285714285714284
3 0.4660714285714286 0.25 0.017857142857142856 0.029523809523809525
0 0.42678571428571427 0.05380952380952381 0.0035714285714285713 0.012380952380952381
3 0.5021428571428571 0.008095238095238095 0.008571428571428572 0.012380952380952381
0 0.5671428571428572 0.03142857142857143 0.002857142857142857 0.011428571428571429
0 0.5757142857142857 0.03190476190476191 0.002857142857142857 0.008571428571428572
0 0.6021428571428571 0.005714285714285714 0.002857142857142857 0.011428571428571429
0 0.6071428571428571 0.004761904761904762 0.002857142857142857 0.009523809523809525
0 0.6517857142857143 0.22904761904761906 0.005 0.018095238095238095
0 0.6403571428571428 0.2261904761904762 0.0064285714285714285 0.02
0 0.6853571428571429 0.6085714285714285 0.007857142857142858 0.03619047619047619
0 0.675 0.6071428571428571 0.01 0.03142857142857143
