0 0.5428571428571428 0.021904761904761906 0.008571428571428572 0.0380952380952381
0 0.5525 0.025714285714285714 0.010714285714285714 0.030476190476190476
1 0.5767857142857142 0.12 0.012142857142857143 0.02857142857142857
0 0.8003571428571429 0.17714285714285713 0.017857142857142856 0.03428571428571429
1 0.7482142857142857 0.18666666666666668 0.012142857142857143 0.02095238095238095
1 0.6064285714285714 0.42095238095238097 0.015714285714285715 0.01904761904761905
1 0.6028571428571429 0.43333333333333335 0.012857142857142857 0.015238095238095238
1 0.4635714285714286 0.44571428571428573 0.015714285714285715 0.026666666666666665
1 0.3807142857142857 0.5533333333333333 0.017142857142857144 0.024761904761904763
1 0.4203571428571429 0.6471428571428571 0.016428571428571428 0.02761904761904762
1 0.31107142857142855 0.7719047619047619 0.017857142857142856 0.025714285714285714
1 0.21464285714285714 0.919047619047619 0.02214285714285714 0.02095238095238095
0 0.52 0.9661904761904762 0.017142857142857144 0.02761904761904762
3 0.18714285714285714 0.8180952380952381 0.08 0.12
9 0.1442857142857143 0.7776190476190477 0.03142857142857143 0.02761904761904762
9 0.22 0.9138095238095238 0.03857142857142857 0.06380952380952382
9 0.3142857142857143 0.7728571428571429 0.03142857142857143 0.06
9 0.42142857142857143 0.6442857142857142 0.025714285714285714 0.06190476190476191
9 0.3821428571428571 0.5547619047619048 0.027142857142857142 0.06
9 0.24892857142857142 0.4519047619047619 0.02642857142857143 0.04476190476190476
9 0.23892857142857143 0.4514285714285714 0.02642857142857143 0.03238095238095238
9 0.2282142857142857 0.4442857142857143 0.027857142857142858 0.040952380952380955
9 0.21571428571428572 0.4319047619047619 0.03428571428571429 0.039047619047619046
9 0.2017857142857143 0.42333333333333334 0.03214285714285714 0.04857142857142857
9 0.3560714285714286 0.4023809523809524 0.03357142857142857 0.035238095238095235
9 0.46214285714285713 0.45285714285714285 0.022857142857142857 0.04285714285714286
9 0.6042857142857143 0.43142857142857144 0.02 0.047619047619047616
9 0.5760714285714286 0.1261904761904762 0.019285714285714285 0.05238095238095238
9 0.7442857142857143 0.19142857142857142 0.027142857142857142 0.03238095238095238
9 0.9271428571428572 0.11619047619047619 0.03142857142857143 0.04380952380952381
9 0.7421428571428571 0.44904761904761903 0.03571428571428571 0.035238095238095235
9 0.9039285714285714 0.9428571428571428 0.04642857142857143 0.0419047619047619
4 0.28 0.6623809523809524 0.07857142857142857 0.13238095238095238
3 0.325 0.47 0.07142857142857142 0.12857142857142856
3 0.38785714285714284 0.3352380952380952 0.06571428571428571 0.10857142857142857
3 0.6807142857142857 0.49857142857142855 0.055714285714285716 0.10952380952380952
3 0.7189285714285715 0.3657142857142857 0.060714285714285714 0.12
3 0.745 0.25952380952380955 0.04857142857142857 0.0980952380952381
3 0.7889285714285714 0.0919047619047619 0.045 0.09619047619047619
0 0.45071428571428573 0.2057142857142857 0.014285714285714285 0.02095238095238095
7 0.4228571428571429 0.23333333333333334 0.05857142857142857 0.05904761904761905
