8 0.6596428571428572 0.8952380952380953 0.10214285714285715 0.20952380952380953
8 0.495 0.4038095238095238 0.025714285714285714 0.05333333333333333
5 0.5235714285714286 0.5776190476190476 0.047142857142857146 0.10571428571428572
5 0.3985714285714286 0.4219047619047619 0.02142857142857143 0.03428571428571429
5 0.4164285714285714 0.3252380952380952 0.012857142857142857 0.023809523809523808
5 0.4689285714285714 0.36714285714285716 0.017857142857142856 0.029523809523809525
5 0.42142857142857143 0.26904761904761904 0.007142857142857143 0.018095238095238095
5 0.5671428571428572 0.2966666666666667 0.02142857142857143 0.014285714285714285
3 0.4164285714285714 0.2957142857142857 0.007142857142857143 0.010476190476190476
3 0.4232142857142857 0.36238095238095236 0.009285714285714286 0.018095238095238095
3 0.5860714285714286 0.3028571428571429 0.0064285714285714285 0.009523809523809525
3 0.4185714285714286 0.24095238095238095 0.004285714285714286 0.007619047619047619
3 0.43464285714285716 0.23714285714285716 0.005 0.007619047619047619
3 0.3517857142857143 0.4676190476190476 0.025 0.022857142857142857
3 0.5214285714285715 0.23666666666666666 0.004285714285714286 0.004761904761904762
3 0.5303571428571429 0.24761904761904763 0.009285714285714286 0.007619047619047619
3 0.5346428571428572 0.2523809523809524 0.009285714285714286 0.007619047619047619
3 0.5557142857142857 0.2538095238095238 0.005714285714285714 0.006666666666666666
3 0.5378571428571428 0.2604761904761905 0.01 0.006666666666666666
3 0.5432142857142858 0.2661904761904762 0.009285714285714286 0.006666666666666666
3 0.5271428571428571 0.2438095238095238 0.008571428571428572 0.005714285714285714
3 0.5214285714285715 0.23333333333333334 0.007142857142857143 0.0038095238095238095
3 0.5389285714285714 0.26 0.010714285714285714 0.005714285714285714
4 0.23214285714285715 0.2695238095238095 0.01 0.011428571428571429
3 0.2617857142857143 0.26666666666666666 0.0064285714285714285 0.007619047619047619
5 0.2792857142857143 0.25666666666666665 0.018571428571428572 0.008571428571428572
3 0.2892857142857143 0.23476190476190475 0.005714285714285714 0.004761904761904762
4 0.31 0.2119047619047619 0.005714285714285714 0.006666666666666666
5 0.43392857142857144 0.20047619047619047 0.0064285714285714285 0.008571428571428572
5 0.4742857142857143 0.17 0.007142857142857143 0.008571428571428572
5 0.47714285714285715 0.1823809523809524 0.007142857142857143 0.008571428571428572
5 0.4639285714285714 0.19 0.005 0.006666666666666666
3 0.4425 0.19047619047619047 0.0035714285714285713 0.005714285714285714
3 0.44535714285714284 0.2061904761904762 0.005 0.004761904761904762
3 0.4492857142857143 0.19523809523809524 0.007142857142857143 0.005714285714285714
3 0.46035714285714285 0.1957142857142857 0.005 0.006666666666666666
0 0.4210714285714286 0.20476190476190476 0.002142857142857143 0.005714285714285714
0 0.4182142857142857 0.20666666666666667 0.002142857142857143 0.005714285714285714
3 0.30142857142857143 0.2338095238095238 0.008571428571428572 0.008571428571428572
