3 0.909446764091858 0.6470315398886828 0.04749478079331941 0.05102040816326531
3 0.8924843423799581 0.6201298701298701 0.04175365344467641 0.043599257884972174
3 0.8710855949895615 0.5904452690166976 0.04906054279749478 0.045454545454545456
4 0.832724425887265 0.50139146567718 0.05897703549060542 0.043599257884972174
3 0.8538622129436325 0.5282931354359925 0.043841336116910226 0.02319109461966605
7 0.699634655532359 0.5190166975881262 0.02661795407098121 0.0287569573283859
3 0.7139874739039666 0.3274582560296846 0.025052192066805843 0.025974025974025976
3 0.7411273486430062 0.2606679035250464 0.025052192066805843 0.02411873840445269
3 0.7319937369519832 0.20918367346938777 0.023486430062630476 0.02319109461966605
3 0.6077766179540709 0.18645640074211503 0.022442588726513567 0.016697588126159554
1 0.7348643006263047 0.39564007421150277 0.006263048016701461 0.013914656771799629
5 0.4825156576200417 0.7203153988868275 0.0464509394572025 0.2680890538033395
7 0.40605427974947805 0.8038033395176253 0.019832985386221292 0.06957328385899815
7 0.3812630480167014 0.7699443413729128 0.016179540709812108 0.05380333951762523
7 0.40683716075156573 0.6632653061224489 0.016179540709812108 0.05194805194805195
7 0.3251565762004175 0.8603896103896104 0.018789144050104383 0.06029684601113173
0 0.345250521920668 0.8070500927643784 0.007828810020876827 0.02411873840445269
0 0.3528183716075156 0.8130797773654916 0.011482254697286011 0.030612244897959183
9 0.34916492693110646 0.8195732838589982 0.008350730688935281 0.039888682745825604
0 0.3353340292275574 0.6303339517625232 0.006784968684759916 0.015769944341372914
0 0.3355949895615866 0.6136363636363636 0.006263048016701461 0.026901669758812616
5 0.4047494780793319 0.5445269016697588 0.02139874739039666 0.05380333951762523
9 0.3327244258872651 0.588126159554731 0.010960334029227557 0.014842300556586271
9 0.33246346555323586 0.5769944341372912 0.012526096033402922 0.016697588126159554
3 0.3405532359081419 0.4271799628942486 0.019311064718162838 0.041743970315398886
7 0.40240083507306884 0.3552875695732839 0.012526096033402922 0.029684601113172542
7 0.4689457202505219 0.36038961038961037 0.019311064718162838 0.02504638218923933
7 0.46946764091858034 0.3460111317254174 0.023486430062630476 0.025974025974025976
1 0.4504175365344467 0.3038033395176252 0.005219206680584551 0.015769944341372914
1 0.43867432150313146 0.2764378478664193 0.004697286012526096 0.014842300556586271
9 0.45067849686847594 0.30658627087198514 0.0057411273486430055 0.015769944341372914
9 0.43867432150313146 0.2787569573283859 0.0057411273486430055 0.015769944341372914
5 0.4624217118997912 0.25139146567717996 0.012526096033402922 0.029684601113172542
1 0.4449373695198329 0.23747680890538034 0.0036534446764091852 0.0074211502782931356
6 0.44598121085594983 0.2430426716141002 0.008872651356993735 0.020408163265306124
1 0.4535490605427974 0.2230983302411874 0.0041753653444676405 0.010204081632653062
1 0.4577244258872651 0.21335807050092764 0.0041753653444676405 0.012987012987012988
9 0.4535490605427974 0.22680890538033396 0.0041753653444676405 0.013914656771799629
9 0.45720250521920663 0.21567717996289426 0.005219206680584551 0.012059369202226345
1 0.40161795407098116 0.2082560296846011 0.004697286012526096 0.012059369202226345
9 0.40057411273486426 0.2101113172541744 0.004697286012526096 0.012059369202226345
7 0.42040709812108557 0.2101113172541744 0.007828810020876827 0.021335807050092765
0 0.4076200417536534 0.14517625231910947 0.0031315240083507304 0.012059369202226345
3 0.4744258872651356 0.16280148423005567 0.009394572025052192 0.01948051948051948
7 0.4548538622129436 0.09925788497217068 0.010960334029227557 0.012987012987012988
7 0.4444154488517745 0.1303339517625232 0.0057411273486430055 0.0176252319109462
7 0.4251043841336116 0.10482374768089053 0.006784968684759916 0.016697588126159554
3 0.45198329853862207 0.05333951762523191 0.009394572025052192 0.010204081632653062
7 0.46946764091858034 0.04777365491651206 0.004697286012526096 0.012059369202226345
5 0.4525052192066805 0.041743970315398886 0.008350730688935281 0.020408163265306124
9 0.42875782881002084 0.021335807050092765 0.0026096033402922755 0.0074211502782931356
9 0.43188935281837154 0.011131725417439703 0.0015657620041753652 0.0055658627087198514
1 0.4282359081419624 0.01901669758812616 0.0026096033402922755 0.006493506493506494
1 0.4316283924843423 0.010204081632653062 0.0020876826722338203 0.0055658627087198514
3 0.4251043841336116 0.008348794063079777 0.0057411273486430055 0.012987012987012988
3 0.45302713987473897 0.018089053803339517 0.005219206680584551 0.010204081632653062
5 0.4525052192066805 0.006029684601113173 0.009394572025052192 0.012059369202226345
4 0.4545929018789144 0.06818181818181818 0.006263048016701461 0.010204081632653062
7 0.45302713987473897 0.07374768089053803 0.005219206680584551 0.012059369202226345
