5 0.47181628392484337 0.6196660482374768 0.029227557411273482 0.08348794063079777
7 0.5613256784968684 0.929035250463822 0.03183716075156576 0.09183673469387756
3 0.690501043841336 0.9308905380333952 0.07724425887265135 0.075139146567718
3 0.6315240083507306 0.8302411873840445 0.07411273486430062 0.07235621521335807
9 0.6463987473903966 0.8673469387755102 0.02766179540709812 0.03153988868274583
9 0.7606993736951982 0.936456400742115 0.022442588726513567 0.03803339517625232
0 0.7606993736951982 0.9155844155844156 0.010960334029227557 0.03896103896103896
1 0.7546972860125261 0.903061224489796 0.014613778705636741 0.045454545454545456
9 0.7528705636743215 0.9049165120593692 0.02453027139874739 0.03432282003710575
9 0.7625260960334028 0.8520408163265306 0.022964509394572022 0.03246753246753247
0 0.6343945720250521 0.7852504638218925 0.013048016701461376 0.036178107606679034
9 0.6717118997912317 0.6906307977736549 0.026096033402922752 0.036178107606679034
9 0.6599686847599164 0.5890538033395176 0.019311064718162838 0.029684601113172542
1 0.5994258872651357 0.5166975881261595 0.007828810020876827 0.025974025974025976
9 0.6109081419624216 0.41419294990723565 0.009916492693110646 0.01948051948051948
2 0.5133089770354905 0.39888682745825604 0.010960334029227557 0.016697588126159554
1 0.5138308977035491 0.3937847866419295 0.0057411273486430055 0.0176252319109462
3 0.5067849686847599 0.3167903525046382 0.028183716075156573 0.02319109461966605
3 0.5122651356993736 0.29081632653061223 0.02766179540709812 0.01948051948051948
7 0.5639352818371607 0.32792207792207795 0.019311064718162838 0.02504638218923933
9 0.5717640918580376 0.3455473098330241 0.013048016701461376 0.013914656771799629
9 0.5360125260960333 0.29962894248608535 0.008350730688935281 0.011131725417439703
9 0.5443632567849687 0.2987012987012987 0.009394572025052192 0.011131725417439703
2 0.5542797494780792 0.3102968460111317 0.011482254697286011 0.012059369202226345
9 0.5545407098121085 0.30194805194805197 0.008872651356993735 0.012059369202226345
9 0.521920668058455 0.2764378478664193 0.009394572025052192 0.011131725417439703
9 0.517223382045929 0.2829313543599258 0.0073068893528183704 0.012987012987012988
7 0.5354906054279749 0.27782931354359924 0.016701461377870562 0.0176252319109462
0 0.5240083507306889 0.23283858998144713 0.0020876826722338203 0.00927643784786642
0 0.5242693110647181 0.2323747680890538 0.0036534446764091852 0.012059369202226345
3 0.49243215031315235 0.2435064935064935 0.010960334029227557 0.02319109461966605
6 0.4632045929018789 0.2662337662337662 0.007828810020876827 0.01855287569573284
3 0.45850730688935276 0.25834879406307976 0.012004175365344467 0.01948051948051948
3 0.5073068893528183 0.2189239332096475 0.021920668058455113 0.014842300556586271
9 0.5088726513569937 0.19944341372912802 0.008350730688935281 0.00927643784786642
3 0.41779749478079325 0.17161410018552875 0.006784968684759916 0.012987012987012988
7 0.4501565762004175 0.1679035250463822 0.0057411273486430055 0.012987012987012988
7 0.45067849686847594 0.19619666048237477 0.010960334029227557 0.013914656771799629
7 0.485125260960334 0.15769944341372913 0.006784968684759916 0.012987012987012988
3 0.47494780793319413 0.14471243042671614 0.0073068893528183704 0.011131725417439703
3 0.4720772442588726 0.187847866419295 0.017223382045929016 0.012059369202226345
9 0.4926931106471816 0.1702226345083488 0.005219206680584551 0.008348794063079777
9 0.4950417536534446 0.163265306122449 0.0057411273486430055 0.0074211502782931356
0 0.49791231732776614 0.18692022263450836 0.0020876826722338203 0.010204081632653062
0 0.49999999999999994 0.18738404452690166 0.0031315240083507304 0.011131725417439703
0 0.502348643006263 0.1855287569573284 0.0026096033402922755 0.012987012987012988
0 0.4976513569937369 0.18506493506493507 0.0026096033402922755 0.012059369202226345
6 0.5373173277661795 0.7648423005565863 0.02139874739039666 0.07699443413729128
7 0.3846555323590814 0.5496289424860854 0.014613778705636741 0.049165120593692026
1 0.4391962421711899 0.09693877551020408 0.0026096033402922755 0.006493506493506494
9 0.43945720250521914 0.09925788497217068 0.0041753653444676405 0.0055658627087198514
3 0.4274530271398747 0.07838589981447125 0.005219206680584551 0.006493506493506494
3 0.41022964509394566 0.08070500927643785 0.0073068893528183704 0.0074211502782931356
7 0.41675365344467635 0.075139146567718 0.0026096033402922755 0.0074211502782931356
0 0.43867432150313146 0.0705009276437848 0.0015657620041753652 0.0055658627087198514
5 0.4292797494780793 0.07142857142857142 0.004697286012526096 0.011131725417439703
3 0.42223382045929014 0.059369202226345084 0.005219206680584551 0.00927643784786642
5 0.42693110647181626 0.04591836734693878 0.0041753653444676405 0.010204081632653062
3 0.4097077244258872 0.09090909090909091 0.008350730688935281 0.0074211502782931356
