3 0.23857142857142857 0.5514285714285714 0.16142857142857142 0.09523809523809523
3 0.9196428571428571 0.919047619047619 0.16071428571428573 0.15619047619047619
3 0.8878571428571429 0.7114285714285714 0.11 0.22285714285714286
0 0.12642857142857142 0.3047619047619048 0.02142857142857143 0.045714285714285714
0 0.12142857142857143 0.4180952380952381 0.03 0.05142857142857143
0 0.1975 0.33 0.020714285714285713 0.04666666666666667
0 0.21642857142857141 0.3280952380952381 0.018571428571428572 0.04666666666666667
1 0.19142857142857142 0.31142857142857144 0.011428571428571429 0.022857142857142857
4 0.2739285714285714 0.3395238095238095 0.08357142857142857 0.11142857142857143
3 0.36214285714285716 0.35714285714285715 0.07428571428571429 0.09714285714285714
7 0.4325 0.4147619047619048 0.06785714285714285 0.04857142857142857
1 0.4007142857142857 0.4661904761904762 0.02142857142857143 0.035238095238095235
4 0.5403571428571429 0.36142857142857143 0.10357142857142858 0.08857142857142856
4 0.9567857142857142 0.4804761904761905 0.075 0.13238095238095238
3 0.8235714285714286 0.3914285714285714 0.06571428571428571 0.09904761904761905
3 0.8571428571428571 0.5266666666666666 0.08857142857142856 0.13714285714285715
3 0.915 0.3628571428571429 0.07142857142857142 0.10666666666666666
3 0.8914285714285715 0.2438095238095238 0.04285714285714286 0.08190476190476191
3 0.8017857142857143 0.29428571428571426 0.05357142857142857 0.0761904761904762
4 0.7928571428571428 0.22857142857142856 0.045714285714285714 0.06285714285714286
3 0.7357142857142858 0.1823809523809524 0.05 0.054285714285714284
3 0.7835714285714286 0.17238095238095238 0.03857142857142857 0.05333333333333333
1 0.7285714285714285 0.17095238095238094 0.012857142857142857 0.02
3 0.7771428571428571 0.12428571428571429 0.032857142857142856 0.04285714285714286
9 0.9785714285714285 0.14095238095238094 0.02857142857142857 0.03428571428571429
9 0.9682142857142857 0.12666666666666668 0.027857142857142858 0.030476190476190476
9 0.965 0.0980952380952381 0.02 0.02095238095238095
9 0.9257142857142857 0.04380952380952381 0.015714285714285715 0.02095238095238095
0 0.9242857142857143 0.07714285714285714 0.014285714285714285 0.03428571428571429
0 0.9057142857142857 0.07333333333333333 0.012857142857142857 0.03428571428571429
3 0.73 0.09 0.03142857142857143 0.04285714285714286
4 0.7660714285714286 0.07666666666666666 0.03214285714285714 0.04666666666666667
4 0.7614285714285715 0.02 0.025714285714285714 0.0380952380952381
3 0.7625 0.049523809523809526 0.027857142857142858 0.03619047619047619
3 0.6246428571428572 0.10761904761904761 0.035 0.047619047619047616
3 0.5478571428571428 0.2719047619047619 0.05 0.07904761904761905
4 0.5664285714285714 0.18714285714285714 0.03571428571428571 0.07714285714285714
9 0.32321428571428573 0.20285714285714285 0.02642857142857143 0.04
2 0.3507142857142857 0.16952380952380952 0.014285714285714285 0.030476190476190476
9 0.4275 0.10142857142857142 0.009285714285714286 0.025714285714285714
0 0.4525 0.07333333333333333 0.012142857142857143 0.03238095238095238
0 0.4710714285714286 0.0680952380952381 0.009285714285714286 0.037142857142857144
0 0.465 0.06523809523809523 0.008571428571428572 0.03333333333333333
3 0.4785714285714286 0.11761904761904762 0.03857142857142857 0.058095238095238096
3 0.5082142857142857 0.06904761904761905 0.03214285714285714 0.037142857142857144
4 0.585 0.13857142857142857 0.03428571428571429 0.04857142857142857
4 0.5928571428571429 0.09571428571428571 0.032857142857142856 0.039047619047619046
3 0.6035714285714285 0.06190476190476191 0.02857142857142857 0.0419047619047619
3 0.6107142857142858 0.03619047619047619 0.027142857142857142 0.0380952380952381
3 0.6192857142857143 0.012857142857142857 0.022857142857142857 0.023809523809523808
