3 0.9753571428571428 0.8966666666666666 0.04928571428571429 0.17238095238095238
3 0.4175 0.8504761904761905 0.07357142857142857 0.1657142857142857
3 0.4539285714285714 0.5752380952380952 0.060714285714285714 0.1180952380952381
3 0.5907142857142857 0.6223809523809524 0.05285714285714286 0.13047619047619047
3 0.7635714285714286 0.6185714285714285 0.06571428571428571 0.12857142857142856
3 0.5278571428571428 0.4876190476190476 0.055714285714285716 0.10476190476190476
3 0.6592857142857143 0.47523809523809524 0.05285714285714286 0.09904761904761905
3 0.725 0.42238095238095236 0.045714285714285714 0.08476190476190476
3 0.4967857142857143 0.3961904761904762 0.04928571428571429 0.07428571428571429
5 0.5289285714285714 0.25333333333333335 0.045 0.09523809523809523
3 0.5435714285714286 0.18714285714285714 0.032857142857142856 0.05047619047619047
3 0.5546428571428571 0.14714285714285713 0.029285714285714286 0.035238095238095235
3 0.5621428571428572 0.10142857142857142 0.027142857142857142 0.04285714285714286
3 0.57 0.07333333333333333 0.022857142857142857 0.03619047619047619
3 0.5782142857142857 0.04619047619047619 0.027857142857142858 0.029523809523809525
3 0.5785714285714286 0.017142857142857144 0.02857142857142857 0.030476190476190476
3 0.6914285714285714 0.013333333333333332 0.047142857142857146 0.024761904761904763
3 0.6907142857142857 0.02761904761904762 0.041428571428571426 0.02857142857142857
3 0.6907142857142857 0.04380952380952381 0.04857142857142857 0.024761904761904763
3 0.6971428571428572 0.05285714285714286 0.04428571428571428 0.02761904761904762
3 0.7 0.07476190476190477 0.03571428571428571 0.025714285714285714
3 0.7003571428571429 0.09428571428571429 0.039285714285714285 0.026666666666666665
3 0.6992857142857143 0.11952380952380952 0.037142857142857144 0.035238095238095235
3 0.7082142857142857 0.19380952380952382 0.055 0.04285714285714286
4 0.7189285714285715 0.24476190476190476 0.030714285714285715 0.05904761904761905
3 0.7214285714285714 0.30857142857142855 0.041428571428571426 0.05714285714285714
5 0.72 0.14142857142857143 0.041428571428571426 0.07523809523809524
