4 0.44285714285714284 0.05761904761904762 0.02857142857142857 0.07904761904761905
3 0.6453571428571429 0.09857142857142857 0.030714285714285715 0.07523809523809524
3 0.61 0.16095238095238096 0.03571428571428571 0.07238095238095238
1 0.6057142857142858 0.15523809523809523 0.012857142857142857 0.01904761904761905
0 0.6942857142857143 0.047142857142857146 0.011428571428571429 0.023809523809523808
3 0.6485714285714286 0.013333333333333332 0.025714285714285714 0.026666666666666665
3 0.5560714285714285 0.10095238095238095 0.023571428571428573 0.049523809523809526
4 0.635 0.29523809523809524 0.03428571428571429 0.08952380952380952
3 0.6239285714285714 0.4085714285714286 0.035 0.09333333333333334
3 0.5782142857142857 0.3861904761904762 0.029285714285714286 0.08285714285714285
6 0.4114285714285714 0.22714285714285715 0.047142857142857146 0.04476190476190476
4 0.6175 0.5876190476190476 0.03785714285714286 0.10095238095238095
4 0.6132142857142857 0.909047619047619 0.03357142857142857 0.10571428571428572
3 0.6096428571428572 0.7609523809523809 0.039285714285714285 0.10476190476190476
3 0.5310714285714285 0.68 0.035 0.11619047619047619
3 0.5110714285714286 0.5119047619047619 0.03357142857142857 0.09428571428571429
3 0.23714285714285716 0.9633333333333334 0.07714285714285714 0.07333333333333333
3 0.34285714285714286 0.7385714285714285 0.045714285714285714 0.11523809523809524
3 0.2621428571428571 0.8261904761904761 0.09285714285714286 0.054285714285714284
3 0.30214285714285716 0.5757142857142857 0.07714285714285714 0.05238095238095238
4 0.34 0.4280952380952381 0.055714285714285716 0.06
9 0.28035714285714286 0.61 0.027857142857142858 0.018095238095238095
2 0.3767857142857143 0.4785714285714286 0.010714285714285714 0.03142857142857143
2 0.3585714285714286 0.34523809523809523 0.024285714285714285 0.014285714285714285
9 0.46464285714285714 0.08428571428571428 0.013571428571428571 0.037142857142857144
9 0.5007142857142857 0.14809523809523809 0.01 0.037142857142857144
1 0.465 0.08095238095238096 0.012857142857142857 0.02857142857142857
1 0.4992857142857143 0.14666666666666667 0.008571428571428572 0.026666666666666665
1 0.37785714285714284 0.4747619047619048 0.012857142857142857 0.018095238095238095
0 0.4742857142857143 0.10142857142857142 0.007142857142857143 0.02
9 0.48035714285714287 0.11857142857142858 0.019285714285714285 0.037142857142857144
0 0.48857142857142855 0.10428571428571429 0.008571428571428572 0.02
1 0.6425 0.48714285714285716 0.009285714285714286 0.01619047619047619
0 0.5603571428571429 0.4357142857142857 0.007857142857142858 0.018095238095238095
1 0.5378571428571428 0.3233333333333333 0.011428571428571429 0.01619047619047619
9 0.5367857142857143 0.3280952380952381 0.007857142857142858 0.035238095238095235
2 0.3410714285714286 0.17761904761904762 0.020714285714285713 0.014285714285714285
2 0.36964285714285716 0.2057142857142857 0.02214285714285714 0.015238095238095238
0 0.40035714285714286 0.25142857142857145 0.007857142857142858 0.022857142857142857
0 0.4114285714285714 0.25142857142857145 0.01 0.02095238095238095
0 0.4064285714285714 0.2761904761904762 0.011428571428571429 0.01904761904761905
0 0.41714285714285715 0.2723809523809524 0.007142857142857143 0.01904761904761905
0 0.4253571428571429 0.30904761904761907 0.010714285714285714 0.02761904761904762
0 0.4375 0.31666666666666665 0.010714285714285714 0.025714285714285714
0 0.43642857142857144 0.37142857142857144 0.01 0.024761904761904763
0 0.4182142857142857 0.46190476190476193 0.009285714285714286 0.02095238095238095
0 0.39571428571428574 0.4519047619047619 0.01 0.023809523809523808
0 0.4064285714285714 0.45380952380952383 0.01 0.021904761904761906
5 0.3742857142857143 0.14761904761904762 0.09571428571428571 0.0838095238095238
5 0.3782142857142857 0.1138095238095238 0.085 0.07904761904761905
