3 0.23785714285714285 0.17952380952380953 0.027142857142857142 0.05238095238095238
3 0.4160714285714286 0.3442857142857143 0.03785714285714286 0.07523809523809524
3 0.4639285714285714 0.5928571428571429 0.047857142857142855 0.10761904761904761
3 0.3892857142857143 0.8023809523809524 0.055714285714285716 0.1419047619047619
3 0.5289285714285714 0.9238095238095239 0.05785714285714286 0.14857142857142858
3 0.5296428571428572 0.43333333333333335 0.045 0.08190476190476191
3 0.6060714285714286 0.3638095238095238 0.027857142857142858 0.047619047619047616
3 0.6503571428571429 0.7952380952380952 0.06928571428571428 0.12380952380952381
3 0.7682142857142857 0.5695238095238095 0.052142857142857144 0.08952380952380952
3 0.36642857142857144 0.28523809523809524 0.03142857142857143 0.06761904761904762
3 0.07857142857142857 0.023809523809523808 0.045714285714285714 0.04
4 0.21785714285714286 0.32857142857142857 0.03428571428571429 0.07428571428571429
4 0.3107142857142857 0.04 0.022857142857142857 0.05333333333333333
4 0.5610714285714286 0.3523809523809524 0.03642857142857143 0.06476190476190476
4 0.5939285714285715 0.8161904761904762 0.055 0.11619047619047619
3 0.88 0.8014285714285714 0.09714285714285714 0.1380952380952381
8 0.6921428571428572 0.35619047619047617 0.11285714285714285 0.19047619047619047
3 0.5296428571428572 0.11 0.027857142857142858 0.039047619047619046
3 0.48678571428571427 0.008095238095238095 0.025 0.01619047619047619
3 0.04178571428571429 0.36428571428571427 0.08214285714285714 0.04857142857142857
0 0.09821428571428571 0.809047619047619 0.020714285714285713 0.029523809523809525
0 0.08214285714285714 0.9771428571428571 0.02 0.026666666666666665
0 0.04178571428571429 0.82 0.025 0.030476190476190476
0 0.06357142857142857 0.7857142857142857 0.02 0.04
0 0.7607142857142857 0.3242857142857143 0.008571428571428572 0.03142857142857143
2 0.22071428571428572 0.009523809523809525 0.007142857142857143 0.01904761904761905
1 0.22857142857142856 0.47333333333333333 0.011428571428571429 0.022857142857142857
1 0.2646428571428571 0.53 0.013571428571428571 0.023809523809523808
1 0.9878571428571429 0.8395238095238096 0.02 0.02
1 0.9382142857142857 0.6947619047619048 0.02214285714285714 0.03142857142857143
1 0.5310714285714285 0.026666666666666665 0.0064285714285714285 0.01904761904761905
2 0.5314285714285715 0.03190476190476191 0.008571428571428572 0.02
2 0.98 0.8442857142857143 0.02857142857142857 0.039047619047619046
9 0.2317857142857143 0.48238095238095235 0.009285714285714286 0.02761904761904762
9 0.2675 0.5380952380952381 0.010714285714285714 0.03238095238095238
0 0.5396428571428571 0.009047619047619047 0.005 0.018095238095238095
0 0.5478571428571428 0.01 0.004285714285714286 0.02
0 0.6142857142857143 0.15285714285714286 0.005714285714285714 0.02761904761904762
0 0.5578571428571428 0.0419047619047619 0.005714285714285714 0.022857142857142857
1 0.5546428571428571 0.02857142857142857 0.0064285714285714285 0.015238095238095238
0 0.9346428571428571 0.5928571428571429 0.02214285714285714 0.029523809523809525
0 0.9871428571428571 0.68 0.025714285714285714 0.03428571428571429
0 0.9075 0.5847619047619048 0.019285714285714285 0.026666666666666665
