3 0.5239285714285714 0.748730964467005 0.017857142857142856 0.048223350253807105
3 0.6160714285714286 0.7201776649746192 0.017857142857142856 0.05710659898477157
3 0.6182142857142857 0.3781725888324873 0.009285714285714286 0.02030456852791878
3 0.5742857142857143 0.4308375634517766 0.01 0.021573604060913704
3 0.5925 0.449238578680203 0.009285714285714286 0.02284263959390863
3 0.5421428571428571 0.5336294416243654 0.011428571428571429 0.021573604060913704
3 0.5278571428571428 0.3369289340101523 0.007142857142857143 0.011421319796954314
3 0.5332142857142858 0.3032994923857868 0.007857142857142858 0.015228426395939085
3 0.5614285714285714 0.3026649746192893 0.007142857142857143 0.016497461928934008
3 0.5785714285714286 0.22842639593908629 0.005714285714285714 0.01015228426395939
3 0.5378571428571428 0.26713197969543145 0.005714285714285714 0.011421319796954314
3 0.5632142857142857 0.14911167512690354 0.0035714285714285713 0.008883248730964466
3 0.5789285714285715 0.14530456852791876 0.0035714285714285713 0.006345177664974619
3 0.5582142857142857 0.09263959390862943 0.0035714285714285713 0.005076142131979695
3 0.5489285714285714 0.20939086294416243 0.0035714285714285713 0.0076142131979695426
3 0.5771428571428572 0.2569796954314721 0.005714285714285714 0.013959390862944161
4 0.5528571428571428 0.38197969543147203 0.008571428571428572 0.017766497461928932
4 0.5214285714285715 0.36040609137055835 0.008571428571428572 0.017766497461928932
4 0.4967857142857143 0.5133248730964467 0.012142857142857143 0.024111675126903553
4 0.5396428571428571 0.6180203045685279 0.013571428571428571 0.035532994923857864
4 0.5646428571428571 0.22588832487309643 0.005 0.01015228426395939
4 0.5660714285714286 0.2049492385786802 0.005 0.011421319796954314
8 0.56 0.18527918781725886 0.007142857142857143 0.02284263959390863
8 0.515 0.4168781725888325 0.014285714285714285 0.06218274111675126
8 0.4685714285714286 0.7328680203045684 0.04 0.1484771573604061
4 0.44142857142857145 0.958756345177665 0.027142857142857142 0.07233502538071065
3 0.5867857142857142 0.5368020304568527 0.012142857142857143 0.025380710659898477
3 0.6178571428571429 0.5507614213197969 0.012857142857142857 0.03045685279187817
3 0.5278571428571428 0.4974619289340101 0.012857142857142857 0.025380710659898477
3 0.5421428571428571 0.2049492385786802 0.004285714285714286 0.011421319796954314
8 0.5389285714285714 0.2277918781725888 0.009285714285714286 0.029187817258883246
8 0.5260714285714285 0.2760152284263959 0.010714285714285714 0.029187817258883246
0 0.5067857142857143 0.3236040609137056 0.002142857142857143 0.0076142131979695426
0 0.5060714285714286 0.315989847715736 0.002142857142857143 0.0076142131979695426
0 0.51 0.30710659898477155 0.002857142857142857 0.01015228426395939
0 0.5164285714285715 0.2760152284263959 0.002857142857142857 0.008883248730964466
0 0.5146428571428572 0.274746192893401 0.002142857142857143 0.008883248730964466
0 0.5125 0.2861675126903553 0.002142857142857143 0.008883248730964466
0 0.5210714285714285 0.24999999999999997 0.002142857142857143 0.005076142131979695
3 0.555 0.16560913705583755 0.002857142857142857 0.008883248730964466
0 0.5160714285714286 0.34010152284263956 0.002142857142857143 0.01015228426395939
9 0.5164285714285715 0.3439086294416243 0.002857142857142857 0.0076142131979695426
0 0.5185714285714286 0.25507614213197966 0.002857142857142857 0.0076142131979695426
