3 0.48625 0.45866666666666667 0.0105 0.012
3 0.49575 0.47 0.0095 0.010666666666666666
3 0.5215 0.5056666666666666 0.013000000000000001 0.012666666666666666
3 0.5145 0.516 0.017 0.013333333333333332
3 0.47475 0.48966666666666664 0.0125 0.012666666666666666
3 0.35725 0.4713333333333333 0.0175 0.012
3 0.353 0.4623333333333333 0.014 0.011333333333333332
3 0.35925 0.501 0.0225 0.014
3 0.36 0.5113333333333333 0.023 0.014666666666666666
3 0.364 0.5506666666666666 0.024 0.016
3 0.36075 0.5443333333333333 0.025500000000000002 0.014
0 0.3865 0.5546666666666666 0.004 0.013333333333333332
0 0.39 0.5543333333333333 0.004 0.011333333333333332
3 0.45525 0.573 0.0195 0.020666666666666667
3 0.49125 0.573 0.0165 0.020666666666666667
3 0.50825 0.647 0.0185 0.03
3 0.5730000000000001 0.7306666666666667 0.028 0.03733333333333333
3 0.57275 0.7849999999999999 0.029500000000000002 0.043333333333333335
3 0.61925 0.7116666666666667 0.0245 0.028666666666666667
3 0.627 0.637 0.02 0.02333333333333333
3 0.6135 0.6173333333333333 0.016 0.022666666666666665
3 0.6795 0.7046666666666667 0.024 0.025333333333333333
3 0.43375 0.5966666666666667 0.0145 0.02
3 0.7255 0.7616666666666666 0.028 0.03266666666666666
4 0.8005 0.8546666666666667 0.039 0.04133333333333333
3 0.84225 0.9066666666666666 0.0455 0.04666666666666666
3 0.6995 0.8426666666666667 0.04 0.04533333333333333
1 0.7475 0.819 0.01 0.019333333333333334
1 0.75775 0.8153333333333334 0.0075 0.013333333333333332
2 0.74675 0.8213333333333334 0.0105 0.02
2 0.756 0.8203333333333334 0.01 0.020666666666666667
3 0.249 0.967 0.029 0.05933333333333333
4 0.06825 0.7366666666666667 0.0205 0.034666666666666665
3 0.0165 0.9446666666666667 0.033 0.056
3 0.043000000000000003 0.8116666666666666 0.025 0.038
