3 0.5025 0.18476190476190477 0.002142857142857143 0.0038095238095238095
3 0.5028571428571429 0.1957142857142857 0.002857142857142857 0.002857142857142857
5 0.5082142857142857 0.19238095238095237 0.0035714285714285713 0.009523809523809525
5 0.5107142857142857 0.2 0.004285714285714286 0.009523809523809525
3 0.5075 0.19857142857142857 0.0035714285714285713 0.004761904761904762
8 0.5235714285714286 0.19142857142857142 0.004285714285714286 0.007619047619047619
0 0.4742857142857143 0.3047619047619048 0.0014285714285714286 0.007619047619047619
0 0.5167857142857143 0.33285714285714285 0.002142857142857143 0.006666666666666666
1 0.3825 0.8204761904761905 0.007857142857142858 0.014285714285714285
9 0.38321428571428573 0.8271428571428572 0.007857142857142858 0.023809523809523808
3 0.3296428571428571 0.8147619047619048 0.02642857142857143 0.05047619047619047
5 0.37035714285714283 0.5266666666666666 0.045 0.09523809523809523
3 0.5971428571428572 0.5547619047619048 0.027142857142857142 0.01619047619047619
3 0.6253571428571428 0.6385714285714286 0.020714285714285713 0.02761904761904762
3 0.6425 0.6314285714285715 0.023571428571428573 0.02857142857142857
3 0.6882142857142857 0.5204761904761904 0.02214285714285714 0.01619047619047619
3 0.6985714285714286 0.5295238095238095 0.02 0.013333333333333332
3 0.6810714285714285 0.5123809523809524 0.02214285714285714 0.013333333333333332
3 0.6742857142857143 0.5042857142857143 0.022857142857142857 0.014285714285714285
3 0.6653571428571429 0.49666666666666665 0.019285714285714285 0.012380952380952381
3 0.6725 0.47904761904761906 0.017857142857142856 0.015238095238095238
3 0.6021428571428571 0.5147619047619048 0.02 0.01619047619047619
3 0.6025 0.5047619047619047 0.017857142857142856 0.011428571428571429
3 0.5996428571428571 0.49666666666666665 0.017857142857142856 0.010476190476190476
4 0.6553571428571429 0.6209523809523809 0.02214285714285714 0.030476190476190476
3 0.8167857142857143 0.8776190476190476 0.03642857142857143 0.037142857142857144
3 0.855 0.8538095238095238 0.03857142857142857 0.035238095238095235
4 0.7257142857142858 0.8952380952380953 0.04 0.04
5 0.6764285714285714 0.4514285714285714 0.027142857142857142 0.02857142857142857
