4 0.5782142857142857 0.9271428571428572 0.065 0.1457142857142857
0 0.5307142857142857 0.9347619047619048 0.02142857142857143 0.04476190476190476
9 0.7553571428571428 0.6295238095238095 0.039285714285714285 0.02857142857142857
0 0.38642857142857145 0.6938095238095238 0.03 0.03333333333333333
0 0.3603571428571429 0.7861904761904762 0.02214285714285714 0.04285714285714286
3 0.5232142857142857 0.43857142857142856 0.04214285714285714 0.09619047619047619
5 0.26071428571428573 0.8247619047619048 0.13285714285714287 0.2723809523809524
1 0.2092857142857143 0.7904761904761904 0.03142857142857143 0.045714285714285714
0 0.16035714285714286 0.7947619047619048 0.030714285714285715 0.035238095238095235
7 0.195 0.7633333333333333 0.07714285714285714 0.12666666666666668
5 0.09107142857142857 0.83 0.1792857142857143 0.34
5 0.17214285714285715 0.4676190476190476 0.13714285714285715 0.2876190476190476
0 0.2571428571428571 0.45095238095238094 0.018571428571428572 0.03333333333333333
1 0.35714285714285715 0.36857142857142855 0.017142857142857144 0.024761904761904763
1 0.25285714285714284 0.4676190476190476 0.017142857142857144 0.030476190476190476
1 0.25392857142857145 0.4857142857142857 0.019285714285714285 0.026666666666666665
5 0.2732142857142857 0.37238095238095237 0.06928571428571428 0.12380952380952381
7 0.32035714285714284 0.37476190476190474 0.030714285714285715 0.05238095238095238
9 0.36 0.38333333333333336 0.015714285714285715 0.039047619047619046
6 0.5092857142857142 0.2761904761904762 0.017142857142857144 0.0419047619047619
9 0.6042857142857143 0.2542857142857143 0.018571428571428572 0.02857142857142857
9 0.5842857142857143 0.18714285714285714 0.027142857142857142 0.029523809523809525
5 0.4757142857142857 0.07666666666666666 0.03857142857142857 0.10761904761904761
3 0.38321428571428573 0.12238095238095238 0.030714285714285715 0.058095238095238096
3 0.3625 0.039523809523809524 0.023571428571428573 0.04285714285714286
5 0.2625 0.18619047619047618 0.05357142857142857 0.11523809523809524
9 0.94 0.28476190476190477 0.04 0.026666666666666665
3 0.8767857142857143 0.42 0.05357142857142857 0.09714285714285714
9 0.78 0.3038095238095238 0.011428571428571429 0.0380952380952381
