0 0.3742857142857143 0.8023809523809524 0.06428571428571428 0.15523809523809523
0 0.5289285714285714 0.6833333333333333 0.055 0.1361904761904762
0 0.28035714285714286 0.54 0.045 0.11428571428571428
0 0.49107142857142855 0.4957142857142857 0.035 0.09238095238095238
0 0.7035714285714286 0.5071428571428571 0.03571428571428571 0.11523809523809524
0 0.7525 0.45571428571428574 0.023571428571428573 0.1
0 0.24214285714285713 0.2338095238095238 0.025714285714285714 0.04476190476190476
0 0.10607142857142857 0.2719047619047619 0.020714285714285713 0.058095238095238096
0 0.03857142857142857 0.2638095238095238 0.02142857142857143 0.05333333333333333
0 0.23714285714285716 0.7385714285714285 0.08285714285714285 0.14952380952380953
0 0.5364285714285715 0.5057142857142857 0.02142857142857143 0.07428571428571429
1 0.5346428571428572 0.490952380952381 0.029285714285714286 0.08857142857142856
1 0.5410714285714285 0.4442857142857143 0.03357142857142857 0.09047619047619047
1 0.5575 0.22666666666666666 0.012142857142857143 0.047619047619047616
1 0.5285714285714286 0.2280952380952381 0.015714285714285715 0.04476190476190476
1 0.52 0.22285714285714286 0.012857142857142857 0.03619047619047619
1 0.2792857142857143 0.21047619047619048 0.011428571428571429 0.026666666666666665
1 0.18714285714285714 0.22714285714285715 0.014285714285714285 0.03333333333333333
1 0.1707142857142857 0.24952380952380954 0.014285714285714285 0.0380952380952381
1 0.16285714285714287 0.2519047619047619 0.011428571428571429 0.039047619047619046
1 0.07535714285714286 0.26761904761904765 0.013571428571428571 0.03619047619047619
1 0.1467857142857143 0.24714285714285714 0.016428571428571428 0.035238095238095235
1 0.16714285714285715 0.2342857142857143 0.01 0.024761904761904763
0 0.06464285714285714 0.22 0.013571428571428571 0.03428571428571429
0 0.06821428571428571 0.2804761904761905 0.020714285714285713 0.04476190476190476
9 0.07821428571428571 0.2780952380952381 0.03357142857142857 0.026666666666666665
9 0.1457142857142857 0.2542857142857143 0.03857142857142857 0.026666666666666665
9 0.16964285714285715 0.25761904761904764 0.030714285714285715 0.029523809523809525
2 0.17 0.24428571428571427 0.024285714285714285 0.02
2 0.19035714285714286 0.23714285714285716 0.02642857142857143 0.022857142857142857
2 0.2814285714285714 0.22095238095238096 0.024285714285714285 0.022857142857142857
4 0.03464285714285714 0.2042857142857143 0.035 0.039047619047619046
3 0.08071428571428571 0.22904761904761906 0.06285714285714286 0.037142857142857144
3 0.07785714285714286 0.24666666666666667 0.06 0.045714285714285714
3 0.024285714285714285 0.23761904761904762 0.047142857142857146 0.04285714285714286
9 0.5185714285714286 0.22952380952380952 0.014285714285714285 0.030476190476190476
2 0.53 0.24142857142857144 0.017142857142857144 0.03333333333333333
2 0.56 0.2361904761904762 0.018571428571428572 0.03619047619047619
2 0.5389285714285714 0.4676190476190476 0.07214285714285715 0.05142857142857143
6 0.2075 0.7780952380952381 0.185 0.18476190476190477
0 0.5460714285714285 0.15333333333333332 0.007857142857142858 0.01904761904761905
0 0.9532142857142857 0.2038095238095238 0.012142857142857143 0.047619047619047616
0 0.9657142857142857 0.20857142857142857 0.01 0.04380952380952381
0 0.9721428571428572 0.2038095238095238 0.011428571428571429 0.04380952380952381
3 0.9703571428571428 0.1 0.030714285714285715 0.022857142857142857
4 0.8589285714285714 0.14238095238095239 0.05357142857142857 0.039047619047619046
4 0.8921428571428571 0.13142857142857142 0.05142857142857143 0.03238095238095238
3 0.785 0.13238095238095238 0.037142857142857144 0.03238095238095238
0 0.7660714285714286 0.2680952380952381 0.019285714285714285 0.05619047619047619
3 0.5392857142857143 0.1676190476190476 0.04857142857142857 0.02857142857142857
3 0.5746428571428571 0.17 0.04642857142857143 0.03142857142857143
3 0.6117857142857143 0.16380952380952382 0.04357142857142857 0.045714285714285714
3 0.59 0.1538095238095238 0.037142857142857144 0.02761904761904762
3 0.6560714285714285 0.15571428571428572 0.04214285714285714 0.03333333333333333
3 0.6928571428571428 0.14238095238095239 0.03571428571428571 0.02761904761904762
3 0.6907142857142857 0.1357142857142857 0.032857142857142856 0.029523809523809525
3 0.7235714285714285 0.13333333333333333 0.03428571428571429 0.024761904761904763
4 0.7089285714285715 0.12571428571428572 0.030714285714285715 0.026666666666666665
4 0.6210714285714286 0.1419047619047619 0.04071428571428572 0.04
4 0.6660714285714285 0.12857142857142856 0.030714285714285715 0.02857142857142857
5 0.6535714285714286 0.1380952380952381 0.05142857142857143 0.030476190476190476
5 0.7482142857142857 0.11190476190476191 0.03785714285714286 0.035238095238095235
5 0.6642857142857143 0.10095238095238095 0.05142857142857143 0.03428571428571429
5 0.7510714285714286 0.07809523809523809 0.027857142857142858 0.024761904761904763
8 0.7053571428571429 0.11 0.065 0.040952380952380955
3 0.7335714285714285 0.11857142857142858 0.032857142857142856 0.02761904761904762
4 0.7764285714285715 0.11047619047619048 0.02 0.02095238095238095
3 0.7964285714285714 0.11 0.027142857142857142 0.021904761904761906
3 0.8110714285714286 0.10095238095238095 0.017857142857142856 0.017142857142857144
3 0.7896428571428571 0.09952380952380953 0.023571428571428573 0.01619047619047619
3 0.7692857142857142 0.10285714285714286 0.027142857142857142 0.01904761904761905
3 0.8278571428571428 0.09904761904761905 0.022857142857142857 0.02095238095238095
5 0.8 0.08761904761904762 0.03 0.024761904761904763
3 0.82 0.0880952380952381 0.014285714285714285 0.014285714285714285
3 0.8339285714285715 0.08619047619047619 0.013571428571428571 0.012380952380952381
3 0.8442857142857143 0.09285714285714286 0.02 0.018095238095238095
8 0.8514285714285714 0.07095238095238095 0.037142857142857144 0.03142857142857143
8 0.8882142857142857 0.06714285714285714 0.04214285714285714 0.029523809523809525
3 0.9782142857142857 0.055714285714285716 0.012142857142857143 0.014285714285714285
0 0.9935714285714285 0.08285714285714285 0.007142857142857143 0.017142857142857144
1 0.9685714285714285 0.07857142857142857 0.004285714285714286 0.014285714285714285
2 0.9678571428571429 0.08285714285714285 0.008571428571428572 0.007619047619047619
5 0.8407142857142857 0.15428571428571428 0.037142857142857144 0.049523809523809526
5 0.89 0.1219047619047619 0.025714285714285714 0.045714285714285714
8 0.13 0.5061904761904762 0.26 0.32666666666666666
