3 0.3032142857142857 0.5528571428571428 0.13357142857142856 0.08095238095238096
3 0.34785714285714286 0.36238095238095236 0.09428571428571429 0.06571428571428571
3 0.36428571428571427 0.22714285714285715 0.09285714285714286 0.058095238095238096
3 0.38357142857142856 0.05333333333333333 0.07 0.049523809523809526
0 0.2775 0.21 0.013571428571428571 0.039047619047619046
3 0.2760714285714286 0.8419047619047619 0.15785714285714286 0.11428571428571428
3 0.24571428571428572 0.9552380952380952 0.18857142857142858 0.08952380952380952
0 0.195 0.7561904761904762 0.03571428571428571 0.04
1 0.19178571428571428 0.7442857142857143 0.016428571428571428 0.02761904761904762
1 0.031071428571428573 0.8852380952380953 0.062142857142857146 0.2180952380952381
2 0.16178571428571428 0.9095238095238095 0.04071428571428572 0.08571428571428572
2 0.185 0.8057142857142857 0.027142857142857142 0.07809523809523809
9 0.19535714285714287 0.5438095238095239 0.035 0.06095238095238095
0 0.31642857142857145 0.6404761904761904 0.022857142857142857 0.05047619047619047
0 0.4567857142857143 0.6209523809523809 0.020714285714285713 0.04380952380952381
3 0.5728571428571428 0.3628571428571429 0.05142857142857143 0.12380952380952381
3 0.5642857142857143 0.2580952380952381 0.04428571428571428 0.08761904761904762
3 0.5553571428571429 0.17285714285714285 0.04071428571428572 0.08285714285714285
3 0.49785714285714283 0.23809523809523808 0.03857142857142857 0.07809523809523809
3 0.5103571428571428 0.34476190476190477 0.045 0.09523809523809523
3 0.375 0.1895238095238095 0.08714285714285715 0.047619047619047616
3 0.3757142857142857 0.1595238095238095 0.08285714285714285 0.04285714285714286
3 0.3725 0.12523809523809523 0.08214285714285714 0.05047619047619047
3 0.39035714285714285 0.03 0.05357142857142857 0.03333333333333333
3 0.3985714285714286 0.013333333333333332 0.06428571428571428 0.026666666666666665
0 0.3271428571428571 0.07952380952380952 0.011428571428571429 0.037142857142857144
0 0.33107142857142857 0.06619047619047619 0.012142857142857143 0.04285714285714286
3 0.5475 0.09714285714285714 0.029285714285714286 0.06476190476190476
3 0.5457142857142857 0.039047619047619046 0.032857142857142856 0.06095238095238095
4 0.7735714285714286 0.3342857142857143 0.06142857142857143 0.11238095238095239
3 0.6857142857142857 0.24571428571428572 0.04285714285714286 0.09142857142857143
0 0.7271428571428571 0.15761904761904763 0.014285714285714285 0.04476190476190476
1 0.6121428571428571 0.24523809523809523 0.014285714285714285 0.02761904761904762
1 0.6125 0.24142857142857144 0.013571428571428571 0.03333333333333333
9 0.6114285714285714 0.2604761904761905 0.012857142857142857 0.04666666666666667
5 0.8592857142857143 0.041428571428571426 0.05714285714285714 0.06190476190476191
3 0.9 0.10285714285714286 0.055714285714285716 0.06666666666666667
4 0.8428571428571429 0.949047619047619 0.12428571428571429 0.1019047619047619
3 0.9539285714285715 0.17 0.06357142857142857 0.06380952380952382
3 0.98 0.24761904761904763 0.04 0.09523809523809523
