8 0.1175 0.7506345177664974 0.056428571428571425 0.16624365482233502
8 0.14285714285714285 0.7506345177664974 0.047142857142857146 0.12563451776649745
8 0.15464285714285714 0.9238578680203045 0.056428571428571425 0.149746192893401
8 0.18428571428571427 0.9041878172588832 0.04857142857142857 0.1281725888324873
8 0.23107142857142857 0.9676395939086294 0.035 0.06218274111675126
8 0.23392857142857143 0.7855329949238578 0.055 0.14720812182741116
3 0.2082142857142857 0.7994923857868019 0.02642857142857143 0.06091370558375634
3 0.2714285714285714 0.9746192893401014 0.027142857142857142 0.048223350253807105
3 0.2225 0.6338832487309645 0.030714285714285715 0.06725888324873096
3 0.25 0.6205583756345178 0.02857142857142857 0.06852791878172589
0 0.5767857142857142 0.782994923857868 0.010714285714285714 0.025380710659898477
0 0.5842857142857143 0.7620558375634517 0.012857142857142857 0.024111675126903553
0 0.3082142857142857 0.18908629441624364 0.012142857142857143 0.03807106598984771
0 0.3325 0.18527918781725886 0.016428571428571428 0.027918781725888322
0 0.33464285714285713 0.16434010152284262 0.017857142857142856 0.029187817258883246
0 0.385 0.23921319796954313 0.012857142857142857 0.031725888324873094
0 0.4010714285714286 0.24048223350253806 0.013571428571428571 0.031725888324873094
0 0.3867857142857143 0.26015228426395937 0.012142857142857143 0.02030456852791878
0 0.3964285714285714 0.282994923857868 0.011428571428571429 0.025380710659898477
0 0.4 0.3248730964467005 0.01 0.027918781725888322
0 0.49464285714285716 0.27347715736040606 0.010714285714285714 0.021573604060913704
0 0.5053571428571428 0.26015228426395937 0.010714285714285714 0.017766497461928932
0 0.525 0.14022842639593908 0.014285714285714285 0.029187817258883246
0 0.4932142857142857 0.20558375634517764 0.017857142857142856 0.02284263959390863
0 0.5628571428571428 0.15418781725888323 0.012857142857142857 0.024111675126903553
0 0.34535714285714286 0.032994923857868015 0.013571428571428571 0.02030456852791878
0 0.3342857142857143 0.052030456852791875 0.008571428571428572 0.017766497461928932
0 0.3532142857142857 0.06345177664974619 0.009285714285714286 0.02030456852791878
4 0.43392857142857144 0.9454314720812182 0.03642857142857143 0.07614213197969542
