3 0.014285714285714285 0.540952380952381 0.02857142857142857 0.06095238095238095
3 0.05857142857142857 0.48142857142857143 0.054285714285714284 0.06190476190476191
0 0.23714285714285716 0.29619047619047617 0.012857142857142857 0.017142857142857144
0 0.23392857142857143 0.2866666666666667 0.010714285714285714 0.017142857142857144
2 0.20285714285714285 0.2623809523809524 0.015714285714285715 0.018095238095238095
9 0.19642857142857142 0.23761904761904762 0.02142857142857143 0.025714285714285714
1 0.19607142857142856 0.2357142857142857 0.010714285714285714 0.018095238095238095
3 0.4082142857142857 0.2642857142857143 0.047857142857142855 0.05619047619047619
4 0.43142857142857144 0.29619047619047617 0.04285714285714286 0.05333333333333333
4 0.4610714285714286 0.36095238095238097 0.052142857142857144 0.05523809523809524
3 0.4757142857142857 0.38666666666666666 0.04857142857142857 0.05142857142857143
3 0.49464285714285716 0.4147619047619048 0.04642857142857143 0.05238095238095238
3 0.5164285714285715 0.44571428571428573 0.05 0.05333333333333333
3 0.5528571428571428 0.5038095238095238 0.045714285714285714 0.05714285714285714
9 0.5357142857142857 0.3485714285714286 0.017142857142857144 0.024761904761904763
3 0.5635714285714286 0.2919047619047619 0.041428571428571426 0.06
3 0.5289285714285714 0.23523809523809525 0.04071428571428572 0.06095238095238095
9 0.46535714285714286 0.16714285714285715 0.016428571428571428 0.02761904761904762
1 0.4642857142857143 0.16285714285714287 0.007142857142857143 0.01904761904761905
5 0.49 0.16380952380952382 0.055714285714285716 0.07809523809523809
3 0.45 0.1019047619047619 0.04 0.06095238095238095
7 0.4185714285714286 0.04904761904761905 0.03857142857142857 0.05619047619047619
3 0.31285714285714283 0.0919047619047619 0.04428571428571428 0.04666666666666667
4 0.3 0.06904761904761905 0.02857142857142857 0.04666666666666667
3 0.29964285714285716 0.03571428571428571 0.029285714285714286 0.03142857142857143
3 0.3875 0.01380952380952381 0.03357142857142857 0.02761904761904762
2 0.48678571428571427 0.6271428571428571 0.015 0.02761904761904762
9 0.5721428571428572 0.6476190476190476 0.022857142857142857 0.01904761904761905
1 0.5721428571428572 0.6485714285714286 0.011428571428571429 0.017142857142857144
9 0.6092857142857143 0.6814285714285714 0.024285714285714285 0.014285714285714285
9 0.6364285714285715 0.6785714285714286 0.014285714285714285 0.035238095238095235
0 0.6464285714285715 0.6995238095238095 0.012857142857142857 0.012380952380952381
5 0.7078571428571429 0.5466666666666666 0.04285714285714286 0.07238095238095238
6 0.7175 0.6038095238095238 0.020714285714285713 0.047619047619047616
9 0.6803571428571429 0.4704761904761905 0.016428571428571428 0.030476190476190476
0 0.6946428571428571 0.4804761904761905 0.009285714285714286 0.01619047619047619
3 0.7510714285714286 0.6061904761904762 0.047857142857142855 0.07142857142857142
3 0.7967857142857143 0.6752380952380952 0.045 0.06666666666666667
3 0.8375 0.7490476190476191 0.05357142857142857 0.07523809523809524
9 0.795 0.8023809523809524 0.022857142857142857 0.023809523809523808
1 0.7925 0.7995238095238095 0.015 0.01619047619047619
0 0.8171428571428572 0.9104761904761904 0.008571428571428572 0.007619047619047619
0 0.8503571428571428 0.9085714285714286 0.017857142857142856 0.017142857142857144
3 0.8889285714285714 0.8685714285714285 0.052142857142857144 0.06476190476190476
5 0.9575 0.9419047619047619 0.085 0.11428571428571428
6 0.8242857142857143 0.969047619047619 0.025714285714285714 0.04285714285714286
4 0.9571428571428572 0.5761904761904761 0.05857142857142857 0.06666666666666667
9 0.7517857142857143 0.42523809523809525 0.020714285714285713 0.01619047619047619
9 0.7585714285714286 0.38857142857142857 0.017142857142857144 0.022857142857142857
1 0.7607142857142857 0.3880952380952381 0.01 0.01619047619047619
3 0.8253571428571429 0.37666666666666665 0.04642857142857143 0.058095238095238096
0 0.7942857142857143 0.26571428571428574 0.011428571428571429 0.022857142857142857
3 0.9460714285714286 0.30904761904761907 0.045 0.054285714285714284
3 0.9925 0.23523809523809525 0.015 0.03428571428571429
3 0.9682142857142857 0.16428571428571428 0.04928571428571429 0.054285714285714284
4 0.9489285714285715 0.14095238095238094 0.052142857142857144 0.05333333333333333
3 0.8728571428571429 0.22 0.045714285714285714 0.06095238095238095
4 0.8367857142857142 0.16476190476190475 0.04357142857142857 0.05333333333333333
3 0.9071428571428571 0.09142857142857143 0.05 0.05523809523809524
3 0.8828571428571429 0.06380952380952382 0.045714285714285714 0.049523809523809526
3 0.8667857142857143 0.034761904761904765 0.045 0.04857142857142857
3 0.8482142857142857 0.018095238095238095 0.04071428571428572 0.03619047619047619
3 0.8189285714285715 0.01 0.03357142857142857 0.02
0 0.7285714285714285 0.06761904761904762 0.008571428571428572 0.01904761904761905
9 0.725 0.09619047619047619 0.017142857142857144 0.02095238095238095
0 0.7371428571428571 0.08333333333333333 0.007142857142857143 0.018095238095238095
5 0.7382142857142857 0.10809523809523809 0.035 0.05619047619047619
3 0.7232142857142857 0.19428571428571428 0.035 0.049523809523809526
5 0.6282142857142857 0.08095238095238096 0.05785714285714286 0.0761904761904762
0 0.6960714285714286 0.20809523809523808 0.009285714285714286 0.018095238095238095
3 0.6660714285714285 0.21857142857142858 0.039285714285714285 0.06380952380952382
3 0.61 0.13952380952380952 0.03428571428571429 0.04857142857142857
0 0.6725 0.3171428571428571 0.010714285714285714 0.022857142857142857
