3 0.734 0.23666666666666666 0.025 0.012
3 0.723 0.24333333333333332 0.028 0.014666666666666666
7 0.71425 0.2533333333333333 0.0095 0.017333333333333333
3 0.75075 0.26966666666666667 0.0195 0.019333333333333334
7 0.8355 0.37166666666666665 0.041 0.022
9 0.85275 0.37966666666666665 0.0165 0.020666666666666667
4 0.671 0.2773333333333333 0.045 0.028
4 0.67275 0.29766666666666663 0.051500000000000004 0.026
3 0.6755 0.30733333333333335 0.049 0.021333333333333333
3 0.672 0.312 0.05 0.022666666666666665
3 0.6717500000000001 0.3343333333333333 0.0565 0.02733333333333333
3 0.68075 0.344 0.0585 0.030666666666666665
3 0.7495 0.39266666666666666 0.066 0.03733333333333333
2 0.802 0.32866666666666666 0.02 0.016
3 0.665 0.388 0.073 0.032
3 0.667 0.40199999999999997 0.07200000000000001 0.028
3 0.66825 0.41933333333333334 0.0775 0.03733333333333333
4 0.682 0.43266666666666664 0.084 0.05733333333333333
4 0.661 0.469 0.085 0.057999999999999996
3 0.6880000000000001 0.5093333333333333 0.11 0.06933333333333333
3 0.6915 0.623 0.171 0.09
3 0.52225 0.6196666666666667 0.1385 0.09266666666666666
2 0.455 0.577 0.05 0.035333333333333335
3 0.629 0.8146666666666667 0.24 0.14666666666666667
3 0.3655 0.781 0.201 0.13533333333333333
0 0.8545 0.817 0.046 0.062
5 0.3105 0.5593333333333333 0.20600000000000002 0.16133333333333333
3 0.03425 0.41833333333333333 0.0685 0.08066666666666666
5 0.2165 0.3413333333333333 0.122 0.06933333333333333
