9 0.614 0.966 0.018000000000000002 0.06133333333333333
9 0.70975 0.897 0.0335 0.08866666666666666
9 0.756 0.8883333333333333 0.037 0.082
9 0.80025 0.815 0.059500000000000004 0.038
6 0.56125 0.8493333333333333 0.0815 0.05333333333333333
2 0.56725 0.8296666666666667 0.0505 0.035333333333333335
2 0.56725 0.7726666666666666 0.0475 0.03866666666666667
2 0.56275 0.762 0.0425 0.030666666666666665
2 0.55775 0.743 0.0445 0.04733333333333333
2 0.5565 0.7283333333333333 0.042 0.03266666666666666
2 0.55375 0.7096666666666667 0.0425 0.041999999999999996
2 0.551 0.696 0.044 0.03333333333333333
2 0.54925 0.6776666666666666 0.043500000000000004 0.03
2 0.5435 0.6669999999999999 0.043000000000000003 0.026
2 0.54325 0.6556666666666666 0.0445 0.03
9 0.554 0.6373333333333333 0.037 0.029333333333333333
9 0.55925 0.6233333333333333 0.043500000000000004 0.04
2 0.54225 0.613 0.0385 0.03266666666666666
2 0.5385 0.5993333333333333 0.041 0.028
9 0.54625 0.5753333333333334 0.0395 0.03333333333333333
9 0.54525 0.5666666666666667 0.035500000000000004 0.04
9 0.53 0.5606666666666666 0.034 0.03733333333333333
9 0.5465 0.5403333333333333 0.035 0.038
9 0.5735 0.5549999999999999 0.015 0.05533333333333333
2 0.5045000000000001 0.5463333333333333 0.015 0.049999999999999996
9 0.537 0.5023333333333333 0.037 0.03
9 0.5407500000000001 0.491 0.0345 0.03133333333333333
0 0.712 0.515 0.028 0.046
6 0.662 0.49133333333333334 0.028 0.06266666666666666
9 0.50775 0.47933333333333333 0.0315 0.032
9 0.5225 0.45699999999999996 0.034 0.04733333333333333
6 0.55525 0.4353333333333333 0.025500000000000002 0.064
0 0.57025 0.4363333333333333 0.0155 0.043333333333333335
0 0.6015 0.331 0.01 0.043333333333333335
2 0.5865 0.33599999999999997 0.014 0.029333333333333333
1 0.586 0.328 0.014 0.034666666666666665
3 0.64775 0.295 0.0785 0.048666666666666664
3 0.7342500000000001 0.285 0.0785 0.04733333333333333
3 0.0655 0.375 0.097 0.054
4 0.16625 0.35533333333333333 0.0825 0.058666666666666666
3 0.2585 0.3466666666666667 0.081 0.052
0 0.223 0.3273333333333333 0.014 0.034666666666666665
0 0.24975 0.32566666666666666 0.0155 0.035333333333333335
0 0.24825 0.3163333333333333 0.0165 0.033999999999999996
0 0.248 0.312 0.017 0.04
0 0.24525 0.306 0.0165 0.03333333333333333
0 0.245 0.29566666666666663 0.013000000000000001 0.033999999999999996
3 0.18775 0.26866666666666666 0.0775 0.050666666666666665
3 0.28825 0.257 0.07150000000000001 0.049999999999999996
3 0.3775 0.24866666666666665 0.069 0.042666666666666665
9 0.4055 0.27399999999999997 0.027 0.024
1 0.40425 0.2683333333333333 0.0135 0.028666666666666667
3 0.1135 0.22333333333333333 0.045 0.042666666666666665
3 0.0535 0.17666666666666667 0.064 0.034666666666666665
3 0.0675 0.156 0.061 0.029333333333333333
3 0.201 0.14833333333333332 0.061 0.035333333333333335
3 0.16475 0.13533333333333333 0.0365 0.034666666666666665
3 0.1635 0.094 0.029 0.034666666666666665
9 0.1225 0.07966666666666666 0.016 0.016666666666666666
4 0.153 0.06433333333333333 0.046 0.026
3 0.1715 0.047 0.046 0.022
5 0.21575 0.044 0.0425 0.04933333333333333
6 0.24075 0.06233333333333333 0.0195 0.024666666666666667
6 0.25025000000000003 0.07366666666666666 0.0095 0.016666666666666666
0 0.04925 0.095 0.0115 0.022
0 0.04 0.033666666666666664 0.013000000000000001 0.022
9 0.28300000000000003 0.12133333333333333 0.011 0.022666666666666665
9 0.2685 0.12133333333333333 0.01 0.022666666666666665
3 0.1795 0.03766666666666667 0.04 0.024666666666666667
3 0.18825 0.03 0.035500000000000004 0.022666666666666665
3 0.20175 0.023666666666666666 0.035500000000000004 0.020666666666666667
3 0.2125 0.016666666666666666 0.04 0.018666666666666665
4 0.486 0.314 0.065 0.06133333333333333
0 0.52425 0.3263333333333333 0.0095 0.03933333333333333
0 0.54625 0.316 0.0125 0.04
9 0.53925 0.314 0.0155 0.029333333333333333
0 0.44 0.25 0.008 0.03333333333333333
3 0.5465 0.22866666666666666 0.067 0.04133333333333333
3 0.6 0.20166666666666666 0.042 0.04066666666666666
5 0.68175 0.10833333333333332 0.0675 0.054
3 0.65625 0.10333333333333333 0.0395 0.032
6 0.52825 0.05466666666666666 0.0225 0.016
5 0.5425 0.033999999999999996 0.051000000000000004 0.04533333333333333
3 0.5435 0.018 0.047 0.026666666666666665
3 0.5357500000000001 0.024666666666666667 0.0425 0.026666666666666665
3 0.6335000000000001 0.034333333333333334 0.04 0.028666666666666667
3 0.62975 0.02733333333333333 0.0445 0.022666666666666665
3 0.6265000000000001 0.019333333333333334 0.038 0.018666666666666665
3 0.78425 0.20266666666666666 0.0565 0.03866666666666667
3 0.81875 0.27466666666666667 0.0535 0.04133333333333333
0 0.8532500000000001 0.048999999999999995 0.0095 0.02733333333333333
0 0.8602500000000001 0.045 0.006500000000000001 0.026
3 0.87675 0.032 0.0285 0.025333333333333333
4 0.8445 0.011333333333333332 0.03 0.022666666666666665
