3 0.43642857142857144 0.9628571428571429 0.16 0.07428571428571429
3 0.7742857142857142 0.9638095238095238 0.15 0.07047619047619047
3 0.7389285714285714 0.8609523809523809 0.12642857142857142 0.08571428571428572
3 0.8489285714285715 0.35619047619047617 0.065 0.05333333333333333
3 0.7696428571428572 0.3657142857142857 0.07642857142857143 0.05333333333333333
3 0.7403571428571428 0.3952380952380952 0.075 0.05523809523809524
3 0.7125 0.42238095238095236 0.08071428571428571 0.06190476190476191
3 0.6664285714285715 0.3395238095238095 0.06714285714285714 0.04476190476190476
3 0.6010714285714286 0.39380952380952383 0.060714285714285714 0.05047619047619047
3 0.6825 0.3142857142857143 0.065 0.05523809523809524
3 0.5192857142857142 0.3680952380952381 0.06571428571428571 0.05047619047619047
3 0.5628571428571428 0.34523809523809523 0.06 0.037142857142857144
3 0.5685714285714286 0.3138095238095238 0.06142857142857143 0.04476190476190476
3 0.5028571428571429 0.2985714285714286 0.04857142857142857 0.039047619047619046
4 0.5510714285714285 0.28476190476190477 0.055 0.03238095238095238
4 0.4357142857142857 0.3466666666666667 0.055714285714285716 0.045714285714285714
4 0.455 0.2604761904761905 0.05285714285714286 0.039047619047619046
1 0.7925 0.47333333333333333 0.007857142857142858 0.0419047619047619
2 0.7914285714285715 0.48238095238095235 0.03428571428571429 0.025714285714285714
0 0.8296428571428571 0.3252380952380952 0.012142857142857143 0.029523809523809525
3 0.8267857142857142 0.2804761904761905 0.07642857142857143 0.037142857142857144
4 0.8639285714285714 0.25857142857142856 0.045 0.03333333333333333
0 0.99 0.26476190476190475 0.011428571428571429 0.026666666666666665
0 0.9775 0.2557142857142857 0.010714285714285714 0.02761904761904762
3 0.7932142857142858 0.24571428571428572 0.065 0.0380952380952381
3 0.7153571428571428 0.2319047619047619 0.047857142857142855 0.029523809523809525
3 0.6564285714285715 0.2276190476190476 0.04857142857142857 0.03428571428571429
0 0.7178571428571429 0.20666666666666667 0.007142857142857143 0.022857142857142857
0 0.9421428571428572 0.05857142857142857 0.005714285714285714 0.01619047619047619
0 0.9257142857142857 0.060476190476190475 0.004285714285714286 0.018095238095238095
0 0.9064285714285715 0.06476190476190476 0.007142857142857143 0.01904761904761905
0 0.8646428571428572 0.08 0.007857142857142858 0.015238095238095238
0 0.8410714285714286 0.09238095238095238 0.005 0.02095238095238095
0 0.8225 0.12142857142857143 0.009285714285714286 0.018095238095238095
0 0.8228571428571428 0.1361904761904762 0.008571428571428572 0.02095238095238095
0 0.9192857142857143 0.09904761904761905 0.007142857142857143 0.017142857142857144
0 0.9128571428571428 0.09952380952380953 0.005714285714285714 0.01619047619047619
0 0.795 0.15761904761904763 0.011428571428571429 0.021904761904761906
3 0.7771428571428571 0.16 0.022857142857142857 0.02857142857142857
3 0.7489285714285714 0.15904761904761905 0.02214285714285714 0.03238095238095238
3 0.7221428571428572 0.15333333333333332 0.02142857142857143 0.024761904761904763
3 0.675 0.14809523809523809 0.02142857142857143 0.03333333333333333
3 0.5921428571428572 0.2123809523809524 0.047142857142857146 0.02857142857142857
3 0.5378571428571428 0.20238095238095238 0.03857142857142857 0.02761904761904762
3 0.4857142857142857 0.19238095238095237 0.041428571428571426 0.030476190476190476
0 0.4810714285714286 0.17047619047619048 0.010714285714285714 0.022857142857142857
3 0.42642857142857143 0.20238095238095238 0.04857142857142857 0.03333333333333333
3 0.36142857142857143 0.2652380952380952 0.05285714285714286 0.037142857142857144
3 0.435 0.1823809523809524 0.04 0.023809523809523808
4 0.37642857142857145 0.1719047619047619 0.037142857142857144 0.02761904761904762
3 0.33535714285714285 0.16714285714285715 0.03642857142857143 0.023809523809523808
3 0.30178571428571427 0.16095238095238096 0.03357142857142857 0.022857142857142857
3 0.27 0.15523809523809523 0.03428571428571429 0.024761904761904763
3 0.21642857142857141 0.14333333333333334 0.027142857142857142 0.023809523809523808
3 0.18464285714285714 0.13904761904761906 0.029285714285714286 0.022857142857142857
3 0.15107142857142858 0.13142857142857142 0.029285714285714286 0.01904761904761905
0 0.04964285714285714 0.4957142857142857 0.019285714285714285 0.037142857142857144
0 0.065 0.47714285714285715 0.024285714285714285 0.04
0 0.24892857142857142 0.3576190476190476 0.016428571428571428 0.037142857142857144
0 0.4585714285714286 0.47619047619047616 0.014285714285714285 0.02857142857142857
1 0.18678571428571428 0.3061904761904762 0.0064285714285714285 0.014285714285714285
9 0.18714285714285714 0.31142857142857144 0.014285714285714285 0.015238095238095238
3 0.07964285714285714 0.09428571428571429 0.03357142857142857 0.01904761904761905
0 0.9575 0.79 0.03214285714285714 0.06380952380952382
3 0.8332142857142857 0.15666666666666668 0.03785714285714286 0.02761904761904762
3 0.8571428571428571 0.15 0.03857142857142857 0.03333333333333333
3 0.8792857142857143 0.14 0.02857142857142857 0.03238095238095238
3 0.9039285714285714 0.11761904761904762 0.027857142857142858 0.018095238095238095
3 0.9314285714285714 0.11095238095238096 0.024285714285714285 0.023809523809523808
3 0.9432142857142857 0.10857142857142857 0.016428571428571428 0.024761904761904763
3 0.9464285714285714 0.10666666666666666 0.022857142857142857 0.026666666666666665
3 0.9664285714285714 0.10476190476190476 0.02 0.022857142857142857
3 0.9778571428571429 0.09761904761904762 0.024285714285714285 0.02
9 0.82 0.08904761904761904 0.012857142857142857 0.012380952380952381
3 0.6864285714285714 0.0838095238095238 0.032857142857142856 0.02095238095238095
0 0.5521428571428572 0.08190476190476191 0.005714285714285714 0.017142857142857144
3 0.47928571428571426 0.12095238095238095 0.02142857142857143 0.01904761904761905
3 0.6125 0.0919047619047619 0.016428571428571428 0.018095238095238095
3 0.5946428571428571 0.08714285714285715 0.017857142857142856 0.014285714285714285
3 0.58 0.0980952380952381 0.022857142857142857 0.02095238095238095
3 0.5621428571428572 0.09571428571428571 0.018571428571428572 0.021904761904761906
3 0.5471428571428572 0.09476190476190476 0.017142857142857144 0.01619047619047619
3 0.5307142857142857 0.09476190476190476 0.017142857142857144 0.018095238095238095
3 0.5314285714285715 0.08 0.02142857142857143 0.01904761904761905
3 0.5760714285714286 0.08333333333333333 0.02214285714285714 0.018095238095238095
