7 0.5268789144050103 0.34183673469387754 0.013048016701461376 0.030612244897959183
7 0.5433194154488518 0.4958256029684601 0.01774530271398747 0.039888682745825604
9 0.470250521920668 0.4976808905380334 0.011482254697286011 0.01948051948051948
0 0.4746868475991649 0.5204081632653061 0.0057411273486430055 0.03153988868274583
0 0.48695198329853856 0.5194805194805195 0.0073068893528183704 0.03153988868274583
0 0.4819937369519833 0.5134508348794063 0.006784968684759916 0.030612244897959183
1 0.44963465553235904 0.5459183673469388 0.009916492693110646 0.02319109461966605
3 0.6093423799582462 0.5941558441558442 0.02974947807933194 0.08441558441558442
5 0.7828810020876826 0.7778293135435993 0.06889352818371607 0.1808905380333952
3 0.780010438413361 0.674860853432282 0.03914405010438413 0.07884972170686456
7 0.758089770354906 0.5709647495361782 0.028705636743215027 0.06029684601113173
5 0.5589770354906054 0.262987012987013 0.033402922755741124 0.030612244897959183
7 0.6156054279749478 0.21614100185528756 0.007828810020876827 0.022263450834879406
0 0.6213465553235907 0.23098330241187384 0.004697286012526096 0.020408163265306124
9 0.7839248434237995 0.2820037105751392 0.013569937369519832 0.020408163265306124
3 0.7142484342379958 0.23608534322820038 0.01826722338204593 0.021335807050092765
7 0.7142484342379958 0.19573283858998144 0.008872651356993735 0.025974025974025976
3 0.7048538622129435 0.1391465677179963 0.02139874739039666 0.01855287569573284
0 0.6878914405010438 0.11595547309833024 0.0031315240083507304 0.012987012987012988
0 0.638830897703549 0.12476808905380334 0.0041753653444676405 0.013914656771799629
0 0.6510960334029227 0.11363636363636363 0.0026096033402922755 0.012059369202226345
1 0.6466597077244258 0.11549165120593692 0.0031315240083507304 0.006493506493506494
6 0.6466597077244258 0.11873840445269017 0.0041753653444676405 0.011131725417439703
7 0.6581419624217119 0.08905380333951762 0.005219206680584551 0.011131725417439703
7 0.6779749478079331 0.0950834879406308 0.009394572025052192 0.012059369202226345
3 0.6657098121085594 0.07792207792207792 0.0057411273486430055 0.011131725417439703
3 0.6521398747390396 0.07003710575139147 0.0057411273486430055 0.010204081632653062
7 0.6597077244258872 0.06725417439703155 0.005219206680584551 0.008348794063079777
0 0.6717118997912317 0.0663265306122449 0.0020876826722338203 0.008348794063079777
3 0.6758872651356993 0.06586270871985157 0.0073068893528183704 0.011131725417439703
3 0.6965031315240083 0.06586270871985157 0.0057411273486430055 0.011131725417439703
0 0.7038100208768266 0.06818181818181818 0.0026096033402922755 0.008348794063079777
0 0.7017223382045928 0.0686456400742115 0.0015657620041753652 0.0074211502782931356
7 0.6826722338204593 0.04777365491651206 0.0041753653444676405 0.008348794063079777
3 0.6544885177453027 0.07838589981447125 0.006263048016701461 0.010204081632653062
3 0.659446764091858 0.041280148423005564 0.0057411273486430055 0.008348794063079777
3 0.6654488517745302 0.03293135435992579 0.0073068893528183704 0.006493506493506494
3 0.6949373695198329 0.0287569573283859 0.006784968684759916 0.00927643784786642
0 0.6521398747390396 0.08905380333951762 0.0026096033402922755 0.00927643784786642
1 0.6751043841336116 0.03200371057513915 0.0015657620041753652 0.00463821892393321
9 0.6751043841336116 0.03339517625231911 0.0026096033402922755 0.0055658627087198514
7 0.693893528183716 0.022727272727272728 0.0036534446764091852 0.006493506493506494
3 0.6920668058455114 0.012059369202226345 0.0041753653444676405 0.0055658627087198514
