3 0.5146428571428572 0.6618020304568527 0.047857142857142855 0.049492385786802026
4 0.5128571428571429 0.5831218274111675 0.05142857142857143 0.06218274111675126
3 0.5157142857142857 0.5063451776649746 0.04428571428571428 0.04060913705583756
3 0.4375 0.4606598984771573 0.025 0.06598984771573603
3 0.53 0.4175126903553299 0.041428571428571426 0.035532994923857864
3 0.48642857142857143 0.35913705583756345 0.02142857142857143 0.053299492385786795
3 0.5289285714285714 0.3769035532994924 0.03785714285714286 0.050761421319796954
3 0.5357142857142857 0.3039340101522842 0.04 0.031725888324873094
3 0.5332142857142858 0.2277918781725888 0.035 0.03426395939086294
3 0.5757142857142857 0.2918781725888325 0.015714285714285715 0.04568527918781726
3 0.6171428571428571 0.3895939086294416 0.03857142857142857 0.032994923857868015
3 0.6435714285714286 0.3496192893401015 0.032857142857142856 0.04695431472081218
3 0.6875 0.30583756345177665 0.019285714285714285 0.05837563451776649
3 0.6357142857142857 0.2506345177664974 0.04285714285714286 0.03680203045685279
3 0.6339285714285714 0.2144670050761421 0.035 0.027918781725888322
3 0.6307142857142857 0.12626903553299493 0.03428571428571429 0.029187817258883246
3 0.6371428571428571 0.09898477157360405 0.024285714285714285 0.025380710659898477
3 0.7007142857142857 0.13451776649746192 0.015714285714285715 0.04060913705583756
3 0.7135714285714285 0.40609137055837563 0.04857142857142857 0.04060913705583756
3 0.7285714285714285 0.567258883248731 0.04857142857142857 0.04060913705583756
3 0.6246428571428572 0.8413705583756345 0.052142857142857144 0.04568527918781726
3 0.6425 0.8007614213197969 0.056428571428571425 0.04314720812182741
4 0.6321428571428571 0.7106598984771573 0.047142857142857146 0.04568527918781726
3 0.63 0.6700507614213197 0.047142857142857146 0.04060913705583756
3 0.6292857142857143 0.631979695431472 0.04857142857142857 0.04568527918781726
3 0.6285714285714286 0.5970812182741116 0.05142857142857143 0.04695431472081218
3 0.6235714285714286 0.5602791878172588 0.04285714285714286 0.03680203045685279
3 0.6185714285714285 0.5107868020304568 0.03571428571428571 0.03426395939086294
3 0.6210714285714286 0.4841370558375634 0.04642857142857143 0.04187817258883248
3 0.27464285714285713 0.6751269035532994 0.047857142857142855 0.04568527918781726
3 0.2864285714285714 0.575507614213198 0.05142857142857143 0.04187817258883248
3 0.3171428571428571 0.4625634517766497 0.05 0.031725888324873094
4 0.21464285714285714 0.9048223350253807 0.05785714285714286 0.048223350253807105
5 0.32357142857142857 0.7303299492385786 0.037142857142857144 0.13071065989847716
5 0.3732142857142857 0.9168781725888324 0.039285714285714285 0.11548223350253806
5 0.35214285714285715 0.2760152284263959 0.06 0.1916243654822335
3 0.3914285714285714 0.06852791878172589 0.032857142857142856 0.025380710659898477
3 0.4135714285714286 0.01967005076142132 0.017142857142857144 0.03680203045685279
3 0.4357142857142857 0.10786802030456852 0.015714285714285715 0.04568527918781726
3 0.5432142857142858 0.11738578680203045 0.035 0.026649746192893398
3 0.5428571428571428 0.06408629441624365 0.03142857142857143 0.029187817258883246
5 0.5342857142857143 0.1897208121827411 0.04428571428571428 0.05456852791878172
3 0.6342857142857142 0.9771573604060912 0.05857142857142857 0.04314720812182741
3 0.6375 0.9321065989847716 0.03785714285714286 0.052030456852791875
3 0.6867857142857143 0.05266497461928934 0.013571428571428571 0.03680203045685279
3 0.63 0.07106598984771573 0.03142857142857143 0.02284263959390863
3 0.6210714285714286 0.052030456852791875 0.030714285714285715 0.027918781725888322
3 0.7089285714285715 0.03236040609137056 0.017857142857142856 0.03426395939086294
5 0.6928571428571428 0.07994923857868019 0.017142857142857144 0.04060913705583756
1 0.5028571428571429 0.1611675126903553 0.005714285714285714 0.015228426395939085
1 0.4932142857142857 0.39911167512690354 0.005 0.013959390862944161
9 0.5021428571428571 0.16751269035532992 0.005714285714285714 0.02030456852791878
2 0.49357142857142855 0.4048223350253807 0.005714285714285714 0.02284263959390863
0 0.5017857142857143 0.39403553299492383 0.005 0.026649746192893398
0 0.5121428571428571 0.3128172588832487 0.004285714285714286 0.021573604060913704
0 0.6521428571428571 0.05012690355329949 0.005714285714285714 0.021573604060913704
0 0.6 0.013959390862944161 0.005714285714285714 0.015228426395939085
5 0.6164285714285714 0.029187817258883246 0.03428571428571429 0.035532994923857864
0 0.6732142857142858 0.12753807106598983 0.005 0.024111675126903553
0 0.6875 0.13895939086294415 0.0064285714285714285 0.021573604060913704
0 0.6603571428571429 0.13007614213197968 0.005 0.021573604060913704
0 0.6642857142857143 0.12563451776649745 0.005714285714285714 0.02284263959390863
1 0.7135714285714285 0.17956852791878172 0.005714285714285714 0.019035532994923856
9 0.7253571428571428 0.20685279187817257 0.007857142857142858 0.027918781725888322
9 0.7128571428571429 0.2081218274111675 0.007142857142857143 0.02284263959390863
9 0.7089285714285715 0.44352791878172587 0.013571428571428571 0.019035532994923856
0 0.6825 0.36548223350253806 0.007857142857142858 0.02284263959390863
0 0.7085714285714285 0.6313451776649746 0.007142857142857143 0.026649746192893398
0 0.6796428571428571 0.7170050761421319 0.007857142857142858 0.02284263959390863
0 0.7025 0.8032994923857867 0.009285714285714286 0.02284263959390863
0 0.7057142857142857 0.8553299492385786 0.007142857142857143 0.02284263959390863
9 0.7282142857142857 0.8045685279187816 0.010714285714285714 0.03807106598984771
9 0.6378571428571429 0.881979695431472 0.022857142857142857 0.02030456852791878
9 0.5178571428571429 0.9428934010152283 0.024285714285714285 0.035532994923857864
9 0.515 0.9682741116751268 0.025714285714285714 0.032994923857868015
0 0.7375 0.9441624365482233 0.007857142857142858 0.02284263959390863
0 0.7375 0.9746192893401014 0.010714285714285714 0.02284263959390863
1 0.46464285714285714 0.6630710659898477 0.007857142857142858 0.024111675126903553
2 0.4635714285714286 0.6700507614213197 0.005714285714285714 0.03045685279187817
3 0.21035714285714285 0.9796954314720812 0.05357142857142857 0.032994923857868015
3 0.5992857142857143 0.2519035532994924 0.02 0.052030456852791875
4 0.5378571428571428 0.27347715736040606 0.03857142857142857 0.03426395939086294
