0 0.030357142857142857 0.15672588832487308 0.013571428571428571 0.04695431472081218
0 0.11785714285714285 0.055837563451776644 0.011428571428571429 0.04314720812182741
0 0.16035714285714286 0.055837563451776644 0.012142857142857143 0.048223350253807105
0 0.3242857142857143 0.16053299492385786 0.014285714285714285 0.05456852791878172
0 0.3435714285714286 0.15989847715736039 0.008571428571428572 0.035532994923857864
0 0.3325 0.11738578680203045 0.010714285714285714 0.04441624365482233
0 0.3492857142857143 0.10088832487309644 0.015714285714285715 0.04441624365482233
0 0.5067857142857143 0.10215736040609136 0.009285714285714286 0.04441624365482233
0 0.5235714285714286 0.08375634517766496 0.008571428571428572 0.050761421319796954
0 0.5071428571428571 0.07677664974619289 0.01 0.04441624365482233
0 0.495 0.07741116751269035 0.011428571428571429 0.048223350253807105
0 0.4689285714285714 0.061548223350253804 0.012142857142857143 0.04441624365482233
0 0.4417857142857143 0.05139593908629441 0.007857142857142858 0.04695431472081218
0 0.5628571428571428 0.07931472081218273 0.011428571428571429 0.049492385786802026
0 0.5707142857142857 0.07550761421319796 0.008571428571428572 0.04441624365482233
0 0.5846428571428571 0.07360406091370558 0.007857142857142858 0.04568527918781726
0 0.6075 0.07423857868020305 0.012142857142857143 0.04441624365482233
0 0.5960714285714286 0.2442893401015228 0.009285714285714286 0.052030456852791875
0 0.5992857142857143 0.157994923857868 0.014285714285714285 0.05456852791878172
0 0.6335714285714286 0.15545685279187815 0.01 0.04441624365482233
0 0.6660714285714285 0.12246192893401014 0.010714285714285714 0.04187817258883248
0 0.6221428571428571 0.07233502538071065 0.008571428571428572 0.04568527918781726
0 0.6328571428571429 0.0666243654822335 0.005714285714285714 0.04187817258883248
0 0.9153571428571429 0.2595177664974619 0.017857142857142856 0.031725888324873094
0 0.9035714285714286 0.4422588832487309 0.015714285714285715 0.03934010152284264
0 0.8885714285714286 0.39340101522842635 0.017142857142857144 0.032994923857868015
0 0.8921428571428571 0.3629441624365482 0.017142857142857144 0.03045685279187817
0 0.8907142857142857 0.3794416243654822 0.014285714285714285 0.04060913705583756
0 0.92 0.348984771573604 0.02 0.03807106598984771
0 0.9321428571428572 0.3959390862944162 0.024285714285714285 0.04568527918781726
0 0.9371428571428572 0.39974619289340096 0.017142857142857144 0.032994923857868015
0 0.9410714285714286 0.3876903553299492 0.012142857142857143 0.03680203045685279
0 0.9339285714285714 0.3794416243654822 0.010714285714285714 0.025380710659898477
0 0.9485714285714286 0.35850253807106597 0.02 0.04187817258883248
0 0.9414285714285714 0.3439086294416243 0.014285714285714285 0.03045685279187817
0 0.9357142857142857 0.33375634517766495 0.017142857142857144 0.035532994923857864
0 0.9253571428571429 0.8083756345177664 0.02642857142857143 0.06091370558375634
0 0.9496428571428571 0.6935279187817258 0.030714285714285715 0.05456852791878172
0 0.6975 0.4511421319796954 0.015 0.03426395939086294
0 0.7382142857142857 0.41370558375634514 0.017857142857142856 0.04060913705583756
0 0.7735714285714286 0.38832487309644664 0.017142857142857144 0.03807106598984771
0 0.7375 0.4029187817258883 0.017857142857142856 0.03426395939086294
0 0.6682142857142858 0.3623096446700507 0.019285714285714285 0.05456852791878172
0 0.7228571428571429 0.3432741116751269 0.012857142857142857 0.03426395939086294
0 0.7567857142857143 0.3312182741116751 0.009285714285714286 0.03807106598984771
0 0.7682142857142857 0.30710659898477155 0.009285714285714286 0.032994923857868015
0 0.7567857142857143 0.291243654822335 0.010714285714285714 0.03426395939086294
0 0.71 0.32170050761421315 0.015714285714285715 0.05710659898477157
0 0.7192857142857143 0.3229695431472081 0.011428571428571429 0.031725888324873094
0 0.6957142857142857 0.31979695431472077 0.01 0.035532994923857864
0 0.6375 0.37373096446700504 0.015 0.03680203045685279
0 0.6303571428571428 0.34581218274111675 0.015 0.031725888324873094
0 0.6160714285714286 0.31979695431472077 0.017857142857142856 0.053299492385786795
0 0.5114285714285715 0.3109137055837563 0.012857142857142857 0.055837563451776644
0 0.44642857142857145 0.2715736040609137 0.014285714285714285 0.027918781725888322
0 0.3467857142857143 0.35215736040609136 0.012142857142857143 0.03934010152284264
0 0.34035714285714286 0.3032994923857868 0.012142857142857143 0.04060913705583756
0 0.3425 0.2772842639593908 0.013571428571428571 0.031725888324873094
0 0.3535714285714286 0.3052030456852792 0.014285714285714285 0.04187817258883248
0 0.3603571428571429 0.299492385786802 0.009285714285714286 0.027918781725888322
0 0.36607142857142855 0.2766497461928934 0.015 0.05837563451776649
0 0.19892857142857143 0.33248730964467005 0.012142857142857143 0.04060913705583756
0 0.12357142857142857 0.3439086294416243 0.02 0.055837563451776644
0 0.21785714285714286 0.15736040609137056 0.012857142857142857 0.048223350253807105
0 0.2425 0.13451776649746192 0.015 0.025380710659898477
0 0.5653571428571429 0.5545685279187816 0.009285714285714286 0.04060913705583756
0 0.0875 0.8521573604060914 0.020714285714285713 0.031725888324873094
