0 0.17607142857142857 0.05266497461928934 0.007857142857142858 0.021573604060913704
0 0.20464285714285715 0.4549492385786802 0.0064285714285714285 0.026649746192893398
0 0.2125 0.46383248730964466 0.007857142857142858 0.021573604060913704
0 0.22142857142857142 0.45177664974619286 0.01 0.017766497461928932
3 0.34964285714285714 0.042512690355329945 0.023571428571428573 0.05456852791878172
3 0.15428571428571428 0.7956852791878172 0.04428571428571428 0.09137055837563451
3 0.6435714285714286 0.95748730964467 0.03428571428571429 0.08248730964467005
3 0.6257142857142857 0.8134517766497461 0.027142857142857142 0.07614213197969542
4 0.6875 0.773477157360406 0.030714285714285715 0.08756345177664974
9 0.7785714285714286 0.9060913705583755 0.014285714285714285 0.035532994923857864
9 0.79 0.8883248730964466 0.017142857142857144 0.03045685279187817
4 0.8175 0.8299492385786802 0.03357142857142857 0.09898477157360405
4 0.8557142857142858 0.7252538071065989 0.03142857142857143 0.07741116751269035
4 0.8732142857142857 0.6687817258883249 0.035 0.09137055837563451
4 0.8864285714285715 0.6123096446700507 0.032857142857142856 0.08502538071065989
4 0.9046428571428572 0.5697969543147208 0.035 0.08121827411167512
3 0.8346428571428571 0.7703045685279187 0.030714285714285715 0.08629441624365482
5 0.9117857142857143 0.9016497461928933 0.08214285714285714 0.1713197969543147
5 0.9664285714285714 0.6960659898477157 0.06714285714285714 0.17893401015228425
4 0.99 0.44352791878172587 0.02 0.06472081218274112
4 0.9717857142857143 0.4156091370558375 0.03642857142857143 0.06979695431472081
3 0.9464285714285714 0.07677664974619289 0.032857142857142856 0.05964467005076142
3 0.8757142857142857 0.14720812182741116 0.03 0.06091370558375634
4 0.8025 0.05837563451776649 0.025 0.06345177664974619
9 0.7907142857142857 0.30901015228426393 0.011428571428571429 0.029187817258883246
1 0.7910714285714285 0.3039340101522842 0.009285714285714286 0.016497461928934008
8 0.8221428571428572 0.4022842639593908 0.08428571428571428 0.19289340101522842
4 0.7446428571428572 0.6135786802030456 0.03642857142857143 0.07741116751269035
4 0.6621428571428571 0.6002538071065989 0.03142857142857143 0.08375634517766496
9 0.5953571428571428 0.5348984771573604 0.010714285714285714 0.03426395939086294
1 0.5953571428571428 0.5310913705583756 0.007857142857142858 0.021573604060913704
8 0.55 0.5939086294416244 0.03857142857142857 0.10913705583756345
5 0.6078571428571429 0.03616751269035533 0.027142857142857142 0.07233502538071065
4 0.7053571428571429 0.019035532994923856 0.019285714285714285 0.03807106598984771
4 0.55 0.2696700507614213 0.02142857142857143 0.06218274111675126
4 0.7239285714285715 0.3128172588832487 0.023571428571428573 0.05964467005076142
3 0.675 0.30203045685279184 0.027142857142857142 0.06598984771573603
3 0.6975 0.4282994923857868 0.027857142857142858 0.07233502538071065
3 0.7196428571428571 0.5260152284263959 0.03357142857142857 0.07741116751269035
