9 0.2625260960334029 0.9183673469387755 0.01774530271398747 0.05194805194805195
9 0.3055845511482254 0.9420222634508348 0.03496868475991649 0.045454545454545456
9 0.29645093945720247 0.9772727272727273 0.037578288100208766 0.039888682745825604
6 0.29984342379958245 0.8928571428571429 0.03810020876826722 0.041743970315398886
7 0.38830897703549055 0.8840445269016698 0.0615866388308977 0.0705009276437848
6 0.32698329853862207 0.8320964749536178 0.04749478079331941 0.04267161410018553
6 0.333768267223382 0.7922077922077922 0.050626304801670144 0.04823747680890538
6 0.34237995824634654 0.7634508348794063 0.051148225469728595 0.05009276437847866
7 0.39587682672233815 0.8172541743970315 0.05167014613778705 0.059369202226345084
0 0.43345511482254695 0.852504638218924 0.014091858037578286 0.06493506493506494
1 0.5850730688935282 0.6099257884972171 0.010438413361169102 0.026901669758812616
9 0.5858559498956158 0.6164192949907236 0.010960334029227557 0.03432282003710575
3 0.5234864300626304 0.41465677179962895 0.01774530271398747 0.03710575139146568
0 0.549321503131524 0.4165120593692022 0.0057411273486430055 0.02411873840445269
7 0.5835073068893527 0.46614100185528756 0.012526096033402922 0.041743970315398886
1 0.565501043841336 0.42115027829313545 0.006784968684759916 0.020408163265306124
9 0.565501043841336 0.42578849721706863 0.006784968684759916 0.020408163265306124
0 0.6466597077244258 0.424860853432282 0.005219206680584551 0.025974025974025976
0 0.6411795407098121 0.41883116883116883 0.0057411273486430055 0.021335807050092765
0 0.6229123173277661 0.35992578849721707 0.0057411273486430055 0.01855287569573284
0 0.6124739039665971 0.3654916512059369 0.004697286012526096 0.01855287569573284
0 0.569937369519833 0.35064935064935066 0.005219206680584551 0.020408163265306124
0 0.4681628392484342 0.31910946196660483 0.0041753653444676405 0.014842300556586271
1 0.5448851774530271 0.3107606679035251 0.0041753653444676405 0.012987012987012988
1 0.5511482254697285 0.3042671614100186 0.0031315240083507304 0.00927643784786642
1 0.5524530271398747 0.3038033395176252 0.0026096033402922755 0.008348794063079777
1 0.5480167014613778 0.2912801484230056 0.0041753653444676405 0.011131725417439703
1 0.5326200417536534 0.2917439703153989 0.0036534446764091852 0.012059369202226345
1 0.5206158663883089 0.2922077922077922 0.0036534446764091852 0.011131725417439703
1 0.5247912317327765 0.2815398886827458 0.0036534446764091852 0.010204081632653062
9 0.5454070981210856 0.31261595547309834 0.0041753653444676405 0.012987012987012988
9 0.5480167014613778 0.29313543599257885 0.005219206680584551 0.012987012987012988
9 0.5328810020876826 0.29545454545454547 0.0041753653444676405 0.012059369202226345
9 0.5208768267223381 0.29545454545454547 0.0041753653444676405 0.012059369202226345
9 0.5242693110647181 0.28339517625231914 0.0036534446764091852 0.010204081632653062
6 0.5521920668058454 0.30565862708719854 0.005219206680584551 0.013914656771799629
7 0.5566283924843424 0.262987012987013 0.007828810020876827 0.013914656771799629
0 0.5506263048016701 0.24025974025974026 0.0031315240083507304 0.011131725417439703
1 0.5555845511482255 0.24025974025974026 0.0026096033402922755 0.00927643784786642
0 0.5566283924843424 0.24118738404452691 0.0026096033402922755 0.011131725417439703
9 0.5555845511482255 0.24257884972170687 0.0057411273486430055 0.008348794063079777
7 0.519572025052192 0.2435064935064935 0.007828810020876827 0.013914656771799629
1 0.5334029227557411 0.19341372912801486 0.0020876826722338203 0.00463821892393321
1 0.5294885177453027 0.19805194805194806 0.0015657620041753652 0.00463821892393321
1 0.5268789144050103 0.19434137291280149 0.0015657620041753652 0.00463821892393321
1 0.5433194154488518 0.19619666048237477 0.0020876826722338203 0.00463821892393321
1 0.5417536534446764 0.20037105751391465 0.0020876826722338203 0.0055658627087198514
1 0.5443632567849687 0.2054730983302412 0.0020876826722338203 0.00463821892393321
1 0.5467118997912317 0.2054730983302412 0.0015657620041753652 0.00463821892393321
9 0.5467118997912317 0.20732838589981448 0.0026096033402922755 0.006493506493506494
9 0.5443632567849687 0.2077922077922078 0.0031315240083507304 0.0055658627087198514
9 0.5414926931106472 0.20269016697588127 0.0026096033402922755 0.00463821892393321
9 0.5433194154488518 0.1971243042671614 0.0020876826722338203 0.00463821892393321
9 0.5331419624217119 0.19480519480519481 0.0026096033402922755 0.0055658627087198514
9 0.5297494780793319 0.19990723562152135 0.0020876826722338203 0.00463821892393321
9 0.5274008350730688 0.1966604823747681 0.0026096033402922755 0.0055658627087198514
7 0.5245302713987473 0.20083487940630798 0.0041753653444676405 0.010204081632653062
7 0.5487995824634655 0.2017625231910946 0.004697286012526096 0.008348794063079777
3 0.5375782881002087 0.18274582560296845 0.005219206680584551 0.0074211502782931356
3 0.5388830897703548 0.17625231910946196 0.0036534446764091852 0.0055658627087198514
1 0.5404488517745302 0.1841372912801484 0.0015657620041753652 0.0027829313543599257
9 0.5404488517745302 0.1855287569573284 0.0026096033402922755 0.0037105751391465678
