3 0.44075000000000003 0.744 0.0205 0.04666666666666666
4 0.4625 0.7526666666666666 0.02 0.052
3 0.49125 0.7646666666666666 0.021500000000000002 0.050666666666666665
3 0.51825 0.27399999999999997 0.025500000000000002 0.018666666666666665
3 0.48475 0.2643333333333333 0.029500000000000002 0.020666666666666667
4 0.38725 0.23533333333333334 0.0225 0.018666666666666665
4 0.417 0.247 0.031 0.02333333333333333
3 0.02725 0.25166666666666665 0.029500000000000002 0.024666666666666667
3 0.0965 0.15 0.022 0.016
3 0.069 0.14433333333333334 0.029 0.016666666666666666
3 0.042 0.13799999999999998 0.028 0.02
3 0.01375 0.13066666666666665 0.0265 0.02
3 0.254 0.11566666666666667 0.016 0.03
4 0.25775 0.092 0.0135 0.017333333333333333
4 0.265 0.07233333333333333 0.015 0.020666666666666667
3 0.17675 0.107 0.0175 0.024666666666666667
3 0.1895 0.08633333333333333 0.016 0.020666666666666667
3 0.20025 0.06566666666666666 0.0175 0.020666666666666667
3 0.217 0.042666666666666665 0.02 0.021333333333333333
3 0.1445 0.09 0.017 0.021333333333333333
4 0.5735 0.16666666666666666 0.019 0.025333333333333333
4 0.5775 0.15466666666666667 0.02 0.028
4 0.5815 0.13599999999999998 0.019 0.02
3 0.58875 0.122 0.0165 0.024
4 0.59075 0.10166666666666667 0.0175 0.022
4 0.59675 0.08633333333333333 0.0175 0.024666666666666667
4 0.618 0.07966666666666666 0.014 0.028666666666666667
3 0.60275 0.072 0.0165 0.022666666666666665
3 0.631 0.30233333333333334 0.027 0.018
3 0.6667500000000001 0.3143333333333333 0.0305 0.024666666666666667
3 0.7085 0.3263333333333333 0.031 0.022
4 0.7515000000000001 0.33399999999999996 0.026000000000000002 0.017333333333333333
3 0.72775 0.5423333333333333 0.035500000000000004 0.026
4 0.77975 0.5566666666666666 0.043500000000000004 0.03733333333333333
3 0.83175 0.353 0.0335 0.019333333333333334
4 0.8765000000000001 0.35833333333333334 0.037 0.02333333333333333
3 0.911 0.38666666666666666 0.025 0.017333333333333333
3 0.9755 0.38866666666666666 0.035 0.024
3 0.87725 0.5893333333333333 0.0365 0.026666666666666665
3 0.91625 0.6 0.0325 0.026666666666666665
