5 0.5835714285714285 0.08761904761904762 0.02142857142857143 0.05142857142857143
5 0.6017857142857143 0.08904761904761904 0.019285714285714285 0.04285714285714286
5 0.2367857142857143 0.6042857142857143 0.035 0.07333333333333333
5 0.40535714285714286 0.3742857142857143 0.05071428571428571 0.030476190476190476
5 0.40714285714285714 0.3376190476190476 0.04428571428571428 0.02761904761904762
5 0.18071428571428572 0.9580952380952381 0.06428571428571428 0.08
8 0.4592857142857143 0.7047619047619048 0.06571428571428571 0.18285714285714286
3 0.5139285714285714 0.45904761904761904 0.020714285714285713 0.0419047619047619
4 0.47785714285714287 0.5904761904761905 0.024285714285714285 0.05523809523809524
3 0.18 0.719047619047619 0.04857142857142857 0.049523809523809526
3 0.21928571428571428 0.6438095238095238 0.03142857142857143 0.05523809523809524
3 0.09214285714285714 0.6685714285714286 0.04428571428571428 0.03428571428571429
3 0.13357142857142856 0.8242857142857143 0.047142857142857146 0.06190476190476191
3 0.09214285714285714 0.9142857142857143 0.05142857142857143 0.06095238095238095
3 0.20285714285714285 0.8123809523809524 0.04428571428571428 0.07047619047619047
3 0.27035714285714285 0.5542857142857143 0.029285714285714286 0.047619047619047616
3 0.2867857142857143 0.4990476190476191 0.027857142857142858 0.04
3 0.32392857142857145 0.24476190476190476 0.02642857142857143 0.017142857142857144
3 0.4382142857142857 0.16904761904761906 0.02214285714285714 0.01619047619047619
5 0.43107142857142855 0.1895238095238095 0.025 0.013333333333333332
3 0.4614285714285714 0.05142857142857143 0.008571428571428572 0.011428571428571429
3 0.48178571428571426 0.07428571428571429 0.017857142857142856 0.011428571428571429
3 0.4742857142857143 0.08761904761904762 0.018571428571428572 0.015238095238095238
3 0.49142857142857144 0.06952380952380953 0.018571428571428572 0.011428571428571429
3 0.49464285714285716 0.06476190476190476 0.017857142857142856 0.011428571428571429
3 0.44642857142857145 0.05380952380952381 0.008571428571428572 0.012380952380952381
3 0.40035714285714286 0.13904761904761906 0.020714285714285713 0.013333333333333332
3 0.4032142857142857 0.12761904761904763 0.017857142857142856 0.011428571428571429
3 0.4617857142857143 0.09666666666666666 0.023571428571428573 0.012380952380952381
3 0.4585714285714286 0.10333333333333333 0.02142857142857143 0.010476190476190476
3 0.4496428571428571 0.15285714285714286 0.017857142857142856 0.01619047619047619
2 0.42142857142857143 0.14761904761904762 0.004285714285714286 0.013333333333333332
1 0.4210714285714286 0.1457142857142857 0.005 0.007619047619047619
1 0.7739285714285714 0.21857142857142858 0.005 0.008571428571428572
0 0.7917857142857143 0.18761904761904763 0.005 0.011428571428571429
0 0.7725 0.2642857142857143 0.007857142857142858 0.01619047619047619
0 0.7142857142857143 0.011428571428571429 0.002857142857142857 0.009523809523809525
3 0.7203571428571428 0.09714285714285714 0.010714285714285714 0.011428571428571429
0 0.6857142857142857 0.41714285714285715 0.007142857142857143 0.015238095238095238
0 0.7442857142857143 0.4442857142857143 0.008571428571428572 0.018095238095238095
0 0.8025 0.49857142857142855 0.009285714285714286 0.01619047619047619
0 0.755 0.40476190476190477 0.008571428571428572 0.017142857142857144
0 0.7710714285714285 0.3952380952380952 0.009285714285714286 0.017142857142857144
0 0.7835714285714286 0.3942857142857143 0.007142857142857143 0.02095238095238095
0 0.7457142857142857 0.38095238095238093 0.005714285714285714 0.017142857142857144
0 0.7207142857142858 0.4066666666666667 0.007142857142857143 0.02095238095238095
0 0.7160714285714286 0.3919047619047619 0.009285714285714286 0.02
0 0.6871428571428572 0.3780952380952381 0.005714285714285714 0.01904761904761905
0 0.7028571428571428 0.37142857142857144 0.005714285714285714 0.017142857142857144
6 0.24892857142857142 0.5504761904761905 0.02214285714285714 0.030476190476190476
1 0.8310714285714286 0.35333333333333333 0.0064285714285714285 0.009523809523809525
9 0.8296428571428571 0.35714285714285715 0.005 0.015238095238095238
1 0.85 0.7776190476190477 0.011428571428571429 0.018095238095238095
0 0.7875 0.7585714285714286 0.010714285714285714 0.023809523809523808
0 0.8839285714285714 0.7561904761904762 0.017857142857142856 0.01904761904761905
5 0.8553571428571428 0.5252380952380953 0.030714285714285715 0.06571428571428571
5 0.9689285714285715 0.4942857142857143 0.062142857142857146 0.05523809523809524
3 0.8228571428571428 0.4228571428571429 0.02142857142857143 0.03619047619047619
