3 0.7246428571428571 0.6395238095238095 0.06928571428571428 0.04666666666666667
3 0.6310714285714286 0.5604761904761905 0.04357142857142857 0.04476190476190476
3 0.5835714285714285 0.5628571428571428 0.04285714285714286 0.04380952380952381
3 0.5475 0.75 0.04928571428571429 0.07333333333333333
3 0.5096428571428572 0.8366666666666667 0.05071428571428571 0.09428571428571429
3 0.43357142857142855 0.6476190476190476 0.04285714285714286 0.04380952380952381
3 0.29214285714285715 0.5785714285714286 0.047142857142857146 0.03333333333333333
3 0.5307142857142857 0.48333333333333334 0.025714285714285714 0.035238095238095235
3 0.52 0.41095238095238096 0.017142857142857144 0.025714285714285714
3 0.5028571428571429 0.4247619047619048 0.017142857142857144 0.026666666666666665
3 0.48178571428571426 0.42952380952380953 0.017857142857142856 0.026666666666666665
3 0.4592857142857143 0.42952380952380953 0.012857142857142857 0.030476190476190476
3 0.5092857142857142 0.37142857142857144 0.015714285714285715 0.024761904761904763
3 0.5003571428571428 0.34095238095238095 0.013571428571428571 0.02095238095238095
3 0.47 0.379047619047619 0.014285714285714285 0.026666666666666665
3 0.4521428571428571 0.3638095238095238 0.011428571428571429 0.02095238095238095
3 0.4567857142857143 0.40523809523809523 0.013571428571428571 0.025714285714285714
3 0.45571428571428574 0.38333333333333336 0.012857142857142857 0.023809523809523808
3 0.47785714285714287 0.4076190476190476 0.012857142857142857 0.026666666666666665
3 0.45035714285714284 0.3485714285714286 0.013571428571428571 0.02095238095238095
3 0.46714285714285714 0.34904761904761905 0.012857142857142857 0.023809523809523808
3 0.46535714285714286 0.3319047619047619 0.012142857142857143 0.01619047619047619
3 0.45964285714285713 0.31952380952380954 0.009285714285714286 0.01619047619047619
3 0.4639285714285714 0.20952380952380953 0.012142857142857143 0.01904761904761905
3 0.16071428571428573 0.6080952380952381 0.05 0.03333333333333333
3 0.7260714285714286 0.9447619047619048 0.06928571428571428 0.11047619047619048
3 0.9514285714285714 0.7538095238095238 0.09571428571428571 0.08857142857142856
3 0.9671428571428572 0.6566666666666666 0.06142857142857143 0.04666666666666667
9 0.7710714285714285 0.7871428571428571 0.027857142857142858 0.03142857142857143
9 0.34035714285714286 0.8985714285714286 0.020714285714285713 0.02761904761904762
1 0.7685714285714286 0.7790476190476191 0.017142857142857144 0.03238095238095238
1 0.33964285714285714 0.8919047619047619 0.015 0.029523809523809525
9 0.4067857142857143 0.4419047619047619 0.0064285714285714285 0.017142857142857144
9 0.4232142857142857 0.4419047619047619 0.0064285714285714285 0.013333333333333332
9 0.42178571428571426 0.4257142857142857 0.005 0.013333333333333332
9 0.4035714285714286 0.42666666666666664 0.005714285714285714 0.011428571428571429
9 0.4139285714285714 0.4261904761904762 0.0064285714285714285 0.012380952380952381
1 0.4228571428571429 0.43666666666666665 0.004285714285714286 0.012380952380952381
1 0.4064285714285714 0.4380952380952381 0.004285714285714286 0.013333333333333332
1 0.4042857142857143 0.4219047619047619 0.004285714285714286 0.013333333333333332
1 0.4142857142857143 0.42095238095238097 0.005714285714285714 0.013333333333333332
1 0.42214285714285715 0.4195238095238095 0.004285714285714286 0.012380952380952381
1 0.46285714285714286 0.508095238095238 0.005714285714285714 0.012380952380952381
9 0.4642857142857143 0.5152380952380953 0.008571428571428572 0.017142857142857144
0 0.34035714285714286 0.4514285714285714 0.007857142857142858 0.017142857142857144
0 0.3475 0.4471428571428571 0.0064285714285714285 0.02
9 0.3775 0.439047619047619 0.007857142857142858 0.015238095238095238
1 0.37714285714285717 0.43238095238095237 0.005714285714285714 0.015238095238095238
