4 0.2332142857142857 0.6923809523809524 0.09357142857142857 0.11238095238095239
4 0.2885714285714286 0.7023809523809523 0.08285714285714285 0.09238095238095238
3 0.4107142857142857 0.7652380952380953 0.09571428571428571 0.12095238095238095
3 0.2757142857142857 0.6019047619047619 0.08857142857142856 0.08190476190476191
4 0.28035714285714286 0.520952380952381 0.035 0.07428571428571429
3 0.285 0.4866666666666667 0.03857142857142857 0.05142857142857143
3 0.5435714285714286 0.84 0.10428571428571429 0.17904761904761904
3 0.6267857142857143 0.8866666666666667 0.09071428571428572 0.18666666666666668
3 0.7178571428571429 0.8938095238095238 0.09571428571428571 0.19714285714285715
3 0.7846428571428572 0.6680952380952381 0.062142857142857146 0.11523809523809524
3 0.8546428571428571 0.689047619047619 0.06642857142857143 0.13047619047619047
3 0.9307142857142857 0.7028571428571428 0.07142857142857142 0.13523809523809524
2 0.7221428571428572 0.6819047619047619 0.022857142857142857 0.05333333333333333
9 0.7496428571428572 0.6552380952380953 0.02214285714285714 0.06476190476190476
0 0.7978571428571428 0.5723809523809524 0.018571428571428572 0.05142857142857143
0 0.7635714285714286 0.518095238095238 0.012857142857142857 0.04380952380952381
0 0.6732142857142858 0.6385714285714286 0.015 0.05238095238095238
0 0.7253571428571428 0.6080952380952381 0.013571428571428571 0.04857142857142857
0 0.6521428571428571 0.6090476190476191 0.012857142857142857 0.04857142857142857
0 0.5832142857142857 0.6195238095238095 0.012142857142857143 0.05047619047619047
0 0.6103571428571428 0.5723809523809524 0.012142857142857143 0.04380952380952381
0 0.5878571428571429 0.5466666666666666 0.01 0.0419047619047619
0 0.5614285714285714 0.5704761904761905 0.014285714285714285 0.047619047619047616
0 0.5746428571428571 0.6019047619047619 0.009285714285714286 0.05142857142857143
0 0.5842857142857143 0.5252380952380953 0.011428571428571429 0.040952380952380955
0 0.5732142857142857 0.5061904761904762 0.012142857142857143 0.040952380952380955
0 0.5703571428571429 0.49476190476190474 0.010714285714285714 0.035238095238095235
0 0.5642857142857143 0.4785714285714286 0.014285714285714285 0.040952380952380955
0 0.5357142857142857 0.5495238095238095 0.011428571428571429 0.04380952380952381
0 0.535 0.5290476190476191 0.012857142857142857 0.040952380952380955
0 0.49892857142857144 0.5276190476190477 0.012142857142857143 0.0419047619047619
0 0.5267857142857143 0.5038095238095238 0.009285714285714286 0.03619047619047619
0 0.5275 0.48714285714285716 0.010714285714285714 0.035238095238095235
0 0.6010714285714286 0.3442857142857143 0.0064285714285714285 0.023809523809523808
0 0.6175 0.3504761904761905 0.005 0.022857142857142857
0 0.6228571428571429 0.3523809523809524 0.007142857142857143 0.030476190476190476
0 0.6428571428571429 0.3514285714285714 0.005714285714285714 0.024761904761904763
0 0.6210714285714286 0.3319047619047619 0.0064285714285714285 0.021904761904761906
4 0.6707142857142857 0.3580952380952381 0.045714285714285714 0.03238095238095238
3 0.6889285714285714 0.5804761904761905 0.10214285714285715 0.058095238095238096
3 0.6860714285714286 0.5419047619047619 0.08928571428571429 0.049523809523809526
3 0.6564285714285715 0.5161904761904762 0.08142857142857143 0.05333333333333333
3 0.6428571428571429 0.49333333333333335 0.08142857142857143 0.04380952380952381
3 0.6346428571428572 0.45380952380952383 0.07214285714285715 0.035238095238095235
3 0.6278571428571429 0.43333333333333335 0.06714285714285714 0.03428571428571429
3 0.6253571428571428 0.4185714285714286 0.05785714285714286 0.03142857142857143
3 0.6371428571428571 0.4080952380952381 0.06285714285714286 0.03142857142857143
3 0.6635714285714286 0.40095238095238095 0.055714285714285716 0.03428571428571429
4 0.35928571428571426 0.44904761904761903 0.06 0.058095238095238096
3 0.39 0.4338095238095238 0.055714285714285716 0.05238095238095238
3 0.4257142857142857 0.42238095238095236 0.04857142857142857 0.04857142857142857
3 0.4607142857142857 0.4180952380952381 0.04857142857142857 0.0380952380952381
3 0.48642857142857143 0.4066666666666667 0.05 0.04
3 0.5064285714285715 0.3952380952380952 0.04857142857142857 0.04
3 0.5321428571428571 0.39095238095238094 0.04857142857142857 0.03333333333333333
3 0.5760714285714286 0.3519047619047619 0.039285714285714285 0.02761904761904762
3 0.5428571428571428 0.34809523809523807 0.04 0.02761904761904762
3 0.5253571428571429 0.3419047619047619 0.03642857142857143 0.022857142857142857
3 0.32535714285714284 0.43285714285714283 0.039285714285714285 0.035238095238095235
3 0.35535714285714287 0.4185714285714286 0.04214285714285714 0.03333333333333333
3 0.38785714285714284 0.4085714285714286 0.03142857142857143 0.030476190476190476
3 0.4185714285714286 0.3980952380952381 0.03857142857142857 0.02857142857142857
3 0.44392857142857145 0.3914285714285714 0.039285714285714285 0.026666666666666665
3 0.4664285714285714 0.38142857142857145 0.03142857142857143 0.023809523809523808
3 0.49 0.3757142857142857 0.03571428571428571 0.023809523809523808
4 0.5135714285714286 0.36523809523809525 0.03571428571428571 0.02761904761904762
4 0.26571428571428574 0.38476190476190475 0.04 0.04
3 0.29285714285714287 0.3780952380952381 0.03857142857142857 0.03428571428571429
3 0.3242857142857143 0.37285714285714283 0.03571428571428571 0.03142857142857143
3 0.3535714285714286 0.36714285714285716 0.03571428571428571 0.03142857142857143
3 0.3767857142857143 0.36 0.03785714285714286 0.030476190476190476
3 0.4017857142857143 0.3538095238095238 0.03642857142857143 0.03333333333333333
3 0.42142857142857143 0.34904761904761905 0.03571428571428571 0.02761904761904762
0 0.45107142857142857 0.36714285714285716 0.0064285714285714285 0.021904761904761906
4 0.585 0.3171428571428571 0.041428571428571426 0.030476190476190476
3 0.6064285714285714 0.31476190476190474 0.03571428571428571 0.025714285714285714
4 0.6264285714285714 0.3076190476190476 0.032857142857142856 0.024761904761904763
3 0.6696428571428571 0.2985714285714286 0.035 0.018095238095238095
3 0.5382142857142858 0.2795238095238095 0.03214285714285714 0.018095238095238095
3 0.6532142857142857 0.26571428571428574 0.025 0.01904761904761905
3 0.9596428571428571 0.9504761904761905 0.065 0.09904761904761905
3 0.8285714285714286 0.9214285714285714 0.09857142857142857 0.15714285714285714
