4 0.6639285714285714 0.9295238095238095 0.21071428571428572 0.14095238095238094
0 0.44357142857142856 0.8442857142857143 0.024285714285714285 0.05619047619047619
0 0.42857142857142855 0.49857142857142855 0.018571428571428572 0.05619047619047619
0 0.295 0.5523809523809524 0.022857142857142857 0.05523809523809524
1 0.39 0.8028571428571428 0.02857142857142857 0.05523809523809524
2 0.39321428571428574 0.8147619047619048 0.03357142857142857 0.09238095238095238
1 0.495 0.6447619047619048 0.02 0.03619047619047619
0 0.5289285714285714 0.43238095238095237 0.02642857142857143 0.05904761904761905
0 0.10142857142857142 0.319047619047619 0.024285714285714285 0.05142857142857143
5 0.11964285714285715 0.4766666666666667 0.10928571428571429 0.13428571428571429
3 0.21857142857142858 0.30238095238095236 0.06428571428571428 0.08666666666666667
3 0.41892857142857143 0.17333333333333334 0.03785714285714286 0.05142857142857143
3 0.2639285714285714 0.21619047619047618 0.047857142857142855 0.05904761904761905
3 0.45607142857142857 0.056666666666666664 0.02642857142857143 0.037142857142857144
3 0.31464285714285717 0.1180952380952381 0.039285714285714285 0.04380952380952381
3 0.33714285714285713 0.08 0.03428571428571429 0.049523809523809526
3 0.35464285714285715 0.04047619047619048 0.027857142857142858 0.040952380952380955
3 0.3675 0.015238095238095238 0.025 0.030476190476190476
3 0.5525 0.047619047619047616 0.04214285714285714 0.03619047619047619
3 0.5585714285714286 0.019523809523809523 0.05 0.02761904761904762
4 0.5153571428571428 0.19380952380952382 0.029285714285714286 0.06380952380952382
1 0.3575 0.09571428571428571 0.009285714285714286 0.03142857142857143
2 0.3585714285714286 0.10285714285714286 0.008571428571428572 0.026666666666666665
0 0.3782142857142857 0.026666666666666665 0.007857142857142858 0.026666666666666665
0 0.5025 0.08142857142857143 0.009285714285714286 0.03142857142857143
0 0.5178571428571429 0.04476190476190476 0.01 0.03238095238095238
2 0.52 0.049523809523809526 0.007142857142857143 0.02095238095238095
2 0.5539285714285714 0.0719047619047619 0.02214285714285714 0.023809523809523808
9 0.5232142857142857 0.07904761904761905 0.023571428571428573 0.02095238095238095
5 0.5810714285714286 0.13047619047619047 0.10357142857142858 0.07809523809523809
5 0.5728571428571428 0.11095238095238096 0.10142857142857142 0.08285714285714285
2 0.7485714285714286 0.710952380952381 0.03571428571428571 0.08095238095238096
2 0.6596428571428572 0.5771428571428572 0.05357142857142857 0.03619047619047619
