0 0.015714285714285715 0.3356598984771573 0.017142857142857144 0.024111675126903553
9 0.43785714285714283 0.1649746192893401 0.01 0.035532994923857864
1 0.43892857142857145 0.16370558375634517 0.007857142857142858 0.03045685279187817
3 0.4617857142857143 0.49999999999999994 0.02214285714285714 0.09898477157360405
8 0.6139285714285714 0.16878172588832485 0.039285714285714285 0.2842639593908629
8 0.6257142857142857 0.5444162436548223 0.047142857142857146 0.2715736040609137
4 0.5775 0.4346446700507614 0.025 0.10786802030456852
4 0.5921428571428572 0.7779187817258882 0.02857142857142857 0.09644670050761421
3 0.7335714285714285 0.7379441624365481 0.03571428571428571 0.11294416243654821
3 0.7257142857142858 0.6186548223350253 0.032857142857142856 0.11040609137055837
5 0.7421428571428571 0.47017766497461927 0.05 0.16624365482233502
5 0.7017857142857142 0.2315989847715736 0.04071428571428572 0.18401015228426396
5 0.7435714285714285 0.25571065989847713 0.047142857142857146 0.2296954314720812
5 0.7917857142857143 0.3147208121827411 0.04642857142857143 0.2766497461928934
4 0.6939285714285715 0.021573604060913704 0.04928571428571429 0.04314720812182741
