3 0.4925 0.08533333333333333 0.009000000000000001 0.004
3 0.50825 0.09666666666666666 0.0035 0.005333333333333333
3 0.49575 0.11033333333333332 0.006500000000000001 0.007333333333333333
3 0.5115000000000001 0.10133333333333333 0.005 0.004
3 0.5165 0.10433333333333333 0.012 0.003333333333333333
3 0.5155 0.108 0.009000000000000001 0.005333333333333333
3 0.51725 0.112 0.0115 0.006666666666666666
3 0.51825 0.11466666666666667 0.0075 0.005333333333333333
3 0.516 0.118 0.007 0.006666666666666666
3 0.47925 0.12133333333333333 0.0055 0.005333333333333333
3 0.47850000000000004 0.12466666666666666 0.006 0.008
3 0.47650000000000003 0.131 0.006 0.007333333333333333
4 0.468 0.13333333333333333 0.011 0.008
3 0.41925 0.12733333333333333 0.0145 0.008
3 0.41825 0.12966666666666665 0.0155 0.006
3 0.4175 0.13366666666666666 0.014 0.008666666666666666
3 0.5195 0.148 0.017 0.008
5 0.5195 0.161 0.022 0.019333333333333334
3 0.5165 0.17333333333333334 0.009000000000000001 0.009333333333333332
3 0.51575 0.18266666666666667 0.0085 0.008
4 0.51775 0.18866666666666665 0.0105 0.016
3 0.47350000000000003 0.14266666666666666 0.007 0.005333333333333333
3 0.47300000000000003 0.14666666666666667 0.007 0.005333333333333333
3 0.47300000000000003 0.15066666666666667 0.006 0.006666666666666666
3 0.47275 0.15633333333333332 0.006500000000000001 0.008666666666666666
3 0.468 0.181 0.009000000000000001 0.01
3 0.46925 0.18933333333333333 0.0095 0.012
3 0.46825 0.19699999999999998 0.0095 0.012666666666666666
1 0.502 0.148 0.003 0.006666666666666666
9 0.502 0.15233333333333332 0.003 0.006
0 0.49275 0.17333333333333334 0.0035 0.012
3 0.4445 0.20366666666666666 0.028 0.014
3 0.5225 0.206 0.019 0.010666666666666666
3 0.525 0.20966666666666667 0.019 0.012666666666666666
4 0.52875 0.21166666666666667 0.0195 0.014
4 0.53125 0.21333333333333332 0.0195 0.013333333333333332
3 0.52775 0.22466666666666665 0.0205 0.009333333333333332
3 0.531 0.22933333333333333 0.027 0.013333333333333332
3 0.5327500000000001 0.243 0.025500000000000002 0.015333333333333332
3 0.53525 0.2653333333333333 0.0305 0.016
3 0.51625 0.2703333333333333 0.0205 0.019333333333333334
2 0.5357500000000001 0.314 0.0055 0.012
3 0.52125 0.33599999999999997 0.021500000000000002 0.029333333333333333
0 0.46875 0.24966666666666665 0.0055 0.015333333333333332
1 0.47725 0.254 0.0055 0.013333333333333332
2 0.47775 0.26066666666666666 0.0035 0.010666666666666666
3 0.4585 0.258 0.014 0.021333333333333333
3 0.4545 0.2773333333333333 0.016 0.018666666666666665
4 0.45225 0.297 0.0175 0.03
3 0.42425 0.2833333333333333 0.0285 0.017333333333333333
3 0.41500000000000004 0.292 0.036000000000000004 0.014666666666666666
3 0.41475 0.30266666666666664 0.0415 0.022666666666666665
3 0.41300000000000003 0.31966666666666665 0.038 0.020666666666666667
4 0.43475 0.345 0.0185 0.033999999999999996
8 0.39925 0.3476666666666667 0.0345 0.06866666666666667
5 0.72275 0.32066666666666666 0.0585 0.03333333333333333
3 0.7282500000000001 0.35133333333333333 0.0325 0.021333333333333333
3 0.52475 0.40499999999999997 0.0525 0.028666666666666667
3 0.53 0.42666666666666664 0.053 0.036
3 0.56425 0.4423333333333333 0.0535 0.03
4 0.53625 0.4646666666666667 0.0505 0.03866666666666667
4 0.544 0.486 0.05 0.04
3 0.544 0.5156666666666666 0.065 0.043333333333333335
3 0.5377500000000001 0.5499999999999999 0.0675 0.044
3 0.5515 0.5906666666666667 0.069 0.04666666666666666
3 0.47900000000000004 0.5916666666666667 0.035 0.066
4 0.5555 0.629 0.077 0.05266666666666667
3 0.55775 0.6739999999999999 0.08650000000000001 0.048
3 0.562 0.732 0.097 0.076
5 0.5630000000000001 0.7929999999999999 0.105 0.08733333333333333
3 0.5685 0.9013333333333333 0.095 0.104
5 0.61575 0.9633333333333333 0.1885 0.07333333333333333
4 0.26925 0.9806666666666667 0.1615 0.036
4 0.25775 0.887 0.1105 0.08733333333333333
4 0.21625 0.7903333333333333 0.0925 0.07266666666666667
3 0.25275000000000003 0.7216666666666667 0.0995 0.066
3 0.2905 0.6779999999999999 0.093 0.06
4 0.36525 0.44866666666666666 0.0525 0.03733333333333333
4 0.33425 0.4973333333333333 0.0605 0.04666666666666666
3 0.3615 0.47766666666666663 0.064 0.035333333333333335
3 0.30125 0.522 0.0745 0.04133333333333333
5 0.3065 0.5983333333333333 0.117 0.086
6 0.24875 0.5103333333333333 0.029500000000000002 0.020666666666666667
1 0.40725 0.4593333333333333 0.0095 0.016
9 0.4055 0.4746666666666666 0.011 0.022666666666666665
3 0.84 0.6596666666666666 0.077 0.05933333333333333
4 0.8795000000000001 0.7063333333333333 0.082 0.09
3 0.9195 0.77 0.066 0.06
5 0.929 0.8563333333333333 0.14200000000000002 0.13533333333333333
