0 0.3092857142857143 0.40285714285714286 0.02 0.07428571428571429
0 0.2667857142857143 0.35619047619047617 0.020714285714285713 0.05714285714285714
3 0.4017857142857143 0.6071428571428571 0.11642857142857142 0.18571428571428572
3 0.4785714285714286 0.5333333333333333 0.09 0.12380952380952381
3 0.8178571428571428 0.7057142857142857 0.2042857142857143 0.21714285714285714
3 0.6457142857142857 0.490952380952381 0.12571428571428572 0.1438095238095238
3 0.5682142857142857 0.3961904761904762 0.08071428571428571 0.07809523809523809
3 0.5907142857142857 0.3038095238095238 0.10142857142857142 0.05714285714285714
3 0.5585714285714286 0.25666666666666665 0.07714285714285714 0.039047619047619046
3 0.43392857142857144 0.38142857142857145 0.062142857142857146 0.07714285714285714
4 0.4117857142857143 0.3 0.04928571428571429 0.07428571428571429
3 0.3532142857142857 0.35095238095238096 0.052142857142857144 0.07904761904761905
3 0.06642857142857143 0.4804761904761905 0.13285714285714287 0.1
3 0.08821428571428572 0.43047619047619046 0.17642857142857143 0.07428571428571429
3 0.08178571428571428 0.39285714285714285 0.16357142857142856 0.05619047619047619
3 0.0925 0.3585714285714286 0.14214285714285715 0.06761904761904762
3 0.11892857142857143 0.3304761904761905 0.11928571428571429 0.05714285714285714
3 0.21464285714285714 0.28904761904761905 0.05071428571428571 0.06571428571428571
0 0.27464285714285713 0.2 0.020714285714285713 0.04
0 0.25607142857142856 0.19714285714285715 0.013571428571428571 0.04380952380952381
3 0.3539285714285714 0.2819047619047619 0.047857142857142855 0.06285714285714286
3 0.3607142857142857 0.22238095238095237 0.03571428571428571 0.054285714285714284
3 0.39964285714285713 0.25142857142857145 0.04071428571428572 0.047619047619047616
3 0.4007142857142857 0.19285714285714287 0.032857142857142856 0.039047619047619046
3 0.3964285714285714 0.1719047619047619 0.027142857142857142 0.025714285714285714
3 0.5128571428571429 0.2480952380952381 0.06571428571428571 0.05619047619047619
3 0.30642857142857144 0.14285714285714285 0.032857142857142856 0.0380952380952381
3 0.31464285714285717 0.12857142857142856 0.02642857142857143 0.03428571428571429
3 0.28285714285714286 0.11190476190476191 0.04428571428571428 0.023809523809523808
3 0.29678571428571426 0.09285714285714286 0.03357142857142857 0.023809523809523808
3 0.31 0.08523809523809524 0.027142857142857142 0.02
3 0.36357142857142855 0.1738095238095238 0.025714285714285714 0.037142857142857144
3 0.36178571428571427 0.1438095238095238 0.025 0.026666666666666665
3 0.36214285714285716 0.12333333333333334 0.02 0.025714285714285714
3 0.36714285714285716 0.10714285714285714 0.02 0.023809523809523808
3 0.36357142857142855 0.09571428571428571 0.018571428571428572 0.018095238095238095
3 0.38821428571428573 0.11190476190476191 0.017857142857142856 0.023809523809523808
3 0.37785714285714284 0.0880952380952381 0.017142857142857144 0.023809523809523808
3 0.3610714285714286 0.0719047619047619 0.02642857142857143 0.02
3 0.3889285714285714 0.06523809523809523 0.02642857142857143 0.02
3 0.45571428571428574 0.13238095238095238 0.024285714285714285 0.03238095238095238
3 0.43857142857142856 0.11857142857142858 0.018571428571428572 0.023809523809523808
3 0.42892857142857144 0.10809523809523809 0.016428571428571428 0.02
3 0.4303571428571429 0.09 0.019285714285714285 0.021904761904761906
3 0.5057142857142857 0.16285714285714287 0.06 0.03428571428571429
3 0.5282142857142857 0.19 0.07642857142857143 0.040952380952380955
3 0.5385714285714286 0.21285714285714286 0.07714285714285714 0.04476190476190476
