3 0.5167857142857143 0.7614213197969543 0.04071428571428572 0.12182741116751268
3 0.6771428571428572 0.7068527918781725 0.045714285714285714 0.12690355329949238
3 0.8610714285714286 0.9352791878172588 0.06642857142857143 0.12436548223350252
5 0.7767857142857143 0.8934010152284263 0.08357142857142857 0.21065989847715735
3 0.5235714285714286 0.30012690355329946 0.02142857142857143 0.05456852791878172
3 0.56 0.20304568527918782 0.02 0.04314720812182741
3 0.6903571428571429 0.23286802030456852 0.02642857142857143 0.052030456852791875
5 0.49 0.16560913705583755 0.03142857142857143 0.10025380710659898
3 0.09464285714285714 0.5361675126903553 0.03785714285714286 0.031725888324873094
4 0.12464285714285714 0.47017766497461927 0.045 0.04187817258883248
3 0.1407142857142857 0.45177664974619286 0.04 0.03045685279187817
3 0.05857142857142857 0.4961928934010152 0.05142857142857143 0.04060913705583756
5 0.06535714285714286 0.449238578680203 0.09214285714285714 0.07360406091370558
5 0.24035714285714285 0.33375634517766495 0.05928571428571429 0.11928934010152284
0 0.13142857142857142 0.3775380710659898 0.007142857142857143 0.026649746192893398
0 0.135 0.37182741116751267 0.008571428571428572 0.027918781725888322
3 0.2910714285714286 0.20558375634517764 0.02214285714285714 0.032994923857868015
0 0.2764285714285714 0.1751269035532995 0.004285714285714286 0.012690355329949238
0 0.2842857142857143 0.17385786802030456 0.004285714285714286 0.015228426395939085
0 0.2792857142857143 0.1713197969543147 0.004285714285714286 0.02030456852791878
5 0.33107142857142857 0.08692893401015228 0.023571428571428573 0.04441624365482233
3 0.3467857142857143 0.05964467005076142 0.012142857142857143 0.02284263959390863
3 0.3510714285714286 0.04314720812182741 0.013571428571428571 0.02030456852791878
3 0.35678571428571426 0.03109137055837563 0.012142857142857143 0.016497461928934008
0 0.9417857142857143 0.6821065989847716 0.010714285714285714 0.031725888324873094
0 0.8278571428571428 0.4010152284263959 0.007142857142857143 0.027918781725888322
0 0.8421428571428572 0.35215736040609136 0.008571428571428572 0.031725888324873094
0 0.7278571428571429 0.14086294416243653 0.005714285714285714 0.02030456852791878
0 0.7467857142857143 0.12753807106598983 0.0035714285714285713 0.019035532994923856
0 0.7532142857142857 0.12436548223350252 0.005 0.02030456852791878
1 0.7571428571428571 0.13197969543147206 0.004285714285714286 0.012690355329949238
0 0.7653571428571428 0.12753807106598983 0.005 0.016497461928934008
0 0.7628571428571429 0.11802030456852791 0.002857142857142857 0.012690355329949238
0 0.7692857142857142 0.12373096446700507 0.004285714285714286 0.016497461928934008
1 0.8042857142857143 0.15926395939086294 0.004285714285714286 0.011421319796954314
1 0.8071428571428572 0.1630710659898477 0.005714285714285714 0.013959390862944161
0 0.7607142857142857 0.07868020304568528 0.002857142857142857 0.02030456852791878
1 0.7125 0.11928934010152284 0.0064285714285714285 0.012690355329949238
1 0.7246428571428571 0.11738578680203045 0.007857142857142858 0.013959390862944161
1 0.7378571428571429 0.2379441624365482 0.005714285714285714 0.013959390862944161
1 0.7328571428571429 0.23604060913705582 0.004285714285714286 0.012690355329949238
0 0.7814285714285715 0.2506345177664974 0.007142857142857143 0.013959390862944161
1 0.8107142857142857 0.2861675126903553 0.005714285714285714 0.013959390862944161
0 0.8267857142857142 0.28743654822335024 0.005 0.019035532994923856
1 0.88 0.532994923857868 0.008571428571428572 0.017766497461928932
1 0.8832142857142857 0.5260152284263959 0.007857142857142858 0.013959390862944161
0 0.9189285714285714 0.6808375634517766 0.0064285714285714285 0.029187817258883246
0 0.9889285714285714 0.6668781725888324 0.010714285714285714 0.021573604060913704
0 0.7092857142857143 0.04885786802030456 0.004285714285714286 0.013959390862944161
0 0.7632142857142857 0.06281725888324872 0.0035714285714285713 0.013959390862944161
0 0.7539285714285714 0.07296954314720812 0.0035714285714285713 0.013959390862944161
0 0.7492857142857143 0.07296954314720812 0.004285714285714286 0.019035532994923856
0 0.7542857142857143 0.08883248730964466 0.002857142857142857 0.015228426395939085
0 0.7264285714285714 0.07360406091370558 0.008571428571428572 0.012690355329949238
1 0.6957142857142857 0.08058375634517766 0.008571428571428572 0.008883248730964466
0 0.06321428571428571 0.833756345177665 0.012142857142857143 0.035532994923857864
