0 0.45325 0.8666666666666666 0.0265 0.08533333333333333
0 0.5427500000000001 0.8436666666666667 0.021500000000000002 0.07533333333333334
0 0.502 0.729 0.021 0.06466666666666666
0 0.5317500000000001 0.7143333333333333 0.021500000000000002 0.06866666666666667
0 0.6095 0.659 0.017 0.06066666666666667
0 0.5670000000000001 0.6556666666666666 0.018000000000000002 0.05533333333333333
0 0.75775 0.49466666666666664 0.0195 0.048
0 0.7945 0.488 0.018000000000000002 0.05333333333333333
0 0.7745 0.45199999999999996 0.014 0.044
0 0.863 0.43266666666666664 0.016 0.04933333333333333
0 0.9137500000000001 0.377 0.0165 0.035333333333333335
0 0.96525 0.3446666666666667 0.0135 0.029333333333333333
0 0.9845 0.26366666666666666 0.014 0.03
0 0.582 0.5976666666666667 0.011 0.057999999999999996
0 0.5485 0.6433333333333333 0.017 0.06266666666666666
0 0.482 0.6873333333333334 0.018000000000000002 0.06
0 0.4405 0.729 0.021 0.06466666666666666
0 0.41775 0.7486666666666666 0.0275 0.07333333333333333
0 0.369 0.7253333333333333 0.019 0.06533333333333333
0 0.37325 0.41666666666666663 0.0145 0.044
0 0.93425 0.37566666666666665 0.0115 0.035333333333333335
1 0.3235 0.7956666666666666 0.031 0.07533333333333334
1 0.2025 0.609 0.017 0.03933333333333333
1 0.1975 0.585 0.021 0.035333333333333335
1 0.17500000000000002 0.5826666666666667 0.022 0.036
1 0.193 0.5723333333333334 0.022 0.04466666666666667
1 0.40325 0.362 0.0105 0.024
1 0.42 0.35566666666666663 0.015 0.026
1 0.71425 0.4696666666666667 0.0175 0.02733333333333333
1 0.7342500000000001 0.45966666666666667 0.0135 0.03266666666666666
1 0.662 0.5293333333333333 0.017 0.04666666666666666
1 0.63025 0.695 0.0105 0.026
1 0.622 0.6903333333333334 0.014 0.03133333333333333
1 0.8395 0.42533333333333334 0.018000000000000002 0.034666666666666665
1 0.7947500000000001 0.416 0.0125 0.028
1 0.5435 0.8336666666666667 0.018000000000000002 0.033999999999999996
0 0.63625 0.6753333333333333 0.0195 0.06533333333333333
0 0.52825 0.6653333333333333 0.021500000000000002 0.058666666666666666
0 0.5255 0.6123333333333333 0.015 0.062
0 0.51425 0.6043333333333333 0.0205 0.06333333333333332
0 0.5705 0.5693333333333334 0.016 0.052
0 0.5705 0.6086666666666667 0.017 0.05466666666666666
0 0.48975 0.6283333333333333 0.0225 0.048666666666666664
0 0.42575 0.6873333333333334 0.0235 0.052
0 0.36225 0.7 0.0175 0.06666666666666667
0 0.4055 0.6686666666666666 0.022 0.06
0 0.42275 0.6686666666666666 0.021500000000000002 0.058666666666666666
1 0.44825 0.662 0.0275 0.042666666666666665
0 0.46175 0.8266666666666667 0.029500000000000002 0.07066666666666667
0 0.44025000000000003 0.8083333333333333 0.0275 0.07266666666666667
0 0.8445 0.37066666666666664 0.014 0.036
0 0.8695 0.24033333333333332 0.007 0.024666666666666667
9 0.217 0.781 0.068 0.057999999999999996
9 0.3255 0.8053333333333333 0.059000000000000004 0.06133333333333333
9 0.29525 0.43766666666666665 0.0195 0.04066666666666666
4 0.30775 0.6836666666666666 0.08750000000000001 0.14466666666666667
4 0.9117500000000001 0.448 0.0735 0.05733333333333333
4 0.97275 0.47 0.0545 0.06266666666666666
4 0.81725 0.35366666666666663 0.0825 0.05533333333333333
3 0.888 0.30566666666666664 0.06 0.04466666666666667
3 0.90825 0.301 0.0585 0.03933333333333333
4 0.9420000000000001 0.27299999999999996 0.063 0.04066666666666666
3 0.9530000000000001 0.257 0.054 0.035333333333333335
3 0.89875 0.24566666666666667 0.0485 0.035333333333333335
3 0.836 0.23366666666666666 0.045 0.028666666666666667
3 0.90425 0.21033333333333332 0.0375 0.020666666666666667
3 0.9712500000000001 0.219 0.043500000000000004 0.026
3 0.7995 0.19133333333333333 0.033 0.022666666666666665
3 0.24325 0.21066666666666667 0.029500000000000002 0.02
4 0.28300000000000003 0.17366666666666666 0.017 0.018
4 0.10825 0.14833333333333332 0.0225 0.014
4 0.12325 0.154 0.0175 0.012
5 0.18175 0.19599999999999998 0.0565 0.029333333333333333
8 0.25575000000000003 0.16633333333333333 0.029500000000000002 0.02733333333333333
3 0.233 0.165 0.025 0.012666666666666666
3 0.218 0.161 0.024 0.011333333333333332
3 0.20025 0.15333333333333332 0.0185 0.009333333333333332
3 0.19675 0.15166666666666667 0.0155 0.01
3 0.193 0.151 0.017 0.01
5 0.18125 0.14533333333333334 0.0285 0.016
5 0.21025 0.15466666666666667 0.025500000000000002 0.016
5 0.16875 0.142 0.0245 0.014666666666666666
3 0.14825 0.14466666666666667 0.0095 0.009333333333333332
3 0.17575000000000002 0.18133333333333332 0.0305 0.014666666666666666
3 0.1695 0.178 0.023 0.013333333333333332
3 0.136 0.18466666666666667 0.029 0.013333333333333332
3 0.12925 0.18133333333333332 0.0245 0.014666666666666666
3 0.1255 0.17833333333333332 0.024 0.011333333333333332
3 0.12775 0.17666666666666667 0.0265 0.013333333333333332
3 0.11775000000000001 0.176 0.025500000000000002 0.010666666666666666
3 0.115 0.17333333333333334 0.028 0.010666666666666666
3 0.0975 0.159 0.027 0.012666666666666666
3 0.0885 0.156 0.024 0.010666666666666666
3 0.10675 0.16666666666666666 0.0225 0.010666666666666666
3 0.10400000000000001 0.165 0.02 0.01
3 0.1095 0.17066666666666666 0.025 0.013333333333333332
3 0.2535 0.21966666666666665 0.036000000000000004 0.015333333333333332
4 0.9705 0.386 0.047 0.052
4 0.50825 0.5623333333333334 0.10250000000000001 0.094
4 0.4365 0.4993333333333333 0.076 0.088
5 0.35475 0.47833333333333333 0.0985 0.082
