3 0.5885714285714285 0.7052380952380952 0.06 0.13238095238095238
3 0.7246428571428571 0.3838095238095238 0.05357142857142857 0.08190476190476191
3 0.5257142857142857 0.4419047619047619 0.03571428571428571 0.09333333333333334
3 0.7342857142857143 0.2947619047619048 0.05 0.07333333333333333
3 0.7725 0.14 0.04071428571428572 0.06285714285714286
3 0.47464285714285714 0.15666666666666668 0.03642857142857143 0.07904761904761905
3 0.6196428571428572 0.6014285714285714 0.047857142857142855 0.08285714285714285
3 0.7910714285714285 0.4442857142857143 0.062142857142857146 0.1
3 0.6678571428571428 0.21761904761904763 0.041428571428571426 0.06571428571428571
3 0.09892857142857144 0.8671428571428571 0.11357142857142857 0.07142857142857142
3 0.10035714285714285 0.7766666666666666 0.11357142857142857 0.06952380952380953
3 0.11107142857142857 0.7161904761904762 0.08642857142857142 0.06285714285714286
3 0.11214285714285714 0.6533333333333333 0.09857142857142857 0.06095238095238095
3 0.12785714285714286 0.52 0.09285714285714286 0.05523809523809524
3 0.14285714285714285 0.22142857142857142 0.07 0.04285714285714286
3 0.15428571428571428 0.09714285714285714 0.06857142857142857 0.04380952380952381
3 0.20785714285714285 0.06666666666666667 0.025714285714285714 0.06095238095238095
8 0.35714285714285715 0.12333333333333334 0.055714285714285716 0.1895238095238095
8 0.39785714285714285 0.9404761904761905 0.06857142857142857 0.11523809523809524
8 0.7025 0.0838095238095238 0.09071428571428572 0.1676190476190476
3 0.7317857142857143 0.06571428571428571 0.027857142857142858 0.05904761904761905
3 0.8839285714285714 0.07095238095238095 0.05071428571428571 0.021904761904761906
3 0.8985714285714286 0.1 0.05142857142857143 0.03238095238095238
3 0.9160714285714285 0.12380952380952381 0.062142857142857146 0.03238095238095238
3 0.93 0.15666666666666668 0.06 0.039047619047619046
3 0.9435714285714286 0.18 0.05714285714285714 0.04
3 0.2382142857142857 0.7414285714285714 0.04357142857142857 0.13238095238095238
3 0.12285714285714286 0.4695238095238095 0.09 0.049523809523809526
3 0.12678571428571428 0.4247619047619048 0.08357142857142857 0.047619047619047616
3 0.14785714285714285 0.14904761904761904 0.06571428571428571 0.035238095238095235
3 0.14714285714285713 0.1823809523809524 0.07285714285714286 0.04285714285714286
3 0.15464285714285714 0.04857142857142857 0.060714285714285714 0.045714285714285714
3 0.1625 0.017142857142857144 0.05785714285714286 0.03428571428571429
4 0.13607142857142857 0.370952380952381 0.08642857142857142 0.04666666666666667
4 0.12571428571428572 0.32904761904761903 0.08 0.04476190476190476
4 0.2567857142857143 0.21666666666666667 0.030714285714285715 0.07904761904761905
4 0.26857142857142857 0.14095238095238094 0.032857142857142856 0.06285714285714286
3 0.2782142857142857 0.07761904761904762 0.029285714285714286 0.06380952380952382
0 0.2617857142857143 0.013333333333333332 0.012142857142857143 0.026666666666666665
0 0.23857142857142857 0.007619047619047619 0.005714285714285714 0.015238095238095238
0 0.23392857142857143 0.007619047619047619 0.007857142857142858 0.015238095238095238
0 0.2764285714285714 0.007619047619047619 0.008571428571428572 0.015238095238095238
3 0.9717857142857143 0.9576190476190476 0.056428571428571425 0.07904761904761905
8 0.9767857142857143 0.7833333333333333 0.04642857142857143 0.14952380952380953
3 0.9778571428571429 0.24714285714285714 0.04428571428571428 0.04476190476190476
3 0.9842857142857143 0.28095238095238095 0.03142857142857143 0.045714285714285714
9 0.9210714285714285 0.029047619047619048 0.029285714285714286 0.02
9 0.9246428571428571 0.040952380952380955 0.019285714285714285 0.017142857142857144
9 0.8564285714285714 0.3923809523809524 0.02 0.03238095238095238
1 0.8639285714285714 0.3923809523809524 0.010714285714285714 0.017142857142857144
1 0.8582142857142857 0.3838095238095238 0.016428571428571428 0.015238095238095238
0 0.2275 0.10523809523809524 0.010714285714285714 0.02761904761904762
0 0.24107142857142858 0.11238095238095239 0.013571428571428571 0.02857142857142857
0 0.21821428571428572 0.27714285714285714 0.0064285714285714285 0.01904761904761905
0 0.105 0.08285714285714285 0.011428571428571429 0.01904761904761905
0 0.2925 0.021904761904761906 0.010714285714285714 0.03238095238095238
0 0.33 0.030476190476190476 0.01 0.026666666666666665
0 0.34285714285714286 0.025714285714285714 0.007142857142857143 0.02095238095238095
0 0.33714285714285713 0.023333333333333334 0.005714285714285714 0.025714285714285714
0 0.32321428571428573 0.16476190476190475 0.007857142857142858 0.02857142857142857
0 0.31642857142857145 0.16476190476190475 0.008571428571428572 0.022857142857142857
0 0.31785714285714284 0.1523809523809524 0.01 0.024761904761904763
0 0.30214285714285716 0.25142857142857145 0.01 0.02857142857142857
0 0.22392857142857142 0.32095238095238093 0.016428571428571428 0.026666666666666665
0 0.2092857142857143 0.2714285714285714 0.014285714285714285 0.022857142857142857
0 0.1825 0.05761904761904762 0.010714285714285714 0.023809523809523808
0 0.19035714285714286 0.04380952380952381 0.010714285714285714 0.024761904761904763
0 0.10785714285714286 0.3119047619047619 0.014285714285714285 0.025714285714285714
0 0.18321428571428572 0.3461904761904762 0.010714285714285714 0.021904761904761906
1 0.1875 0.3680952380952381 0.0064285714285714285 0.012380952380952381
0 0.21714285714285714 0.33 0.008571428571428572 0.01619047619047619
9 0.14214285714285715 0.25952380952380955 0.03428571428571429 0.01619047619047619
7 0.15285714285714286 0.30238095238095236 0.05714285714285714 0.029523809523809525
2 0.26071428571428573 0.4419047619047619 0.015714285714285715 0.024761904761904763
0 0.24107142857142858 0.4680952380952381 0.013571428571428571 0.023809523809523808
0 0.30857142857142855 0.5004761904761905 0.012857142857142857 0.023809523809523808
0 0.3275 0.5066666666666667 0.010714285714285714 0.02857142857142857
0 0.25607142857142856 0.43285714285714283 0.016428571428571428 0.023809523809523808
0 0.31107142857142855 0.2623809523809524 0.013571428571428571 0.025714285714285714
0 0.31035714285714283 0.4642857142857143 0.015 0.02761904761904762
0 0.33035714285714285 0.8661904761904762 0.015 0.023809523809523808
0 0.32285714285714284 0.7361904761904762 0.012857142857142857 0.022857142857142857
0 0.1925 0.8142857142857143 0.02214285714285714 0.026666666666666665
0 0.17 0.7771428571428571 0.02142857142857143 0.022857142857142857
0 0.18428571428571427 0.7609523809523809 0.018571428571428572 0.026666666666666665
0 0.3339285714285714 0.6928571428571428 0.017857142857142856 0.018095238095238095
0 0.3317857142857143 0.59 0.012142857142857143 0.025714285714285714
0 0.3460714285714286 0.611904761904762 0.015 0.02761904761904762
0 0.32107142857142856 0.6147619047619047 0.013571428571428571 0.02761904761904762
9 0.08071428571428571 0.9195238095238095 0.05285714285714286 0.021904761904761906
9 0.07214285714285715 0.9538095238095238 0.05 0.023809523809523808
9 0.06821428571428571 0.9842857142857143 0.04357142857142857 0.02761904761904762
2 0.16464285714285715 0.9666666666666667 0.04071428571428572 0.03428571428571429
2 0.15892857142857142 0.9871428571428571 0.04214285714285714 0.025714285714285714
