3 0.3992857142857143 0.82 0.08285714285714285 0.22285714285714286
4 0.3028571428571429 0.8295238095238096 0.06428571428571428 0.20952380952380953
3 0.21464285714285714 0.8361904761904762 0.07928571428571428 0.21142857142857144
4 0.05035714285714286 0.8542857142857143 0.10071428571428571 0.2438095238095238
4 0.8310714285714286 0.7928571428571428 0.08357142857142857 0.1761904761904762
3 0.8925 0.7766666666666666 0.09357142857142857 0.19714285714285715
3 0.9557142857142857 0.7723809523809524 0.08857142857142856 0.19047619047619047
0 0.46035714285714285 0.02857142857142857 0.010714285714285714 0.045714285714285714
0 0.4689285714285714 0.02095238095238095 0.010714285714285714 0.0419047619047619
0 0.5753571428571429 0.09 0.013571428571428571 0.040952380952380955
0 0.5821428571428572 0.11190476190476191 0.01 0.040952380952380955
0 0.3989285714285714 0.6304761904761905 0.017857142857142856 0.01904761904761905
0 0.26357142857142857 0.6152380952380953 0.02857142857142857 0.030476190476190476
0 0.38857142857142857 0.6019047619047619 0.02142857142857143 0.026666666666666665
9 0.14035714285714285 0.8138095238095238 0.03357142857142857 0.07523809523809524
0 0.6864285714285714 0.72 0.025714285714285714 0.030476190476190476
1 0.6939285714285715 0.36857142857142855 0.010714285714285714 0.026666666666666665
0 0.6914285714285714 0.4695238095238095 0.024285714285714285 0.04
0 0.6614285714285715 0.4676190476190476 0.02 0.03619047619047619
0 0.6378571428571429 0.4085714285714286 0.012857142857142857 0.03428571428571429
0 0.6525 0.41285714285714287 0.016428571428571428 0.03333333333333333
