3 0.5039144050104384 0.8585343228200372 0.032881002087682666 0.09925788497217068
4 0.4219728601252609 0.9735621521335808 0.03914405010438413 0.05102040816326531
3 0.7567849686847599 0.648886827458256 0.031315240083507306 0.03803339517625232
3 0.8311586638830897 0.21799628942486085 0.03496868475991649 0.03339517625231911
3 0.8533402922755741 0.1989795918367347 0.03549060542797494 0.03246753246753247
3 0.2510438413361169 0.4485157699443414 0.04279749478079332 0.05287569573283859
3 0.2074634655532359 0.5658627087198516 0.025574112734864297 0.0705009276437848
3 0.24138830897703548 0.225417439703154 0.025574112734864297 0.02411873840445269
3 0.2387787056367432 0.7156771799628943 0.04018789144050104 0.06771799628942486
3 0.20224425887265135 0.7397959183673469 0.04018789144050104 0.06215213358070501
3 0.9008350730688934 0.3515769944341373 0.032359081419624215 0.027829313543599257
3 0.9305845511482254 0.3098330241187384 0.025052192066805843 0.020408163265306124
3 0.8593423799582462 0.44944341372912805 0.028705636743215027 0.030612244897959183
