5 0.013214285714285715 0.1523809523809524 0.02642857142857143 0.05523809523809524
5 0.03 0.16904761904761906 0.02857142857142857 0.04476190476190476
5 0.05071428571428571 0.17238095238095238 0.027142857142857142 0.049523809523809526
5 0.08214285714285714 0.18 0.02857142857142857 0.047619047619047616
5 0.10035714285714285 0.2257142857142857 0.027857142857142858 0.06095238095238095
5 0.06392857142857143 0.037142857142857144 0.02642857142857143 0.047619047619047616
5 0.08285714285714285 0.05095238095238095 0.022857142857142857 0.04476190476190476
5 0.10821428571428571 0.0719047619047619 0.023571428571428573 0.040952380952380955
5 0.14357142857142857 0.09095238095238095 0.03857142857142857 0.029523809523809525
5 0.2882142857142857 0.14904761904761904 0.035 0.023809523809523808
3 0.30107142857142855 0.3242857142857143 0.027857142857142858 0.018095238095238095
3 0.2985714285714286 0.37285714285714283 0.027142857142857142 0.021904761904761906
3 0.4307142857142857 0.38952380952380955 0.012857142857142857 0.0380952380952381
3 0.4325 0.44476190476190475 0.010714285714285714 0.030476190476190476
3 0.43357142857142855 0.5314285714285715 0.017142857142857144 0.03238095238095238
3 0.42928571428571427 0.48523809523809525 0.011428571428571429 0.037142857142857144
4 0.3460714285714286 0.18714285714285714 0.03642857142857143 0.021904761904761906
2 0.43 0.5071428571428571 0.011428571428571429 0.006666666666666666
9 0.42892857142857144 0.6319047619047619 0.005 0.014285714285714285
9 0.6371428571428571 0.4980952380952381 0.007142857142857143 0.011428571428571429
9 0.6242857142857143 0.508095238095238 0.007142857142857143 0.01619047619047619
9 0.4210714285714286 0.6804761904761905 0.007857142857142858 0.01619047619047619
