5 0.5371428571428571 0.9206852791878172 0.11428571428571428 0.09263959390862943
3 0.5964285714285714 0.8781725888324873 0.05 0.035532994923857864
0 0.4317857142857143 0.8851522842639593 0.0064285714285714285 0.024111675126903553
0 0.8967857142857143 0.7220812182741116 0.012142857142857143 0.025380710659898477
3 0.1225 0.8217005076142131 0.047857142857142855 0.03680203045685279
9 0.16071428571428573 0.7925126903553299 0.025714285714285714 0.019035532994923856
1 0.16107142857142856 0.7918781725888324 0.009285714285714286 0.02284263959390863
3 0.105 0.7855329949238578 0.04285714285714286 0.03807106598984771
3 0.13035714285714287 0.7493654822335025 0.04928571428571429 0.03426395939086294
0 0.5971428571428572 0.6789340101522842 0.005714285714285714 0.02284263959390863
0 0.495 0.34708121827411165 0.005714285714285714 0.019035532994923856
3 0.4878571428571429 0.2918781725888325 0.018571428571428572 0.032994923857868015
8 0.5121428571428571 0.2842639593908629 0.03 0.07106598984771573
3 0.5339285714285714 0.18591370558375633 0.017857142857142856 0.029187817258883246
8 0.8489285714285715 0.10152284263959391 0.016428571428571428 0.03807106598984771
0 0.3264285714285714 0.34581218274111675 0.004285714285714286 0.016497461928934008
3 0.29464285714285715 0.3172588832487309 0.029285714285714286 0.03045685279187817
3 0.2592857142857143 0.3052030456852792 0.03142857142857143 0.026649746192893398
3 0.22392857142857142 0.2969543147208122 0.030714285714285715 0.025380710659898477
0 0.14857142857142858 0.2246192893401015 0.005714285714285714 0.017766497461928932
0 0.3271428571428571 0.18274111675126903 0.002857142857142857 0.012690355329949238
0 0.335 0.1916243654822335 0.004285714285714286 0.012690355329949238
0 0.3360714285714286 0.18908629441624364 0.0035714285714285713 0.015228426395939085
