0 0.3292857142857143 0.8961904761904762 0.027142857142857142 0.05523809523809524
0 0.3557142857142857 0.9114285714285715 0.02142857142857143 0.06285714285714286
0 0.4089285714285714 0.8495238095238096 0.025 0.05142857142857143
0 0.48142857142857143 0.6047619047619047 0.015714285714285715 0.047619047619047616
0 0.5057142857142857 0.5804761904761905 0.011428571428571429 0.039047619047619046
0 0.5207142857142857 0.5819047619047619 0.015714285714285715 0.0419047619047619
0 0.5296428571428572 0.5485714285714286 0.012142857142857143 0.04
0 0.5178571428571429 0.5423809523809524 0.011428571428571429 0.039047619047619046
0 0.5064285714285715 0.5295238095238095 0.011428571428571429 0.04
0 0.49642857142857144 0.5333333333333333 0.011428571428571429 0.04380952380952381
0 0.5396428571428571 0.5109523809523809 0.012142857142857143 0.04285714285714286
0 0.5217857142857143 0.5019047619047619 0.012142857142857143 0.03619047619047619
0 0.5146428571428572 0.4976190476190476 0.009285714285714286 0.037142857142857144
0 0.5439285714285714 0.4195238095238095 0.010714285714285714 0.035238095238095235
0 0.5539285714285714 0.42238095238095236 0.009285714285714286 0.035238095238095235
0 0.5942857142857143 0.3576190476190476 0.01 0.03333333333333333
0 0.6064285714285714 0.31238095238095237 0.008571428571428572 0.02857142857142857
0 0.5971428571428572 0.3061904761904762 0.008571428571428572 0.03142857142857143
0 0.5903571428571428 0.30333333333333334 0.009285714285714286 0.03142857142857143
0 0.5814285714285714 0.2923809523809524 0.008571428571428572 0.026666666666666665
0 0.5742857142857143 0.2914285714285714 0.008571428571428572 0.02857142857142857
0 0.6075 0.26571428571428574 0.007857142857142858 0.02857142857142857
0 0.6071428571428571 0.24142857142857144 0.007142857142857143 0.023809523809523808
0 0.6257142857142857 0.2423809523809524 0.007142857142857143 0.025714285714285714
0 0.6157142857142857 0.19857142857142857 0.007142857142857143 0.021904761904761906
0 0.6132142857142857 0.18523809523809523 0.0064285714285714285 0.01619047619047619
0 0.6185714285714285 0.18571428571428572 0.005714285714285714 0.01904761904761905
0 0.6264285714285714 0.18 0.005714285714285714 0.02095238095238095
0 0.6185714285714285 0.17809523809523808 0.005714285714285714 0.01904761904761905
0 0.6364285714285715 0.1676190476190476 0.007142857142857143 0.02095238095238095
0 0.63 0.16666666666666666 0.005714285714285714 0.017142857142857144
0 0.6253571428571428 0.16523809523809524 0.005 0.018095238095238095
0 0.6335714285714286 0.15095238095238095 0.007142857142857143 0.018095238095238095
0 0.6246428571428572 0.14952380952380953 0.005 0.017142857142857144
0 0.6203571428571428 0.1442857142857143 0.0064285714285714285 0.02
0 0.6282142857142857 0.1438095238095238 0.005 0.017142857142857144
0 0.6321428571428571 0.1419047619047619 0.005714285714285714 0.017142857142857144
0 0.6321428571428571 0.1376190476190476 0.005714285714285714 0.02
0 0.6257142857142857 0.1376190476190476 0.005714285714285714 0.018095238095238095
0 0.6232142857142857 0.12571428571428572 0.0064285714285714285 0.01904761904761905
0 0.5089285714285714 0.10666666666666666 0.0035714285714285713 0.017142857142857144
0 0.5121428571428571 0.10666666666666666 0.004285714285714286 0.017142857142857144
0 0.4860714285714286 0.10571428571428572 0.005 0.017142857142857144
0 0.685 0.21857142857142858 0.008571428571428572 0.021904761904761906
0 0.7389285714285714 0.15571428571428572 0.007857142857142858 0.02
0 0.7128571428571429 0.1438095238095238 0.007142857142857143 0.015238095238095238
3 0.6785714285714286 0.11904761904761904 0.027142857142857142 0.01904761904761905
0 0.7357142857142858 0.12428571428571429 0.004285714285714286 0.01619047619047619
2 0.7367857142857143 0.12857142857142856 0.013571428571428571 0.009523809523809525
0 0.7417857142857143 0.12095238095238095 0.0035714285714285713 0.017142857142857144
9 0.7546428571428572 0.12428571428571429 0.012142857142857143 0.012380952380952381
