3 0.07678571428571429 0.21333333333333332 0.13785714285714284 0.1657142857142857
3 0.4075 0.09142857142857143 0.07357142857142857 0.11047619047619048
7 0.43607142857142855 0.024761904761904763 0.04214285714285714 0.047619047619047616
9 0.20892857142857144 0.23714285714285716 0.04642857142857143 0.06666666666666667
9 0.22071428571428572 0.33095238095238094 0.03428571428571429 0.07714285714285714
9 0.285 0.2995238095238095 0.03428571428571429 0.07142857142857142
1 0.20785714285714285 0.23476190476190475 0.03857142857142857 0.04666666666666667
1 0.2225 0.31666666666666665 0.03214285714285714 0.037142857142857144
1 0.28785714285714287 0.3661904761904762 0.022857142857142857 0.05047619047619047
0 0.38571428571428573 0.20047619047619047 0.018571428571428572 0.05619047619047619
0 0.3525 0.26 0.02214285714285714 0.049523809523809526
7 0.4342857142857143 0.3323809523809524 0.06428571428571428 0.07809523809523809
1 0.3425 0.38476190476190475 0.02642857142857143 0.0380952380952381
1 0.36714285714285716 0.3995238095238095 0.017142857142857144 0.04285714285714286
1 0.3292857142857143 0.4723809523809524 0.03 0.05333333333333333
9 0.33285714285714285 0.4766666666666667 0.04857142857142857 0.06190476190476191
0 0.3692857142857143 0.43476190476190474 0.022857142857142857 0.054285714285714284
0 0.3914285714285714 0.4657142857142857 0.024285714285714285 0.05333333333333333
0 0.3967857142857143 0.4119047619047619 0.030714285714285715 0.04666666666666667
0 0.3657142857142857 0.49714285714285716 0.025714285714285714 0.047619047619047616
0 0.40964285714285714 0.5066666666666667 0.020714285714285713 0.047619047619047616
0 0.44642857142857145 0.5828571428571429 0.022857142857142857 0.049523809523809526
0 0.37892857142857145 0.5366666666666666 0.020714285714285713 0.04666666666666667
0 0.24821428571428572 0.5152380952380953 0.027857142857142858 0.04380952380952381
0 0.02142857142857143 0.6823809523809524 0.04285714285714286 0.04285714285714286
9 0.8107142857142857 0.5552380952380952 0.032857142857142856 0.07809523809523809
