3 0.4725 0.9561904761904761 0.020714285714285713 0.07809523809523809
0 0.5103571428571428 0.9219047619047619 0.007857142857142858 0.013333333333333332
0 0.5035714285714286 0.878095238095238 0.005714285714285714 0.013333333333333332
9 0.46535714285714286 0.8423809523809523 0.009285714285714286 0.03333333333333333
2 0.4689285714285714 0.7847619047619048 0.009285714285714286 0.02857142857142857
1 0.4685714285714286 0.7833333333333333 0.007142857142857143 0.02
0 0.4689285714285714 0.7504761904761905 0.007857142857142858 0.017142857142857144
0 0.48892857142857143 0.7476190476190476 0.007857142857142858 0.017142857142857144
0 0.4967857142857143 0.7390476190476191 0.007857142857142858 0.017142857142857144
9 0.4514285714285714 0.6476190476190476 0.008571428571428572 0.024761904761904763
0 0.48964285714285716 0.5661904761904762 0.007857142857142858 0.012380952380952381
9 0.4689285714285714 0.5447619047619048 0.009285714285714286 0.03238095238095238
2 0.4432142857142857 0.48142857142857143 0.007857142857142858 0.025714285714285714
3 0.5014285714285714 0.4723809523809524 0.02857142857142857 0.07428571428571429
0 0.4525 0.42142857142857143 0.009285714285714286 0.012380952380952381
9 0.43857142857142856 0.3914285714285714 0.007142857142857143 0.026666666666666665
0 0.45035714285714284 0.3738095238095238 0.007857142857142858 0.010476190476190476
0 0.45714285714285713 0.3738095238095238 0.007142857142857143 0.010476190476190476
0 0.4475 0.3223809523809524 0.007857142857142858 0.012380952380952381
0 0.4382142857142857 0.32571428571428573 0.007857142857142858 0.013333333333333332
3 0.49785714285714283 0.2866666666666667 0.03142857142857143 0.08
2 0.46535714285714286 0.2742857142857143 0.007857142857142858 0.03238095238095238
1 0.46535714285714286 0.27095238095238094 0.007857142857142858 0.018095238095238095
0 0.47964285714285715 0.24666666666666667 0.009285714285714286 0.013333333333333332
1 0.4785714285714286 0.24428571428571427 0.005714285714285714 0.008571428571428572
9 0.4382142857142857 0.18047619047619048 0.009285714285714286 0.03142857142857143
1 0.43785714285714283 0.17809523809523808 0.01 0.017142857142857144
4 0.4010714285714286 0.18857142857142858 0.04928571428571429 0.030476190476190476
9 0.38785714285714284 0.16285714285714287 0.015714285714285715 0.017142857142857144
0 0.37392857142857144 0.14047619047619048 0.0064285714285714285 0.014285714285714285
0 0.38857142857142857 0.15428571428571428 0.008571428571428572 0.015238095238095238
0 0.47964285714285715 0.08 0.0064285714285714285 0.015238095238095238
