0 0.1982142857142857 0.34285714285714286 0.009285714285714286 0.026666666666666665
0 0.4735714285714286 0.22666666666666666 0.002857142857142857 0.011428571428571429
0 0.4760714285714286 0.23047619047619047 0.005 0.015238095238095238
0 0.4685714285714286 0.23238095238095238 0.005714285714285714 0.013333333333333332
0 0.4875 0.24 0.005 0.013333333333333332
0 0.62 0.24095238095238095 0.002857142857142857 0.011428571428571429
0 0.6228571428571429 0.24047619047619048 0.004285714285714286 0.012380952380952381
0 0.6917857142857143 0.24142857142857144 0.005 0.01619047619047619
0 0.7 0.23952380952380953 0.004285714285714286 0.014285714285714285
0 0.7392857142857143 0.2604761904761905 0.007142857142857143 0.01619047619047619
0 0.7453571428571428 0.26571428571428574 0.005 0.015238095238095238
0 0.7496428571428572 0.26666666666666666 0.0035714285714285713 0.015238095238095238
0 0.7717857142857143 0.27095238095238094 0.005 0.014285714285714285
0 0.7757142857142857 0.2723809523809524 0.004285714285714286 0.017142857142857144
0 0.7796428571428572 0.2733333333333333 0.0035714285714285713 0.015238095238095238
0 0.5625 0.24142857142857144 0.005 0.012380952380952381
3 0.6746428571428571 0.1580952380952381 0.007857142857142858 0.009523809523809525
3 0.6882142857142857 0.1819047619047619 0.017857142857142856 0.011428571428571429
3 0.6696428571428571 0.1895238095238095 0.019285714285714285 0.007619047619047619
3 0.8121428571428572 0.17666666666666667 0.018571428571428572 0.006666666666666666
3 0.8082142857142857 0.1742857142857143 0.016428571428571428 0.009523809523809525
3 0.8564285714285714 0.28714285714285714 0.02142857142857143 0.018095238095238095
3 0.8792857142857143 0.2904761904761905 0.025714285714285714 0.01904761904761905
0 0.8821428571428571 0.30238095238095236 0.008571428571428572 0.02
3 0.9339285714285714 0.31 0.04071428571428572 0.02
3 0.9632142857142857 0.31666666666666665 0.04214285714285714 0.018095238095238095
3 0.9932142857142857 0.32857142857142857 0.013571428571428571 0.02095238095238095
0 0.9589285714285715 0.3252380952380952 0.007857142857142858 0.023809523809523808
0 0.9542857142857143 0.32285714285714284 0.008571428571428572 0.02095238095238095
0 0.9621428571428572 0.3233333333333333 0.007142857142857143 0.023809523809523808
0 0.9671428571428572 0.3252380952380952 0.008571428571428572 0.021904761904761906
0 0.7553571428571428 0.36047619047619045 0.009285714285714286 0.025714285714285714
0 0.8010714285714285 0.9638095238095238 0.03642857142857143 0.06095238095238095
0 0.6403571428571428 0.5814285714285714 0.009285714285714286 0.035238095238095235
0 0.7067857142857142 0.52 0.016428571428571428 0.03619047619047619
0 0.7164285714285714 0.5238095238095238 0.012857142857142857 0.0380952380952381
0 0.7167857142857142 0.5114285714285715 0.009285714285714286 0.03428571428571429
0 0.6053571428571428 0.5061904761904762 0.009285714285714286 0.03333333333333333
0 0.6421428571428571 0.6404761904761904 0.012857142857142857 0.04285714285714286
0 0.5157142857142857 0.589047619047619 0.011428571428571429 0.039047619047619046
0 0.5760714285714286 0.44904761904761903 0.0064285714285714285 0.02761904761904762
0 0.5575 0.43523809523809526 0.0064285714285714285 0.024761904761904763
0 0.5710714285714286 0.4342857142857143 0.007857142857142858 0.02857142857142857
0 0.5503571428571429 0.4480952380952381 0.009285714285714286 0.03142857142857143
0 0.5657142857142857 0.4204761904761905 0.008571428571428572 0.02761904761904762
0 0.5642857142857143 0.4452380952380952 0.008571428571428572 0.03142857142857143
0 0.5332142857142858 0.37761904761904763 0.007857142857142858 0.029523809523809525
0 0.5446428571428571 0.3780952380952381 0.007857142857142858 0.024761904761904763
0 0.5417857142857143 0.370952380952381 0.007857142857142858 0.023809523809523808
0 0.5028571428571429 0.35095238095238096 0.005714285714285714 0.02
0 0.5010714285714286 0.3395238095238095 0.0064285714285714285 0.02
0 0.5182142857142857 0.34285714285714286 0.005 0.02095238095238095
0 0.5328571428571428 0.34904761904761905 0.007142857142857143 0.023809523809523808
0 0.5239285714285714 0.3419047619047619 0.005 0.022857142857142857
0 0.5228571428571429 0.3238095238095238 0.005714285714285714 0.02095238095238095
0 0.5157142857142857 0.32666666666666666 0.005714285714285714 0.01904761904761905
0 0.515 0.3180952380952381 0.004285714285714286 0.01904761904761905
0 0.5089285714285714 0.31047619047619046 0.005 0.01904761904761905
0 0.4657142857142857 0.2823809523809524 0.005714285714285714 0.018095238095238095
0 0.5203571428571429 0.3019047619047619 0.005 0.017142857142857144
0 0.5164285714285715 0.2976190476190476 0.004285714285714286 0.02
0 0.5103571428571428 0.2966666666666667 0.005 0.018095238095238095
0 0.5114285714285715 0.29285714285714287 0.004285714285714286 0.01619047619047619
0 0.5028571428571429 0.30333333333333334 0.005714285714285714 0.02
0 0.4967857142857143 0.2980952380952381 0.005 0.02095238095238095
0 0.5042857142857143 0.29333333333333333 0.005714285714285714 0.017142857142857144
0 0.4957142857142857 0.27666666666666667 0.007142857142857143 0.01619047619047619
0 0.49964285714285717 0.57 0.012142857142857143 0.039047619047619046
0 0.4739285714285714 0.6095238095238096 0.015 0.045714285714285714
0 0.49857142857142855 0.6128571428571429 0.011428571428571429 0.040952380952380955
3 0.42857142857142855 0.4180952380952381 0.02857142857142857 0.04380952380952381
8 0.5042857142857143 0.41 0.05142857142857143 0.10380952380952381
8 0.5671428571428572 0.638095238095238 0.12285714285714286 0.25333333333333335
3 0.47285714285714286 0.25666666666666665 0.015714285714285715 0.021904761904761906
