3 0.5603571428571429 0.8923809523809524 0.2092857142857143 0.21523809523809523
5 0.4235714285714286 0.6271428571428571 0.16714285714285715 0.2580952380952381
3 0.3296428571428571 0.4742857142857143 0.09928571428571428 0.10666666666666666
3 0.27785714285714286 0.37333333333333335 0.07142857142857142 0.08190476190476191
3 0.25 0.29523809523809524 0.07571428571428572 0.07047619047619047
3 0.21428571428571427 0.2338095238095238 0.05714285714285714 0.06
3 0.2075 0.18619047619047618 0.052142857142857144 0.04857142857142857
0 0.19214285714285714 0.44952380952380955 0.02142857142857143 0.06095238095238095
0 0.2082142857142857 0.4419047619047619 0.02642857142857143 0.06095238095238095
1 0.2307142857142857 0.4442857142857143 0.037142857142857144 0.06380952380952382
9 0.24107142857142858 0.44857142857142857 0.03357142857142857 0.05523809523809524
4 0.18821428571428572 0.1438095238095238 0.06785714285714285 0.06666666666666667
3 0.18321428571428572 0.10428571428571429 0.03357142857142857 0.039047619047619046
3 0.17464285714285716 0.08190476190476191 0.029285714285714286 0.026666666666666665
3 0.15678571428571428 0.06761904761904762 0.056428571428571425 0.0380952380952381
3 0.2332142857142857 0.06619047619047619 0.07071428571428572 0.03142857142857143
3 0.2017857142857143 0.043333333333333335 0.05357142857142857 0.02761904761904762
3 0.17607142857142857 0.032857142857142856 0.02642857142857143 0.025714285714285714
3 0.1742857142857143 0.018571428571428572 0.025714285714285714 0.025714285714285714
3 0.11857142857142858 0.03 0.02857142857142857 0.035238095238095235
3 0.031785714285714285 0.05857142857142857 0.052142857142857144 0.02761904761904762
3 0.05928571428571429 0.048095238095238094 0.047142857142857146 0.029523809523809525
3 0.06892857142857142 0.040952380952380955 0.04357142857142857 0.024761904761904763
3 0.07535714285714286 0.025714285714285714 0.03357142857142857 0.026666666666666665
3 0.0825 0.01619047619047619 0.029285714285714286 0.02095238095238095
3 0.019285714285714285 0.10333333333333333 0.037142857142857144 0.05619047619047619
3 0.5835714285714285 0.1680952380952381 0.07142857142857142 0.04666666666666667
