3 0.39013569937369513 0.8956400742115028 0.04123173277661795 0.12523191094619665
3 0.4138830897703549 0.6948051948051949 0.031315240083507306 0.10760667903525047
7 0.42771398747390393 0.38543599257884975 0.03079331941544885 0.06215213358070501
3 0.38413361169102295 0.362708719851577 0.03549060542797494 0.0686456400742115
3 0.31419624217118997 0.32421150278293137 0.03549060542797494 0.05844155844155844
4 0.3580375782881002 0.3390538033395176 0.04175365344467641 0.08812615955473098
1 0.4733820459290187 0.45315398886827457 0.0073068893528183704 0.01948051948051948
1 0.48669102296450933 0.4109461966604824 0.0057411273486430055 0.01855287569573284
2 0.4890396659707724 0.40769944341372916 0.012526096033402922 0.0176252319109462
9 0.48773486430062624 0.47634508348794063 0.015135699373695197 0.03432282003710575
9 0.5067849686847599 0.4290352504638219 0.013569937369519832 0.030612244897959183
1 0.49791231732776614 0.4517625231910946 0.0073068893528183704 0.016697588126159554
9 0.49817327766179537 0.5282931354359925 0.019311064718162838 0.03246753246753247
3 0.6082985386221293 0.5514842300556586 0.03392484342379958 0.0862708719851577
3 0.6424843423799582 0.5705009276437848 0.03444676409185803 0.08534322820037106
3 0.7554801670146137 0.638682745825603 0.03496868475991649 0.09925788497217068
3 0.22416492693110646 0.28061224489795916 0.0360125260960334 0.05287569573283859
3 0.2027661795407098 0.2592764378478664 0.04227557411273486 0.05844155844155844
