3 0.5842857142857143 0.7523809523809524 0.03 0.09523809523809523
3 0.6585714285714286 0.8614285714285714 0.02857142857142857 0.09619047619047619
3 0.17785714285714285 0.3395238095238095 0.03428571428571429 0.025714285714285714
3 0.135 0.3261904761904762 0.032857142857142856 0.023809523809523808
4 0.1407142857142857 0.36523809523809525 0.024285714285714285 0.035238095238095235
3 0.23857142857142857 0.3904761904761905 0.032857142857142856 0.03428571428571429
3 0.415 0.9385714285714286 0.05 0.11333333333333333
3 0.5535714285714286 0.9104761904761904 0.04428571428571428 0.12761904761904763
3 0.49464285714285716 0.6771428571428572 0.035 0.0761904761904762
9 0.5335714285714286 0.43 0.01 0.025714285714285714
0 0.4546428571428571 0.40476190476190477 0.002142857142857143 0.011428571428571429
0 0.4514285714285714 0.4038095238095238 0.002857142857142857 0.013333333333333332
0 0.44785714285714284 0.40523809523809523 0.002857142857142857 0.012380952380952381
0 0.4442857142857143 0.4080952380952381 0.004285714285714286 0.010476190476190476
3 0.7464285714285714 0.12380952380952381 0.01 0.015238095238095238
3 0.7482142857142857 0.14952380952380953 0.009285714285714286 0.013333333333333332
5 0.7507142857142857 0.19523809523809524 0.011428571428571429 0.022857142857142857
3 0.735 0.19857142857142857 0.02 0.014285714285714285
5 0.6982142857142857 0.16952380952380952 0.02214285714285714 0.05142857142857143
3 0.09928571428571428 0.3376190476190476 0.018571428571428572 0.025714285714285714
3 0.11571428571428571 0.3414285714285714 0.015714285714285715 0.023809523809523808
9 0.24678571428571427 0.3566666666666667 0.023571428571428573 0.01619047619047619
9 0.2857142857142857 0.37 0.024285714285714285 0.018095238095238095
9 0.5992857142857143 0.3057142857142857 0.005714285714285714 0.017142857142857144
9 0.6246428571428572 0.2966666666666667 0.005 0.018095238095238095
0 0.6235714285714286 0.44904761904761903 0.005714285714285714 0.02
3 0.6710714285714285 0.770952380952381 0.027857142857142858 0.08285714285714285
3 0.6785714285714286 0.6966666666666667 0.024285714285714285 0.07904761904761905
3 0.6557142857142857 0.61 0.022857142857142857 0.06
3 0.6621428571428571 0.5523809523809524 0.018571428571428572 0.05333333333333333
9 0.6621428571428571 0.4766666666666667 0.007142857142857143 0.023809523809523808
3 0.6535714285714286 0.17285714285714285 0.011428571428571429 0.012380952380952381
3 0.6614285714285715 0.14666666666666667 0.011428571428571429 0.01904761904761905
3 0.6685714285714286 0.12380952380952381 0.008571428571428572 0.01904761904761905
3 0.6921428571428572 0.055714285714285716 0.007142857142857143 0.010476190476190476
3 0.705 0.016666666666666666 0.005714285714285714 0.008571428571428572
3 0.7003571428571429 0.02761904761904762 0.0064285714285714285 0.011428571428571429
3 0.6828571428571428 0.07952380952380952 0.008571428571428572 0.012380952380952381
3 0.7621428571428571 0.10142857142857142 0.008571428571428572 0.012380952380952381
3 0.7403571428571428 0.2976190476190476 0.019285714285714285 0.023809523809523808
3 0.7535714285714286 0.3476190476190476 0.022857142857142857 0.02857142857142857
4 0.6978571428571428 0.28714285714285714 0.012857142857142857 0.029523809523809525
9 0.6975 0.3342857142857143 0.009285714285714286 0.011428571428571429
3 0.6792857142857143 0.41619047619047617 0.05285714285714286 0.03619047619047619
3 0.6914285714285714 0.5614285714285714 0.02 0.058095238095238096
5 0.685 0.6247619047619047 0.02142857142857143 0.05714285714285714
9 0.7378571428571429 0.6366666666666667 0.008571428571428572 0.02
9 0.7071428571428572 0.6271428571428571 0.007142857142857143 0.018095238095238095
3 0.8242857142857143 0.8047619047619048 0.02857142857142857 0.08190476190476191
9 0.805 0.6828571428571428 0.012857142857142857 0.03619047619047619
9 0.7946428571428571 0.63 0.007857142857142858 0.029523809523809525
9 0.78 0.5871428571428572 0.007142857142857143 0.03142857142857143
9 0.7821428571428571 0.560952380952381 0.01 0.022857142857142857
9 0.7992857142857143 0.5514285714285714 0.011428571428571429 0.024761904761904763
0 0.7675 0.4342857142857143 0.005 0.01904761904761905
3 0.8214285714285714 0.4452380952380952 0.05142857142857143 0.035238095238095235
3 0.7964285714285714 0.021904761904761906 0.011428571428571429 0.007619047619047619
3 0.7925 0.008095238095238095 0.010714285714285714 0.006666666666666666
3 0.7982142857142858 0.11952380952380952 0.009285714285714286 0.008571428571428572
3 0.8 0.1361904761904762 0.011428571428571429 0.009523809523809525
3 0.8 0.16095238095238096 0.008571428571428572 0.013333333333333332
3 0.8 0.18047619047619048 0.008571428571428572 0.014285714285714285
3 0.8 0.20476190476190476 0.007142857142857143 0.011428571428571429
3 0.8171428571428572 0.002380952380952381 0.008571428571428572 0.004761904761904762
3 0.8171428571428572 0.007142857142857143 0.01 0.004761904761904762
3 0.8167857142857143 0.01380952380952381 0.010714285714285714 0.004761904761904762
3 0.8196428571428571 0.018095238095238095 0.013571428571428571 0.005714285714285714
3 0.82 0.02095238095238095 0.011428571428571429 0.005714285714285714
3 0.8210714285714286 0.02761904761904762 0.013571428571428571 0.007619047619047619
3 0.8203571428571429 0.032857142857142856 0.012142857142857143 0.006666666666666666
3 0.8217857142857142 0.040952380952380955 0.010714285714285714 0.005714285714285714
3 0.8239285714285715 0.045714285714285714 0.010714285714285714 0.005714285714285714
3 0.8267857142857142 0.05333333333333333 0.012142857142857143 0.005714285714285714
3 0.8260714285714286 0.05761904761904762 0.013571428571428571 0.008571428571428572
3 0.8242857142857143 0.06476190476190476 0.011428571428571429 0.007619047619047619
3 0.8235714285714286 0.07761904761904762 0.02 0.008571428571428572
3 0.8267857142857142 0.08428571428571428 0.013571428571428571 0.006666666666666666
3 0.8289285714285715 0.09095238095238095 0.009285714285714286 0.006666666666666666
3 0.83 0.09666666666666666 0.017142857142857144 0.006666666666666666
3 0.8314285714285714 0.10333333333333333 0.017142857142857144 0.008571428571428572
3 0.8317857142857142 0.1138095238095238 0.017857142857142856 0.010476190476190476
3 0.8321428571428572 0.11904761904761904 0.015714285714285715 0.007619047619047619
3 0.8353571428571429 0.12761904761904763 0.016428571428571428 0.009523809523809525
3 0.8314285714285714 0.1361904761904762 0.017142857142857144 0.009523809523809525
3 0.83 0.14095238095238094 0.014285714285714285 0.007619047619047619
3 0.8335714285714285 0.14952380952380953 0.017142857142857144 0.009523809523809525
3 0.8410714285714286 0.17 0.025 0.012380952380952381
0 0.8310714285714286 0.025714285714285714 0.002142857142857143 0.007619047619047619
0 0.8367857142857142 0.025714285714285714 0.002142857142857143 0.005714285714285714
5 0.8385714285714285 0.05285714285714286 0.004285714285714286 0.010476190476190476
4 0.8403571428571428 0.9438095238095238 0.05785714285714286 0.11047619047619048
3 0.8746428571428572 0.36428571428571427 0.02642857142857143 0.03333333333333333
3 0.8771428571428571 0.3385714285714286 0.032857142857142856 0.021904761904761906
3 0.8639285714285714 0.32095238095238093 0.035 0.02095238095238095
3 0.8589285714285714 0.30095238095238097 0.03214285714285714 0.024761904761904763
3 0.8435714285714285 0.25047619047619046 0.024285714285714285 0.015238095238095238
3 0.8442857142857143 0.23904761904761904 0.024285714285714285 0.013333333333333332
3 0.8432142857142857 0.23142857142857143 0.02642857142857143 0.013333333333333332
3 0.8453571428571428 0.21476190476190476 0.027857142857142858 0.012380952380952381
3 0.8457142857142858 0.20523809523809525 0.025714285714285714 0.010476190476190476
3 0.8446428571428571 0.19952380952380952 0.02642857142857143 0.01619047619047619
3 0.8428571428571429 0.19 0.022857142857142857 0.012380952380952381
3 0.8435714285714285 0.18285714285714286 0.024285714285714285 0.013333333333333332
0 0.8514285714285714 0.1019047619047619 0.002857142857142857 0.007619047619047619
0 0.8635714285714285 0.19285714285714287 0.002857142857142857 0.010476190476190476
0 0.8578571428571429 0.19238095238095237 0.002857142857142857 0.009523809523809525
0 0.8710714285714286 0.20714285714285716 0.005 0.014285714285714285
0 0.8721428571428571 0.24 0.005714285714285714 0.011428571428571429
0 0.8635714285714285 0.24047619047619048 0.005714285714285714 0.012380952380952381
3 0.9225 0.28904761904761905 0.030714285714285715 0.02
4 0.9025 0.36666666666666664 0.017857142857142856 0.03238095238095238
4 0.9271428571428572 0.36714285714285716 0.017142857142857144 0.035238095238095235
3 0.9096428571428572 0.4685714285714286 0.05357142857142857 0.02857142857142857
4 0.9510714285714286 0.3780952380952381 0.023571428571428573 0.04
4 0.9842857142857143 0.3852380952380952 0.027142857142857142 0.04285714285714286
1 0.6978571428571428 0.33095238095238094 0.007142857142857143 0.006666666666666666
1 0.6614285714285715 0.47285714285714286 0.005714285714285714 0.012380952380952381
1 0.7989285714285714 0.5452380952380952 0.0064285714285714285 0.012380952380952381
1 0.7821428571428571 0.5561904761904762 0.005714285714285714 0.011428571428571429
1 0.78 0.580952380952381 0.007142857142857143 0.011428571428571429
1 0.7385714285714285 0.6333333333333333 0.007142857142857143 0.011428571428571429
1 0.7075 0.6238095238095238 0.0064285714285714285 0.007619047619047619
1 0.7946428571428571 0.6233333333333333 0.005 0.014285714285714285
1 0.8039285714285714 0.6723809523809524 0.007857142857142858 0.015238095238095238
1 0.5339285714285714 0.4238095238095238 0.007857142857142858 0.017142857142857144
1 0.6246428571428572 0.29285714285714287 0.0035714285714285713 0.010476190476190476
1 0.5982142857142857 0.30238095238095236 0.005 0.012380952380952381
