3 0.05150214592274678 0.8974236641221374 0.09442060085836909 0.19942748091603052
3 0.10908440629470673 0.6603053435114503 0.08226037195994278 0.18129770992366412
3 0.1655937052932761 0.4489503816793893 0.0994277539341917 0.14599236641221375
3 0.3469241773962804 0.6073473282442747 0.12446351931330472 0.08874045801526717
3 0.3143776824034335 0.7958015267175572 0.12947067238912732 0.10305343511450381
3 0.36123032904148783 0.5229007633587786 0.12017167381974249 0.09541984732824427
3 0.3708869814020029 0.43463740458015265 0.11945636623748211 0.08301526717557252
3 0.3937768240343348 0.3597328244274809 0.1123032904148784 0.08587786259541984
3 0.398068669527897 0.28291984732824427 0.11087267525035766 0.07347328244274809
3 0.2875536480686695 0.8907442748091603 0.1473533619456366 0.11736641221374046
3 0.2603719599427754 0.9775763358778625 0.12589413447782546 0.04293893129770992
0 0.3397711015736767 0.6999045801526718 0.02861230329041488 0.03530534351145038
0 0.11123032904148784 0.982824427480916 0.033619456366237484 0.026717557251908396
9 0.05221745350500715 0.5772900763358778 0.024320457796852647 0.05725190839694656
0 0.2718168812589413 0.19513358778625953 0.022889842632331903 0.03530534351145038
0 0.3369098712446352 0.22089694656488548 0.02145922746781116 0.04484732824427481
3 0.7492846924177397 0.05248091603053435 0.05793991416309013 0.1049618320610687
3 0.17989985693848354 0.3487595419847328 0.023605150214592273 0.033396946564885496
3 0.19957081545064378 0.3306297709923664 0.02861230329041488 0.03148854961832061
2 0.19670958512160228 0.33015267175572516 0.035765379113018594 0.04198473282442748
2 0.38376251788268956 0.20276717557251908 0.04220314735336195 0.029580152671755722
2 0.46101573676680974 0.24188931297709923 0.032188841201716736 0.04484732824427481
2 0.49606580829756797 0.20419847328244273 0.027896995708154508 0.05725190839694656
2 0.4080829756795422 0.19942748091603052 0.033619456366237484 0.03435114503816794
2 0.4130901287553648 0.17461832061068702 0.03648068669527897 0.026717557251908396
2 0.4560085836909871 0.17366412213740456 0.03648068669527897 0.02862595419847328
2 0.45243204577968527 0.14265267175572519 0.035050071530758224 0.03148854961832061
2 0.5 0.14837786259541985 0.03719599427753934 0.023854961832061067
2 0.5160944206008584 0.16507633587786258 0.03934191702432046 0.026717557251908396
2 0.3240343347639485 0.05820610687022901 0.035765379113018594 0.03816793893129771
2 0.29721030042918456 0.07251908396946564 0.015021459227467811 0.04389312977099236
2 0.2811158798283262 0.11688931297709923 0.015736766809728183 0.04866412213740458
0 0.3082975679542203 0.09637404580152671 0.01859799713876967 0.04007633587786259
0 0.21065808297567953 0.16650763358778625 0.020743919885550785 0.03148854961832061
0 0.3501430615164521 0.11593511450381679 0.019313304721030045 0.03912213740458015
0 0.39663805436337624 0.06679389312977099 0.017882689556509297 0.04198473282442748
0 0.347997138769671 0.09732824427480916 0.017882689556509297 0.03625954198473282
0 0.3315450643776824 0.09398854961832061 0.019313304721030045 0.03912213740458015
0 0.40665236051502146 0.13263358778625953 0.016452074391988557 0.04007633587786259
0 0.44778254649499283 0.042461832061068704 0.01430615164520744 0.03912213740458015
9 0.4313304721030043 0.15267175572519084 0.04291845493562232 0.047709923664122134
2 0.5618741058655222 0.17127862595419846 0.0407725321888412 0.020038167938931296
2 0.5633047210300429 0.15791984732824427 0.03648068669527897 0.023854961832061067
2 0.65379113018598 0.2948473282442748 0.04005722460658083 0.02862595419847328
2 0.5550786838340487 0.3501908396946565 0.031473533619456366 0.04580152671755725
2 0.5783261802575107 0.22996183206106868 0.023605150214592273 0.047709923664122134
2 0.5658082975679543 0.27337786259541985 0.02575107296137339 0.046755725190839696
2 0.5618741058655222 0.30009541984732824 0.027896995708154508 0.04484732824427481
2 0.5647353361945636 0.3196564885496183 0.033619456366237484 0.030534351145038167
2 0.5636623748211731 0.3344465648854962 0.035765379113018594 0.03912213740458015
2 0.6412732474964234 0.3554389312977099 0.03791130185979971 0.03148854961832061
2 0.6330472103004292 0.2800572519083969 0.04291845493562232 0.033396946564885496
2 0.6444921316165951 0.2666984732824427 0.035765379113018594 0.027671755725190837
2 0.6201716738197425 0.39980916030534347 0.02575107296137339 0.059160305343511445
2 0.5443490701001431 0.41459923664122134 0.02145922746781116 0.05248091603053435
2 0.6444921316165951 0.4026717557251908 0.008583690987124463 0.055343511450381674
2 0.5926323319027181 0.2323473282442748 0.020743919885550785 0.04866412213740458
1 0.6834763948497854 0.8668893129770993 0.02503576537911302 0.03148854961832061
9 0.6831187410586552 0.8630725190839694 0.027181688125894134 0.06393129770992366
9 0.5811874105865522 0.7476145038167938 0.04363376251788269 0.03530534351145038
9 0.5361230329041488 0.47232824427480913 0.020743919885550785 0.06297709923664122
2 0.5207439198855508 0.5677480916030534 0.031473533619456366 0.04007633587786259
0 0.5407725321888412 0.4222328244274809 0.01859799713876967 0.03148854961832061
1 0.698140200286123 0.21851145038167938 0.017167381974248927 0.03816793893129771
2 0.6956366237482118 0.22375954198473283 0.020743919885550785 0.04866412213740458
9 0.6419885550786838 0.245706106870229 0.0407725321888412 0.029580152671755722
0 0.24070100143061515 0.10162213740458015 0.027896995708154508 0.03912213740458015
1 0.2296137339055794 0.11736641221374046 0.027181688125894134 0.03244274809160305
9 0.23819742489270387 0.09064885496183206 0.04005722460658083 0.026717557251908396
9 0.30150214592274677 0.01812977099236641 0.032188841201716736 0.030534351145038167
9 0.4309728183118741 0.01431297709923664 0.012160228898426323 0.02862595419847328
0 0.6094420600858369 0.023377862595419848 0.011444921316165951 0.04484732824427481
0 0.6005007153075823 0.03387404580152672 0.01072961373390558 0.03721374045801527
0 0.5175250357653791 0.05677480916030534 0.017882689556509297 0.03912213740458015
0 0.5497138769670958 0.04150763358778626 0.013590844062947067 0.04103053435114504
0 0.5643776824034334 0.03721374045801527 0.010014306151645207 0.04198473282442748
0 0.5811874105865522 0.023377862595419848 0.006437768240343348 0.04293893129770992
0 0.5915593705293276 0.022900763358778626 0.011444921316165951 0.03435114503816794
0 0.5997854077253219 0.01812977099236641 0.009298998569384835 0.03625954198473282
0 0.5368383404864091 0.020038167938931296 0.012160228898426323 0.030534351145038167
0 0.44957081545064376 0.02433206106870229 0.016452074391988557 0.03721374045801527
0 0.49034334763948495 0.019083969465648856 0.007868383404864092 0.03816793893129771
0 0.48390557939914164 0.020038167938931296 0.01072961373390558 0.04007633587786259
0 0.4456366237482117 0.01812977099236641 0.012875536480686695 0.03625954198473282
0 0.4567238912732475 0.013835877862595419 0.007868383404864092 0.027671755725190837
0 0.5089413447782547 0.019561068702290074 0.01072961373390558 0.03912213740458015
0 0.526824034334764 0.014790076335877861 0.009298998569384835 0.029580152671755722
0 0.5472103004291845 0.013835877862595419 0.010014306151645207 0.027671755725190837
0 0.5550786838340487 0.011927480916030533 0.008583690987124463 0.023854961832061067
0 0.5618741058655222 0.016698473282442748 0.01072961373390558 0.03148854961832061
