3 0.3357142857142857 0.5526649746192893 0.017142857142857144 0.04187817258883248
3 0.365 0.3508883248730964 0.011428571428571429 0.03426395939086294
0 0.5842857142857143 0.4092639593908629 0.002857142857142857 0.016497461928934008
0 0.5814285714285714 0.40672588832487305 0.004285714285714286 0.019035532994923856
0 0.5764285714285714 0.3369289340101523 0.004285714285714286 0.019035532994923856
0 0.5628571428571428 0.3432741116751269 0.002857142857142857 0.016497461928934008
0 0.5664285714285714 0.33312182741116747 0.004285714285714286 0.016497461928934008
0 0.5571428571428572 0.2963197969543147 0.004285714285714286 0.013959390862944161
0 0.5614285714285714 0.34010152284263956 0.002857142857142857 0.015228426395939085
0 0.5746428571428571 0.4308375634517766 0.0035714285714285713 0.019035532994923856
0 0.565 0.33312182741116747 0.004285714285714286 0.019035532994923856
8 0.5867857142857142 0.2639593908629441 0.047857142857142855 0.04060913705583756
3 0.5457142857142857 0.2766497461928934 0.02 0.015228426395939085
3 0.5417857142857143 0.26586294416243655 0.019285714285714285 0.013959390862944161
0 0.4782142857142857 0.26586294416243655 0.0035714285714285713 0.016497461928934008
0 0.47214285714285714 0.2696700507614213 0.004285714285714286 0.011421319796954314
0 0.4689285714285714 0.2696700507614213 0.0035714285714285713 0.016497461928934008
0 0.4585714285714286 0.26840101522842635 0.002857142857142857 0.013959390862944161
0 0.4521428571428571 0.2652284263959391 0.004285714285714286 0.015228426395939085
0 0.42678571428571427 0.2766497461928934 0.0035714285714285713 0.012690355329949238
0 0.4160714285714286 0.2639593908629441 0.0035714285714285713 0.012690355329949238
0 0.38642857142857145 0.27918781725888325 0.004285714285714286 0.015228426395939085
0 0.35928571428571426 0.27411167512690354 0.002857142857142857 0.012690355329949238
0 0.35642857142857143 0.27347715736040606 0.002857142857142857 0.013959390862944161
0 0.37035714285714283 0.22906091370558374 0.0035714285714285713 0.013959390862944161
0 0.37392857142857144 0.2277918781725888 0.0035714285714285713 0.011421319796954314
0 0.3821428571428571 0.2315989847715736 0.002857142857142857 0.011421319796954314
0 0.3889285714285714 0.2347715736040609 0.002142857142857143 0.012690355329949238
0 0.39071428571428574 0.2214467005076142 0.002857142857142857 0.011421319796954314
0 0.39107142857142857 0.23350253807106597 0.0035714285714285713 0.015228426395939085
0 0.3846428571428571 0.22906091370558374 0.005 0.011421319796954314
0 0.3410714285714286 0.2576142131979695 0.0035714285714285713 0.01015228426395939
0 0.34714285714285714 0.25888324873096447 0.002857142857142857 0.01015228426395939
0 0.3317857142857143 0.2480964467005076 0.0035714285714285713 0.011421319796954314
0 0.4492857142857143 0.291243654822335 0.002857142857142857 0.011421319796954314
0 0.4228571428571429 0.2918781725888325 0.002857142857142857 0.01015228426395939
0 0.4203571428571429 0.2918781725888325 0.002142857142857143 0.01015228426395939
0 0.4075 0.29568527918781723 0.0035714285714285713 0.012690355329949238
0 0.36178571428571427 0.2969543147208122 0.0035714285714285713 0.01015228426395939
0 0.35464285714285715 0.29568527918781723 0.0035714285714285713 0.01015228426395939
0 0.44 0.2614213197969543 0.002857142857142857 0.015228426395939085
3 0.4610714285714286 0.21065989847715735 0.0064285714285714285 0.017766497461928932
3 0.4610714285714286 0.2017766497461929 0.007857142857142858 0.017766497461928932
3 0.4625 0.15672588832487308 0.0064285714285714285 0.016497461928934008
3 0.47464285714285714 0.13705583756345177 0.0064285714285714285 0.015228426395939085
0 0.5121428571428571 0.18401015228426396 0.002857142857142857 0.01015228426395939
0 0.5078571428571429 0.18527918781725886 0.002857142857142857 0.01015228426395939
0 0.5067857142857143 0.174492385786802 0.0035714285714285713 0.008883248730964466
0 0.5089285714285714 0.17195431472081216 0.002142857142857143 0.013959390862944161
0 0.5078571428571429 0.19606598984771573 0.002857142857142857 0.013959390862944161
0 0.5164285714285715 0.1884517766497462 0.002857142857142857 0.011421319796954314
0 0.5146428571428572 0.19035532994923857 0.002142857142857143 0.0076142131979695426
0 0.5132142857142857 0.19987309644670048 0.002142857142857143 0.011421319796954314
0 0.5182142857142857 0.2049492385786802 0.002142857142857143 0.011421319796954314
3 0.4407142857142857 0.035532994923857864 0.004285714285714286 0.01015228426395939
3 0.47785714285714287 0.042512690355329945 0.004285714285714286 0.008883248730964466
5 0.46714285714285714 0.027918781725888322 0.005714285714285714 0.017766497461928932
5 0.45321428571428574 0.053299492385786795 0.0064285714285714285 0.02030456852791878
5 0.44607142857142856 0.07233502538071065 0.009285714285714286 0.025380710659898477
5 0.44107142857142856 0.09327411167512689 0.007857142857142858 0.024111675126903553
5 0.45571428571428574 0.039974619289340096 0.005714285714285714 0.016497461928934008
