0 0.02892857142857143 0.3557142857142857 0.015 0.023809523809523808
0 0.1392857142857143 0.2919047619047619 0.015714285714285715 0.02761904761904762
0 0.18535714285714286 0.3976190476190476 0.017857142857142856 0.02761904761904762
0 0.20392857142857143 0.39380952380952383 0.013571428571428571 0.025714285714285714
2 0.03678571428571428 0.3619047619047619 0.012142857142857143 0.02857142857142857
2 0.2975 0.8661904761904762 0.023571428571428573 0.05619047619047619
0 0.19321428571428573 0.6885714285714286 0.020714285714285713 0.02857142857142857
0 0.3717857142857143 0.8480952380952381 0.023571428571428573 0.037142857142857144
0 0.3675 0.839047619047619 0.015 0.030476190476190476
0 0.3825 0.8519047619047619 0.02214285714285714 0.023809523809523808
0 0.6264285714285714 0.37476190476190474 0.011428571428571429 0.02761904761904762
0 0.6678571428571428 0.4280952380952381 0.014285714285714285 0.025714285714285714
0 0.6685714285714286 0.4114285714285714 0.014285714285714285 0.02857142857142857
0 0.7164285714285714 0.3395238095238095 0.01 0.02761904761904762
0 0.7110714285714286 0.3357142857142857 0.010714285714285714 0.023809523809523808
0 0.7107142857142857 0.3080952380952381 0.005714285714285714 0.014285714285714285
0 0.8335714285714285 0.31857142857142856 0.011428571428571429 0.023809523809523808
0 0.8207142857142857 0.25333333333333335 0.011428571428571429 0.02857142857142857
0 0.9664285714285714 0.24333333333333335 0.018571428571428572 0.02761904761904762
