4 0.34464285714285714 0.6859137055837563 0.075 0.11040609137055837
4 0.42392857142857143 0.7690355329949238 0.07785714285714286 0.10913705583756345
4 0.5028571428571429 0.8483502538071065 0.08714285714285715 0.14086294416243653
4 0.2689285714285714 0.6097715736040609 0.07357142857142857 0.09771573604060912
4 0.20392857142857143 0.5361675126903553 0.06928571428571428 0.10532994923857868
3 0.14714285714285713 0.48477157360406087 0.06571428571428571 0.08375634517766496
3 0.7857142857142857 0.3128172588832487 0.03428571428571429 0.0748730964467005
3 0.7260714285714286 0.2779187817258883 0.039285714285714285 0.08121827411167512
3 0.8685714285714285 0.2969543147208122 0.037142857142857144 0.07106598984771573
3 0.8089285714285714 0.2449238578680203 0.03357142857142857 0.06091370558375634
3 0.6932142857142857 0.1814720812182741 0.03214285714285714 0.055837563451776644
3 0.7510714285714286 0.20621827411167512 0.03357142857142857 0.06725888324873096
3 0.7828571428571428 0.22398477157360405 0.03571428571428571 0.06979695431472081
3 0.8435714285714285 0.2645939086294416 0.037142857142857144 0.06979695431472081
3 0.6678571428571428 0.16053299492385786 0.037142857142857144 0.06979695431472081
3 0.7317857142857143 0.07423857868020305 0.035 0.06472081218274112
3 0.7839285714285714 0.09327411167512689 0.02642857142857143 0.05456852791878172
4 0.6971428571428572 0.24682741116751267 0.04857142857142857 0.11548223350253806
4 0.8242857142857143 0.3305837563451776 0.04 0.08756345177664974
4 0.6428571428571429 0.21002538071065988 0.03857142857142857 0.07741116751269035
4 0.7610714285714286 0.2785532994923858 0.03785714285714286 0.09263959390862943
4 0.5382142857142858 0.22017766497461927 0.052142857142857144 0.11040609137055837
4 0.8585714285714285 0.1681472081218274 0.07857142857142857 0.07741116751269035
4 0.5971428571428572 0.10723350253807105 0.032857142857142856 0.06472081218274112
4 0.5725 0.15989847715736039 0.039285714285714285 0.07360406091370558
4 0.7196428571428571 0.19352791878172587 0.039285714285714285 0.06472081218274112
4 0.5728571428571428 0.04885786802030456 0.06 0.06472081218274112
4 0.5953571428571428 0.04060913705583756 0.04214285714285714 0.048223350253807105
4 0.6278571428571429 0.37309644670050757 0.08285714285714285 0.10152284263959391
4 0.5275 0.3312182741116751 0.05785714285714286 0.10659898477157359
4 0.6289285714285714 0.47017766497461927 0.056428571428571425 0.10025380710659898
4 0.04071428571428572 0.3705583756345177 0.06142857142857143 0.09137055837563451
4 0.09071428571428572 0.41941624365482233 0.06142857142857143 0.08502538071065989
4 0.009285714285714286 0.34581218274111675 0.018571428571428572 0.05710659898477157
0 0.13142857142857142 0.39974619289340096 0.015714285714285715 0.035532994923857864
0 0.14392857142857143 0.3965736040609137 0.016428571428571428 0.03426395939086294
0 0.0575 0.2626903553299492 0.015 0.03807106598984771
0 0.5060714285714286 0.7100253807106598 0.016428571428571428 0.03680203045685279
9 0.5603571428571429 0.9238578680203045 0.023571428571428573 0.06345177664974619
9 0.5853571428571429 0.9352791878172588 0.020714285714285713 0.08121827411167512
9 0.595 0.947969543147208 0.02 0.06598984771573603
9 0.6075 0.9517766497461928 0.03214285714285714 0.08375634517766496
9 0.6257142857142857 0.9593908629441623 0.025714285714285714 0.07868020304568528
9 0.6367857142857143 0.9784263959390862 0.019285714285714285 0.04060913705583756
9 0.6557142857142857 0.9873096446700507 0.014285714285714285 0.02284263959390863
9 0.6714285714285714 0.9860406091370557 0.015714285714285715 0.025380710659898477
9 0.6882142857142857 0.9911167512690354 0.019285714285714285 0.015228426395939085
0 0.17714285714285713 0.9232233502538071 0.017142857142857144 0.03426395939086294
9 0.9292857142857143 0.1814720812182741 0.014285714285714285 0.04568527918781726
9 0.9432142857142857 0.1878172588832487 0.015 0.03807106598984771
9 0.9560714285714286 0.19352791878172587 0.016428571428571428 0.03934010152284264
9 0.9664285714285714 0.19733502538071065 0.017142857142857144 0.04441624365482233
9 0.9803571428571428 0.1916243654822335 0.015 0.032994923857868015
9 0.8021428571428572 0.11675126903553298 0.015714285714285715 0.03807106598984771
9 0.8153571428571429 0.11802030456852791 0.016428571428571428 0.03807106598984771
9 0.6353571428571428 0.03426395939086294 0.017857142857142856 0.027918781725888322
9 0.6775 0.05774111675126903 0.02214285714285714 0.026649746192893398
9 0.6803571428571429 0.04378172588832487 0.02214285714285714 0.019035532994923856
9 0.685 0.032994923857868015 0.02142857142857143 0.017766497461928932
9 0.6410714285714286 0.01713197969543147 0.019285714285714285 0.029187817258883246
9 0.65 0.011421319796954314 0.015714285714285715 0.02030456852791878
