4 0.5864285714285714 0.04428571428571428 0.032857142857142856 0.04476190476190476
3 0.5960714285714286 0.015238095238095238 0.02214285714285714 0.030476190476190476
3 0.6710714285714285 0.03 0.025 0.035238095238095235
4 0.6625 0.07 0.03214285714285714 0.06380952380952382
3 0.7196428571428571 0.058095238095238096 0.027857142857142858 0.04
4 0.6996428571428571 0.13714285714285715 0.03214285714285714 0.06476190476190476
4 0.8057142857142857 0.014761904761904763 0.024285714285714285 0.029523809523809525
3 0.8560714285714286 0.029523809523809525 0.025 0.03428571428571429
3 0.8142857142857143 0.05523809523809524 0.025714285714285714 0.03619047619047619
3 0.7875 0.06428571428571428 0.029285714285714286 0.039047619047619046
4 0.8264285714285714 0.07952380952380952 0.03428571428571429 0.058095238095238096
4 0.8467857142857143 0.1419047619047619 0.04071428571428572 0.05333333333333333
0 0.6717857142857143 0.1357142857142857 0.010714285714285714 0.03333333333333333
3 0.6578571428571428 0.12333333333333334 0.032857142857142856 0.05619047619047619
3 0.6539285714285714 0.16714285714285715 0.035 0.054285714285714284
3 0.6482142857142857 0.21714285714285714 0.03785714285714286 0.06666666666666667
9 0.5664285714285714 0.09619047619047619 0.027142857142857142 0.024761904761904763
0 0.5214285714285715 0.07809523809523809 0.007142857142857143 0.03238095238095238
0 0.5167857142857143 0.11238095238095239 0.0064285714285714285 0.03428571428571429
9 0.5028571428571429 0.1 0.007142857142857143 0.024761904761904763
9 0.5267857142857143 0.1919047619047619 0.012142857142857143 0.029523809523809525
9 0.5628571428571428 0.20047619047619047 0.03 0.018095238095238095
9 0.5653571428571429 0.19142857142857142 0.023571428571428573 0.02095238095238095
1 0.44357142857142856 0.14857142857142858 0.011428571428571429 0.030476190476190476
3 0.5171428571428571 0.23666666666666666 0.05142857142857143 0.05619047619047619
9 0.3982142857142857 0.29333333333333333 0.017857142857142856 0.03619047619047619
9 0.4857142857142857 0.2795238095238095 0.02142857142857143 0.04666666666666667
4 0.4714285714285714 0.3380952380952381 0.05857142857142857 0.09904761904761905
0 0.3225 0.31 0.013571428571428571 0.04476190476190476
9 0.21678571428571428 0.5352380952380953 0.047857142857142855 0.07428571428571429
0 0.2007142857142857 0.7919047619047619 0.03428571428571429 0.08095238095238096
0 0.21535714285714286 0.8223809523809524 0.03214285714285714 0.06380952380952382
0 0.17607142857142857 0.8690476190476191 0.03214285714285714 0.04666666666666667
4 0.07857142857142857 0.9161904761904762 0.15714285714285714 0.1657142857142857
3 0.24785714285714286 0.949047619047619 0.12 0.1
3 0.585 0.7414285714285714 0.08428571428571428 0.2123809523809524
4 0.9678571428571429 0.6014285714285714 0.06428571428571428 0.14761904761904762
3 0.8846428571428572 0.4847619047619048 0.07928571428571428 0.11238095238095239
3 0.945 0.45666666666666667 0.08285714285714285 0.11333333333333333
3 0.9096428571428572 0.34476190476190477 0.065 0.08190476190476191
3 0.8753571428571428 0.2480952380952381 0.05357142857142857 0.06761904761904762
3 0.8278571428571428 0.27476190476190476 0.05142857142857143 0.06761904761904762
3 0.8575 0.19333333333333333 0.045 0.05333333333333333
5 0.7725 0.26 0.04357142857142857 0.07238095238095238
4 0.6078571428571429 0.5033333333333333 0.05 0.1380952380952381
3 0.6367857142857143 0.2833333333333333 0.045 0.06571428571428571
4 0.6282142857142857 0.379047619047619 0.05357142857142857 0.08952380952380952
3 0.6825 0.31047619047619046 0.04357142857142857 0.08761904761904762
9 0.7246428571428571 0.3180952380952381 0.013571428571428571 0.045714285714285714
1 0.7239285714285715 0.3080952380952381 0.016428571428571428 0.035238095238095235
1 0.7253571428571428 0.3057142857142857 0.019285714285714285 0.049523809523809526
3 0.9064285714285715 0.01619047619047619 0.04857142857142857 0.03238095238095238
0 0.9596428571428571 0.06952380952380953 0.009285714285714286 0.022857142857142857
0 0.9789285714285715 0.07476190476190477 0.013571428571428571 0.03142857142857143
9 0.5239285714285714 0.015238095238095238 0.007857142857142858 0.02095238095238095
