3 0.24035714285714285 0.10786802030456852 0.019285714285714285 0.032994923857868015
3 0.3385714285714286 0.3610406091370558 0.02142857142857143 0.06472081218274112
3 0.32857142857142857 0.5209390862944162 0.025714285714285714 0.0748730964467005
3 0.11642857142857142 0.7246192893401014 0.047142857142857146 0.09898477157360405
3 0.25107142857142856 0.8496192893401014 0.04357142857142857 0.12055837563451775
3 0.15821428571428572 0.3661167512690355 0.027857142857142858 0.052030456852791875
3 0.19285714285714287 0.2011421319796954 0.02142857142857143 0.03680203045685279
8 0.34785714285714286 0.09517766497461928 0.025714285714285714 0.12944162436548223
4 0.32535714285714284 0.08692893401015228 0.013571428571428571 0.05456852791878172
4 0.3167857142857143 0.20241116751269034 0.02214285714285714 0.052030456852791875
0 0.3867857142857143 0.4041878172588832 0.010714285714285714 0.031725888324873094
0 0.39535714285714285 0.40164974619289334 0.010714285714285714 0.031725888324873094
4 0.7725 0.08883248730964466 0.05357142857142857 0.04568527918781726
