3 0.9500000000000001 0.8986666666666666 0.083 0.15733333333333333
3 0.83975 0.8029999999999999 0.07050000000000001 0.13266666666666665
3 0.73075 0.727 0.0805 0.14066666666666666
3 0.56 0.9416666666666667 0.098 0.11666666666666667
3 0.5745 0.6906666666666667 0.131 0.176
1 0.55475 0.7166666666666667 0.0285 0.06133333333333333
0 0.50375 0.5166666666666666 0.0145 0.04666666666666666
0 0.517 0.6216666666666667 0.017 0.05266666666666667
3 0.48225 0.5586666666666666 0.0885 0.09866666666666667
3 0.51225 0.8526666666666667 0.1265 0.17466666666666666
1 0.49475 0.8069999999999999 0.0275 0.048666666666666664
4 0.4565 0.7546666666666666 0.111 0.14933333333333332
3 0.36225 0.8663333333333333 0.1165 0.19
0 0.3885 0.7816666666666666 0.019 0.06866666666666667
1 0.31075 0.8733333333333333 0.035500000000000004 0.04666666666666666
3 0.14400000000000002 0.9366666666666666 0.096 0.124
3 0.125 0.8086666666666666 0.088 0.156
3 0.11800000000000001 0.6563333333333333 0.067 0.118
3 0.0965 0.5469999999999999 0.057 0.08866666666666666
3 0.17550000000000002 0.46066666666666667 0.074 0.06
3 0.08325 0.451 0.0475 0.06466666666666666
3 0.069 0.3733333333333333 0.037 0.04133333333333333
3 0.06825 0.33766666666666667 0.0335 0.04066666666666666
3 0.06225 0.284 0.0315 0.04
2 0.01425 0.31766666666666665 0.0105 0.022
3 0.31075 0.5583333333333333 0.0855 0.08333333333333333
3 0.30825 0.5026666666666666 0.0885 0.08133333333333333
3 0.29175 0.4696666666666667 0.0775 0.056666666666666664
3 0.23725000000000002 0.3923333333333333 0.0785 0.051333333333333335
3 0.25825 0.33899999999999997 0.0645 0.038
3 0.267 0.311 0.043000000000000003 0.038
3 0.29175 0.31966666666666665 0.0105 0.033999999999999996
3 0.29525 0.27566666666666667 0.0095 0.028666666666666667
4 0.2455 0.2876666666666667 0.053 0.038
2 0.24 0.25966666666666666 0.02 0.018
2 0.27675 0.25366666666666665 0.0175 0.015333333333333332
5 0.33825 0.2896666666666667 0.0525 0.041999999999999996
3 0.3355 0.3393333333333333 0.074 0.036
3 0.354 0.35 0.07100000000000001 0.04
3 0.3255 0.39166666666666666 0.057 0.05266666666666667
3 0.3685 0.42866666666666664 0.059000000000000004 0.058666666666666666
3 0.44625000000000004 0.42066666666666663 0.0835 0.04666666666666666
3 0.41875 0.482 0.07150000000000001 0.07333333333333333
3 0.1635 0.2826666666666667 0.03 0.03333333333333333
3 0.15225 0.265 0.0275 0.03133333333333333
3 0.1375 0.239 0.024 0.024666666666666667
3 0.13 0.22233333333333333 0.022 0.024666666666666667
3 0.05275 0.25766666666666665 0.0265 0.03
3 0.053 0.23866666666666667 0.023 0.024
3 0.05 0.22333333333333333 0.022 0.026666666666666665
3 0.053 0.20866666666666667 0.026000000000000002 0.029333333333333333
3 0.0475 0.186 0.019 0.021333333333333333
3 0.04225 0.17166666666666666 0.0175 0.016666666666666666
3 0.04025 0.16333333333333333 0.0145 0.013333333333333332
3 0.04025 0.156 0.0155 0.013333333333333332
3 0.094 0.15266666666666667 0.016 0.014666666666666666
3 0.108 0.17266666666666666 0.018000000000000002 0.017333333333333333
0 0.074 0.21233333333333332 0.009000000000000001 0.024666666666666667
0 0.08475 0.21166666666666667 0.0075 0.02333333333333333
2 0.14150000000000001 0.195 0.007 0.016666666666666666
3 0.19725 0.17733333333333332 0.0345 0.02
3 0.0795 0.12133333333333333 0.011 0.010666666666666666
3 0.07025 0.10133333333333333 0.0095 0.009333333333333332
3 0.073 0.093 0.009000000000000001 0.008666666666666666
9 0.03825 0.10266666666666667 0.0035 0.006666666666666666
1 0.038 0.09999999999999999 0.003 0.006666666666666666
3 0.41100000000000003 0.7003333333333334 0.114 0.122
