3 0.47900000000000004 0.4653333333333333 0.064 0.13333333333333333
3 0.34375 0.31033333333333335 0.0535 0.08466666666666667
4 0.45375 0.314 0.0465 0.09466666666666666
3 0.42225 0.27499999999999997 0.0655 0.046
4 0.41600000000000004 0.21766666666666665 0.025 0.054
4 0.77525 0.2876666666666667 0.0795 0.07666666666666666
4 0.9187500000000001 0.26166666666666666 0.08750000000000001 0.06733333333333333
4 0.93975 0.24966666666666665 0.0785 0.06866666666666667
4 0.89575 0.22599999999999998 0.0655 0.04933333333333333
3 0.203 0.15566666666666665 0.029 0.024666666666666667
3 0.21725 0.14133333333333334 0.0275 0.028
3 0.23550000000000001 0.12866666666666665 0.024 0.021333333333333333
3 0.249 0.11299999999999999 0.022 0.024666666666666667
4 0.258 0.10333333333333333 0.017 0.022666666666666665
4 0.165 0.13766666666666666 0.024 0.03
3 0.1645 0.16699999999999998 0.045 0.028666666666666667
3 0.15525 0.15133333333333332 0.0285 0.024
3 0.267 0.09866666666666667 0.018000000000000002 0.017333333333333333
3 0.23225 0.17233333333333334 0.0235 0.03666666666666667
3 0.27475 0.09033333333333333 0.0165 0.019333333333333334
3 0.28200000000000003 0.08433333333333333 0.015 0.015333333333333332
4 0.2965 0.12333333333333332 0.021 0.024
4 0.27375 0.14433333333333334 0.0235 0.026
3 0.25 0.19433333333333333 0.044 0.03666666666666667
4 0.258 0.219 0.046 0.04466666666666667
0 0.228 0.22666666666666666 0.007 0.021333333333333333
0 0.22225 0.22 0.0105 0.03333333333333333
0 0.196 0.22599999999999998 0.012 0.030666666666666665
0 0.3245 0.239 0.011 0.033999999999999996
0 0.339 0.225 0.011 0.033999999999999996
0 0.34925 0.22766666666666666 0.0095 0.02733333333333333
0 0.23475000000000001 0.26766666666666666 0.0185 0.028666666666666667
1 0.231 0.285 0.015 0.03
0 0.49725 0.2806666666666667 0.0115 0.044
0 0.4635 0.243 0.011 0.03933333333333333
0 0.373 0.2373333333333333 0.01 0.034666666666666665
0 0.3715 0.325 0.012 0.054
0 0.38275000000000003 0.22899999999999998 0.0115 0.035333333333333335
0 0.362 0.19999999999999998 0.007 0.030666666666666665
0 0.36675 0.20066666666666666 0.0055 0.025333333333333333
0 0.3695 0.194 0.007 0.030666666666666665
9 0.368 0.23933333333333331 0.026000000000000002 0.02
1 0.38525 0.192 0.0095 0.021333333333333333
1 0.39525 0.18933333333333333 0.0095 0.017333333333333333
0 0.40625 0.23333333333333334 0.0075 0.03866666666666667
0 0.38175000000000003 0.3193333333333333 0.0115 0.048
0 0.3935 0.321 0.01 0.035333333333333335
0 0.39975 0.317 0.0135 0.04733333333333333
0 0.41400000000000003 0.31066666666666665 0.011 0.048
0 0.432 0.244 0.008 0.028
0 0.43425 0.22566666666666665 0.0085 0.03133333333333333
0 0.441 0.23933333333333331 0.008 0.03333333333333333
0 0.4475 0.246 0.009000000000000001 0.036
0 0.45925 0.224 0.0105 0.03333333333333333
1 0.4445 0.23266666666666666 0.008 0.024
0 0.47775 0.2383333333333333 0.0105 0.033999999999999996
9 0.47850000000000004 0.244 0.027 0.024
1 0.47950000000000004 0.22899999999999998 0.01 0.022
0 0.515 0.28833333333333333 0.01 0.046
0 0.50425 0.22266666666666665 0.0095 0.028
0 0.50625 0.23033333333333333 0.0095 0.022
0 0.54025 0.22699999999999998 0.0085 0.028666666666666667
0 0.5635 0.22266666666666665 0.007 0.030666666666666665
0 0.55675 0.22633333333333333 0.0085 0.02733333333333333
0 0.52125 0.22366666666666665 0.0055 0.03
0 0.5185 0.22433333333333333 0.007 0.02733333333333333
0 0.51475 0.23166666666666666 0.006500000000000001 0.033999999999999996
0 0.299 0.4033333333333333 0.013000000000000001 0.05333333333333333
9 0.3295 0.4036666666666667 0.03 0.04066666666666666
0 0.33225 0.39266666666666666 0.0175 0.05466666666666666
0 0.3885 0.5346666666666666 0.028 0.072
0 0.4305 0.4953333333333333 0.018000000000000002 0.06666666666666667
0 0.4435 0.571 0.021 0.06066666666666667
0 0.5775 0.489 0.021 0.062
0 0.29075 0.5966666666666667 0.025500000000000002 0.06666666666666667
0 0.30725 0.939 0.0395 0.10733333333333334
0 0.46975 0.9026666666666666 0.0445 0.06799999999999999
9 0.46825 0.9223333333333333 0.0425 0.142
9 0.521 0.711 0.067 0.07533333333333334
0 0.57325 0.595 0.0345 0.06733333333333333
0 0.596 0.586 0.016 0.04933333333333333
2 0.5730000000000001 0.612 0.057 0.05733333333333333
0 0.618 0.5599999999999999 0.029 0.076
9 0.6185 0.567 0.056 0.049999999999999996
0 0.52725 0.45466666666666666 0.025500000000000002 0.06133333333333333
9 0.5275 0.46366666666666667 0.025 0.056666666666666664
0 0.5347500000000001 0.42133333333333334 0.0155 0.064
0 0.5945 0.4766666666666666 0.021 0.06133333333333333
0 0.71625 0.4653333333333333 0.0195 0.056
0 0.74425 0.46366666666666667 0.025500000000000002 0.06466666666666666
0 0.77825 0.495 0.0185 0.062
0 0.7885 0.5193333333333333 0.017 0.05466666666666666
0 0.76225 0.5116666666666666 0.0135 0.028666666666666667
0 0.72075 0.20666666666666667 0.006500000000000001 0.028
0 0.736 0.212 0.008 0.022666666666666665
0 0.74725 0.21366666666666667 0.0075 0.02333333333333333
0 0.77825 0.20766666666666667 0.0125 0.03266666666666666
4 0.649 0.291 0.08700000000000001 0.054
2 0.84475 0.16333333333333333 0.0205 0.018666666666666665
0 0.85875 0.18866666666666665 0.0105 0.034666666666666665
0 0.95675 0.19 0.0105 0.03333333333333333
0 0.926 0.19766666666666666 0.015 0.035333333333333335
0 0.90475 0.19733333333333333 0.0115 0.03333333333333333
0 0.836 0.207 0.012 0.03
0 0.8425 0.20966666666666667 0.01 0.03
0 0.8355 0.2063333333333333 0.012 0.03
0 0.842 0.19699999999999998 0.011 0.026
1 0.88075 0.19999999999999998 0.0135 0.022666666666666665
6 0.8755000000000001 0.20333333333333334 0.026000000000000002 0.028
4 0.9005 0.181 0.06 0.043333333333333335
1 0.913 0.19699999999999998 0.012 0.020666666666666667
9 0.8160000000000001 0.16599999999999998 0.016 0.022666666666666665
1 0.81825 0.159 0.0105 0.024666666666666667
1 0.8615 0.27666666666666667 0.011 0.028
4 0.533 0.21066666666666667 0.036000000000000004 0.04666666666666666
4 0.52075 0.18633333333333332 0.029500000000000002 0.04466666666666667
4 0.52025 0.18566666666666667 0.029500000000000002 0.04466666666666667
5 0.47775 0.18066666666666667 0.0825 0.044
9 0.47575 0.16366666666666665 0.0105 0.026
0 0.29125 0.29333333333333333 0.0165 0.042666666666666665
0 0.26525 0.4093333333333333 0.021500000000000002 0.04666666666666666
0 0.256 0.41733333333333333 0.021 0.05733333333333333
0 0.256 0.46266666666666667 0.03 0.050666666666666665
0 0.24775 0.581 0.0265 0.07533333333333334
0 0.14575 0.618 0.0365 0.072
0 0.053 0.7073333333333333 0.063 0.08133333333333333
0 0.151 0.8089999999999999 0.048 0.07533333333333334
0 0.197 0.6523333333333333 0.035 0.062
9 0.20625000000000002 0.662 0.0675 0.05733333333333333
9 0.06975 0.6246666666666666 0.0605 0.048
0 0.06625 0.6106666666666667 0.0335 0.06133333333333333
9 0.12075 0.9003333333333333 0.1085 0.102
0 0.1155 0.9 0.06 0.09466666666666666
3 0.5565 0.041666666666666664 0.018000000000000002 0.01
3 0.5485 0.03766666666666667 0.018000000000000002 0.01
3 0.48075 0.049666666666666665 0.0175 0.01
3 0.50825 0.04933333333333333 0.021500000000000002 0.009333333333333332
3 0.543 0.034666666666666665 0.016 0.010666666666666666
3 0.536 0.03166666666666666 0.016 0.01
3 0.5395 0.03333333333333333 0.016 0.010666666666666666
5 0.52825 0.027 0.0185 0.012666666666666666
5 0.52275 0.02333333333333333 0.021500000000000002 0.012
3 0.50725 0.027666666666666666 0.0075 0.007333333333333333
3 0.47800000000000004 0.047 0.018000000000000002 0.011333333333333332
3 0.47100000000000003 0.044 0.015 0.009333333333333332
3 0.468 0.04066666666666666 0.015 0.009333333333333332
3 0.465 0.034999999999999996 0.016 0.01
3 0.46175 0.033 0.0165 0.01
3 0.46 0.029666666666666664 0.016 0.01
3 0.41925 0.056999999999999995 0.0195 0.011333333333333332
5 0.49625 0.03333333333333333 0.0235 0.013333333333333332
5 0.4985 0.041666666666666664 0.023 0.016666666666666666
4 0.48775 0.03333333333333333 0.0195 0.010666666666666666
4 0.47875 0.02733333333333333 0.0195 0.010666666666666666
0 0.18 0.5886666666666667 0.045 0.07066666666666667
0 0.14075000000000001 0.6003333333333333 0.0345 0.05933333333333333
9 0.86425 0.29333333333333333 0.0375 0.03733333333333333
