3 0.27535714285714286 0.026666666666666665 0.04214285714285714 0.05142857142857143
4 0.33035714285714285 0.03666666666666667 0.03642857142857143 0.07333333333333333
3 0.2617857142857143 0.12095238095238095 0.04642857142857143 0.09333333333333334
4 0.31535714285714284 0.12095238095238095 0.03785714285714286 0.09333333333333334
0 0.4610714285714286 0.043333333333333335 0.012142857142857143 0.03333333333333333
0 0.46964285714285714 0.04285714285714286 0.007857142857142858 0.03428571428571429
0 0.5525 0.2138095238095238 0.010714285714285714 0.035238095238095235
0 0.49892857142857144 0.2280952380952381 0.009285714285714286 0.040952380952380955
0 0.5767857142857142 0.26142857142857145 0.010714285714285714 0.03333333333333333
0 0.4878571428571429 0.36333333333333334 0.014285714285714285 0.03333333333333333
0 0.5532142857142857 0.4023809523809524 0.010714285714285714 0.037142857142857144
3 0.5075 0.3485714285714286 0.07928571428571428 0.09523809523809523
3 0.4442857142857143 0.24476190476190476 0.03571428571428571 0.07238095238095238
7 0.08857142857142856 0.9319047619047619 0.07428571428571429 0.12666666666666668
7 0.11785714285714285 0.7223809523809523 0.08571428571428572 0.1438095238095238
6 0.5653571428571429 0.8061904761904762 0.07214285714285715 0.11142857142857143
6 0.5592857142857143 0.9519047619047619 0.04 0.09619047619047619
0 0.6589285714285714 0.9328571428571428 0.016428571428571428 0.02761904761904762
0 0.6192857142857143 0.9104761904761904 0.018571428571428572 0.030476190476190476
3 0.6396428571428572 0.6195238095238095 0.11642857142857142 0.1
0 0.8335714285714285 0.6814285714285714 0.018571428571428572 0.021904761904761906
0 0.8710714285714286 0.7428571428571429 0.029285714285714286 0.03238095238095238
1 0.9264285714285714 0.719047619047619 0.024285714285714285 0.03619047619047619
9 0.9189285714285714 0.2652380952380952 0.030714285714285715 0.029523809523809525
0 0.9410714285714286 0.2976190476190476 0.020714285714285713 0.023809523809523808
9 0.8832142857142857 0.2947619047619048 0.017857142857142856 0.04285714285714286
9 0.8746428571428572 0.24857142857142858 0.017857142857142856 0.0419047619047619
9 0.8475 0.3438095238095238 0.017857142857142856 0.04
9 0.8203571428571429 0.32285714285714284 0.012142857142857143 0.049523809523809526
2 0.7735714285714286 0.2957142857142857 0.01 0.039047619047619046
1 0.7846428571428572 0.2695238095238095 0.010714285714285714 0.022857142857142857
0 0.8535714285714285 0.26 0.015714285714285715 0.03428571428571429
0 0.8360714285714286 0.23666666666666666 0.016428571428571428 0.039047619047619046
0 0.8425 0.2361904761904762 0.019285714285714285 0.03428571428571429
