4 0.05071428571428571 0.3628571428571429 0.08142857142857143 0.049523809523809526
3 0.21642857142857141 0.37523809523809526 0.08142857142857143 0.047619047619047616
5 0.36892857142857144 0.37047619047619046 0.10071428571428571 0.06857142857142857
5 0.18464285714285714 0.4847619047619048 0.11357142857142857 0.06095238095238095
3 0.04 0.6823809523809524 0.08 0.04857142857142857
3 0.3196428571428571 0.8133333333333334 0.075 0.10476190476190476
3 0.1407142857142857 0.7671428571428571 0.05 0.11523809523809524
3 0.09035714285714286 0.7742857142857142 0.05071428571428571 0.11619047619047619
9 0.05892857142857143 0.4123809523809524 0.030714285714285715 0.02095238095238095
1 0.05142857142857143 0.41095238095238096 0.011428571428571429 0.01619047619047619
1 0.062142857142857146 0.41285714285714287 0.011428571428571429 0.02
9 0.25 0.42523809523809525 0.03571428571428571 0.02
1 0.24678571428571427 0.4228571428571429 0.013571428571428571 0.017142857142857144
3 0.4114285714285714 0.4504761904761905 0.07428571428571429 0.04
3 0.17035714285714285 0.5580952380952381 0.08214285714285714 0.047619047619047616
3 0.33107142857142857 0.6266666666666667 0.08785714285714286 0.049523809523809526
3 0.445 0.5633333333333334 0.08285714285714285 0.04857142857142857
9 0.24357142857142858 0.6242857142857143 0.03571428571428571 0.014285714285714285
1 0.24071428571428571 0.6223809523809524 0.015714285714285715 0.018095238095238095
6 0.19214285714285714 0.7176190476190476 0.04428571428571428 0.07714285714285714
6 0.425 0.709047619047619 0.054285714285714284 0.04285714285714286
6 0.4928571428571429 0.7304761904761905 0.04428571428571428 0.04380952380952381
6 0.5485714285714286 0.6561904761904762 0.055714285714285716 0.0380952380952381
2 0.6132142857142857 0.11952380952380952 0.009285714285714286 0.035238095238095235
1 0.6128571428571429 0.11523809523809524 0.008571428571428572 0.024761904761904763
1 0.6203571428571428 0.32476190476190475 0.012142857142857143 0.01904761904761905
9 0.6189285714285714 0.3280952380952381 0.010714285714285714 0.04285714285714286
4 0.6392857142857142 0.1295238095238095 0.02857142857142857 0.08571428571428572
1 0.7842857142857143 0.22428571428571428 0.01 0.02
3 0.7857142857142857 0.3333333333333333 0.07142857142857142 0.06666666666666667
3 0.6167857142857143 0.47 0.075 0.04666666666666667
3 0.6678571428571428 0.5671428571428572 0.08142857142857143 0.05047619047619047
3 0.965 0.3961904761904762 0.07 0.045714285714285714
4 0.9739285714285715 0.5447619047619048 0.052142857142857144 0.0380952380952381
4 0.8978571428571429 0.4519047619047619 0.07285714285714286 0.040952380952380955
3 0.8896428571428572 0.6276190476190476 0.08071428571428571 0.04380952380952381
3 0.8025 0.6995238095238095 0.075 0.08666666666666667
4 0.6453571428571429 0.900952380952381 0.04071428571428572 0.10666666666666666
3 0.7175 0.981904761904762 0.03642857142857143 0.03428571428571429
0 0.9557142857142857 0.7457142857142857 0.02142857142857143 0.017142857142857144
0 0.9282142857142857 0.8095238095238095 0.023571428571428573 0.015238095238095238
0 0.8789285714285714 0.7471428571428571 0.019285714285714285 0.018095238095238095
1 0.7417857142857143 0.8185714285714286 0.019285714285714285 0.014285714285714285
2 0.6607142857142857 0.8266666666666667 0.02 0.0380952380952381
9 0.7421428571428571 0.8176190476190476 0.018571428571428572 0.039047619047619046
9 0.6171428571428571 0.7385714285714285 0.037142857142857144 0.02761904761904762
9 0.5257142857142857 0.9247619047619048 0.018571428571428572 0.05142857142857143
9 0.48392857142857143 0.9180952380952381 0.015 0.045714285714285714
9 0.415 0.9347619047619048 0.03142857142857143 0.03142857142857143
9 0.44857142857142857 0.919047619047619 0.017142857142857144 0.04
9 0.4689285714285714 0.9323809523809524 0.009285714285714286 0.0419047619047619
0 0.475 0.9742857142857143 0.011428571428571429 0.017142857142857144
1 0.5532142857142857 0.9585714285714285 0.013571428571428571 0.021904761904761906
0 0.43142857142857144 0.8871428571428571 0.012857142857142857 0.014285714285714285
1 0.6175 0.741904761904762 0.015 0.01904761904761905
1 0.6639285714285714 0.8247619047619048 0.016428571428571428 0.01904761904761905
0 0.7528571428571429 0.6971428571428572 0.018571428571428572 0.015238095238095238
0 0.6389285714285714 0.7895238095238095 0.013571428571428571 0.013333333333333332
0 0.6221428571428571 0.8166666666666667 0.01 0.014285714285714285
0 0.6103571428571428 0.8504761904761905 0.013571428571428571 0.02095238095238095
