3 0.4219728601252609 0.8464749536178108 0.06106471816283924 0.09369202226345083
3 0.4872129436325678 0.6985157699443414 0.05793319415448851 0.09090909090909091
1 0.4634655532359081 0.6182745825602969 0.009394572025052192 0.0176252319109462
1 0.4723382045929018 0.5987940630797773 0.009394572025052192 0.0176252319109462
1 0.4830375782881002 0.602504638218924 0.0057411273486430055 0.02319109461966605
1 0.4832985386221294 0.599721706864564 0.0041753653444676405 0.012059369202226345
9 0.49138830897703545 0.6201298701298701 0.01826722338204593 0.026901669758812616
3 0.5501043841336116 0.5468460111317254 0.050104384133611686 0.07328385899814471
3 0.6302192066805845 0.42439703153988867 0.04540709812108559 0.06586270871985157
3 0.6550104384133612 0.3780148423005566 0.04070981210855949 0.0640074211502783
3 0.6677974947807932 0.35760667903525045 0.04227557411273486 0.05844155844155844
3 0.7019832985386221 0.3014842300556586 0.04697286012526095 0.055658627087198514
3 0.7192066805845511 0.2755102040816327 0.038622129436325675 0.055658627087198514
3 0.7288622129436325 0.25463821892393323 0.04018789144050104 0.04730983302411874
3 0.7416492693110647 0.2365491651205937 0.038622129436325675 0.04823747680890538
3 0.7479123173277661 0.21567717996289426 0.039665970772442584 0.049165120593692026
3 0.7930584551148224 0.16465677179962895 0.03705636743215031 0.043599257884972174
3 0.8071503131524007 0.1261595547309833 0.03914405010438413 0.0463821892393321
3 0.8183716075156575 0.11178107606679036 0.038622129436325675 0.041743970315398886
9 0.8165448851774529 0.08024118738404452 0.016179540709812108 0.01948051948051948
1 0.8162839248434237 0.07328385899814471 0.0073068893528183704 0.014842300556586271
3 0.8337682672233819 0.07792207792207792 0.03392484342379958 0.03896103896103896
3 0.8564718162839248 0.03803339517625232 0.03549060542797494 0.0352504638218924
5 0.8995302713987473 0.0950834879406308 0.04018789144050104 0.075139146567718
