5 0.8436847599164926 0.47263450834879406 0.02974947807933194 0.06586270871985157
3 0.7100730688935281 0.46938775510204084 0.03810020876826722 0.03710575139146568
3 0.7275574112734864 0.4290352504638219 0.03549060542797494 0.030612244897959183
3 0.792536534446764 0.32792207792207795 0.03079331941544885 0.0287569573283859
3 0.6719728601252609 0.40862708719851576 0.03392484342379958 0.03432282003710575
3 0.6951983298538621 0.37569573283859 0.03444676409185803 0.029684601113172542
3 0.6787578288100208 0.3395176252319109 0.03183716075156576 0.029684601113172542
3 0.6440501043841336 0.3692022263450835 0.033402922755741124 0.029684601113172542
3 0.7526096033402923 0.27040816326530615 0.029227557411273482 0.02504638218923933
5 0.7961899791231732 0.21057513914656772 0.04958246346555323 0.0352504638218924
3 0.8066283924843423 0.19109461966604824 0.022442588726513567 0.01855287569573284
3 0.830375782881002 0.1303339517625232 0.022964509394572022 0.0176252319109462
3 0.8121085594989561 0.1150278293135436 0.021920668058455113 0.016697588126159554
3 0.9013569937369519 0.0862708719851577 0.026096033402922752 0.016697588126159554
3 0.8995302713987473 0.05473098330241188 0.02453027139874739 0.02411873840445269
3 0.8961377870563674 0.012987012987012988 0.018789144050104383 0.014842300556586271
3 0.5628914405010438 0.37430426716141 0.03392484342379958 0.0287569573283859
3 0.6038622129436325 0.5106679035250464 0.038622129436325675 0.036178107606679034
3 0.6169102296450939 0.5338589981447125 0.04070981210855949 0.03246753246753247
4 0.6304801670146137 0.5589053803339518 0.03549060542797494 0.041743970315398886
3 0.6367432150313151 0.6233766233766234 0.044885177453027135 0.03896103896103896
3 0.5576722338204593 0.724025974025974 0.04853862212943632 0.045454545454545456
3 0.5292275574112735 0.5950834879406308 0.04279749478079332 0.03803339517625232
9 0.512787056367432 0.38543599257884975 0.013048016701461376 0.021335807050092765
1 0.5151356993736952 0.3784786641929499 0.005219206680584551 0.016697588126159554
3 0.14535490605427973 0.043599257884972174 0.023486430062630476 0.016697588126159554
3 0.2463465553235908 0.05241187384044527 0.011482254697286011 0.02504638218923933
