3 0.6764285714285714 0.6152380952380953 0.11 0.15428571428571428
3 0.6257142857142857 0.4766666666666667 0.11285714285714285 0.09619047619047619
3 0.8789285714285714 0.6085714285714285 0.12928571428571428 0.14666666666666667
3 0.8757142857142857 0.8247619047619048 0.16714285714285715 0.21904761904761905
3 0.5482142857142858 0.4238095238095238 0.12071428571428572 0.0761904761904762
3 0.5117857142857143 0.32476190476190475 0.10071428571428571 0.07428571428571429
3 0.2621428571428571 0.1438095238095238 0.06714285714285714 0.06857142857142857
3 0.22392857142857142 0.08095238095238096 0.07071428571428572 0.047619047619047616
3 0.05178571428571429 0.08238095238095237 0.07785714285714286 0.04476190476190476
6 0.5760714285714286 0.6328571428571429 0.065 0.12285714285714286
3 0.8310714285714286 0.08714285714285715 0.06928571428571428 0.04476190476190476
3 0.9039285714285714 0.06428571428571428 0.06928571428571428 0.05238095238095238
3 0.8517857142857143 0.03571428571428571 0.060714285714285714 0.037142857142857144
3 0.9096428571428572 0.13952380952380952 0.055 0.06571428571428571
4 0.96 0.12047619047619047 0.06857142857142857 0.06380952380952382
3 0.9621428571428572 0.04619047619047619 0.055714285714285716 0.04285714285714286
0 0.7032142857142857 0.20523809523809525 0.012142857142857143 0.040952380952380955
0 0.7117857142857142 0.20142857142857143 0.015 0.040952380952380955
0 0.8142857142857143 0.2280952380952381 0.018571428571428572 0.04666666666666667
0 0.8185714285714286 0.30952380952380953 0.017142857142857144 0.045714285714285714
0 0.8403571428571428 0.3223809523809524 0.019285714285714285 0.05047619047619047
0 0.7910714285714285 0.39095238095238094 0.017857142857142856 0.05047619047619047
0 0.9567857142857142 0.5147619047619048 0.030714285714285715 0.06
1 0.7389285714285714 0.40476190476190477 0.023571428571428573 0.0419047619047619
1 0.6321428571428571 0.2557142857142857 0.017142857142857144 0.029523809523809525
0 0.6535714285714286 0.3057142857142857 0.014285714285714285 0.049523809523809526
0 0.6042857142857143 0.29904761904761906 0.012857142857142857 0.04380952380952381
9 0.5253571428571429 0.2661904761904762 0.03642857142857143 0.03333333333333333
2 0.8114285714285714 0.28523809523809524 0.037142857142857144 0.03333333333333333
1 0.6725 0.13523809523809524 0.013571428571428571 0.026666666666666665
2 0.05357142857142857 0.041428571428571426 0.03142857142857143 0.023809523809523808
1 0.046785714285714285 0.030952380952380953 0.013571428571428571 0.02761904761904762
3 0.45285714285714285 0.01380952380952381 0.06 0.02761904761904762
3 0.5664285714285714 0.011428571428571429 0.05857142857142857 0.022857142857142857
1 0.7114285714285714 0.15333333333333332 0.012857142857142857 0.01904761904761905
9 0.8014285714285714 0.17666666666666667 0.02 0.040952380952380955
0 0.8428571428571429 0.10523809523809524 0.014285714285714285 0.039047619047619046
0 0.9517857142857142 0.2804761904761905 0.015 0.04476190476190476
0 0.915 0.29714285714285715 0.02 0.04
3 0.9525 0.013333333333333332 0.056428571428571425 0.026666666666666665
6 0.8678571428571429 0.14857142857142858 0.015714285714285715 0.04
0 0.7246428571428571 0.47714285714285715 0.02642857142857143 0.05904761904761905
3 0.845 0.9557142857142857 0.11428571428571428 0.08285714285714285
3 0.9742857142857143 0.8019047619047619 0.05142857142857143 0.16
6 0.6978571428571428 0.4104761904761905 0.054285714285714284 0.047619047619047616
