5 0.27714285714285714 0.9457142857142857 0.08714285714285715 0.10857142857142857
3 0.3975 0.7771428571428571 0.03785714285714286 0.09523809523809523
3 0.42964285714285716 0.6161904761904762 0.023571428571428573 0.045714285714285714
3 0.525 0.4580952380952381 0.02 0.02857142857142857
3 0.4232142857142857 0.46095238095238095 0.016428571428571428 0.017142857142857144
0 0.42214285714285715 0.4504761904761905 0.005714285714285714 0.005714285714285714
0 0.4185714285714286 0.45666666666666667 0.004285714285714286 0.006666666666666666
3 0.46035714285714285 0.3919047619047619 0.0064285714285714285 0.008571428571428572
0 0.4496428571428571 0.38142857142857145 0.0035714285714285713 0.006666666666666666
0 0.5035714285714286 0.3538095238095238 0.005714285714285714 0.008571428571428572
0 0.49607142857142855 0.3385714285714286 0.0035714285714285713 0.006666666666666666
3 0.45714285714285713 0.3823809523809524 0.005714285714285714 0.008571428571428572
3 0.4714285714285714 0.35619047619047617 0.004285714285714286 0.005714285714285714
3 0.5232142857142857 0.34809523809523807 0.009285714285714286 0.014285714285714285
4 0.49892857142857144 0.32761904761904764 0.005 0.007619047619047619
3 0.5067857142857143 0.3061904761904762 0.005 0.006666666666666666
3 0.4975 0.3180952380952381 0.0035714285714285713 0.0038095238095238095
5 0.4967857142857143 0.31523809523809526 0.007857142857142858 0.009523809523809525
3 0.48 0.33476190476190476 0.005714285714285714 0.006666666666666666
3 0.46785714285714286 0.3466666666666667 0.004285714285714286 0.005714285714285714
3 0.5096428571428572 0.2976190476190476 0.0035714285714285713 0.004761904761904762
3 0.5057142857142857 0.29904761904761906 0.002857142857142857 0.0038095238095238095
4 0.5017857142857143 0.30714285714285716 0.0035714285714285713 0.004761904761904762
0 0.5371428571428571 0.2795238095238095 0.002857142857142857 0.004761904761904762
0 0.5314285714285715 0.2761904761904762 0.002857142857142857 0.0038095238095238095
0 0.5589285714285714 0.28809523809523807 0.005 0.004761904761904762
0 0.6917857142857143 0.15333333333333332 0.005 0.007619047619047619
0 0.6832142857142857 0.15857142857142856 0.005 0.010476190476190476
0 0.6785714285714286 0.16476190476190475 0.004285714285714286 0.009523809523809525
3 0.7428571428571429 0.11285714285714285 0.027142857142857142 0.029523809523809525
3 0.7025 0.17047619047619048 0.025 0.030476190476190476
3 0.7357142857142858 0.1180952380952381 0.02142857142857143 0.022857142857142857
3 0.7289285714285715 0.1219047619047619 0.020714285714285713 0.024761904761904763
3 0.7225 0.1261904761904762 0.020714285714285713 0.025714285714285714
3 0.71 0.13333333333333333 0.02 0.026666666666666665
3 0.7078571428571429 0.13476190476190475 0.018571428571428572 0.018095238095238095
4 0.6925 0.1457142857142857 0.02214285714285714 0.026666666666666665
3 0.6864285714285714 0.15 0.018571428571428572 0.023809523809523808
3 0.6814285714285714 0.15142857142857144 0.02 0.026666666666666665
3 0.6910714285714286 0.17809523809523808 0.02214285714285714 0.024761904761904763
3 0.6857142857142857 0.18 0.018571428571428572 0.02857142857142857
3 0.6817857142857143 0.18095238095238095 0.019285714285714285 0.02857142857142857
3 0.6792857142857143 0.17904761904761904 0.018571428571428572 0.02857142857142857
3 0.6735714285714286 0.18571428571428572 0.017142857142857144 0.02095238095238095
3 0.6689285714285714 0.18761904761904763 0.017857142857142856 0.022857142857142857
3 0.6639285714285714 0.19142857142857142 0.017857142857142856 0.022857142857142857
3 0.6567857142857143 0.19333333333333333 0.017857142857142856 0.022857142857142857
3 0.6517857142857143 0.1961904761904762 0.017857142857142856 0.022857142857142857
3 0.6482142857142857 0.19714285714285715 0.017857142857142856 0.022857142857142857
3 0.6453571428571429 0.1980952380952381 0.017857142857142856 0.022857142857142857
3 0.825 0.06 0.037142857142857144 0.03619047619047619
3 0.7975 0.07904761904761905 0.03214285714285714 0.03619047619047619
