3 0.6671428571428571 0.9815989847715735 0.018571428571428572 0.03426395939086294
8 0.7110714285714286 0.9035532994923857 0.02214285714285714 0.05837563451776649
3 0.705 0.7741116751269035 0.024285714285714285 0.048223350253807105
3 0.7557142857142857 0.6681472081218274 0.02857142857142857 0.04441624365482233
3 0.7807142857142857 0.581218274111675 0.02 0.055837563451776644
3 0.8132142857142857 0.5520304568527918 0.020714285714285713 0.050761421319796954
3 0.8235714285714286 0.49809644670050757 0.02 0.05710659898477157
3 0.8025 0.48667512690355325 0.017857142857142856 0.049492385786802026
3 0.7657142857142857 0.5126903553299492 0.018571428571428572 0.048223350253807105
5 0.7532142857142857 0.5881979695431472 0.03642857142857143 0.10786802030456852
3 0.8321428571428572 0.4441624365482233 0.014285714285714285 0.048223350253807105
3 0.8117857142857143 0.3965736040609137 0.019285714285714285 0.052030456852791875
3 0.8389285714285715 0.38705583756345174 0.016428571428571428 0.053299492385786795
3 0.8435714285714285 0.3362944162436548 0.015714285714285715 0.04568527918781726
3 0.8485714285714285 0.28870558375634514 0.015714285714285715 0.049492385786802026
4 0.8528571428571429 0.23413705583756345 0.017142857142857144 0.049492385786802026
3 0.81 0.23032994923857866 0.012857142857142857 0.04187817258883248
3 0.8092857142857143 0.17956852791878172 0.014285714285714285 0.04695431472081218
3 0.8564285714285714 0.18591370558375633 0.015714285714285715 0.04695431472081218
3 0.8721428571428571 0.022208121827411165 0.014285714285714285 0.04441624365482233
0 0.8857142857142857 0.16560913705583755 0.01 0.016497461928934008
3 0.925 0.13261421319796954 0.027142857142857142 0.026649746192893398
3 0.6707142857142857 0.6941624365482233 0.03 0.03045685279187817
3 0.6278571428571429 0.7112944162436547 0.02857142857142857 0.03426395939086294
3 0.56 0.6795685279187816 0.03142857142857143 0.031725888324873094
3 0.45321428571428574 0.6681472081218274 0.03214285714285714 0.031725888324873094
3 0.5135714285714286 0.6167512690355329 0.02857142857142857 0.027918781725888322
8 0.3582142857142857 0.6161167512690355 0.039285714285714285 0.03934010152284264
5 0.26071428571428573 0.5012690355329948 0.045714285714285714 0.04314720812182741
5 0.18607142857142858 0.46510152284263956 0.047857142857142855 0.04695431472081218
5 0.09642857142857143 0.416243654822335 0.06857142857142857 0.05837563451776649
3 0.05142857142857143 0.5006345177664975 0.02857142857142857 0.029187817258883246
