3 0.9561586638830897 0.5315398886827458 0.032359081419624215 0.0686456400742115
3 0.8207202505219205 0.161873840445269 0.03810020876826722 0.03432282003710575
3 0.441544885177453 0.6419294990723562 0.033402922755741124 0.09090909090909091
3 0.40370563674321497 0.6252319109461967 0.03496868475991649 0.08905380333951762
3 0.508089770354906 0.5760667903525046 0.03079331941544885 0.0927643784786642
3 0.5203549060542797 0.4953617810760668 0.027139874739039664 0.0686456400742115
3 0.5383611691022964 0.4067717996289425 0.02453027139874739 0.06215213358070501
3 0.549321503131524 0.3339517625231911 0.025574112734864297 0.061224489795918366
3 0.5454070981210856 0.18274582560296845 0.01774530271398747 0.05194805194805195
0 0.36430062630480164 0.6804267161410019 0.008350730688935281 0.02504638218923933
1 0.3676931106471816 0.6637291280148423 0.007828810020876827 0.015769944341372914
3 0.33898747390396655 0.5923005565862709 0.03183716075156576 0.07699443413729128
3 0.31158663883089766 0.5820964749536178 0.037578288100208766 0.08256029684601113
3 0.28679540709812107 0.5626159554730983 0.03496868475991649 0.075139146567718
3 0.25913361169102295 0.5524118738404453 0.03810020876826722 0.08441558441558442
4 0.22494780793319413 0.5422077922077922 0.039665970772442584 0.0862708719851577
9 0.17327766179540707 0.5394248608534323 0.01774530271398747 0.03246753246753247
4 0.15527139874739038 0.5194805194805195 0.04331941544885177 0.08534322820037106
3 0.09237995824634655 0.49257884972170685 0.04175365344467641 0.0816326530612245
