0 0.048277661795407094 0.14053803339517626 0.019311064718162838 0.041743970315398886
7 0.02009394572025052 0.11085343228200371 0.04018789144050104 0.06957328385899815
9 0.3212421711899791 0.7379406307977736 0.02139874739039666 0.05658627087198516
9 0.3932672233820459 0.6122448979591837 0.013048016701461376 0.061224489795918366
9 0.4057933194154488 0.5055658627087198 0.012004175365344467 0.05194805194805195
1 0.40031315240083504 0.3845083487940631 0.016701461377870562 0.03432282003710575
1 0.4347599164926931 0.3970315398886827 0.016701461377870562 0.025974025974025976
1 0.42980167014613774 0.38311688311688313 0.016179540709812108 0.025974025974025976
0 0.4579853862212943 0.10204081632653061 0.017223382045929016 0.04267161410018553
4 0.7343423799582462 0.18692022263450836 0.06471816283924843 0.08070500927643785
1 0.6367432150313151 0.288961038961039 0.011482254697286011 0.03246753246753247
1 0.6367432150313151 0.27782931354359924 0.008350730688935281 0.02504638218923933
9 0.6341336116910229 0.2949907235621521 0.013569937369519832 0.04452690166975881
6 0.7296450939457202 0.3780148423005566 0.057411273486430055 0.09554730983302412
3 0.7197286012526095 0.475417439703154 0.07098121085594988 0.1326530612244898
3 0.707724425887265 0.5709647495361782 0.07515657620041753 0.1456400742115028
4 0.7056367432150312 0.698051948051948 0.07411273486430062 0.15120593692022263
7 0.7014613778705636 0.9369202226345084 0.06993736951983298 0.12430426716141002
