3 0.2417857142857143 0.43714285714285717 0.06928571428571428 0.10857142857142857
3 0.39 0.5452380952380952 0.13 0.07904761904761905
3 0.5467857142857143 0.39666666666666667 0.09785714285714285 0.06761904761904762
3 0.5632142857142857 0.3504761904761905 0.09928571428571428 0.06285714285714286
3 0.7982142857142858 0.40904761904761905 0.11357142857142857 0.07904761904761905
3 0.8035714285714286 0.35619047619047617 0.12857142857142856 0.06095238095238095
3 0.8964285714285715 0.15666666666666668 0.07571428571428572 0.05047619047619047
3 0.9310714285714285 0.13476190476190475 0.04642857142857143 0.05619047619047619
4 0.8178571428571428 0.30333333333333334 0.10857142857142857 0.05047619047619047
5 0.6682142857142858 0.38666666666666666 0.085 0.1523809523809524
3 0.8060714285714285 0.07666666666666666 0.03357142857142857 0.054285714285714284
3 0.8742857142857143 0.10476190476190476 0.03428571428571429 0.047619047619047616
3 0.15142857142857144 0.055714285714285716 0.045714285714285714 0.035238095238095235
3 0.03892857142857143 0.08714285714285715 0.06642857142857143 0.03142857142857143
3 0.061785714285714284 0.05904761904761905 0.06928571428571428 0.045714285714285714
3 0.7525 0.8995238095238095 0.08785714285714286 0.19714285714285715
3 0.5628571428571428 0.8790476190476191 0.07571428571428572 0.23809523809523808
3 0.6553571428571429 0.8895238095238095 0.07357142857142857 0.21523809523809523
3 0.8525 0.9033333333333333 0.09642857142857143 0.18761904761904763
3 0.9353571428571429 0.8938095238095238 0.12071428571428572 0.20666666666666667
3 0.2357142857142857 0.017142857142857144 0.041428571428571426 0.03428571428571429
3 0.023928571428571428 0.2061904761904762 0.047857142857142855 0.09047619047619047
1 0.14892857142857144 0.1280952380952381 0.012142857142857143 0.023809523809523808
1 0.2017857142857143 0.09857142857142857 0.009285714285714286 0.02
1 0.21821428571428572 0.055714285714285716 0.012142857142857143 0.023809523809523808
2 0.14964285714285713 0.13952380952380952 0.017857142857142856 0.02761904761904762
2 0.21928571428571428 0.06428571428571428 0.014285714285714285 0.023809523809523808
9 0.2017857142857143 0.10809523809523809 0.015 0.021904761904761906
9 0.49714285714285716 0.07476190476190477 0.007142857142857143 0.02761904761904762
0 0.5167857142857143 0.30857142857142855 0.009285714285714286 0.0419047619047619
0 0.3989285714285714 0.36 0.013571428571428571 0.0419047619047619
0 0.41464285714285715 0.3657142857142857 0.015 0.045714285714285714
0 0.42392857142857143 0.36428571428571427 0.015 0.039047619047619046
0 0.40035714285714286 0.4857142857142857 0.013571428571428571 0.04380952380952381
0 0.8896428571428572 0.670952380952381 0.023571428571428573 0.04666666666666667
