3 0.3489285714285714 0.1618020304568528 0.020714285714285713 0.04441624365482233
3 0.39071428571428574 0.1351522842639594 0.018571428571428572 0.05710659898477157
3 0.39714285714285713 0.041243654822335024 0.015714285714285715 0.052030456852791875
4 0.41285714285714287 0.4289340101522842 0.02142857142857143 0.08883248730964466
4 0.36392857142857143 0.8204314720812182 0.030714285714285715 0.11548223350253806
4 0.32142857142857145 0.1751269035532995 0.02142857142857143 0.06091370558375634
4 0.35928571428571426 0.29251269035532995 0.03571428571428571 0.06979695431472081
0 0.21428571428571427 0.40545685279187815 0.007142857142857143 0.021573604060913704
0 0.21928571428571428 0.40672588832487305 0.007142857142857143 0.024111675126903553
0 0.25535714285714284 0.21002538071065988 0.0064285714285714285 0.021573604060913704
0 0.2571428571428571 0.12436548223350252 0.005714285714285714 0.02284263959390863
0 0.5064285714285715 0.6008883248730964 0.007142857142857143 0.029187817258883246
0 0.4982142857142857 0.6027918781725888 0.0064285714285714285 0.027918781725888322
