8 0.6178571428571429 0.9460659898477156 0.047142857142857146 0.10532994923857868
3 0.5371428571428571 0.6294416243654822 0.02857142857142857 0.08375634517766496
3 0.435 0.5621827411167513 0.024285714285714285 0.07106598984771573
9 0.4317857142857143 0.32677664974619286 0.009285714285714286 0.031725888324873094
3 0.5021428571428571 0.2442893401015228 0.018571428571428572 0.049492385786802026
3 0.5282142857142857 0.22081218274111675 0.020714285714285713 0.053299492385786795
3 0.7803571428571429 0.6008883248730964 0.027857142857142858 0.08502538071065989
3 0.6457142857142857 0.299492385786802 0.02142857142857143 0.04568527918781726
8 0.6375 0.23667512690355327 0.02642857142857143 0.07233502538071065
8 0.6403571428571428 0.12119289340101522 0.03642857142857143 0.10025380710659898
3 0.6753571428571429 0.141497461928934 0.019285714285714285 0.04187817258883248
3 0.6607142857142857 0.09898477157360405 0.015714285714285715 0.035532994923857864
5 0.6185714285714285 0.14911167512690354 0.037142857142857144 0.09517766497461928
5 0.5835714285714285 0.04885786802030456 0.02142857142857143 0.052030456852791875
5 0.6371428571428571 0.025380710659898477 0.02857142857142857 0.050761421319796954
8 0.3967857142857143 0.21383248730964466 0.030714285714285715 0.14340101522842638
3 0.37392857142857144 0.11357868020304568 0.015 0.03680203045685279
3 0.42142857142857143 0.024111675126903553 0.012857142857142857 0.03045685279187817
0 0.15357142857142858 0.9098984771573604 0.011428571428571429 0.027918781725888322
0 0.1392857142857143 0.7366751269035532 0.012857142857142857 0.026649746192893398
0 0.16642857142857143 0.657994923857868 0.008571428571428572 0.024111675126903553
0 0.18285714285714286 0.6097715736040609 0.011428571428571429 0.029187817258883246
0 0.21392857142857144 0.5767766497461928 0.009285714285714286 0.024111675126903553
0 0.2032142857142857 0.5939086294416244 0.009285714285714286 0.02030456852791878
0 0.19178571428571428 0.583756345177665 0.009285714285714286 0.027918781725888322
0 0.26535714285714285 0.28743654822335024 0.0064285714285714285 0.016497461928934008
0 0.24821428571428572 0.27411167512690354 0.0064285714285714285 0.02284263959390863
0 0.2625 0.2315989847715736 0.0064285714285714285 0.024111675126903553
0 0.24714285714285714 0.1846446700507614 0.011428571428571429 0.029187817258883246
0 0.32 0.15418781725888323 0.005714285714285714 0.021573604060913704
0 0.3171428571428571 0.16941624365482233 0.007142857142857143 0.019035532994923856
0 0.33714285714285713 0.1465736040609137 0.008571428571428572 0.021573604060913704
0 0.3292857142857143 0.14022842639593908 0.004285714285714286 0.013959390862944161
0 0.3271428571428571 0.1484771573604061 0.005714285714285714 0.017766497461928932
0 0.29392857142857143 0.17703045685279187 0.005 0.019035532994923856
0 0.3003571428571429 0.17005076142131978 0.007857142857142858 0.02030456852791878
0 0.30107142857142855 0.15862944162436546 0.007857142857142858 0.017766497461928932
0 0.29714285714285715 0.15418781725888323 0.005714285714285714 0.016497461928934008
0 0.2867857142857143 0.15291878172588833 0.005 0.011421319796954314
0 0.29214285714285715 0.1611675126903553 0.005714285714285714 0.015228426395939085
0 0.28 0.15989847715736039 0.007142857142857143 0.02030456852791878
0 0.2742857142857143 0.16624365482233502 0.005714285714285714 0.017766497461928932
0 0.2775 0.1751269035532995 0.005 0.02284263959390863
0 0.2832142857142857 0.18020304568527917 0.009285714285714286 0.025380710659898477
0 0.28464285714285714 0.22017766497461927 0.0064285714285714285 0.019035532994923856
0 0.2710714285714286 0.2144670050761421 0.0064285714285714285 0.015228426395939085
0 0.27035714285714285 0.2315989847715736 0.005 0.011421319796954314
0 0.275 0.22842639593908629 0.007142857142857143 0.015228426395939085
0 0.2789285714285714 0.2246192893401015 0.0064285714285714285 0.02030456852791878
0 0.2925 0.3172588832487309 0.0064285714285714285 0.02030456852791878
0 0.3167857142857143 0.2645939086294416 0.007857142857142858 0.019035532994923856
0 0.2975 0.3032994923857868 0.0064285714285714285 0.017766497461928932
0 0.30142857142857143 0.350253807106599 0.008571428571428572 0.02030456852791878
0 0.2342857142857143 0.3172588832487309 0.007142857142857143 0.017766497461928932
0 0.17357142857142857 0.6541878172588832 0.008571428571428572 0.024111675126903553
0 0.21785714285714286 0.6662436548223349 0.01 0.025380710659898477
0 0.29928571428571427 0.7633248730964466 0.008571428571428572 0.029187817258883246
0 0.28714285714285714 0.8236040609137055 0.014285714285714285 0.025380710659898477
0 0.12071428571428572 0.9898477157360406 0.012857142857142857 0.017766497461928932
3 0.5728571428571428 0.015228426395939085 0.015714285714285715 0.02030456852791878
