3 0.8385714285714285 0.9403553299492385 0.05142857142857143 0.05837563451776649
3 0.8192857142857143 0.8978426395939085 0.04285714285714286 0.04441624365482233
3 0.8046428571428571 0.8597715736040609 0.047857142857142855 0.05456852791878172
4 0.7942857142857143 0.815989847715736 0.041428571428571426 0.055837563451776644
8 0.8696428571428572 0.8077411167512689 0.045 0.09263959390862943
4 0.7478571428571429 0.5095177664974619 0.02857142857142857 0.06218274111675126
3 0.7314285714285714 0.5215736040609137 0.02857142857142857 0.06091370558375634
3 0.7132142857142857 0.5266497461928934 0.02642857142857143 0.06091370558375634
3 0.6925 0.5336294416243654 0.03214285714285714 0.06218274111675126
3 0.6714285714285714 0.5463197969543147 0.03142857142857143 0.05964467005076142
3 0.6528571428571428 0.549492385786802 0.02857142857142857 0.06345177664974619
3 0.6346428571428572 0.5558375634517766 0.029285714285714286 0.07360406091370558
3 0.61 0.5545685279187816 0.03 0.06598984771573603
3 0.5939285714285715 0.572969543147208 0.027857142857142858 0.06218274111675126
3 0.2975 0.4428934010152284 0.030714285714285715 0.06345177664974619
3 0.315 0.33248730964467005 0.025714285714285714 0.05837563451776649
3 0.35678571428571426 0.32170050761421315 0.017857142857142856 0.049492385786802026
3 0.23892857142857143 0.28553299492385786 0.027857142857142858 0.06091370558375634
3 0.2367857142857143 0.12119289340101522 0.023571428571428573 0.052030456852791875
3 0.1667857142857143 0.10025380710659898 0.023571428571428573 0.04314720812182741
