3 0.495 0.9663705583756345 0.012857142857142857 0.05456852791878172
3 0.49 0.8178934010152283 0.011428571428571429 0.049492385786802026
9 0.4467857142857143 0.822969543147208 0.005 0.021573604060913704
9 0.45035714285714284 0.891497461928934 0.005 0.024111675126903553
9 0.45 0.6694162436548223 0.005714285714285714 0.013959390862944161
3 0.46464285714285714 0.6840101522842639 0.013571428571428571 0.04060913705583756
4 0.4471428571428571 0.583756345177665 0.01 0.03807106598984771
4 0.48678571428571427 0.5393401015228426 0.007857142857142858 0.035532994923857864
3 0.44892857142857145 0.4225888324873096 0.007857142857142858 0.03045685279187817
3 0.40714285714285714 0.8953045685279187 0.024285714285714285 0.07741116751269035
5 0.5017857142857143 0.4689086294416243 0.012142857142857143 0.06218274111675126
4 0.49857142857142855 0.3305837563451776 0.007142857142857143 0.03426395939086294
3 0.4667857142857143 0.3565989847715736 0.007857142857142858 0.02284263959390863
3 0.4635714285714286 0.2017766497461929 0.007142857142857143 0.02030456852791878
4 0.45107142857142857 0.3229695431472081 0.009285714285714286 0.024111675126903553
9 0.4835714285714286 0.3343908629441624 0.002857142857142857 0.011421319796954314
1 0.4835714285714286 0.33185279187817257 0.004285714285714286 0.011421319796954314
3 0.47785714285714287 0.1763959390862944 0.005714285714285714 0.02030456852791878
4 0.4882142857142857 0.07868020304568528 0.0064285714285714285 0.025380710659898477
4 0.48892857142857143 0.13388324873096447 0.007857142857142858 0.029187817258883246
4 0.4496428571428571 0.16560913705583755 0.007857142857142858 0.024111675126903553
4 0.4614285714285714 0.08312182741116751 0.007142857142857143 0.029187817258883246
5 0.47464285714285714 0.06472081218274112 0.012142857142857143 0.04060913705583756
4 0.48392857142857143 0.039974619289340096 0.0064285714285714285 0.024111675126903553
3 0.4467857142857143 0.05774111675126903 0.0064285714285714285 0.016497461928934008
4 0.4589285714285714 0.008248730964467004 0.010714285714285714 0.016497461928934008
8 0.4928571428571429 0.18591370558375633 0.014285714285714285 0.06725888324873096
3 0.21357142857142858 0.12563451776649745 0.012857142857142857 0.015228426395939085
3 0.19428571428571428 0.12373096446700507 0.018571428571428572 0.013959390862944161
3 0.1992857142857143 0.17322335025380708 0.011428571428571429 0.021573604060913704
4 0.22714285714285715 0.1649746192893401 0.008571428571428572 0.02030456852791878
4 0.21785714285714286 0.16751269035532992 0.01 0.017766497461928932
3 0.21285714285714286 0.15228426395939085 0.01 0.015228426395939085
3 0.22214285714285714 0.15038071065989847 0.01 0.013959390862944161
3 0.2032142857142857 0.15545685279187815 0.013571428571428571 0.016497461928934008
3 0.1925 0.15545685279187815 0.009285714285714286 0.013959390862944161
4 0.22142857142857142 0.10659898477157359 0.015714285714285715 0.015228426395939085
