9 0.18321428571428572 0.9052380952380953 0.03785714285714286 0.06
1 0.185 0.9033333333333333 0.025714285714285714 0.03142857142857143
1 0.1775 0.9152380952380952 0.02214285714285714 0.01904761904761905
9 0.17785714285714285 0.8595238095238095 0.04285714285714286 0.03333333333333333
1 0.17357142857142857 0.86 0.022857142857142857 0.026666666666666665
9 0.1742857142857143 0.7376190476190476 0.018571428571428572 0.04857142857142857
1 0.17142857142857143 0.7385714285714285 0.018571428571428572 0.03333333333333333
3 0.2760714285714286 0.7023809523809523 0.06357142857142857 0.11714285714285715
3 0.39107142857142857 0.8266666666666667 0.09214285714285714 0.11428571428571428
9 0.4739285714285714 0.8114285714285714 0.019285714285714285 0.05523809523809524
1 0.4739285714285714 0.8033333333333333 0.016428571428571428 0.03142857142857143
5 0.5485714285714286 0.799047619047619 0.06714285714285714 0.13523809523809524
9 0.5967857142857143 0.7252380952380952 0.02642857142857143 0.040952380952380955
1 0.5960714285714286 0.7180952380952381 0.016428571428571428 0.02095238095238095
9 0.6607142857142857 0.6176190476190476 0.03142857142857143 0.040952380952380955
1 0.6628571428571428 0.6128571428571429 0.02142857142857143 0.023809523809523808
1 0.6478571428571429 0.5795238095238096 0.018571428571428572 0.023809523809523808
9 0.6457142857142857 0.5819047619047619 0.03571428571428571 0.0380952380952381
3 0.4828571428571429 0.6157142857142857 0.07142857142857142 0.06380952380952382
3 0.04392857142857143 0.64 0.056428571428571425 0.10666666666666666
3 0.023928571428571428 0.5228571428571429 0.047857142857142855 0.10666666666666666
3 0.0825 0.46095238095238095 0.052142857142857144 0.09333333333333334
8 0.22964285714285715 0.4919047619047619 0.11642857142857142 0.19904761904761906
0 0.4589285714285714 0.4552380952380952 0.009285714285714286 0.03238095238095238
0 0.47928571428571426 0.46523809523809523 0.008571428571428572 0.021904761904761906
0 0.4757142857142857 0.4552380952380952 0.012857142857142857 0.024761904761904763
5 0.3989285714285714 0.39666666666666667 0.10214285714285715 0.15714285714285714
9 0.4421428571428571 0.35904761904761906 0.017142857142857144 0.03619047619047619
9 0.4982142857142857 0.30047619047619045 0.027857142857142858 0.025714285714285714
9 0.4639285714285714 0.24142857142857144 0.020714285714285713 0.029523809523809525
3 0.35892857142857143 0.1457142857142857 0.04357142857142857 0.05523809523809524
9 0.3460714285714286 0.056666666666666664 0.020714285714285713 0.029523809523809525
9 0.16964285714285715 0.1895238095238095 0.019285714285714285 0.03238095238095238
1 0.1675 0.18285714285714286 0.013571428571428571 0.01904761904761905
5 0.16392857142857142 0.10857142857142857 0.06642857142857143 0.09904761904761905
9 0.1767857142857143 0.06 0.019285714285714285 0.03238095238095238
1 0.1757142857142857 0.05523809523809524 0.014285714285714285 0.017142857142857144
5 0.8971428571428571 0.8890476190476191 0.11714285714285715 0.1361904761904762
4 0.9214285714285714 0.8085714285714286 0.10428571428571429 0.1219047619047619
3 0.935 0.7433333333333333 0.09857142857142857 0.11142857142857143
3 0.9589285714285715 0.6833333333333333 0.08214285714285714 0.12095238095238095
4 0.9660714285714286 0.6238095238095238 0.06785714285714285 0.09333333333333334
9 0.9 0.569047619047619 0.03142857142857143 0.03333333333333333
1 0.9025 0.5666666666666667 0.02214285714285714 0.024761904761904763
3 0.6789285714285714 0.40523809523809523 0.055 0.07142857142857142
5 0.7146428571428571 0.37285714285714283 0.09071428571428572 0.10380952380952381
3 0.7407142857142857 0.3628571428571429 0.06571428571428571 0.07047619047619047
3 0.7671428571428571 0.3438095238095238 0.06714285714285714 0.07047619047619047
3 0.8007142857142857 0.3252380952380952 0.06857142857142857 0.06571428571428571
4 0.8178571428571428 0.2966666666666667 0.06142857142857143 0.058095238095238096
3 0.86 0.2814285714285714 0.06428571428571428 0.06
0 0.9807142857142858 0.3109523809523809 0.018571428571428572 0.02761904761904762
0 0.9542857142857143 0.26761904761904765 0.02 0.024761904761904763
0 0.955 0.24619047619047618 0.02 0.02761904761904762
3 0.9325 0.18095238095238095 0.060714285714285714 0.06857142857142857
