3 0.03175 0.951 0.0485 0.06733333333333333
0 0.0585 0.948 0.014 0.02
3 0.059250000000000004 0.881 0.0455 0.057999999999999996
3 0.02 0.708 0.04 0.028
3 0.1905 0.6056666666666667 0.028 0.03666666666666667
0 0.161 0.606 0.009000000000000001 0.018666666666666665
0 0.12925 0.6326666666666666 0.0105 0.021333333333333333
9 0.17125 0.5663333333333334 0.0125 0.015333333333333332
3 0.221 0.6966666666666667 0.034 0.042666666666666665
3 0.23375 0.708 0.0305 0.044
3 0.24825 0.726 0.0345 0.048
3 0.53225 0.9623333333333333 0.0455 0.074
0 0.40275 0.9916666666666666 0.0135 0.012666666666666666
3 0.5595 0.9069999999999999 0.059000000000000004 0.07133333333333333
3 0.586 0.86 0.047 0.07466666666666666
3 0.5245 0.8273333333333333 0.052000000000000005 0.064
3 0.5425 0.7963333333333333 0.047 0.05933333333333333
3 0.5595 0.7636666666666666 0.051000000000000004 0.057999999999999996
3 0.63125 0.7516666666666666 0.0545 0.04733333333333333
3 0.5735 0.7333333333333333 0.049 0.048
4 0.58375 0.705 0.0555 0.04733333333333333
5 0.64175 0.7096666666666667 0.0675 0.06466666666666666
4 0.666 0.6816666666666666 0.054 0.03933333333333333
3 0.61675 0.6453333333333333 0.0405 0.04933333333333333
3 0.6697500000000001 0.656 0.0525 0.032
3 0.6845 0.632 0.046 0.030666666666666665
3 0.6385000000000001 0.5913333333333333 0.042 0.04933333333333333
3 0.6890000000000001 0.6066666666666667 0.047 0.034666666666666665
3 0.64825 0.5673333333333334 0.0395 0.044
3 0.58075 0.5336666666666666 0.0395 0.03133333333333333
3 0.67225 0.536 0.0385 0.030666666666666665
5 0.74 0.574 0.039 0.072
3 0.77975 0.505 0.029500000000000002 0.028666666666666667
3 0.7312500000000001 0.47866666666666663 0.035500000000000004 0.026666666666666665
3 0.6585 0.43966666666666665 0.033 0.02733333333333333
9 0.80825 0.48133333333333334 0.0135 0.013333333333333332
0 0.7342500000000001 0.45266666666666666 0.0045000000000000005 0.016
1 0.719 0.44566666666666666 0.006 0.01
1 0.70975 0.4383333333333333 0.0055 0.011333333333333332
1 0.71025 0.438 0.0035 0.006666666666666666
1 0.7030000000000001 0.4373333333333333 0.005 0.009333333333333332
1 0.69475 0.43266666666666664 0.0055 0.010666666666666666
0 0.64425 0.3973333333333333 0.0045000000000000005 0.017333333333333333
0 0.6587500000000001 0.3973333333333333 0.0045000000000000005 0.013333333333333332
9 0.67125 0.4086666666666667 0.0115 0.012
9 0.617 0.41333333333333333 0.008 0.012
5 0.41050000000000003 0.30066666666666664 0.025 0.02
3 0.3525 0.349 0.022 0.014
3 0.36925 0.31266666666666665 0.0145 0.017333333333333333
3 0.3855 0.28733333333333333 0.015 0.016
3 0.404 0.26166666666666666 0.013000000000000001 0.014
3 0.41550000000000004 0.24433333333333332 0.011 0.011333333333333332
3 0.4225 0.23299999999999998 0.011 0.01
3 0.43875000000000003 0.20866666666666667 0.0105 0.012
0 0.42675 0.215 0.0035 0.011333333333333332
0 0.44225000000000003 0.18366666666666667 0.0125 0.011333333333333332
0 0.4665 0.174 0.003 0.009333333333333332
0 0.49825 0.2723333333333333 0.0095 0.011333333333333332
3 0.975 0.39666666666666667 0.036000000000000004 0.021333333333333333
3 0.95075 0.37866666666666665 0.0335 0.021333333333333333
3 0.757 0.2663333333333333 0.025 0.016666666666666666
3 0.7295 0.25766666666666665 0.025 0.016666666666666666
3 0.64275 0.23133333333333334 0.0195 0.013333333333333332
3 0.657 0.2513333333333333 0.019 0.014666666666666666
3 0.679 0.2603333333333333 0.022 0.016666666666666666
3 0.70675 0.2673333333333333 0.0185 0.016
3 0.73475 0.2753333333333333 0.0225 0.017333333333333333
3 0.6525 0.27499999999999997 0.023 0.014
3 0.68375 0.32266666666666666 0.0245 0.016
3 0.6965 0.3173333333333333 0.025 0.016
3 0.70475 0.30933333333333335 0.0245 0.014666666666666666
3 0.708 0.3426666666666667 0.024 0.016
3 0.71725 0.33666666666666667 0.0245 0.018666666666666665
4 0.726 0.3253333333333333 0.021 0.02
4 0.753 0.34299999999999997 0.02 0.024666666666666667
3 0.76525 0.3773333333333333 0.021500000000000002 0.021333333333333333
3 0.77125 0.37066666666666664 0.0305 0.018666666666666665
3 0.77625 0.36233333333333334 0.0265 0.018
3 0.78825 0.3486666666666667 0.025500000000000002 0.017333333333333333
3 0.7967500000000001 0.33899999999999997 0.0275 0.015333333333333332
0 0.67525 0.28833333333333333 0.0035 0.012666666666666666
1 0.66525 0.2896666666666667 0.0035 0.01
