3 0.19464285714285715 0.09952380952380953 0.007857142857142858 0.008571428571428572
3 0.20285714285714285 0.06904761904761905 0.005714285714285714 0.006666666666666666
9 0.19964285714285715 0.10523809523809524 0.0035714285714285713 0.008571428571428572
3 0.24464285714285713 0.22666666666666666 0.015 0.009523809523809525
4 0.22285714285714286 0.13476190476190475 0.024285714285714285 0.021904761904761906
4 0.21785714285714286 0.11285714285714285 0.02857142857142857 0.02
4 0.2292857142857143 0.15714285714285714 0.02142857142857143 0.01904761904761905
3 0.3125 0.1357142857142857 0.007857142857142858 0.010476190476190476
4 0.31642857142857145 0.12047619047619047 0.007142857142857143 0.010476190476190476
4 0.2907142857142857 0.02095238095238095 0.007142857142857143 0.013333333333333332
3 0.295 0.035238095238095235 0.004285714285714286 0.005714285714285714
3 0.34035714285714286 0.045714285714285714 0.0035714285714285713 0.0038095238095238095
3 0.33285714285714285 0.04476190476190476 0.004285714285714286 0.0038095238095238095
0 0.25035714285714283 0.9057142857142857 0.009285714285714286 0.02095238095238095
3 0.2782142857142857 0.8947619047619048 0.03214285714285714 0.07142857142857142
4 0.6521428571428571 0.7171428571428572 0.04 0.06285714285714286
4 0.42 0.10571428571428572 0.007142857142857143 0.007619047619047619
3 0.38571428571428573 0.14095238095238094 0.007142857142857143 0.009523809523809525
9 0.4 0.13666666666666666 0.002857142857142857 0.002857142857142857
1 0.3982142857142857 0.13476190476190475 0.002142857142857143 0.004761904761904762
4 0.38321428571428573 0.26476190476190475 0.013571428571428571 0.022857142857142857
8 0.41678571428571426 0.2885714285714286 0.03214285714285714 0.05333333333333333
3 0.3892857142857143 0.24904761904761905 0.011428571428571429 0.01619047619047619
3 0.4775 0.19285714285714287 0.005 0.006666666666666666
5 0.7810714285714285 0.3457142857142857 0.05785714285714286 0.05142857142857143
9 0.6632142857142858 0.41714285714285715 0.009285714285714286 0.013333333333333332
1 0.6632142857142858 0.41619047619047617 0.005 0.011428571428571429
4 0.5367857142857143 0.5119047619047619 0.02642857142857143 0.040952380952380955
3 0.42714285714285716 0.3385714285714286 0.015714285714285715 0.021904761904761906
3 0.4471428571428571 0.15666666666666668 0.015714285714285715 0.008571428571428572
