5 0.43964285714285717 0.6957142857142857 0.009285714285714286 0.029523809523809525
5 0.42928571428571427 0.6666666666666666 0.008571428571428572 0.03428571428571429
5 0.4407142857142857 0.5904761904761905 0.007142857142857143 0.022857142857142857
5 0.5339285714285714 0.6938095238095238 0.009285714285714286 0.018095238095238095
5 0.43714285714285717 0.5004761904761905 0.005714285714285714 0.014285714285714285
5 0.42392857142857143 0.3880952380952381 0.005 0.006666666666666666
5 0.43607142857142855 0.4147619047619048 0.0035714285714285713 0.012380952380952381
5 0.4317857142857143 0.42952380952380953 0.009285714285714286 0.007619047619047619
3 0.31107142857142855 0.9866666666666667 0.009285714285714286 0.022857142857142857
4 0.2667857142857143 0.9457142857142857 0.009285714285714286 0.024761904761904763
5 0.35535714285714287 0.8628571428571429 0.025 0.017142857142857144
5 0.35892857142857143 0.8919047619047619 0.027857142857142858 0.01619047619047619
3 0.43857142857142856 0.88 0.007142857142857143 0.022857142857142857
3 0.43 0.7685714285714286 0.005714285714285714 0.017142857142857144
3 0.4257142857142857 0.7390476190476191 0.008571428571428572 0.017142857142857144
3 0.35035714285714287 0.7480952380952381 0.016428571428571428 0.010476190476190476
3 0.3510714285714286 0.73 0.010714285714285714 0.014285714285714285
3 0.35535714285714287 0.7157142857142857 0.007857142857142858 0.010476190476190476
3 0.3246428571428571 0.710952380952381 0.015 0.006666666666666666
0 0.5392857142857143 0.8985714285714286 0.002857142857142857 0.008571428571428572
0 0.5110714285714286 0.8909523809523809 0.0035714285714285713 0.010476190476190476
4 0.6482142857142857 0.6461904761904762 0.009285714285714286 0.008571428571428572
4 0.6517857142857143 0.650952380952381 0.012142857142857143 0.008571428571428572
3 0.7767857142857143 0.6014285714285714 0.007857142857142858 0.006666666666666666
3 0.34964285714285714 0.6247619047619047 0.005 0.009523809523809525
3 0.33964285714285714 0.6295238095238095 0.005 0.011428571428571429
3 0.36642857142857144 0.6433333333333333 0.011428571428571429 0.006666666666666666
3 0.3628571428571429 0.6571428571428571 0.011428571428571429 0.007619047619047619
5 0.355 0.6714285714285714 0.014285714285714285 0.007619047619047619
5 0.35642857142857143 0.6661904761904762 0.014285714285714285 0.006666666666666666
3 0.3225 0.700952380952381 0.013571428571428571 0.009523809523809525
3 0.325 0.6957142857142857 0.011428571428571429 0.008571428571428572
