0 0.3 0.9423809523809524 0.017142857142857144 0.05619047619047619
0 0.3167857142857143 0.9371428571428572 0.016428571428571428 0.06095238095238095
0 0.3314285714285714 0.9452380952380952 0.015714285714285715 0.06
0 0.3510714285714286 0.96 0.017857142857142856 0.05714285714285714
0 0.3560714285714286 0.89 0.016428571428571428 0.06
0 0.3339285714285714 0.8857142857142857 0.016428571428571428 0.05523809523809524
0 0.31892857142857145 0.8847619047619047 0.017857142857142856 0.05142857142857143
0 0.36642857142857144 0.7471428571428571 0.011428571428571429 0.04285714285714286
0 0.35678571428571426 0.7485714285714286 0.013571428571428571 0.0380952380952381
0 0.4082142857142857 0.6623809523809524 0.010714285714285714 0.039047619047619046
0 0.4039285714285714 0.6009523809523809 0.007857142857142858 0.030476190476190476
0 0.41285714285714287 0.5971428571428572 0.008571428571428572 0.030476190476190476
0 0.42 0.6023809523809524 0.008571428571428572 0.03142857142857143
0 0.3821428571428571 0.5871428571428572 0.007142857142857143 0.029523809523809525
0 0.3875 0.5857142857142857 0.007857142857142858 0.02857142857142857
0 0.415 0.55 0.007142857142857143 0.02761904761904762
0 0.4157142857142857 0.5252380952380953 0.008571428571428572 0.023809523809523808
0 0.4407142857142857 0.5238095238095238 0.007142857142857143 0.026666666666666665
0 0.48857142857142855 0.4857142857142857 0.005714285714285714 0.02095238095238095
0 0.4235714285714286 0.4780952380952381 0.005714285714285714 0.022857142857142857
0 0.42857142857142855 0.47333333333333333 0.005714285714285714 0.02095238095238095
0 0.4182142857142857 0.46904761904761905 0.0035714285714285713 0.018095238095238095
0 0.415 0.4604761904761905 0.004285714285714286 0.01619047619047619
0 0.4210714285714286 0.44666666666666666 0.0035714285714285713 0.015238095238095238
0 0.42142857142857143 0.45904761904761904 0.005714285714285714 0.017142857142857144
0 0.4257142857142857 0.44904761904761903 0.004285714285714286 0.018095238095238095
0 0.42928571428571427 0.45 0.005714285714285714 0.018095238095238095
0 0.4925 0.41904761904761906 0.005 0.013333333333333332
0 0.4967857142857143 0.40904761904761905 0.005 0.014285714285714285
0 0.4203571428571429 0.4080952380952381 0.005 0.014285714285714285
3 0.4657142857142857 0.39285714285714285 0.022857142857142857 0.014285714285714285
0 0.5132142857142857 0.39380952380952383 0.0035714285714285713 0.012380952380952381
9 0.5132142857142857 0.39571428571428574 0.010714285714285714 0.006666666666666666
0 0.5167857142857143 0.3904761904761905 0.0035714285714285713 0.013333333333333332
0 0.29964285714285716 0.39904761904761904 0.005 0.013333333333333332
0 0.31107142857142855 0.39904761904761904 0.005 0.013333333333333332
0 0.3357142857142857 0.3976190476190476 0.005714285714285714 0.014285714285714285
0 0.3435714285714286 0.39095238095238094 0.004285714285714286 0.014285714285714285
0 0.3392857142857143 0.38904761904761903 0.004285714285714286 0.014285714285714285
0 0.37357142857142855 0.3838095238095238 0.004285714285714286 0.013333333333333332
9 0.5285714285714286 0.3904761904761905 0.01 0.011428571428571429
0 0.9867857142857143 0.4442857142857143 0.007857142857142858 0.01619047619047619
0 0.9667857142857142 0.430952380952381 0.007857142857142858 0.01619047619047619
0 0.9146428571428571 0.41714285714285715 0.005 0.01904761904761905
0 0.7325 0.37238095238095237 0.005 0.015238095238095238
4 0.6482142857142857 0.29428571428571426 0.007857142857142858 0.011428571428571429
