0 0.05178571428571429 0.5723350253807106 0.029285714285714286 0.02284263959390863
0 0.0525 0.5983502538071066 0.02642857142857143 0.024111675126903553
0 0.3796428571428571 0.20748730964467005 0.010714285714285714 0.029187817258883246
0 0.36857142857142855 0.20621827411167512 0.011428571428571429 0.029187817258883246
0 0.3632142857142857 0.2246192893401015 0.010714285714285714 0.032994923857868015
0 0.36142857142857143 0.20939086294416243 0.008571428571428572 0.03045685279187817
0 0.37214285714285716 0.4644670050761421 0.008571428571428572 0.02284263959390863
0 0.5364285714285715 0.2760152284263959 0.007142857142857143 0.029187817258883246
0 0.5514285714285714 0.26840101522842635 0.008571428571428572 0.029187817258883246
0 0.545 0.2931472081218274 0.007142857142857143 0.027918781725888322
0 0.5653571428571429 0.3096446700507614 0.007857142857142858 0.027918781725888322
0 0.5535714285714286 0.3178934010152284 0.007142857142857143 0.026649746192893398
0 0.5639285714285714 0.3394670050761421 0.010714285714285714 0.026649746192893398
0 0.5767857142857142 0.35532994923857864 0.009285714285714286 0.025380710659898477
0 0.5667857142857143 0.3661167512690355 0.010714285714285714 0.024111675126903553
0 0.5132142857142857 0.37246192893401014 0.010714285714285714 0.026649746192893398
0 0.5310714285714285 0.36167512690355325 0.009285714285714286 0.025380710659898477
0 0.54 0.35342639593908626 0.008571428571428572 0.026649746192893398
0 0.46 0.4168781725888325 0.008571428571428572 0.03426395939086294
0 0.47535714285714287 0.40609137055837563 0.007857142857142858 0.02284263959390863
0 0.5846428571428571 0.38007614213197966 0.009285714285714286 0.026649746192893398
0 0.5553571428571429 0.37246192893401014 0.007857142857142858 0.026649746192893398
0 0.5467857142857143 0.3813451776649746 0.007857142857142858 0.026649746192893398
0 0.5353571428571429 0.3908629441624365 0.007857142857142858 0.027918781725888322
0 0.5253571428571429 0.4048223350253807 0.007857142857142858 0.025380710659898477
0 0.5746428571428571 0.38832487309644664 0.007857142857142858 0.02284263959390863
0 0.5646428571428571 0.3972081218274111 0.0064285714285714285 0.025380710659898477
0 0.5060714285714286 0.4181472081218274 0.010714285714285714 0.026649746192893398
0 0.4957142857142857 0.42639593908629436 0.007142857142857143 0.027918781725888322
0 0.4825 0.43527918781725883 0.007857142857142858 0.025380710659898477
0 0.46535714285714286 0.4511421319796954 0.007857142857142858 0.026649746192893398
0 0.5553571428571429 0.4048223350253807 0.0064285714285714285 0.025380710659898477
0 0.5460714285714285 0.4156091370558375 0.007857142857142858 0.026649746192893398
0 0.5328571428571428 0.4282994923857868 0.007142857142857143 0.021573604060913704
0 0.5971428571428572 0.4181472081218274 0.01 0.024111675126903553
0 0.5225 0.43718274111675126 0.0064285714285714285 0.021573604060913704
0 0.5128571428571429 0.44543147208121825 0.008571428571428572 0.02284263959390863
0 0.5039285714285714 0.45304568527918776 0.007857142857142858 0.025380710659898477
0 0.49107142857142855 0.4644670050761421 0.0064285714285714285 0.02284263959390863
0 0.47714285714285715 0.4758883248730964 0.007142857142857143 0.02284263959390863
0 0.41035714285714286 0.45748730964467 0.009285714285714286 0.024111675126903553
0 0.4432142857142857 0.4708121827411167 0.007857142857142858 0.025380710659898477
0 0.45035714285714284 0.5019035532994923 0.007857142857142858 0.024111675126903553
0 0.4175 0.49238578680203043 0.007857142857142858 0.02030456852791878
0 0.4307142857142857 0.5228426395939086 0.007142857142857143 0.02284263959390863
0 0.4610714285714286 0.5348984771573604 0.009285714285714286 0.021573604060913704
0 0.43642857142857144 0.5602791878172588 0.008571428571428572 0.024111675126903553
0 0.4710714285714286 0.5780456852791878 0.0064285714285714285 0.019035532994923856
0 0.45 0.5996192893401014 0.011428571428571429 0.019035532994923856
0 0.4375 0.714467005076142 0.010714285714285714 0.017766497461928932
0 0.42178571428571426 0.781725888324873 0.010714285714285714 0.03045685279187817
0 0.48428571428571426 0.7715736040609137 0.012857142857142857 0.02030456852791878
0 0.47 0.7385786802030456 0.011428571428571429 0.02030456852791878
0 0.45607142857142857 0.6357868020304568 0.007857142857142858 0.017766497461928932
0 0.46214285714285713 0.6700507614213197 0.007142857142857143 0.02030456852791878
0 0.47785714285714287 0.7049492385786802 0.01 0.021573604060913704
0 0.48214285714285715 0.6135786802030456 0.007142857142857143 0.019035532994923856
0 0.48928571428571427 0.6459390862944162 0.005714285714285714 0.017766497461928932
0 0.5010714285714286 0.6878172588832486 0.007857142857142858 0.017766497461928932
0 0.5253571428571429 0.6637055837563451 0.007857142857142858 0.02284263959390863
0 0.5835714285714285 0.6586294416243654 0.011428571428571429 0.02030456852791878
0 0.6053571428571428 0.6345177664974618 0.010714285714285714 0.02030456852791878
0 0.6367857142857143 0.6072335025380711 0.010714285714285714 0.019035532994923856
0 0.6507142857142857 0.5926395939086294 0.011428571428571429 0.02284263959390863
0 0.6589285714285714 0.5704314720812182 0.012142857142857143 0.021573604060913704
0 0.48964285714285716 0.5114213197969543 0.0064285714285714285 0.02284263959390863
0 0.5007142857142857 0.5038071065989848 0.005714285714285714 0.02030456852791878
0 0.5014285714285714 0.5469543147208121 0.007142857142857143 0.017766497461928932
0 0.5110714285714286 0.5843908629441624 0.007857142857142858 0.019035532994923856
0 0.5403571428571429 0.6491116751269035 0.007857142857142858 0.016497461928934008
0 0.5132142857142857 0.49365482233502533 0.0064285714285714285 0.02284263959390863
0 0.5246428571428572 0.48350253807106597 0.010714285714285714 0.02030456852791878
0 0.515 0.532994923857868 0.005714285714285714 0.02284263959390863
0 0.5235714285714286 0.5710659898477157 0.007142857142857143 0.02030456852791878
0 0.5353571428571429 0.6053299492385786 0.007857142857142858 0.017766497461928932
0 0.5242857142857142 0.6129441624365481 0.008571428571428572 0.027918781725888322
0 0.5489285714285714 0.6440355329949238 0.009285714285714286 0.016497461928934008
0 0.5589285714285714 0.6345177664974618 0.007857142857142858 0.02030456852791878
0 0.5725 0.6199238578680203 0.012142857142857143 0.021573604060913704
0 0.5485714285714286 0.5939086294416244 0.008571428571428572 0.02030456852791878
0 0.5253571428571429 0.5272842639593909 0.0064285714285714285 0.021573604060913704
0 0.5342857142857143 0.5615482233502538 0.007142857142857143 0.019035532994923856
0 0.5360714285714285 0.5139593908629442 0.0064285714285714285 0.02030456852791878
0 0.5489285714285714 0.5475888324873096 0.007857142857142858 0.021573604060913704
0 0.5596428571428571 0.5818527918781725 0.009285714285714286 0.021573604060913704
0 0.5821428571428572 0.6110406091370558 0.007142857142857143 0.021573604060913704
0 0.5364285714285715 0.4746192893401015 0.007142857142857143 0.02284263959390863
0 0.5460714285714285 0.46510152284263956 0.007857142857142858 0.021573604060913704
0 0.555 0.45748730964467 0.005714285714285714 0.021573604060913704
0 0.5628571428571428 0.449238578680203 0.007142857142857143 0.02030456852791878
0 0.5707142857142857 0.440989847715736 0.008571428571428572 0.024111675126903553
0 0.5792857142857143 0.43527918781725883 0.008571428571428572 0.025380710659898477
0 0.6078571428571429 0.4473350253807106 0.01 0.024111675126903553
0 0.5985714285714285 0.45748730964467 0.01 0.021573604060913704
0 0.5921428571428572 0.46383248730964466 0.01 0.024111675126903553
0 0.5825 0.4708121827411167 0.009285714285714286 0.02030456852791878
0 0.5732142857142857 0.47969543147208116 0.007857142857142858 0.02030456852791878
0 0.5646428571428571 0.4885786802030456 0.007857142857142858 0.02284263959390863
0 0.5564285714285714 0.49682741116751267 0.008571428571428572 0.021573604060913704
0 0.5460714285714285 0.5057106598984771 0.007857142857142858 0.021573604060913704
0 0.5578571428571428 0.5418781725888324 0.008571428571428572 0.02030456852791878
0 0.5657142857142857 0.5310913705583756 0.008571428571428572 0.021573604060913704
0 0.5692857142857143 0.5736040609137055 0.008571428571428572 0.02030456852791878
0 0.5778571428571428 0.5666243654822335 0.008571428571428572 0.019035532994923856
0 0.5910714285714286 0.6015228426395939 0.009285714285714286 0.02284263959390863
0 0.5996428571428571 0.590736040609137 0.009285714285714286 0.021573604060913704
0 0.6096428571428572 0.583756345177665 0.009285714285714286 0.017766497461928932
0 0.6164285714285714 0.5780456852791878 0.01 0.019035532994923856
0 0.6228571428571429 0.5710659898477157 0.011428571428571429 0.017766497461928932
0 0.6303571428571428 0.5647208121827411 0.010714285714285714 0.02030456852791878
0 0.64 0.5590101522842639 0.012857142857142857 0.021573604060913704
0 0.6182142857142857 0.48350253807106597 0.012142857142857143 0.02284263959390863
0 0.5753571428571429 0.5215736040609137 0.009285714285714286 0.02030456852791878
0 0.5875 0.5583756345177665 0.009285714285714286 0.02030456852791878
0 0.5821428571428572 0.515228426395939 0.008571428571428572 0.017766497461928932
0 0.5964285714285714 0.5469543147208121 0.011428571428571429 0.02284263959390863
0 0.5928571428571429 0.506979695431472 0.008571428571428572 0.021573604060913704
0 0.6035714285714285 0.4942893401015228 0.011428571428571429 0.029187817258883246
0 0.6107142857142858 0.49238578680203043 0.011428571428571429 0.02030456852791878
0 0.6057142857142858 0.5393401015228426 0.01 0.02030456852791878
0 0.615 0.5310913705583756 0.011428571428571429 0.019035532994923856
0 0.6239285714285714 0.5241116751269035 0.012142857142857143 0.02284263959390863
0 0.6296428571428572 0.5209390862944162 0.007857142857142858 0.024111675126903553
