3 0.91925 0.8223333333333334 0.0385 0.078
3 0.9365 0.758 0.035 0.06266666666666666
4 0.9570000000000001 0.6863333333333334 0.033 0.078
3 0.56175 0.7376666666666667 0.0405 0.06999999999999999
3 0.593 0.6829999999999999 0.04 0.06999999999999999
3 0.62725 0.6053333333333333 0.0305 0.05333333333333333
3 0.654 0.5396666666666666 0.022 0.03266666666666666
3 0.69475 0.4513333333333333 0.0275 0.04933333333333333
3 0.751 0.383 0.026000000000000002 0.04733333333333333
3 0.76175 0.314 0.0245 0.042666666666666665
3 0.74725 0.33866666666666667 0.0245 0.042666666666666665
3 0.7855 0.26466666666666666 0.024 0.03733333333333333
3 0.8335 0.18033333333333332 0.022 0.03666666666666667
3 0.8605 0.13966666666666666 0.022 0.033999999999999996
3 0.9822500000000001 0.09733333333333333 0.0205 0.032
3 0.97975 0.06 0.0205 0.034666666666666665
