0 0.46775 0.8089999999999999 0.025500000000000002 0.07533333333333334
0 0.4985 0.857 0.019 0.07533333333333334
1 0.5205 0.837 0.018000000000000002 0.04466666666666667
9 0.49725 0.835 0.0625 0.066
0 0.47650000000000003 0.8603333333333333 0.012 0.035333333333333335
9 0.49175 0.7929999999999999 0.0505 0.06466666666666666
1 0.55975 0.733 0.0275 0.06333333333333332
1 0.543 0.6716666666666666 0.024 0.06333333333333332
9 0.543 0.6769999999999999 0.042 0.057999999999999996
2 0.559 0.7483333333333333 0.042 0.06333333333333332
1 0.676 0.847 0.032 0.06866666666666667
1 0.68175 0.849 0.0185 0.043333333333333335
9 0.6755 0.859 0.063 0.05266666666666667
0 0.70625 0.9133333333333333 0.0335 0.07333333333333333
0 0.70975 0.9386666666666666 0.0345 0.076
0 0.683 0.9806666666666667 0.033 0.03866666666666667
0 0.719 0.9753333333333333 0.031 0.04933333333333333
0 0.79125 0.9216666666666666 0.0335 0.06466666666666666
1 0.8095 0.88 0.049 0.06533333333333333
9 0.78225 0.9453333333333332 0.0785 0.10266666666666667
9 0.80525 0.902 0.0775 0.08399999999999999
3 0.88225 0.884 0.23550000000000001 0.23199999999999998
0 0.68975 0.6703333333333333 0.025500000000000002 0.066
0 0.47100000000000003 0.6533333333333333 0.017 0.06
0 0.488 0.6516666666666666 0.015 0.06333333333333332
0 0.3815 0.5646666666666667 0.017 0.050666666666666665
1 0.3855 0.6366666666666666 0.025 0.064
0 0.463 0.631 0.015 0.05266666666666667
0 0.4025 0.599 0.015 0.06066666666666667
0 0.40750000000000003 0.5753333333333334 0.017 0.05333333333333333
0 0.42425 0.5833333333333333 0.0155 0.056
1 0.399 0.586 0.01 0.02
9 0.38625 0.6453333333333333 0.0385 0.056
4 0.5710000000000001 0.6113333333333333 0.123 0.14266666666666666
1 0.499 0.508 0.011 0.025333333333333333
1 0.48375 0.508 0.0075 0.016
1 0.49075 0.512 0.0085 0.017333333333333333
1 0.47675 0.45666666666666667 0.0135 0.025333333333333333
0 0.484 0.493 0.01 0.041999999999999996
0 0.49375 0.499 0.0145 0.043333333333333335
0 0.498 0.5163333333333333 0.012 0.049999999999999996
0 0.39325 0.47633333333333333 0.0115 0.04466666666666667
0 0.39075 0.469 0.0105 0.046
0 0.41325 0.4766666666666666 0.0125 0.04533333333333333
0 0.42425 0.48366666666666663 0.0165 0.051333333333333335
0 0.435 0.48033333333333333 0.011 0.04466666666666667
0 0.4435 0.47533333333333333 0.009000000000000001 0.048
0 0.4655 0.46099999999999997 0.013000000000000001 0.041999999999999996
0 0.417 0.45166666666666666 0.012 0.04066666666666666
0 0.4265 0.45499999999999996 0.012 0.04066666666666666
0 0.4295 0.4646666666666667 0.009000000000000001 0.050666666666666665
1 0.44475000000000003 0.4493333333333333 0.0145 0.029333333333333333
0 0.47300000000000003 0.433 0.011 0.033999999999999996
0 0.49 0.4503333333333333 0.007 0.043333333333333335
0 0.49975 0.4443333333333333 0.0095 0.043333333333333335
0 0.521 0.45966666666666667 0.009000000000000001 0.043333333333333335
0 0.5425 0.4613333333333333 0.013000000000000001 0.04666666666666666
0 0.4895 0.42266666666666663 0.012 0.03866666666666667
0 0.49125 0.435 0.0145 0.043333333333333335
0 0.49575 0.42733333333333334 0.0075 0.044
0 0.5215 0.446 0.01 0.03866666666666667
0 0.51175 0.41666666666666663 0.0135 0.034666666666666665
0 0.5285 0.426 0.013000000000000001 0.04
0 0.53425 0.42133333333333334 0.0085 0.04133333333333333
0 0.52825 0.40599999999999997 0.0105 0.034666666666666665
1 0.52 0.41733333333333333 0.012 0.026666666666666665
4 0.35475 0.45799999999999996 0.0575 0.08
9 0.30225 0.5023333333333333 0.0385 0.03666666666666667
0 0.22 0.46499999999999997 0.013000000000000001 0.048666666666666664
1 0.234 0.447 0.013000000000000001 0.033999999999999996
0 0.26525 0.4373333333333333 0.0185 0.04133333333333333
1 0.28 0.42933333333333334 0.012 0.029333333333333333
1 0.2595 0.418 0.012 0.024
1 0.2765 0.422 0.013000000000000001 0.030666666666666665
1 0.271 0.41233333333333333 0.012 0.02733333333333333
9 0.33275 0.344 0.0135 0.030666666666666665
0 0.39225 0.329 0.0085 0.026
5 0.383 0.36033333333333334 0.065 0.04066666666666666
4 0.43675 0.37 0.0555 0.052
4 0.4855 0.4053333333333333 0.074 0.06
9 0.3785 0.30666666666666664 0.008 0.021333333333333333
9 0.4025 0.3143333333333333 0.015 0.020666666666666667
6 0.40075 0.304 0.0175 0.025333333333333333
1 0.41400000000000003 0.30033333333333334 0.008 0.020666666666666667
1 0.42625 0.29633333333333334 0.0075 0.018
0 0.44325000000000003 0.296 0.0045000000000000005 0.018666666666666665
6 0.42675 0.31 0.0165 0.022666666666666665
6 0.47375 0.35866666666666663 0.0275 0.021333333333333333
9 0.46375 0.308 0.0145 0.02
9 0.46075 0.32266666666666666 0.0185 0.021333333333333333
9 0.46575 0.3243333333333333 0.021500000000000002 0.018
9 0.47150000000000003 0.328 0.019 0.014666666666666666
9 0.47525 0.3303333333333333 0.0225 0.014
9 0.47775 0.33399999999999996 0.0195 0.014666666666666666
1 0.596 0.39 0.011 0.03333333333333333
0 0.61 0.4083333333333333 0.01 0.038
0 0.641 0.4036666666666667 0.013000000000000001 0.04066666666666666
0 0.5985 0.359 0.01 0.035333333333333335
1 0.64425 0.359 0.0085 0.018
1 0.65725 0.355 0.0085 0.022
1 0.6955 0.368 0.014 0.030666666666666665
6 0.6980000000000001 0.377 0.022 0.02333333333333333
1 0.711 0.33 0.01 0.021333333333333333
0 0.71475 0.30733333333333335 0.0095 0.032
0 0.738 0.329 0.01 0.03
0 0.7735 0.318 0.009000000000000001 0.024
0 0.75175 0.314 0.0085 0.029333333333333333
0 0.75225 0.314 0.006500000000000001 0.024
0 0.75325 0.301 0.0075 0.02733333333333333
0 0.76125 0.3 0.0095 0.028
0 0.7995 0.306 0.01 0.026666666666666665
4 0.8095 0.44766666666666666 0.088 0.07533333333333334
1 0.8472500000000001 0.415 0.0125 0.02733333333333333
9 0.858 0.426 0.029 0.036
9 0.94075 0.5286666666666666 0.0195 0.044
4 0.9705 0.4923333333333333 0.059000000000000004 0.05933333333333333
6 0.94025 0.42033333333333334 0.0405 0.033999999999999996
1 0.93275 0.3993333333333333 0.0155 0.03866666666666667
9 0.93025 0.40166666666666667 0.0375 0.03266666666666666
0 0.9490000000000001 0.37066666666666664 0.017 0.03333333333333333
1 0.9530000000000001 0.3416666666666667 0.014 0.018
1 0.92225 0.3406666666666667 0.0155 0.017333333333333333
0 0.89975 0.3233333333333333 0.0115 0.034666666666666665
4 0.8592500000000001 0.383 0.07050000000000001 0.057999999999999996
4 0.8465 0.36 0.069 0.050666666666666665
4 0.7915 0.3416666666666667 0.052000000000000005 0.03933333333333333
1 0.82725 0.302 0.006500000000000001 0.012
0 0.83175 0.29533333333333334 0.0085 0.025333333333333333
0 0.84025 0.29733333333333334 0.0085 0.022666666666666665
0 0.84375 0.30166666666666664 0.0115 0.026
4 0.85475 0.3113333333333333 0.0415 0.04133333333333333
3 0.899 0.3 0.03 0.03333333333333333
4 0.9295 0.2776666666666667 0.04 0.03933333333333333
3 0.9475 0.2663333333333333 0.026000000000000002 0.03
3 0.97675 0.25266666666666665 0.029500000000000002 0.028
0 0.90575 0.23966666666666667 0.0085 0.022
0 0.91725 0.24333333333333332 0.0095 0.024
3 0.9267500000000001 0.22233333333333333 0.0455 0.020666666666666667
3 0.91225 0.19833333333333333 0.035500000000000004 0.016666666666666666
3 0.78325 0.2723333333333333 0.0485 0.02733333333333333
4 0.79225 0.2633333333333333 0.0405 0.029333333333333333
4 0.8135 0.2603333333333333 0.043000000000000003 0.03
3 0.83025 0.25766666666666665 0.0455 0.026
4 0.8385 0.24566666666666667 0.057 0.038
4 0.85 0.24366666666666667 0.038 0.03133333333333333
4 0.86425 0.2373333333333333 0.051500000000000004 0.03333333333333333
4 0.876 0.235 0.038 0.024666666666666667
4 0.87925 0.23199999999999998 0.0395 0.018666666666666665
4 0.882 0.22466666666666665 0.044 0.022666666666666665
4 0.837 0.218 0.038 0.024
3 0.88375 0.20133333333333334 0.0385 0.017333333333333333
3 0.8572500000000001 0.19166666666666665 0.0345 0.015333333333333332
0 0.77425 0.21366666666666667 0.0055 0.018
2 0.772 0.21633333333333332 0.019 0.011333333333333332
3 0.7877500000000001 0.211 0.0375 0.020666666666666667
3 0.767 0.17933333333333332 0.028 0.014666666666666666
4 0.8775000000000001 0.153 0.023 0.012666666666666666
3 0.7265 0.13766666666666666 0.018000000000000002 0.01
3 0.70575 0.13599999999999998 0.0175 0.009333333333333332
0 0.0885 0.5813333333333334 0.029 0.05733333333333333
0 0.151 0.5513333333333333 0.026000000000000002 0.05733333333333333
4 0.101 0.5283333333333333 0.11 0.07533333333333334
4 0.03925 0.4723333333333333 0.0785 0.08066666666666666
3 0.04725 0.437 0.0945 0.06466666666666666
3 0.03975 0.42033333333333334 0.0795 0.05533333333333333
3 0.034 0.39399999999999996 0.068 0.042666666666666665
3 0.08700000000000001 0.36866666666666664 0.084 0.04133333333333333
3 0.281 0.20333333333333334 0.031 0.014666666666666666
3 0.2705 0.19666666666666666 0.026000000000000002 0.017333333333333333
3 0.25575000000000003 0.16 0.021500000000000002 0.010666666666666666
3 0.24175 0.15633333333333332 0.0205 0.01
3 0.20650000000000002 0.17433333333333334 0.028 0.012666666666666666
3 0.20225 0.172 0.0225 0.010666666666666666
4 0.303 0.16766666666666666 0.016 0.016666666666666666
8 0.27775 0.16066666666666665 0.0265 0.025333333333333333
5 0.21475 0.18633333333333332 0.0535 0.02333333333333333
3 0.16925 0.176 0.0285 0.012
5 0.189 0.16633333333333333 0.03 0.019333333333333334
5 0.23325 0.15133333333333332 0.0235 0.014666666666666666
3 0.225 0.151 0.017 0.008666666666666666
3 0.222 0.14966666666666667 0.016 0.008666666666666666
3 0.217 0.149 0.015 0.008666666666666666
3 0.21275 0.149 0.0125 0.008666666666666666
5 0.20525000000000002 0.14433333333333334 0.025500000000000002 0.014
5 0.1995 0.14066666666666666 0.022 0.016
5 0.19375 0.13933333333333334 0.0245 0.017333333333333333
3 0.17400000000000002 0.14366666666666666 0.009000000000000001 0.007333333333333333
3 0.17375000000000002 0.13666666666666666 0.0235 0.016
3 0.16625 0.13433333333333333 0.0305 0.018
3 0.17575000000000002 0.158 0.0325 0.022666666666666665
4 0.15775 0.174 0.0275 0.021333333333333333
