3 0.56475 0.5479999999999999 0.0965 0.06666666666666667
4 0.60975 0.47433333333333333 0.0615 0.05533333333333333
3 0.79 0.5619999999999999 0.07 0.07333333333333333
3 0.07050000000000001 0.474 0.095 0.042666666666666665
3 0.2455 0.4593333333333333 0.076 0.036
3 0.27475 0.4383333333333333 0.0685 0.03
3 0.3575 0.45366666666666666 0.068 0.03666666666666667
3 0.37125 0.42866666666666664 0.0535 0.032
3 0.29575 0.5146666666666666 0.1075 0.06
3 0.84975 0.44066666666666665 0.0685 0.034666666666666665
3 0.85375 0.42933333333333334 0.0655 0.026666666666666665
3 0.8622500000000001 0.39766666666666667 0.0485 0.026
3 0.8745 0.387 0.045 0.03
3 0.8405 0.36166666666666664 0.016 0.018
3 0.8290000000000001 0.354 0.012 0.016
3 0.89675 0.353 0.0165 0.016666666666666666
3 0.8995 0.3473333333333333 0.017 0.014666666666666666
3 0.897 0.3426666666666667 0.024 0.014666666666666666
3 0.91 0.33899999999999997 0.01 0.01
3 0.89925 0.33 0.0085 0.010666666666666666
3 0.913 0.33299999999999996 0.011 0.01
3 0.91425 0.329 0.0085 0.011333333333333332
3 0.8925000000000001 0.3133333333333333 0.006 0.005333333333333333
1 0.88075 0.33466666666666667 0.0045000000000000005 0.009333333333333332
1 0.8695 0.3373333333333333 0.005 0.006666666666666666
1 0.77775 0.42533333333333334 0.0115 0.026666666666666665
1 0.622 0.375 0.007 0.012666666666666666
1 0.24825 0.48966666666666664 0.0155 0.03933333333333333
9 0.24925 0.501 0.0325 0.038
9 0.3235 0.41733333333333333 0.018000000000000002 0.014666666666666666
2 0.21325 0.439 0.0205 0.026
2 0.55325 0.3803333333333333 0.0145 0.015333333333333332
2 0.51 0.38966666666666666 0.015 0.014
2 0.909 0.5276666666666666 0.022 0.043333333333333335
2 0.9045 0.46199999999999997 0.014 0.030666666666666665
3 0.741 0.3373333333333333 0.013000000000000001 0.009333333333333332
3 0.64975 0.362 0.0225 0.016
6 0.67125 0.36233333333333334 0.0135 0.018
0 0.81325 0.42066666666666663 0.0075 0.030666666666666665
3 0.772 0.33299999999999996 0.011 0.008666666666666666
3 0.7595000000000001 0.33499999999999996 0.013000000000000001 0.011333333333333332
3 0.781 0.33 0.009000000000000001 0.009333333333333332
3 0.7847500000000001 0.3283333333333333 0.0075 0.01
3 0.791 0.32666666666666666 0.008 0.009333333333333332
3 0.80375 0.322 0.0135 0.009333333333333332
3 0.81675 0.32 0.006500000000000001 0.009333333333333332
3 0.6445 0.3433333333333333 0.021 0.013333333333333332
3 0.5945 0.37566666666666665 0.028 0.019333333333333334
4 0.618 0.36566666666666664 0.026000000000000002 0.020666666666666667
0 0.56525 0.3833333333333333 0.0075 0.024
9 0.77775 0.43166666666666664 0.0125 0.020666666666666667
9 0.87025 0.34199999999999997 0.006500000000000001 0.008
9 0.88125 0.3393333333333333 0.0045000000000000005 0.009333333333333332
9 0.48375 0.39299999999999996 0.0155 0.01
0 0.48325 0.38566666666666666 0.0055 0.018
0 0.487 0.382 0.007 0.021333333333333333
0 0.50775 0.379 0.0055 0.018
9 0.51775 0.37666666666666665 0.0105 0.010666666666666666
9 0.4165 0.39366666666666666 0.02 0.016666666666666666
4 0.72575 0.33666666666666667 0.0115 0.012
3 0.714 0.3383333333333333 0.013000000000000001 0.01
0 0.70925 0.3393333333333333 0.0055 0.013333333333333332
3 0.52875 0.39199999999999996 0.0345 0.022666666666666665
0 0.5397500000000001 0.39966666666666667 0.0055 0.018
0 0.54525 0.4013333333333333 0.0075 0.018666666666666665
9 0.8455 0.4693333333333333 0.034 0.032
9 0.851 0.46499999999999997 0.035 0.043333333333333335
