5 0.7007142857142857 0.1061904761904762 0.005714285714285714 0.012380952380952381
5 0.7310714285714286 0.07904761904761905 0.0064285714285714285 0.007619047619047619
5 0.7410714285714286 0.06904761904761905 0.0035714285714285713 0.008571428571428572
5 0.7510714285714286 0.06428571428571428 0.0064285714285714285 0.008571428571428572
3 0.7082142857142857 0.09619047619047619 0.0035714285714285713 0.005714285714285714
3 0.7185714285714285 0.08761904761904762 0.004285714285714286 0.0038095238095238095
3 0.02642857142857143 0.5119047619047619 0.015714285714285715 0.012380952380952381
4 0.06964285714285715 0.49523809523809526 0.017857142857142856 0.015238095238095238
3 0.08428571428571428 0.4919047619047619 0.012857142857142857 0.012380952380952381
3 0.09535714285714286 0.48333333333333334 0.012142857142857143 0.012380952380952381
3 0.10464285714285715 0.47904761904761906 0.012142857142857143 0.013333333333333332
3 0.11357142857142857 0.4723809523809524 0.012857142857142857 0.013333333333333332
3 0.12321428571428572 0.4657142857142857 0.009285714285714286 0.011428571428571429
3 0.15857142857142856 0.4423809523809524 0.01 0.012380952380952381
3 0.19178571428571428 0.4195238095238095 0.012142857142857143 0.014285714285714285
3 0.1375 0.4542857142857143 0.013571428571428571 0.015238095238095238
3 0.25642857142857145 0.8366666666666667 0.024285714285714285 0.03142857142857143
3 0.22357142857142856 0.41333333333333333 0.012857142857142857 0.011428571428571429
3 0.23142857142857143 0.40904761904761905 0.011428571428571429 0.012380952380952381
3 0.22178571428571428 0.4004761904761905 0.009285714285714286 0.012380952380952381
5 0.2092857142857143 0.48904761904761906 0.05714285714285714 0.05619047619047619
3 0.31 0.3823809523809524 0.01 0.008571428571428572
3 0.3792857142857143 0.3323809523809524 0.014285714285714285 0.009523809523809525
3 0.46 0.3057142857142857 0.01 0.011428571428571429
3 0.5171428571428571 0.2542857142857143 0.007142857142857143 0.009523809523809525
3 0.5964285714285714 0.1376190476190476 0.005714285714285714 0.004761904761904762
3 0.6014285714285714 0.13904761904761906 0.004285714285714286 0.005714285714285714
5 0.6410714285714286 0.12285714285714286 0.0064285714285714285 0.011428571428571429
3 0.7860714285714285 0.2042857142857143 0.009285714285714286 0.006666666666666666
3 0.8075 0.21285714285714286 0.005 0.006666666666666666
4 0.7810714285714285 0.20952380952380953 0.009285714285714286 0.005714285714285714
3 0.7239285714285715 0.6404761904761904 0.010714285714285714 0.023809523809523808
3 0.7525 0.6633333333333333 0.010714285714285714 0.02
3 0.84 0.6923809523809524 0.014285714285714285 0.024761904761904763
3 0.9 0.68 0.02142857142857143 0.024761904761904763
3 0.7792857142857142 0.6323809523809524 0.018571428571428572 0.015238095238095238
3 0.8017857142857143 0.6371428571428571 0.020714285714285713 0.017142857142857144
3 0.9789285714285715 0.7271428571428571 0.027857142857142858 0.029523809523809525
5 0.9207142857142857 0.7261904761904762 0.025714285714285714 0.05047619047619047
5 0.825 0.689047619047619 0.022857142857142857 0.054285714285714284
5 0.8078571428571428 0.6833333333333333 0.017142857142857144 0.04857142857142857
5 0.7746428571428572 0.6719047619047619 0.02214285714285714 0.04857142857142857
5 0.7485714285714286 0.6804761904761905 0.05285714285714286 0.039047619047619046
5 0.36142857142857143 0.6033333333333334 0.027142857142857142 0.039047619047619046
5 0.43785714285714283 0.6209523809523809 0.032857142857142856 0.0380952380952381
5 0.4525 0.6090476190476191 0.03214285714285714 0.039047619047619046
5 0.4471428571428571 0.7409523809523809 0.03857142857142857 0.049523809523809526
5 0.45535714285714285 0.7638095238095238 0.03642857142857143 0.05523809523809524
5 0.3535714285714286 0.7252380952380952 0.04285714285714286 0.04857142857142857
5 0.34214285714285714 0.7423809523809524 0.04285714285714286 0.05047619047619047
5 0.33071428571428574 0.7561904761904762 0.04285714285714286 0.049523809523809526
5 0.39571428571428574 0.9238095238095239 0.041428571428571426 0.0838095238095238
5 0.41928571428571426 0.9485714285714286 0.04285714285714286 0.0761904761904762
5 0.4342857142857143 0.9647619047619047 0.047142857142857146 0.07047619047619047
5 0.4567857142857143 0.9733333333333334 0.045 0.05333333333333333
5 0.48035714285714287 0.9828571428571429 0.029285714285714286 0.03428571428571429
5 0.3367857142857143 0.9714285714285714 0.05071428571428571 0.05714285714285714
4 0.31607142857142856 0.9885714285714285 0.03214285714285714 0.022857142857142857
5 0.67 0.6347619047619047 0.032857142857142856 0.040952380952380955
