1 0.88 0.9223809523809524 0.007142857142857143 0.006666666666666666
9 0.8782142857142857 0.920952380952381 0.012142857142857143 0.015238095238095238
0 0.775 0.9419047619047619 0.007142857142857143 0.007619047619047619
0 0.77 0.9485714285714286 0.004285714285714286 0.005714285714285714
0 0.7714285714285715 0.9547619047619048 0.005714285714285714 0.006666666666666666
9 0.9867857142857143 0.8828571428571429 0.007857142857142858 0.011428571428571429
9 0.98 0.8747619047619047 0.005714285714285714 0.008571428571428572
9 0.9732142857142857 0.8695238095238095 0.005 0.009523809523809525
9 0.9692857142857143 0.8647619047619047 0.007142857142857143 0.009523809523809525
3 0.9925 0.6123809523809524 0.015 0.030476190476190476
3 0.3292857142857143 0.9652380952380952 0.014285714285714285 0.04857142857142857
3 0.33285714285714285 0.9085714285714286 0.014285714285714285 0.04380952380952381
3 0.3725 0.9666666666666667 0.012142857142857143 0.0419047619047619
3 0.37464285714285717 0.91 0.013571428571428571 0.040952380952380955
3 0.37714285714285717 0.8533333333333333 0.012857142857142857 0.0419047619047619
3 0.3425 0.6814285714285714 0.012142857142857143 0.035238095238095235
1 0.35928571428571426 0.6528571428571428 0.004285714285714286 0.004761904761904762
9 0.35928571428571426 0.6533333333333333 0.004285714285714286 0.011428571428571429
3 0.3457142857142857 0.6309523809523809 0.012857142857142857 0.035238095238095235
3 0.29964285714285716 0.7119047619047619 0.02642857142857143 0.018095238095238095
3 0.3028571428571429 0.6723809523809524 0.025714285714285714 0.017142857142857144
3 0.30464285714285716 0.6342857142857142 0.023571428571428573 0.015238095238095238
3 0.3032142857142857 0.6538095238095238 0.023571428571428573 0.01619047619047619
3 0.265 0.7852380952380953 0.03 0.01619047619047619
9 0.2710714285714286 0.9038095238095238 0.005 0.017142857142857144
3 0.3485714285714286 0.5852380952380952 0.011428571428571429 0.035238095238095235
4 0.3514285714285714 0.5457142857142857 0.01 0.026666666666666665
4 0.30964285714285716 0.5633333333333334 0.025 0.014285714285714285
4 0.3117857142857143 0.5471428571428572 0.023571428571428573 0.014285714285714285
4 0.31285714285714283 0.5276190476190477 0.025714285714285714 0.017142857142857144
4 0.31392857142857145 0.49714285714285716 0.025 0.015238095238095238
4 0.3157142857142857 0.48142857142857143 0.022857142857142857 0.014285714285714285
9 0.29714285714285715 0.4480952380952381 0.008571428571428572 0.004761904761904762
9 0.2642857142857143 0.46714285714285714 0.002857142857142857 0.012380952380952381
9 0.18142857142857144 0.4714285714285714 0.002857142857142857 0.011428571428571429
2 0.24571428571428572 0.4723809523809524 0.002857142857142857 0.007619047619047619
2 0.2425 0.4719047619047619 0.002142857142857143 0.006666666666666666
2 0.23392857142857143 0.47285714285714286 0.002142857142857143 0.008571428571428572
2 0.22678571428571428 0.4719047619047619 0.0035714285714285713 0.008571428571428572
2 0.1992857142857143 0.4723809523809524 0.002857142857142857 0.009523809523809525
2 0.26035714285714284 0.4676190476190476 0.002142857142857143 0.009523809523809525
2 0.29678571428571426 0.4576190476190476 0.007857142857142858 0.004761904761904762
3 0.047142857142857146 0.28714285714285714 0.022857142857142857 0.014285714285714285
3 0.11035714285714286 0.28476190476190477 0.02214285714285714 0.015238095238095238
0 0.15571428571428572 0.32476190476190475 0.005714285714285714 0.005714285714285714
3 0.028214285714285713 0.22142857142857142 0.013571428571428571 0.025714285714285714
3 0.04214285714285714 0.22 0.014285714285714285 0.024761904761904763
3 0.056428571428571425 0.21761904761904763 0.011428571428571429 0.025714285714285714
3 0.12535714285714286 0.20857142857142857 0.010714285714285714 0.02095238095238095
3 0.1625 0.20666666666666667 0.012142857142857143 0.02095238095238095
3 0.1367857142857143 0.20523809523809525 0.012142857142857143 0.02
3 0.1875 0.15857142857142856 0.013571428571428571 0.021904761904761906
3 0.17 0.14 0.012857142857142857 0.022857142857142857
3 0.14214285714285715 0.16666666666666666 0.012857142857142857 0.024761904761904763
3 0.14392857142857143 0.14238095238095239 0.013571428571428571 0.021904761904761906
3 0.13178571428571428 0.14285714285714285 0.013571428571428571 0.022857142857142857
3 0.11928571428571429 0.1438095238095238 0.011428571428571429 0.02095238095238095
3 0.10607142857142857 0.1438095238095238 0.012142857142857143 0.022857142857142857
3 0.05964285714285714 0.14809523809523809 0.015 0.021904761904761906
3 0.044642857142857144 0.1657142857142857 0.013571428571428571 0.024761904761904763
3 0.022857142857142857 0.1676190476190476 0.012857142857142857 0.024761904761904763
3 0.038214285714285715 0.1461904761904762 0.013571428571428571 0.021904761904761906
3 0.06321428571428571 0.04380952380952381 0.012142857142857143 0.022857142857142857
3 0.05928571428571429 0.10285714285714286 0.014285714285714285 0.01904761904761905
3 0.07071428571428572 0.10285714285714286 0.01 0.02095238095238095
3 0.08071428571428571 0.10142857142857142 0.012857142857142857 0.02
3 0.09178571428571429 0.1019047619047619 0.012142857142857143 0.024761904761904763
3 0.10285714285714286 0.10095238095238095 0.011428571428571429 0.022857142857142857
3 0.11214285714285714 0.1019047619047619 0.011428571428571429 0.022857142857142857
3 0.1332142857142857 0.09904761904761905 0.012142857142857143 0.022857142857142857
4 0.12642857142857142 0.08047619047619048 0.014285714285714285 0.023809523809523808
3 0.10678571428571429 0.08047619047619048 0.010714285714285714 0.014285714285714285
3 0.105 0.045714285714285714 0.011428571428571429 0.022857142857142857
3 0.075 0.0838095238095238 0.012857142857142857 0.01904761904761905
3 0.17821428571428571 0.07809523809523809 0.012142857142857143 0.02095238095238095
3 0.18821428571428572 0.07761904761904762 0.010714285714285714 0.021904761904761906
3 0.1692857142857143 0.07809523809523809 0.01 0.02095238095238095
3 0.15785714285714286 0.07904761904761905 0.011428571428571429 0.02095238095238095
3 0.17285714285714285 0.04 0.01 0.01904761904761905
3 0.15785714285714286 0.04 0.01 0.02095238095238095
3 0.1457142857142857 0.040952380952380955 0.011428571428571429 0.02095238095238095
3 0.125 0.043333333333333335 0.011428571428571429 0.02
3 0.13607142857142857 0.041428571428571426 0.012142857142857143 0.02
3 0.14785714285714285 0.08047619047619048 0.011428571428571429 0.021904761904761906
3 0.09571428571428571 0.08142857142857143 0.012857142857142857 0.02
3 0.08357142857142857 0.04380952380952381 0.011428571428571429 0.022857142857142857
3 0.09428571428571429 0.04428571428571428 0.011428571428571429 0.021904761904761906
3 0.06464285714285714 0.08333333333333333 0.012142857142857143 0.018095238095238095
3 0.18357142857142858 0.039523809523809524 0.008571428571428572 0.021904761904761906
3 0.19607142857142856 0.03857142857142857 0.010714285714285714 0.021904761904761906
3 0.18857142857142858 0.13523809523809524 0.011428571428571429 0.022857142857142857
9 0.44142857142857145 0.03380952380952381 0.007142857142857143 0.006666666666666666
6 0.4735714285714286 0.12761904761904763 0.005714285714285714 0.013333333333333332
9 0.4575 0.09428571428571429 0.0064285714285714285 0.005714285714285714
9 0.37035714285714283 0.02142857142857143 0.0064285714285714285 0.004761904761904762
9 0.4117857142857143 0.14666666666666667 0.009285714285714286 0.0038095238095238095
3 0.37142857142857144 0.10047619047619048 0.018571428571428572 0.012380952380952381
3 0.3742857142857143 0.12380952380952381 0.018571428571428572 0.013333333333333332
3 0.37535714285714283 0.06 0.016428571428571428 0.011428571428571429
3 0.42464285714285716 0.049523809523809526 0.009285714285714286 0.022857142857142857
3 0.4357142857142857 0.11333333333333333 0.01 0.02095238095238095
3 0.42607142857142855 0.07047619047619047 0.009285714285714286 0.022857142857142857
3 0.4467857142857143 0.06619047619047619 0.009285714285714286 0.023809523809523808
3 0.4257142857142857 0.11523809523809524 0.008571428571428572 0.02095238095238095
3 0.44857142857142857 0.11095238095238096 0.01 0.02
3 0.4492857142857143 0.13380952380952382 0.008571428571428572 0.023809523809523808
3 0.46 0.13285714285714287 0.01 0.023809523809523808
3 0.4382142857142857 0.13476190476190475 0.009285714285714286 0.023809523809523808
4 0.61 0.1295238095238095 0.015714285714285715 0.015238095238095238
3 0.5614285714285714 0.10809523809523809 0.017142857142857144 0.012380952380952381
3 0.5603571428571429 0.09666666666666666 0.016428571428571428 0.012380952380952381
3 0.5617857142857143 0.08666666666666667 0.016428571428571428 0.011428571428571429
3 0.56 0.07523809523809524 0.017142857142857144 0.011428571428571429
3 0.5592857142857143 0.06428571428571428 0.014285714285714285 0.010476190476190476
3 0.5907142857142857 0.056666666666666664 0.018571428571428572 0.012380952380952381
3 0.5828571428571429 0.029523809523809525 0.02 0.013333333333333332
3 0.5810714285714286 0.019523809523809523 0.019285714285714285 0.014285714285714285
3 0.5817857142857142 0.01 0.017857142857142856 0.012380952380952381
5 0.7942857142857143 0.2119047619047619 0.024285714285714285 0.014285714285714285
3 0.8185714285714286 0.21047619047619048 0.02142857142857143 0.015238095238095238
3 0.8457142857142858 0.20857142857142857 0.022857142857142857 0.015238095238095238
3 0.8696428571428572 0.20714285714285716 0.02214285714285714 0.014285714285714285
3 0.8942857142857142 0.2038095238095238 0.022857142857142857 0.015238095238095238
5 0.9246428571428571 0.1961904761904762 0.03642857142857143 0.026666666666666665
3 0.9478571428571428 0.19904761904761906 0.017142857142857144 0.015238095238095238
3 0.9732142857142857 0.1976190476190476 0.02642857142857143 0.014285714285714285
3 0.9942857142857143 0.19333333333333333 0.011428571428571429 0.015238095238095238
3 0.8542857142857143 0.12333333333333334 0.018571428571428572 0.02
3 0.9103571428571429 0.10904761904761905 0.023571428571428573 0.014285714285714285
3 0.9035714285714286 0.0880952380952381 0.02142857142857143 0.01619047619047619
3 0.8910714285714286 0.049523809523809526 0.02214285714285714 0.015238095238095238
3 0.8871428571428571 0.030952380952380953 0.02142857142857143 0.014285714285714285
3 0.9067857142857143 0.13904761904761906 0.013571428571428571 0.022857142857142857
3 0.6957142857142857 0.16666666666666666 0.02 0.013333333333333332
3 0.6907142857142857 0.1442857142857143 0.02 0.012380952380952381
3 0.6914285714285714 0.15476190476190477 0.02142857142857143 0.014285714285714285
3 0.7289285714285715 0.15 0.019285714285714285 0.012380952380952381
3 0.7264285714285714 0.13857142857142857 0.02142857142857143 0.012380952380952381
3 0.7189285714285715 0.08476190476190476 0.020714285714285713 0.013333333333333332
4 0.72 0.07428571428571429 0.022857142857142857 0.015238095238095238
4 0.7121428571428572 0.054285714285714284 0.02142857142857143 0.013333333333333332
4 0.7103571428571429 0.04428571428571428 0.016428571428571428 0.012380952380952381
4 0.7096428571428571 0.035238095238095235 0.019285714285714285 0.013333333333333332
4 0.6957142857142857 0.02142857142857143 0.011428571428571429 0.021904761904761906
4 0.7053571428571429 0.019523809523809523 0.010714285714285714 0.021904761904761906
4 0.7292857142857143 0.016666666666666666 0.017142857142857144 0.01619047619047619
