5 0.2546428571428571 0.5842857142857143 0.08642857142857142 0.18761904761904763
3 0.22285714285714286 0.4604761904761905 0.06142857142857143 0.14
3 0.40214285714285714 0.5333333333333333 0.05142857142857143 0.14666666666666667
4 0.41678571428571426 0.3680952380952381 0.055 0.14
3 0.3475 0.2357142857142857 0.052142857142857144 0.1419047619047619
9 0.24535714285714286 0.1680952380952381 0.025 0.058095238095238096
0 0.3367857142857143 0.5076190476190476 0.017857142857142856 0.024761904761904763
0 0.315 0.5580952380952381 0.018571428571428572 0.026666666666666665
0 0.315 0.4919047619047619 0.02 0.025714285714285714
3 0.3889285714285714 0.7257142857142858 0.05928571428571429 0.1619047619047619
1 0.26964285714285713 0.9504761904761905 0.027857142857142858 0.030476190476190476
9 0.26857142857142857 0.9466666666666667 0.022857142857142857 0.08
0 0.17 0.43857142857142856 0.02857142857142857 0.021904761904761906
0 0.8664285714285714 0.6442857142857142 0.027142857142857142 0.025714285714285714
0 0.8832142857142857 0.53 0.02642857142857143 0.02761904761904762
1 0.8785714285714286 0.49333333333333335 0.03 0.026666666666666665
0 0.8603571428571428 0.5142857142857142 0.02642857142857143 0.022857142857142857
0 0.8303571428571429 0.4776190476190476 0.023571428571428573 0.03333333333333333
1 0.6325 0.5238095238095238 0.017857142857142856 0.026666666666666665
2 0.6325 0.5285714285714286 0.013571428571428571 0.05523809523809524
3 0.645 0.24428571428571427 0.05285714285714286 0.12476190476190477
1 0.47 0.47904761904761906 0.018571428571428572 0.0380952380952381
9 0.4689285714285714 0.48095238095238096 0.015 0.05714285714285714
3 0.43464285714285716 0.0419047619047619 0.04214285714285714 0.0838095238095238
