3 0.33321428571428574 0.6228571428571429 0.25785714285714284 0.3657142857142857
3 0.20964285714285713 0.9338095238095238 0.26071428571428573 0.13238095238095238
3 0.11071428571428571 0.8057142857142857 0.21857142857142858 0.30857142857142855
3 0.04964285714285714 0.48333333333333334 0.09785714285714285 0.17238095238095238
3 0.035 0.3395238095238095 0.06714285714285714 0.14761904761904762
3 0.6675 0.14333333333333334 0.1992857142857143 0.19333333333333333
3 0.7292857142857143 0.24761904761904763 0.2042857142857143 0.21333333333333332
3 0.8392857142857143 0.34476190476190477 0.21714285714285714 0.25523809523809526
3 0.9285714285714286 0.46714285714285714 0.14285714285714285 0.29619047619047617
0 0.38321428571428573 0.17904761904761904 0.027857142857142858 0.08761904761904762
0 0.5110714285714286 0.7071428571428572 0.04071428571428572 0.1
0 0.4975 0.569047619047619 0.047857142857142855 0.08095238095238096
0 0.5571428571428572 0.5476190476190477 0.03571428571428571 0.08952380952380952
0 0.5875 0.5238095238095238 0.03214285714285714 0.09142857142857143
0 0.765 0.5676190476190476 0.03857142857142857 0.0761904761904762
0 0.6139285714285714 0.42428571428571427 0.03785714285714286 0.10761904761904761
0 0.5692857142857143 0.4138095238095238 0.032857142857142856 0.08666666666666667
0 0.5685714285714286 0.3380952380952381 0.037142857142857144 0.08571428571428572
0 0.2282142857142857 0.0380952380952381 0.039285714285714285 0.07428571428571429
0 0.25214285714285717 0.03428571428571429 0.032857142857142856 0.06666666666666667
7 0.36 0.05476190476190476 0.09714285714285714 0.08285714285714285
0 0.92 0.3595238095238095 0.05285714285714286 0.08857142857142856
