3 0.16414405010438413 0.23283858998144713 0.02453027139874739 0.020408163265306124
3 0.27531315240083504 0.8826530612244898 0.05897703549060542 0.05658627087198516
9 0.1336116910229645 0.9318181818181819 0.015657620041753653 0.041743970315398886
3 0.15083507306889352 0.9823747680890538 0.015657620041753653 0.03339517625231911
3 0.30088726513569936 0.6498144712430427 0.04331941544885177 0.036178107606679034
3 0.3128914405010438 0.5811688311688312 0.03914405010438413 0.030612244897959183
3 0.3212421711899791 0.524582560296846 0.03705636743215031 0.0287569573283859
3 0.5615866388308977 0.7611317254174397 0.028183716075156573 0.06957328385899815
9 0.6051670146137786 0.8158627087198516 0.022442588726513567 0.02504638218923933
9 0.6038622129436325 0.7996289424860854 0.019832985386221292 0.02411873840445269
2 0.5472338204592901 0.5616883116883117 0.015135699373695197 0.0176252319109462
3 0.5315762004175365 0.4967532467532468 0.01826722338204593 0.039888682745825604
3 0.5725469728601252 0.034786641929499075 0.011482254697286011 0.010204081632653062
3 0.34081419624217113 0.16975881261595546 0.014613778705636741 0.012987012987012988
3 0.646920668058455 0.03339517625231911 0.013048016701461376 0.00927643784786642
5 0.6106471816283924 0.06029684601113173 0.014613778705636741 0.02411873840445269
3 0.6359603340292275 0.0640074211502783 0.009916492693110646 0.00927643784786642
8 0.664144050104384 0.06771799628942486 0.019311064718162838 0.029684601113172542
8 0.6492693110647181 0.05519480519480519 0.018789144050104383 0.02504638218923933
8 0.6737995824634655 0.02829313543599258 0.029227557411273482 0.01948051948051948
6 0.5785490605427974 0.024582560296846013 0.009916492693110646 0.010204081632653062
3 0.5707202505219207 0.016697588126159554 0.006784968684759916 0.00927643784786642
3 0.5662839248434237 0.011595547309833025 0.0073068893528183704 0.010204081632653062
3 0.5738517745302714 0.010204081632653062 0.006784968684759916 0.00927643784786642
3 0.5712421711899791 0.0027829313543599257 0.0057411273486430055 0.0055658627087198514
7 0.7669624217118998 0.2690166975881262 0.012004175365344467 0.020408163265306124
3 0.7108559498956158 0.26205936920222633 0.027139874739039664 0.0176252319109462
3 0.7058977035490605 0.25510204081632654 0.023486430062630476 0.01855287569573284
4 0.6871085594989561 0.22912801484230055 0.020354906054279746 0.020408163265306124
3 0.674321503131524 0.2147495361781076 0.022964509394572022 0.015769944341372914
3 0.6688413361169102 0.2082560296846011 0.023486430062630476 0.0176252319109462
4 0.6623173277661795 0.20037105751391465 0.018789144050104383 0.01855287569573284
3 0.6638830897703548 0.1906307977736549 0.020876826722338204 0.013914656771799629
4 0.6578810020876826 0.18181818181818182 0.01826722338204593 0.016697588126159554
3 0.6516179540709811 0.17717996289424862 0.016179540709812108 0.016697588126159554
3 0.6484864300626304 0.16975881261595546 0.016179540709812108 0.012987012987012988
3 0.6132567849686847 0.12105751391465677 0.014613778705636741 0.012059369202226345
4 0.6036012526096033 0.11224489795918367 0.015135699373695197 0.012987012987012988
3 0.5915970772442588 0.0927643784786642 0.014091858037578286 0.00927643784786642
3 0.5514091858037578 0.0352504638218924 0.013048016701461376 0.0074211502782931356
1 0.8201983298538621 0.17068645640074212 0.0026096033402922755 0.00927643784786642
9 0.8191544885177452 0.1743970315398887 0.004697286012526096 0.00927643784786642
0 0.7536534446764092 0.28339517625231914 0.0031315240083507304 0.013914656771799629
0 0.5185281837160751 0.9406307977736549 0.006784968684759916 0.03710575139146568
3 0.525313152400835 0.7300556586270872 0.02661795407098121 0.03339517625231911
3 0.5378392484342379 0.42115027829313545 0.019311064718162838 0.03339517625231911
4 0.5733298538622129 0.3079777365491651 0.023486430062630476 0.022263450834879406
4 0.3546450939457202 0.36595547309833026 0.013048016701461376 0.02504638218923933
9 0.21268267223382042 0.6178107606679035 0.007828810020876827 0.02411873840445269
9 0.21737995824634654 0.5876623376623377 0.004697286012526096 0.021335807050092765
9 0.22390396659707723 0.5816326530612245 0.006263048016701461 0.022263450834879406
9 0.17614822546972858 0.8673469387755102 0.022442588726513567 0.022263450834879406
6 0.1591858037578288 0.8571428571428572 0.016701461377870562 0.05009276437847866
