3 0.49642857142857144 0.8718274111675126 0.027142857142857142 0.08121827411167512
3 0.09714285714285714 0.5399746192893401 0.045714285714285714 0.04187817258883248
3 0.0775 0.5050761421319797 0.04214285714285714 0.035532994923857864
3 0.14964285714285713 0.5177664974619289 0.04357142857142857 0.03807106598984771
3 0.2007142857142857 0.5228426395939086 0.04285714285714286 0.04568527918781726
3 0.25892857142857145 0.5348984771573604 0.04357142857142857 0.03934010152284264
3 0.23107142857142857 0.9238578680203045 0.03785714285714286 0.09898477157360405
3 0.17142857142857143 0.6465736040609137 0.04857142857142857 0.04441624365482233
3 0.2282142857142857 0.6630710659898477 0.04928571428571429 0.049492385786802026
8 0.22142857142857142 0.5901015228426395 0.12 0.08883248730964466
8 0.30964285714285716 0.5850253807106599 0.06785714285714285 0.07614213197969542
8 0.34535714285714286 0.5399746192893401 0.11357142857142857 0.08502538071065989
8 0.12678571428571428 0.5932741116751269 0.07071428571428572 0.06472081218274112
5 0.026785714285714284 0.5666243654822335 0.05357142857142857 0.05710659898477157
3 0.03571428571428571 0.5298223350253807 0.05 0.049492385786802026
3 0.16607142857142856 0.7969543147208121 0.030714285714285715 0.09137055837563451
3 0.22321428571428573 0.848984771573604 0.04214285714285714 0.09898477157360405
3 0.25142857142857145 0.833756345177665 0.03 0.09390862944162436
3 0.27535714285714286 0.8356598984771573 0.027857142857142858 0.07994923857868019
5 0.315 0.95748730964467 0.10285714285714286 0.07741116751269035
5 0.17607142857142857 0.8699238578680203 0.09357142857142857 0.25253807106598986
3 0.5603571428571429 0.5552030456852791 0.03357142857142857 0.06725888324873096
3 0.5339285714285714 0.4175126903553299 0.017857142857142856 0.048223350253807105
3 0.6046428571428571 0.35977157360406087 0.016428571428571428 0.04441624365482233
3 0.6285714285714286 0.3661167512690355 0.017142857142857144 0.05964467005076142
3 0.5446428571428571 0.2779187817258883 0.016428571428571428 0.04314720812182741
3 0.6289285714285714 0.3026649746192893 0.016428571428571428 0.04695431472081218
3 0.5821428571428572 0.16751269035532992 0.015714285714285715 0.03807106598984771
3 0.6285714285714286 0.24619289340101522 0.015714285714285715 0.048223350253807105
3 0.5664285714285714 0.09835025380710659 0.012857142857142857 0.03426395939086294
3 0.5867857142857142 0.0748730964467005 0.013571428571428571 0.027918781725888322
3 0.5914285714285714 0.029187817258883246 0.014285714285714285 0.03045685279187817
0 0.3464285714285714 0.4416243654822335 0.005714285714285714 0.02030456852791878
1 0.3475 0.42512690355329946 0.0064285714285714285 0.015228426395939085
1 0.3296428571428571 0.4359137055837563 0.005 0.016497461928934008
0 0.5717857142857142 0.4676395939086294 0.005 0.024111675126903553
0 0.6817857142857143 0.30012690355329946 0.0035714285714285713 0.016497461928934008
0 0.685 0.299492385786802 0.004285714285714286 0.025380710659898477
0 0.5139285714285714 0.1814720812182741 0.005 0.02030456852791878
0 0.5171428571428571 0.21383248730964466 0.004285714285714286 0.019035532994923856
0 0.5028571428571429 0.4365482233502538 0.004285714285714286 0.02284263959390863
0 0.5039285714285714 0.4302030456852792 0.0035714285714285713 0.03045685279187817
