3 0.5242857142857142 0.8876190476190476 0.18142857142857144 0.22476190476190477
3 0.645 0.8352380952380952 0.2057142857142857 0.31047619047619046
3 0.5407142857142857 0.5866666666666667 0.10571428571428572 0.16380952380952382
3 0.4878571428571429 0.4033333333333333 0.07 0.1019047619047619
3 0.485 0.30952380952380953 0.06 0.09333333333333334
3 0.23392857142857143 0.680952380952381 0.10785714285714286 0.21904761904761905
4 0.21357142857142858 0.9138095238095238 0.12142857142857143 0.17238095238095238
0 0.305 0.5438095238095239 0.02857142857142857 0.08761904761904762
0 0.3092857142857143 0.41 0.027142857142857142 0.06380952380952382
3 0.06285714285714286 0.3261904761904762 0.12 0.07333333333333333
3 0.17535714285714285 0.1957142857142857 0.09214285714285714 0.054285714285714284
3 0.25392857142857145 0.42095238095238097 0.06928571428571428 0.11619047619047619
4 0.30357142857142855 0.2557142857142857 0.05142857142857143 0.09619047619047619
5 0.3732142857142857 0.1823809523809524 0.08357142857142857 0.07142857142857142
3 0.5042857142857143 0.19 0.05714285714285714 0.06190476190476191
3 0.2542857142857143 0.13952380952380952 0.08 0.04666666666666667
3 0.3028571428571429 0.1061904761904762 0.045714285714285714 0.037142857142857144
4 0.4282142857142857 0.08714285714285715 0.052142857142857144 0.040952380952380955
3 0.47964285714285715 0.07285714285714286 0.04214285714285714 0.03142857142857143
3 0.47 0.12714285714285714 0.06 0.039047619047619046
3 0.5514285714285714 0.051904761904761905 0.04285714285714286 0.03333333333333333
3 0.5992857142857143 0.06142857142857143 0.045714285714285714 0.03333333333333333
3 0.6325 0.027142857142857142 0.03642857142857143 0.03333333333333333
3 0.5528571428571428 0.27 0.07142857142857142 0.06190476190476191
4 0.03964285714285714 0.36428571428571427 0.07928571428571428 0.09619047619047619
