3 0.012142857142857143 0.018571428571428572 0.024285714285714285 0.035238095238095235
3 0.13428571428571429 0.0761904761904762 0.027142857142857142 0.049523809523809526
5 0.13214285714285715 0.14333333333333334 0.02142857142857143 0.04285714285714286
3 0.245 0.016666666666666666 0.02 0.03142857142857143
3 0.13464285714285715 0.2519047619047619 0.029285714285714286 0.06
9 0.3510714285714286 0.30333333333333334 0.016428571428571428 0.040952380952380955
9 0.3271428571428571 0.32666666666666666 0.014285714285714285 0.04
3 0.175 0.35714285714285715 0.03571428571428571 0.08
3 0.13428571428571429 0.3919047619047619 0.03428571428571429 0.08285714285714285
3 0.18571428571428572 0.4719047619047619 0.03857142857142857 0.09238095238095238
3 0.19892857142857143 0.6323809523809524 0.04071428571428572 0.09523809523809523
3 0.25357142857142856 0.6947619047619048 0.047142857142857146 0.12666666666666668
3 0.1275 0.8028571428571428 0.04357142857142857 0.12761904761904763
3 0.27285714285714285 0.8557142857142858 0.05285714285714286 0.15333333333333332
1 0.3525 0.2938095238095238 0.017857142857142856 0.025714285714285714
1 0.3264285714285714 0.3238095238095238 0.015714285714285715 0.02857142857142857
