3 0.9167857142857143 0.5628571428571428 0.035 0.03619047619047619
4 0.9282142857142857 0.6952380952380952 0.056428571428571425 0.026666666666666665
4 0.5892857142857143 0.6271428571428571 0.032857142857142856 0.02761904761904762
3 0.7460714285714286 0.6980952380952381 0.05071428571428571 0.024761904761904763
3 0.6817857142857143 0.7023809523809523 0.045 0.02761904761904762
3 0.6171428571428571 0.6980952380952381 0.045714285714285714 0.022857142857142857
3 0.18071428571428572 0.6976190476190476 0.04428571428571428 0.02761904761904762
3 0.12107142857142857 0.6961904761904761 0.047857142857142855 0.024761904761904763
3 0.05714285714285714 0.6976190476190476 0.047142857142857146 0.025714285714285714
4 0.29714285714285715 0.6276190476190476 0.032857142857142856 0.03619047619047619
3 0.35214285714285715 0.6328571428571429 0.03857142857142857 0.025714285714285714
3 0.014642857142857143 0.5614285714285714 0.029285714285714286 0.021904761904761906
3 0.011785714285714287 0.689047619047619 0.023571428571428573 0.023809523809523808
5 0.1667857142857143 0.5861904761904762 0.04357142857142857 0.021904761904761906
5 0.2557142857142857 0.6838095238095238 0.09 0.05333333333333333
5 0.5010714285714286 0.69 0.060714285714285714 0.04476190476190476
5 0.8396428571428571 0.6804761904761905 0.10357142857142858 0.054285714285714284
1 0.6307142857142857 0.6676190476190477 0.007142857142857143 0.013333333333333332
1 0.5842857142857143 0.6004761904761905 0.004285714285714286 0.014285714285714285
1 0.31535714285714284 0.6785714285714286 0.007857142857142858 0.018095238095238095
9 0.18964285714285714 0.6423809523809524 0.009285714285714286 0.018095238095238095
9 0.25107142857142856 0.6190476190476191 0.005 0.017142857142857144
9 0.24392857142857144 0.6166666666666667 0.0064285714285714285 0.02
9 0.31642857142857145 0.6785714285714286 0.018571428571428572 0.014285714285714285
9 0.21892857142857142 0.5980952380952381 0.015 0.013333333333333332
9 0.4089285714285714 0.5804761904761905 0.015 0.012380952380952381
0 0.5228571428571429 0.6019047619047619 0.005714285714285714 0.015238095238095238
6 0.43607142857142855 0.6914285714285714 0.03642857142857143 0.024761904761904763
6 0.6385714285714286 0.669047619047619 0.03571428571428571 0.021904761904761906
2 0.5825 0.6019047619047619 0.013571428571428571 0.011428571428571429
9 0.6371428571428571 0.5880952380952381 0.01 0.014285714285714285
3 0.5746428571428571 0.6761904761904762 0.04214285714285714 0.026666666666666665
6 0.7221428571428572 0.6404761904761904 0.02857142857142857 0.02
6 0.7596428571428572 0.6480952380952381 0.035 0.014285714285714285
6 0.7557142857142857 0.6352380952380953 0.03428571428571429 0.017142857142857144
6 0.7428571428571429 0.5923809523809523 0.014285714285714285 0.03428571428571429
6 0.7557142857142857 0.5919047619047619 0.012857142857142857 0.03333333333333333
6 0.7317857142857143 0.5923809523809523 0.013571428571428571 0.03428571428571429
6 0.7135714285714285 0.599047619047619 0.02857142857142857 0.017142857142857144
8 0.3585714285714286 0.6880952380952381 0.06571428571428571 0.037142857142857144
3 0.4632142857142857 0.4580952380952381 0.012142857142857143 0.030476190476190476
3 0.48714285714285716 0.5176190476190476 0.015714285714285715 0.03142857142857143
3 0.48464285714285715 0.5480952380952381 0.012142857142857143 0.02761904761904762
0 0.8528571428571429 0.6071428571428571 0.008571428571428572 0.018095238095238095
0 0.7207142857142858 0.6147619047619047 0.005714285714285714 0.012380952380952381
9 0.8285714285714286 0.5947619047619047 0.005714285714285714 0.018095238095238095
0 0.28285714285714286 0.599047619047619 0.007142857142857143 0.013333333333333332
2 0.2817857142857143 0.5985714285714285 0.010714285714285714 0.010476190476190476
