0 0.2507142857142857 0.11548223350253806 0.002857142857142857 0.01015228426395939
1 0.26357142857142857 0.25253807106598986 0.005714285714285714 0.0076142131979695426
0 0.3275 0.2906091370558375 0.0035714285714285713 0.0076142131979695426
0 0.1442857142857143 0.34200507614213194 0.004285714285714286 0.008883248730964466
0 0.14464285714285716 0.350253807106599 0.002142857142857143 0.0076142131979695426
0 0.1392857142857143 0.34835025380710655 0.004285714285714286 0.011421319796954314
4 0.09142857142857143 0.34708121827411165 0.017142857142857144 0.019035532994923856
4 0.09607142857142857 0.35850253807106597 0.020714285714285713 0.03426395939086294
3 0.10178571428571428 0.3743654822335025 0.017857142857142856 0.027918781725888322
5 0.12392857142857143 0.4092639593908629 0.030714285714285715 0.05456852791878172
4 0.04285714285714286 0.4543147208121827 0.02142857142857143 0.03045685279187817
3 0.05 0.46700507614213194 0.018571428571428572 0.027918781725888322
4 0.0675 0.4885786802030456 0.020714285714285713 0.032994923857868015
4 0.18964285714285714 0.557741116751269 0.017857142857142856 0.031725888324873094
4 0.2082142857142857 0.5260152284263959 0.016428571428571428 0.029187817258883246
4 0.16964285714285715 0.5894670050761421 0.019285714285714285 0.031725888324873094
8 0.026785714285714284 0.5767766497461928 0.047857142857142855 0.0748730964467005
0 0.06321428571428571 0.5945431472081217 0.0035714285714285713 0.006345177664974619
0 0.0575 0.6110406091370558 0.005 0.008883248730964466
8 0.07642857142857143 0.6789340101522842 0.03857142857142857 0.06345177664974619
8 0.08428571428571428 0.6326142131979695 0.054285714285714284 0.09010152284263959
8 0.075 0.6148477157360406 0.05714285714285714 0.09010152284263959
5 0.3382142857142857 0.7112944162436547 0.020714285714285713 0.031725888324873094
3 0.3489285714285714 0.7423857868020304 0.019285714285714285 0.03045685279187817
4 0.38321428571428573 0.7227157360406091 0.020714285714285713 0.031725888324873094
4 0.32035714285714284 0.9384517766497461 0.019285714285714285 0.03426395939086294
4 0.3985714285714286 0.7848984771573604 0.015714285714285715 0.029187817258883246
3 0.4157142857142857 0.8356598984771573 0.02 0.03680203045685279
4 0.4475 0.9467005076142131 0.016428571428571428 0.04060913705583756
4 0.5489285714285714 0.9892131979695431 0.012142857142857143 0.019035532994923856
9 0.5325 0.9638324873096445 0.005 0.024111675126903553
1 0.5325 0.9619289340101522 0.0064285714285714285 0.012690355329949238
3 0.7285714285714285 0.9758883248730964 0.011428571428571429 0.04314720812182741
4 0.6992857142857143 0.8470812182741116 0.01 0.03426395939086294
4 0.7257142857142858 0.899746192893401 0.011428571428571429 0.04314720812182741
1 0.9517857142857142 0.9175126903553299 0.0064285714285714285 0.01015228426395939
0 0.9528571428571428 0.9118020304568527 0.004285714285714286 0.006345177664974619
0 0.9892857142857143 0.9397208121827411 0.007142857142857143 0.008883248730964466
0 0.9975 0.9302030456852791 0.005 0.005076142131979695
9 0.8696428571428572 0.8788071065989848 0.012142857142857143 0.006345177664974619
9 0.8482142857142857 0.8813451776649746 0.013571428571428571 0.016497461928934008
8 0.7267857142857143 0.7455583756345177 0.012142857142857143 0.06725888324873096
3 0.7025 0.649746192893401 0.009285714285714286 0.03807106598984771
4 0.8032142857142857 0.06979695431472081 0.012142857142857143 0.025380710659898477
3 0.7607142857142857 0.2480964467005076 0.01 0.026649746192893398
3 0.7132142857142857 0.4765228426395939 0.010714285714285714 0.03426395939086294
3 0.49392857142857144 0.7626903553299492 0.013571428571428571 0.035532994923857864
3 0.37035714285714283 0.575507614213198 0.016428571428571428 0.031725888324873094
3 0.4007142857142857 0.5564720812182741 0.017142857142857144 0.031725888324873094
4 0.4085714285714286 0.5723350253807106 0.018571428571428572 0.032994923857868015
4 0.41714285714285715 0.5875634517766497 0.018571428571428572 0.032994923857868015
4 0.4585714285714286 0.5177664974619289 0.01 0.035532994923857864
4 0.4685714285714286 0.5025380710659898 0.01 0.03807106598984771
4 0.4764285714285714 0.48032994923857864 0.008571428571428572 0.03934010152284264
4 0.485 0.4619289340101522 0.007142857142857143 0.03045685279187817
4 0.5025 0.4276649746192893 0.009285714285714286 0.032994923857868015
3 0.49392857142857144 0.4460659898477157 0.007857142857142858 0.029187817258883246
5 0.43857142857142856 0.46573604060913704 0.037142857142857144 0.07868020304568528
5 0.4732142857142857 0.40609137055837563 0.027857142857142858 0.050761421319796954
3 0.6153571428571428 0.12182741116751268 0.007857142857142858 0.02284263959390863
3 0.6089285714285714 0.141497461928934 0.013571428571428571 0.021573604060913704
5 0.5975 0.15862944162436546 0.017857142857142856 0.04314720812182741
5 0.5739285714285715 0.1814720812182741 0.02642857142857143 0.06091370558375634
5 0.5803571428571429 0.19860406091370555 0.025 0.049492385786802026
5 0.5903571428571428 0.2112944162436548 0.017857142857142856 0.04441624365482233
4 0.5732142857142857 0.2633248730964467 0.015 0.016497461928934008
4 0.5692857142857143 0.27538071065989844 0.015714285714285715 0.017766497461928932
3 0.5642857142857143 0.28743654822335024 0.017142857142857144 0.021573604060913704
4 0.5567857142857143 0.3115482233502538 0.015 0.016497461928934008
3 0.5546428571428571 0.32677664974619286 0.012142857142857143 0.013959390862944161
4 0.5435714285714286 0.34644670050761417 0.015714285714285715 0.017766497461928932
3 0.5378571428571428 0.35850253807106597 0.012857142857142857 0.016497461928934008
3 0.5346428571428572 0.3705583756345177 0.016428571428571428 0.015228426395939085
3 0.69 0.07677664974619289 0.01 0.021573604060913704
3 0.7035714285714286 0.11928934010152284 0.008571428571428572 0.02284263959390863
3 0.6282142857142857 0.16878172588832485 0.010714285714285714 0.02284263959390863
4 0.6403571428571428 0.1751269035532995 0.010714285714285714 0.02030456852791878
4 0.6196428571428572 0.24873096446700504 0.010714285714285714 0.02284263959390863
3 0.6071428571428571 0.24936548223350252 0.01 0.021573604060913704
4 0.6032142857142857 0.30774111675126903 0.012142857142857143 0.026649746192893398
3 0.5925 0.30203045685279184 0.012142857142857143 0.02284263959390863
3 0.6603571428571429 0.24365482233502536 0.010714285714285714 0.027918781725888322
5 0.6407142857142857 0.3362944162436548 0.017142857142857144 0.050761421319796954
4 0.5810714285714286 0.3908629441624365 0.010714285714285714 0.025380710659898477
3 0.6217857142857143 0.4644670050761421 0.010714285714285714 0.03045685279187817
3 0.5839285714285715 0.6294416243654822 0.012142857142857143 0.035532994923857864
3 0.5228571428571429 0.6376903553299492 0.014285714285714285 0.031725888324873094
4 0.5421428571428571 0.6624365482233502 0.014285714285714285 0.04060913705583756
4 0.5460714285714285 0.4422588832487309 0.013571428571428571 0.029187817258883246
4 0.5628571428571428 0.4511421319796954 0.012857142857142857 0.029187817258883246
4 0.5153571428571428 0.5285532994923857 0.013571428571428571 0.026649746192893398
4 0.5471428571428572 0.49809644670050757 0.011428571428571429 0.024111675126903553
9 0.8103571428571429 0.897208121827411 0.007857142857142858 0.005076142131979695
