3 0.015357142857142857 0.3161904761904762 0.030714285714285715 0.030476190476190476
3 0.023571428571428573 0.4061904761904762 0.047142857142857146 0.04666666666666667
3 0.03428571428571429 0.39 0.06857142857142857 0.040952380952380955
3 0.04428571428571428 0.36238095238095236 0.06428571428571428 0.02761904761904762
3 0.155 0.1976190476190476 0.047142857142857146 0.03333333333333333
3 0.19285714285714287 0.17333333333333334 0.03428571428571429 0.022857142857142857
3 0.21357142857142858 0.2195238095238095 0.041428571428571426 0.02761904761904762
3 0.22 0.20095238095238097 0.03857142857142857 0.024761904761904763
3 0.22321428571428573 0.18428571428571427 0.045 0.021904761904761906
0 0.21571428571428572 0.14523809523809525 0.01 0.023809523809523808
0 0.24392857142857144 0.13285714285714287 0.009285714285714286 0.021904761904761906
3 0.045714285714285714 0.6185714285714285 0.09142857142857143 0.06952380952380953
3 0.15785714285714286 0.6161904761904762 0.13 0.07047619047619047
0 0.22321428571428573 0.580952380952381 0.019285714285714285 0.05333333333333333
0 0.30785714285714283 0.5371428571428571 0.018571428571428572 0.045714285714285714
0 0.03321428571428572 0.7623809523809524 0.03357142857142857 0.06571428571428571
6 0.027142857142857142 0.9047619047619048 0.05 0.07238095238095238
5 0.3775 0.9395238095238095 0.2664285714285714 0.12095238095238095
3 0.36607142857142855 0.88 0.19071428571428573 0.1219047619047619
0 0.5753571428571429 0.810952380952381 0.020714285714285713 0.06190476190476191
4 0.33107142857142857 0.5957142857142858 0.10928571428571429 0.0980952380952381
4 0.44357142857142856 0.5604761904761905 0.1 0.09619047619047619
0 0.49964285714285717 0.5447619047619048 0.013571428571428571 0.045714285714285714
0 0.5032142857142857 0.4614285714285714 0.015 0.04666666666666667
0 0.5167857142857143 0.4642857142857143 0.010714285714285714 0.04666666666666667
2 0.5178571428571429 0.4147619047619048 0.011428571428571429 0.029523809523809525
2 0.4932142857142857 0.2904761904761905 0.009285714285714286 0.02095238095238095
1 0.4925 0.27714285714285714 0.007857142857142858 0.01904761904761905
1 0.5185714285714286 0.4 0.011428571428571429 0.030476190476190476
0 0.4717857142857143 0.19095238095238096 0.007857142857142858 0.018095238095238095
0 0.47 0.1619047619047619 0.005714285714285714 0.015238095238095238
0 0.47964285714285715 0.16238095238095238 0.0064285714285714285 0.01619047619047619
0 0.47464285714285714 0.16142857142857142 0.0035714285714285713 0.014285714285714285
0 0.47785714285714287 0.15142857142857144 0.008571428571428572 0.013333333333333332
0 0.4860714285714286 0.1595238095238095 0.005 0.012380952380952381
0 0.4832142857142857 0.1538095238095238 0.0064285714285714285 0.010476190476190476
0 0.4675 0.14095238095238094 0.0035714285714285713 0.013333333333333332
0 0.4742857142857143 0.1357142857142857 0.004285714285714286 0.014285714285714285
0 0.465 0.1319047619047619 0.007142857142857143 0.01619047619047619
0 0.4725 0.12761904761904763 0.002142857142857143 0.011428571428571429
0 0.4682142857142857 0.11714285714285715 0.007857142857142858 0.015238095238095238
8 0.5335714285714286 0.04666666666666667 0.045714285714285714 0.013333333333333332
8 0.5753571428571429 0.047142857142857146 0.025 0.010476190476190476
8 0.5021428571428571 0.05476190476190476 0.015714285714285715 0.014285714285714285
8 0.4925 0.049523809523809526 0.010714285714285714 0.013333333333333332
3 0.5182142857142857 0.11333333333333333 0.010714285714285714 0.015238095238095238
3 0.5792857142857143 0.10666666666666666 0.007142857142857143 0.015238095238095238
3 0.5896428571428571 0.09238095238095238 0.010714285714285714 0.013333333333333332
3 0.54 0.05619047619047619 0.007142857142857143 0.009523809523809525
3 0.5482142857142858 0.05476190476190476 0.009285714285714286 0.018095238095238095
3 0.5460714285714285 0.0719047619047619 0.009285714285714286 0.010476190476190476
3 0.5371428571428571 0.10047619047619048 0.01 0.012380952380952381
5 0.6325 0.09571428571428571 0.012142857142857143 0.01619047619047619
0 0.5635714285714286 0.16285714285714287 0.007142857142857143 0.01904761904761905
0 0.5678571428571428 0.16047619047619047 0.008571428571428572 0.018095238095238095
4 0.6796428571428571 0.14476190476190476 0.025 0.022857142857142857
0 0.7028571428571428 0.1457142857142857 0.008571428571428572 0.017142857142857144
0 0.7114285714285714 0.15523809523809523 0.004285714285714286 0.015238095238095238
0 0.7153571428571428 0.1523809523809524 0.005 0.01904761904761905
0 0.7439285714285714 0.15714285714285714 0.005 0.015238095238095238
0 0.7521428571428571 0.16333333333333333 0.004285714285714286 0.014285714285714285
0 0.7607142857142857 0.15047619047619049 0.004285714285714286 0.01904761904761905
0 0.7675 0.15761904761904763 0.005 0.010476190476190476
0 0.78 0.16095238095238096 0.005714285714285714 0.013333333333333332
0 0.7935714285714286 0.16952380952380952 0.005714285714285714 0.013333333333333332
9 0.9228571428571428 0.2857142857142857 0.02 0.02095238095238095
1 0.9253571428571429 0.2761904761904762 0.007857142857142858 0.01904761904761905
0 0.94 0.25047619047619046 0.011428571428571429 0.02095238095238095
5 0.7364285714285714 0.43285714285714283 0.18571428571428572 0.23523809523809525
5 0.67 0.4857142857142857 0.07428571428571429 0.14666666666666667
3 0.8871428571428571 0.5519047619047619 0.09142857142857143 0.10952380952380952
