3 0.41714285714285715 0.6109523809523809 0.06142857142857143 0.1457142857142857
3 0.7692857142857142 0.6680952380952381 0.11 0.16285714285714287
3 0.8485714285714285 0.5514285714285714 0.10857142857142857 0.13333333333333333
3 0.8435714285714285 0.28285714285714286 0.06285714285714286 0.05333333333333333
3 0.7946428571428571 0.24142857142857144 0.04642857142857143 0.035238095238095235
3 0.7171428571428572 0.18476190476190477 0.03571428571428571 0.03238095238095238
3 0.47714285714285715 0.31857142857142856 0.03857142857142857 0.05238095238095238
3 0.3896428571428571 0.35714285714285715 0.04214285714285714 0.06857142857142857
3 0.33535714285714285 0.36714285714285716 0.039285714285714285 0.06380952380952382
3 0.3939285714285714 0.29285714285714287 0.03214285714285714 0.054285714285714284
3 0.9714285714285714 0.37761904761904763 0.05 0.06190476190476191
3 0.9071428571428571 0.3319047619047619 0.07714285714285714 0.058095238095238096
3 0.5635714285714286 0.0761904761904762 0.014285714285714285 0.01904761904761905
3 0.5375 0.07380952380952381 0.016428571428571428 0.02
3 0.3603571428571429 0.18523809523809523 0.02214285714285714 0.029523809523809525
3 0.3392857142857143 0.16476190476190475 0.022857142857142857 0.030476190476190476
3 0.2475 0.2885714285714286 0.08214285714285714 0.045714285714285714
3 0.26 0.38 0.06857142857142857 0.05714285714285714
3 0.28464285714285714 0.24857142857142858 0.06642857142857143 0.030476190476190476
3 0.29178571428571426 0.21714285714285714 0.06642857142857143 0.03428571428571429
3 0.755 0.15 0.041428571428571426 0.021904761904761906
3 0.7442857142857143 0.14333333333333334 0.04 0.029523809523809525
3 0.7382142857142857 0.13523809523809524 0.04928571428571429 0.02857142857142857
3 0.7332142857142857 0.12666666666666668 0.04642857142857143 0.026666666666666665
3 0.7142857142857143 0.12285714285714286 0.06 0.02095238095238095
3 0.6971428571428572 0.11095238095238096 0.054285714285714284 0.03333333333333333
3 0.5875 0.07571428571428572 0.012142857142857143 0.014285714285714285
3 0.36642857142857144 0.16285714285714287 0.025714285714285714 0.02857142857142857
3 0.8339285714285715 0.08428571428571428 0.02642857142857143 0.014285714285714285
3 0.8203571428571429 0.08190476190476191 0.02642857142857143 0.02095238095238095
3 0.8875 0.11476190476190476 0.02642857142857143 0.025714285714285714
3 0.9310714285714285 0.9404761904761905 0.13214285714285715 0.11523809523809524
4 0.30357142857142855 0.06428571428571428 0.03857142857142857 0.01619047619047619
4 0.3 0.07285714285714286 0.032857142857142856 0.018095238095238095
3 0.2810714285714286 0.1657142857142857 0.027857142857142858 0.03238095238095238
4 0.37107142857142855 0.21285714285714286 0.07642857142857143 0.03142857142857143
3 0.3535714285714286 0.14809523809523809 0.05142857142857143 0.021904761904761906
4 0.33214285714285713 0.13476190476190475 0.05285714285714286 0.029523809523809525
3 0.4664285714285714 0.006190476190476191 0.008571428571428572 0.010476190476190476
3 0.5 0.01619047619047619 0.008571428571428572 0.007619047619047619
3 0.5092857142857142 0.024761904761904763 0.01 0.013333333333333332
3 0.5982142857142857 0.08428571428571428 0.017857142857142856 0.01619047619047619
1 0.595 0.09047619047619047 0.004285714285714286 0.009523809523809525
1 0.5403571428571429 0.2257142857142857 0.010714285714285714 0.015238095238095238
1 0.875 0.35523809523809524 0.011428571428571429 0.03238095238095238
9 0.8725 0.3661904761904762 0.025 0.03333333333333333
9 0.5392857142857143 0.23904761904761904 0.012857142857142857 0.022857142857142857
3 0.6907142857142857 0.14285714285714285 0.02142857142857143 0.024761904761904763
4 0.48 0.17714285714285713 0.024285714285714285 0.0419047619047619
9 0.25392857142857145 0.19238095238095237 0.02214285714285714 0.02095238095238095
9 0.19464285714285715 0.33714285714285713 0.03642857142857143 0.022857142857142857
9 0.18714285714285714 0.31476190476190474 0.015714285714285715 0.025714285714285714
2 0.4407142857142857 0.3161904761904762 0.008571428571428572 0.03619047619047619
0 0.3296428571428571 0.26 0.010714285714285714 0.030476190476190476
0 0.4110714285714286 0.2523809523809524 0.013571428571428571 0.030476190476190476
0 0.19678571428571429 0.3304761904761905 0.02214285714285714 0.0380952380952381
0 0.20035714285714284 0.4585714285714286 0.015 0.037142857142857144
0 0.4725 0.3952380952380952 0.010714285714285714 0.04380952380952381
1 0.5107142857142857 0.13142857142857142 0.007142857142857143 0.01904761904761905
2 0.5092857142857142 0.13714285714285715 0.011428571428571429 0.011428571428571429
0 0.5585714285714286 0.03761904761904762 0.004285714285714286 0.012380952380952381
0 0.5257142857142857 0.013333333333333332 0.004285714285714286 0.009523809523809525
0 0.5907142857142857 0.05714285714285714 0.004285714285714286 0.013333333333333332
0 0.5775 0.04904761904761905 0.005 0.01619047619047619
3 0.8039285714285714 0.10666666666666666 0.04071428571428572 0.026666666666666665
3 0.8328571428571429 0.12 0.027142857142857142 0.02857142857142857
3 0.8803571428571428 0.1419047619047619 0.04357142857142857 0.03238095238095238
3 0.875 0.10238095238095238 0.02857142857142857 0.010476190476190476
3 0.8592857142857143 0.09380952380952381 0.03142857142857143 0.02
3 0.9885714285714285 0.15571428571428572 0.022857142857142857 0.025714285714285714
4 0.9717857142857143 0.14142857142857143 0.025 0.03142857142857143
0 0.8957142857142857 0.2619047619047619 0.012857142857142857 0.03428571428571429
0 0.9571428571428572 0.3080952380952381 0.015714285714285715 0.035238095238095235
