0 0.36025 0.9923333333333333 0.006500000000000001 0.011333333333333332
2 0.353 0.9266666666666666 0.006 0.016
2 0.41175 0.9039999999999999 0.006500000000000001 0.017333333333333333
1 0.41125 0.9016666666666666 0.0055 0.018
0 0.40525 0.8576666666666667 0.0055 0.015333333333333332
0 0.4045 0.8393333333333333 0.007 0.016
0 0.49 0.746 0.005 0.014666666666666666
0 0.488 0.721 0.004 0.012666666666666666
0 0.47750000000000004 0.712 0.005 0.012
0 0.47375 0.6746666666666666 0.0035 0.013333333333333332
0 0.45775 0.6726666666666666 0.0045000000000000005 0.012
0 0.45675 0.6686666666666666 0.0035 0.010666666666666666
0 0.46275 0.6483333333333333 0.0035 0.011333333333333332
6 0.46950000000000003 0.6503333333333333 0.01 0.011333333333333332
3 0.50825 0.5533333333333333 0.0195 0.010666666666666666
3 0.43775000000000003 0.5496666666666666 0.0185 0.01
3 0.41375 0.5506666666666666 0.0175 0.010666666666666666
4 0.38925 0.5489999999999999 0.0175 0.01
3 0.361 0.5493333333333333 0.019 0.009333333333333332
3 0.14250000000000002 0.6823333333333333 0.018000000000000002 0.02333333333333333
3 0.07025 0.699 0.0315 0.019333333333333334
3 0.08525 0.6836666666666666 0.0315 0.016666666666666666
3 0.10200000000000001 0.6659999999999999 0.028 0.017333333333333333
3 0.1125 0.6563333333333333 0.027 0.015333333333333332
3 0.117 0.6446666666666666 0.017 0.013333333333333332
3 0.876 0.6683333333333333 0.019 0.019333333333333334
3 0.89175 0.6689999999999999 0.0175 0.018
3 0.90725 0.6713333333333333 0.0195 0.018666666666666665
3 0.92125 0.6713333333333333 0.0195 0.018666666666666665
3 0.93725 0.6703333333333333 0.021500000000000002 0.019333333333333334
0 0.631 0.5566666666666666 0.003 0.008
2 0.61625 0.5556666666666666 0.0085 0.006
1 0.6165 0.5536666666666666 0.004 0.007333333333333333
9 0.3925 0.5403333333333333 0.007 0.004666666666666666
1 0.393 0.539 0.003 0.007333333333333333
2 0.3525 0.5463333333333333 0.007 0.006
1 0.35150000000000003 0.5439999999999999 0.003 0.008
