5 0.22535714285714287 0.8781725888324873 0.060714285714285714 0.08629441624365482
4 0.031785714285714285 0.12055837563451775 0.016428571428571428 0.02030456852791878
4 0.03678571428571428 0.12626903553299493 0.020714285714285713 0.031725888324873094
3 0.04357142857142857 0.13959390862944163 0.017142857142857144 0.025380710659898477
3 0.013214285714285715 0.23286802030456852 0.020714285714285713 0.026649746192893398
5 0.06642857142857143 0.16053299492385786 0.03 0.052030456852791875
8 0.029642857142857144 0.38007614213197966 0.03785714285714286 0.05964467005076142
8 0.026785714285714284 0.32741116751269034 0.05357142857142857 0.08375634517766496
8 0.036071428571428574 0.34010152284263956 0.052142857142857144 0.08629441624365482
3 0.11928571428571429 0.29378172588832485 0.017142857142857144 0.026649746192893398
4 0.13642857142857143 0.26586294416243655 0.015714285714285715 0.029187817258883246
4 0.155 0.23857868020304568 0.014285714285714285 0.025380710659898477
4 0.49357142857142855 0.004441624365482233 0.014285714285714285 0.008883248730964466
3 0.49107142857142855 0.013324873096446699 0.013571428571428571 0.013959390862944161
3 0.4875 0.022208121827411165 0.016428571428571428 0.013959390862944161
3 0.4810714285714286 0.042512690355329945 0.015 0.013959390862944161
5 0.4064285714285714 0.12626903553299493 0.025714285714285714 0.049492385786802026
5 0.37535714285714283 0.1782994923857868 0.03357142857142857 0.06472081218274112
3 0.3157142857142857 0.2766497461928934 0.014285714285714285 0.027918781725888322
3 0.3435714285714286 0.25507614213197966 0.015714285714285715 0.03045685279187817
4 0.3525 0.266497461928934 0.016428571428571428 0.032994923857868015
4 0.3607142857142857 0.2766497461928934 0.017142857142857144 0.027918781725888322
4 0.33535714285714285 0.39213197969543145 0.020714285714285713 0.027918781725888322
3 0.30392857142857144 0.4111675126903553 0.016428571428571428 0.025380710659898477
5 0.33464285714285713 0.5088832487309645 0.030714285714285715 0.053299492385786795
3 0.315 0.8502538071065989 0.02142857142857143 0.04314720812182741
3 0.3917857142857143 0.8781725888324873 0.02214285714285714 0.04568527918781726
3 0.38607142857142857 0.9651015228426395 0.02214285714285714 0.049492385786802026
3 0.4210714285714286 0.9511421319796953 0.020714285714285713 0.049492385786802026
4 0.49357142857142855 0.8921319796954315 0.017142857142857144 0.050761421319796954
3 0.7560714285714286 0.8851522842639593 0.020714285714285713 0.04441624365482233
3 0.8414285714285714 0.78997461928934 0.02142857142857143 0.026649746192893398
3 0.7053571428571429 0.7335025380710659 0.016428571428571428 0.04314720812182741
4 0.6860714285714286 0.6104060913705583 0.015 0.04568527918781726
4 0.6732142857142858 0.5095177664974619 0.012142857142857143 0.03680203045685279
4 0.665 0.4428934010152284 0.011428571428571429 0.032994923857868015
8 0.6625 0.391497461928934 0.013571428571428571 0.05710659898477157
4 0.6571428571428571 0.2430203045685279 0.008571428571428572 0.03426395939086294
4 0.66 0.13895939086294415 0.008571428571428572 0.029187817258883246
3 0.6575 0.17322335025380708 0.007857142857142858 0.026649746192893398
3 0.6560714285714285 0.2017766497461929 0.007857142857142858 0.027918781725888322
3 0.6582142857142858 0.3013959390862944 0.009285714285714286 0.031725888324873094
3 0.6582142857142858 0.34581218274111675 0.009285714285714286 0.031725888324873094
0 0.6792857142857143 0.19352791878172587 0.002857142857142857 0.008883248730964466
0 0.7635714285714286 0.4289340101522842 0.004285714285714286 0.0076142131979695426
0 0.8639285714285714 0.5767766497461928 0.005 0.008883248730964466
0 0.8707142857142857 0.5920050761421319 0.004285714285714286 0.011421319796954314
0 0.8817857142857143 0.5862944162436547 0.005 0.01015228426395939
0 0.8703571428571428 0.6199238578680203 0.005 0.011421319796954314
0 0.8732142857142857 0.6218274111675126 0.0064285714285714285 0.015228426395939085
0 0.9239285714285714 0.4543147208121827 0.005 0.01015228426395939
0 0.9378571428571428 0.4428934010152284 0.004285714285714286 0.01015228426395939
0 0.935 0.4156091370558375 0.004285714285714286 0.008883248730964466
0 0.9189285714285714 0.4289340101522842 0.0035714285714285713 0.0076142131979695426
4 0.24 0.766497461928934 0.022857142857142857 0.04060913705583756
3 0.041428571428571426 0.6675126903553299 0.022857142857142857 0.03045685279187817
4 0.33964285714285714 0.5958121827411167 0.020714285714285713 0.03680203045685279
4 0.3475 0.6389593908629441 0.017857142857142856 0.03680203045685279
4 0.48964285714285716 0.424492385786802 0.012142857142857143 0.03426395939086294
3 0.43357142857142855 0.44035532994923854 0.014285714285714285 0.03045685279187817
3 0.40464285714285714 0.557741116751269 0.015 0.03680203045685279
8 0.5432142857142858 0.3623096446700507 0.012142857142857143 0.09263959390862943
3 0.39571428571428574 0.35342639593908626 0.017142857142857144 0.026649746192893398
4 0.42714285714285716 0.282994923857868 0.014285714285714285 0.025380710659898477
3 0.4542857142857143 0.2779187817258883 0.012857142857142857 0.02284263959390863
3 0.46964285714285714 0.1916243654822335 0.012142857142857143 0.025380710659898477
4 0.49857142857142855 0.26205583756345174 0.011428571428571429 0.031725888324873094
4 0.5339285714285714 0.18591370558375633 0.010714285714285714 0.031725888324873094
4 0.5489285714285714 0.20685279187817257 0.009285714285714286 0.03045685279187817
4 0.5321428571428571 0.1446700507614213 0.01 0.027918781725888322
4 0.48428571428571426 0.14022842639593908 0.01 0.021573604060913704
4 0.5742857142857143 0.04695431472081218 0.01 0.02284263959390863
3 0.5535714285714286 0.04885786802030456 0.01 0.019035532994923856
3 0.5257142857142857 0.008248730964467004 0.01 0.016497461928934008
3 0.5132142857142857 0.08565989847715735 0.007857142857142858 0.021573604060913704
