3 0.15892857142857142 0.8578680203045684 0.035 0.09898477157360405
3 0.09821428571428571 0.6446700507614213 0.027857142857142858 0.05837563451776649
3 0.06428571428571428 0.5710659898477157 0.022857142857142857 0.04568527918781726
4 0.215 0.5869289340101522 0.024285714285714285 0.06979695431472081
5 0.1732142857142857 0.49365482233502533 0.03214285714285714 0.09898477157360405
4 0.21 0.424492385786802 0.02 0.05456852791878172
3 0.12357142857142857 0.41370558375634514 0.02142857142857143 0.032994923857868015
3 0.1742857142857143 0.3172588832487309 0.015714285714285715 0.03045685279187817
3 0.1975 0.2703045685279188 0.013571428571428571 0.03045685279187817
8 0.105 0.2614213197969543 0.024285714285714285 0.07868020304568528
3 0.13535714285714287 0.2848984771573604 0.013571428571428571 0.026649746192893398
3 0.17214285714285715 0.2626903553299492 0.011428571428571429 0.025380710659898477
3 0.19357142857142856 0.22017766497461927 0.01 0.021573604060913704
3 0.17214285714285715 0.21700507614213196 0.012857142857142857 0.03045685279187817
4 0.19 0.18020304568527917 0.011428571428571429 0.02284263959390863
3 0.43285714285714283 0.5228426395939086 0.022857142857142857 0.035532994923857864
3 0.44785714285714284 0.5780456852791878 0.03428571428571429 0.03934010152284264
3 0.44107142857142856 0.6288071065989848 0.03214285714285714 0.052030456852791875
4 0.5114285714285715 0.5222081218274112 0.024285714285714285 0.04441624365482233
4 0.3692857142857143 0.3680203045685279 0.02 0.035532994923857864
3 0.66 0.9321065989847716 0.04428571428571428 0.08248730964467005
3 0.6546428571428572 0.6916243654822335 0.047857142857142855 0.032994923857868015
3 0.6557142857142857 0.6624365482233502 0.04428571428571428 0.027918781725888322
3 0.6664285714285715 0.6370558375634517 0.04857142857142857 0.035532994923857864
3 0.7307142857142858 0.6211928934010151 0.04285714285714286 0.03426395939086294
4 0.6842857142857143 0.5666243654822335 0.03571428571428571 0.03934010152284264
3 0.8010714285714285 0.5253807106598984 0.029285714285714286 0.032994923857868015
3 0.8067857142857143 0.48477157360406087 0.03785714285714286 0.035532994923857864
3 0.8953571428571429 0.5748730964467005 0.03785714285714286 0.035532994923857864
3 0.8546428571428571 0.5881979695431472 0.039285714285714285 0.04441624365482233
3 0.8421428571428572 0.5678934010152283 0.032857142857142856 0.03680203045685279
3 0.8635714285714285 0.5475888324873096 0.03428571428571429 0.031725888324873094
3 0.8510714285714286 0.5310913705583756 0.035 0.024111675126903553
3 0.8325 0.515228426395939 0.030714285714285715 0.03045685279187817
3 0.5314285714285715 0.24682741116751267 0.018571428571428572 0.016497461928934008
3 0.3442857142857143 0.37499999999999994 0.015714285714285715 0.026649746192893398
3 0.36142857142857143 0.2696700507614213 0.025714285714285714 0.021573604060913704
3 0.18964285714285714 0.1516497461928934 0.009285714285714286 0.016497461928934008
3 0.17285714285714285 0.15609137055837563 0.01 0.02030456852791878
3 0.15035714285714286 0.13197969543147206 0.007857142857142858 0.015228426395939085
9 0.13535714285714287 0.13007614213197968 0.0064285714285714285 0.013959390862944161
3 0.14142857142857143 0.11104060913705582 0.01 0.016497461928934008
3 0.15928571428571428 0.09835025380710659 0.008571428571428572 0.013959390862944161
5 0.23892857142857143 0.20685279187817257 0.010714285714285714 0.027918781725888322
3 0.19 0.12753807106598983 0.008571428571428572 0.013959390862944161
3 0.19428571428571428 0.10786802030456852 0.007142857142857143 0.015228426395939085
3 0.17464285714285716 0.12055837563451775 0.009285714285714286 0.02030456852791878
3 0.18321428571428572 0.08565989847715735 0.007857142857142858 0.016497461928934008
3 0.17464285714285716 0.06218274111675126 0.0064285714285714285 0.012690355329949238
3 0.16 0.07360406091370558 0.007142857142857143 0.012690355329949238
3 0.18892857142857142 0.03616751269035533 0.0064285714285714285 0.011421319796954314
3 0.17607142857142857 0.04187817258883248 0.007857142857142858 0.01015228426395939
3 0.15321428571428572 0.009517766497461928 0.0064285714285714285 0.011421319796954314
3 0.14785714285714285 0.01967005076142132 0.007142857142857143 0.016497461928934008
8 0.1417857142857143 0.03934010152284264 0.010714285714285714 0.027918781725888322
8 0.09928571428571428 0.048223350253807105 0.012857142857142857 0.025380710659898477
3 0.7139285714285715 0.15418781725888323 0.016428571428571428 0.016497461928934008
5 0.7907142857142857 0.274746192893401 0.04 0.06472081218274112
3 0.029285714285714286 0.43908629441624364 0.024285714285714285 0.03045685279187817
4 0.0125 0.47715736040609136 0.019285714285714285 0.03807106598984771
3 0.6889285714285714 0.5126903553299492 0.02214285714285714 0.027918781725888322
0 0.4853571428571429 0.5190355329949238 0.0064285714285714285 0.02284263959390863
0 0.44642857142857145 0.6364213197969543 0.01 0.026649746192893398
3 0.415 0.6681472081218274 0.041428571428571426 0.03934010152284264
4 0.43464285714285716 0.30837563451776645 0.017857142857142856 0.03045685279187817
3 0.5278571428571428 0.22208121827411165 0.015714285714285715 0.017766497461928932
3 0.5403571428571429 0.22017766497461927 0.015 0.019035532994923856
3 0.5496428571428571 0.21637055837563451 0.016428571428571428 0.019035532994923856
3 0.6957142857142857 0.14784263959390861 0.014285714285714285 0.013959390862944161
3 0.6910714285714286 0.14403553299492386 0.015 0.013959390862944161
3 0.6696428571428571 0.09581218274111675 0.012142857142857143 0.013959390862944161
3 0.6764285714285714 0.09327411167512689 0.015714285714285715 0.013959390862944161
3 0.6764285714285714 0.13451776649746192 0.015714285714285715 0.012690355329949238
