3 0.43714285714285717 0.28553299492385786 0.014285714285714285 0.03807106598984771
3 0.5264285714285715 0.1548223350253807 0.012857142857142857 0.032994923857868015
3 0.5128571428571429 0.09644670050761421 0.011428571428571429 0.027918781725888322
8 0.5825 0.8204314720812182 0.035 0.14593908629441624
4 0.5 0.6687817258883249 0.018571428571428572 0.07868020304568528
4 0.6357142857142857 0.4758883248730964 0.02 0.06345177664974619
4 0.6703571428571429 0.26903553299492383 0.03214285714285714 0.032994923857868015
4 0.7314285714285714 0.2595177664974619 0.032857142857142856 0.029187817258883246
3 0.7739285714285714 0.25444162436548223 0.030714285714285715 0.024111675126903553
3 0.7782142857142857 0.27538071065989844 0.029285714285714286 0.025380710659898477
4 0.8996428571428572 0.23350253807106597 0.03357142857142857 0.03045685279187817
3 0.9671428571428572 0.37182741116751267 0.04 0.025380710659898477
3 0.9564285714285714 0.2379441624365482 0.027142857142857142 0.021573604060913704
3 0.9307142857142857 0.22906091370558374 0.025714285714285714 0.021573604060913704
3 0.9653571428571428 0.2214467005076142 0.03214285714285714 0.019035532994923856
4 0.43 0.048223350253807105 0.011428571428571429 0.025380710659898477
0 0.3539285714285714 0.2182741116751269 0.005 0.015228426395939085
0 0.37607142857142856 0.09961928934010152 0.0035714285714285713 0.016497461928934008
0 0.44857142857142857 0.014593908629441623 0.002857142857142857 0.013959390862944161
0 0.4517857142857143 0.016497461928934008 0.0035714285714285713 0.012690355329949238
3 0.8007142857142857 0.5456852791878172 0.022857142857142857 0.048223350253807105
