0 0.4345 0.7906666666666666 0.018000000000000002 0.06133333333333333
0 0.43025 0.7473333333333333 0.0185 0.04666666666666666
0 0.43525 0.724 0.0105 0.052
1 0.4015 0.6906666666666667 0.021 0.04533333333333333
1 0.3575 0.6629999999999999 0.026000000000000002 0.041999999999999996
0 0.49475 0.491 0.0075 0.03
0 0.44875 0.5556666666666666 0.0105 0.035333333333333335
0 0.47475 0.5643333333333334 0.0115 0.03933333333333333
0 0.4805 0.5606666666666666 0.017 0.03733333333333333
0 0.47600000000000003 0.5579999999999999 0.014 0.034666666666666665
3 0.97 0.47333333333333333 0.057 0.025333333333333333
3 0.9705 0.46266666666666667 0.058 0.026666666666666665
3 0.90225 0.4343333333333333 0.043500000000000004 0.022
3 0.80775 0.49766666666666665 0.0445 0.03133333333333333
3 0.81675 0.46166666666666667 0.0535 0.02333333333333333
5 0.7985 0.42733333333333334 0.054 0.034666666666666665
0 0.7495 0.41666666666666663 0.004 0.017333333333333333
3 0.747 0.46066666666666667 0.053 0.024
0 0.7987500000000001 0.46099999999999997 0.0125 0.02733333333333333
0 0.79625 0.46166666666666667 0.0095 0.024666666666666667
0 0.5985 0.5076666666666666 0.008 0.033999999999999996
3 0.644 0.4603333333333333 0.051000000000000004 0.024666666666666667
3 0.57875 0.46066666666666667 0.0505 0.024
3 0.52125 0.46066666666666667 0.0485 0.024
6 0.497 0.444 0.028 0.013333333333333332
0 0.45775 0.37766666666666665 0.0035 0.012666666666666666
0 0.47025 0.3783333333333333 0.0035 0.011333333333333332
3 0.30825 0.4413333333333333 0.0425 0.02
3 0.25125000000000003 0.4533333333333333 0.0465 0.022666666666666665
3 0.20875 0.411 0.0265 0.019333333333333334
0 0.40850000000000003 0.357 0.003 0.008666666666666666
0 0.41225 0.357 0.0025 0.008666666666666666
2 0.07475 0.407 0.0055 0.011333333333333332
5 0.0385 0.4056666666666667 0.045 0.02333333333333333
3 0.11925000000000001 0.41966666666666663 0.0265 0.019333333333333334
3 0.10350000000000001 0.3963333333333333 0.021 0.015333333333333332
3 0.09725 0.387 0.0245 0.012666666666666666
1 0.10375000000000001 0.4036666666666667 0.006500000000000001 0.011333333333333332
1 0.10725 0.4043333333333333 0.0055 0.01
1 0.111 0.4066666666666667 0.007 0.012
9 0.11175 0.41 0.0085 0.009333333333333332
9 0.1085 0.409 0.01 0.01
9 0.10625 0.407 0.0095 0.01
3 0.14250000000000002 0.37966666666666665 0.02 0.01
3 0.1405 0.387 0.021 0.011333333333333332
4 0.31525000000000003 0.40399999999999997 0.0135 0.02
3 0.191 0.3753333333333333 0.025 0.012
3 0.27 0.36233333333333334 0.016 0.008666666666666666
3 0.28325 0.359 0.0145 0.008666666666666666
3 0.37675000000000003 0.32966666666666666 0.0085 0.004666666666666666
