4 0.38321428571428573 0.035238095238095235 0.029285714285714286 0.06666666666666667
3 0.5225 0.07238095238095238 0.025 0.08761904761904762
3 0.5189285714285714 0.1895238095238095 0.03214285714285714 0.10285714285714286
3 0.5146428571428572 0.31333333333333335 0.029285714285714286 0.10095238095238095
3 0.5228571428571429 0.4357142857142857 0.032857142857142856 0.11142857142857143
5 0.38571428571428573 0.37523809523809526 0.03571428571428571 0.10857142857142857
3 0.5217857142857143 0.6852380952380952 0.03642857142857143 0.11333333333333333
3 0.5221428571428571 0.8371428571428572 0.037142857142857144 0.1219047619047619
3 0.36607142857142855 0.8557142857142858 0.03785714285714286 0.10952380952380952
4 0.3682142857142857 0.7042857142857143 0.03642857142857143 0.10952380952380952
3 0.3692857142857143 0.5742857142857143 0.037142857142857144 0.10857142857142857
4 0.30785714285714283 0.47 0.03571428571428571 0.1
4 0.3082142857142857 0.589047619047619 0.03214285714285714 0.1019047619047619
9 0.23714285714285716 0.01380952380952381 0.025714285714285714 0.025714285714285714
9 0.3425 0.05285714285714286 0.027857142857142858 0.021904761904761906
9 0.33464285714285713 0.06761904761904762 0.025 0.01904761904761905
9 0.3357142857142857 0.09142857142857143 0.02857142857142857 0.026666666666666665
9 0.22178571428571428 0.11285714285714285 0.020714285714285713 0.035238095238095235
9 0.23464285714285715 0.18904761904761905 0.03214285714285714 0.02
9 0.2307142857142857 0.21 0.03 0.02
0 0.2557142857142857 0.23 0.008571428571428572 0.010476190476190476
9 0.2914285714285714 0.2419047619047619 0.01 0.03428571428571429
1 0.2892857142857143 0.23714285714285716 0.01 0.01904761904761905
0 0.2782142857142857 0.2019047619047619 0.012142857142857143 0.02095238095238095
0 0.30357142857142855 0.22333333333333333 0.011428571428571429 0.021904761904761906
0 0.34035714285714286 0.13333333333333333 0.007857142857142858 0.01904761904761905
9 0.21571428571428572 0.4319047619047619 0.018571428571428572 0.037142857142857144
0 0.2692857142857143 0.4657142857142857 0.014285714285714285 0.015238095238095238
0 0.27535714285714286 0.4623809523809524 0.015 0.021904761904761906
1 0.3357142857142857 0.690952380952381 0.011428571428571429 0.02761904761904762
0 0.26035714285714284 0.9385714285714286 0.017857142857142856 0.03333333333333333
0 0.2671428571428571 0.8766666666666667 0.01 0.03142857142857143
9 0.21142857142857144 0.8019047619047619 0.03142857142857143 0.015238095238095238
9 0.235 0.8042857142857143 0.025714285714285714 0.014285714285714285
9 0.21785714285714286 0.7847619047619048 0.02857142857142857 0.01904761904761905
9 0.20607142857142857 0.7676190476190476 0.03214285714285714 0.015238095238095238
