0 0.285 0.2319047619047619 0.01 0.040952380952380955
0 0.3246428571428571 0.24714285714285714 0.013571428571428571 0.040952380952380955
0 0.36178571428571427 0.2419047619047619 0.0064285714285714285 0.03619047619047619
0 0.425 0.21142857142857144 0.008571428571428572 0.03238095238095238
0 0.45964285714285713 0.2671428571428571 0.012142857142857143 0.037142857142857144
0 0.49892857142857144 0.27714285714285714 0.016428571428571428 0.03619047619047619
0 0.5067857142857143 0.3580952380952381 0.015 0.0419047619047619
0 0.4932142857142857 0.3638095238095238 0.012142857142857143 0.0380952380952381
0 0.5271428571428571 0.4895238095238095 0.014285714285714285 0.045714285714285714
0 0.5071428571428571 0.4876190476190476 0.015714285714285715 0.04380952380952381
0 0.43107142857142855 0.5914285714285714 0.016428571428571428 0.0419047619047619
0 0.37464285714285717 0.6390476190476191 0.013571428571428571 0.0419047619047619
0 0.3807142857142857 0.6142857142857143 0.015714285714285715 0.04
0 0.43142857142857144 0.7871428571428571 0.017142857142857144 0.058095238095238096
0 0.4067857142857143 0.7623809523809524 0.019285714285714285 0.05238095238095238
0 0.6196428571428572 0.15714285714285714 0.007857142857142858 0.024761904761904763
0 0.6339285714285714 0.16428571428571428 0.0064285714285714285 0.02
0 0.6253571428571428 0.14952380952380953 0.005 0.01904761904761905
0 0.6339285714285714 0.14904761904761904 0.0064285714285714285 0.018095238095238095
0 0.6489285714285714 0.1595238095238095 0.0064285714285714285 0.025714285714285714
0 0.6414285714285715 0.15333333333333332 0.004285714285714286 0.02095238095238095
0 0.6353571428571428 0.14142857142857143 0.005 0.01619047619047619
0 0.6446428571428572 0.14523809523809525 0.0064285714285714285 0.01619047619047619
0 0.6596428571428572 0.15619047619047619 0.007857142857142858 0.024761904761904763
0 0.6717857142857143 0.1538095238095238 0.007857142857142858 0.02761904761904762
0 0.6825 0.15095238095238095 0.012142857142857143 0.021904761904761906
0 0.6939285714285715 0.14904761904761904 0.007857142857142858 0.02
0 0.7060714285714286 0.1461904761904762 0.007857142857142858 0.02
0 0.7210714285714286 0.1457142857142857 0.007857142857142858 0.026666666666666665
0 0.7321428571428571 0.14285714285714285 0.011428571428571429 0.01904761904761905
0 0.7407142857142857 0.14523809523809525 0.005714285714285714 0.023809523809523808
0 0.7485714285714286 0.14333333333333334 0.008571428571428572 0.018095238095238095
0 0.76 0.14523809523809525 0.005714285714285714 0.023809523809523808
0 0.7728571428571429 0.14476190476190476 0.008571428571428572 0.024761904761904763
0 0.7889285714285714 0.14238095238095239 0.007857142857142858 0.02
0 0.8064285714285714 0.15 0.011428571428571429 0.029523809523809525
0 0.8157142857142857 0.14 0.011428571428571429 0.02857142857142857
0 0.8314285714285714 0.13952380952380952 0.008571428571428572 0.023809523809523808
0 0.8625 0.14476190476190476 0.007857142857142858 0.022857142857142857
0 0.8728571428571429 0.1619047619047619 0.01 0.026666666666666665
0 0.8957142857142857 0.15 0.01 0.025714285714285714
0 0.9139285714285714 0.1538095238095238 0.010714285714285714 0.021904761904761906
0 0.9321428571428572 0.1580952380952381 0.007142857142857143 0.02857142857142857
0 0.9614285714285714 0.1657142857142857 0.008571428571428572 0.03238095238095238
0 0.9821428571428571 0.1719047619047619 0.01 0.025714285714285714
0 0.9932142857142857 0.17809523809523808 0.005 0.017142857142857144
0 0.9942857142857143 0.16857142857142857 0.007142857142857143 0.02095238095238095
0 0.9928571428571429 0.2557142857142857 0.011428571428571429 0.029523809523809525
