9 0.0064285714285714285 0.9777918781725887 0.012857142857142857 0.04187817258883248
9 0.021785714285714287 0.9746192893401014 0.023571428571428573 0.048223350253807105
9 0.03357142857142857 0.9651015228426395 0.025714285714285714 0.05456852791878172
9 0.0525 0.9378172588832486 0.023571428571428573 0.05837563451776649
9 0.06857142857142857 0.9302030456852791 0.02142857142857143 0.053299492385786795
9 0.07678571428571429 0.9118020304568527 0.02642857142857143 0.05710659898477157
9 0.09357142857142857 0.9060913705583755 0.02 0.053299492385786795
9 0.11607142857142858 0.8749999999999999 0.025 0.05710659898477157
9 0.12571428571428572 0.8623096446700507 0.018571428571428572 0.05456852791878172
9 0.1417857142857143 0.8502538071065989 0.017857142857142856 0.055837563451776644
0 0.029642857142857144 0.9003807106598984 0.015 0.031725888324873094
0 0.1417857142857143 0.7658629441624365 0.016428571428571428 0.03680203045685279
8 0.22357142857142856 0.7677664974619288 0.11571428571428571 0.149746192893401
0 0.3092857142857143 0.9670050761421319 0.01 0.032994923857868015
0 0.38107142857142856 0.8845177664974618 0.007857142857142858 0.032994923857868015
0 0.4542857142857143 0.748730964467005 0.007142857142857143 0.032994923857868015
0 0.5185714285714286 0.7043147208121827 0.01 0.03045685279187817
0 0.5871428571428572 0.625 0.005714285714285714 0.029187817258883246
0 0.5932142857142857 0.5951776649746192 0.009285714285714286 0.03045685279187817
9 0.5025 0.8039340101522842 0.010714285714285714 0.04441624365482233
0 0.5421428571428571 0.8813451776649746 0.007142857142857143 0.024111675126903553
1 0.7228571428571429 0.9486040609137055 0.018571428571428572 0.016497461928934008
0 0.7725 0.17956852791878172 0.0064285714285714285 0.021573604060913704
0 0.7807142857142857 0.17893401015228425 0.005714285714285714 0.02030456852791878
0 0.6192857142857143 0.2906091370558375 0.004285714285714286 0.02284263959390863
0 0.6253571428571428 0.28870558375634514 0.005 0.024111675126903553
0 0.6503571428571429 0.29378172588832485 0.007857142857142858 0.024111675126903553
0 0.6914285714285714 0.2442893401015228 0.005714285714285714 0.024111675126903553
0 0.8007142857142857 0.15672588832487308 0.005714285714285714 0.019035532994923856
4 0.8778571428571429 0.12753807106598983 0.022857142857142857 0.03680203045685279
8 0.8382142857142857 0.15291878172588833 0.05928571428571429 0.07741116751269035
8 0.7317857142857143 0.2506345177664974 0.07214285714285715 0.09771573604060912
3 0.7742857142857142 0.22271573604060912 0.024285714285714285 0.029187817258883246
3 0.8014285714285714 0.2017766497461929 0.024285714285714285 0.027918781725888322
3 0.6167857142857143 0.4378172588832487 0.04357142857142857 0.050761421319796954
8 0.5907142857142857 0.3946700507614213 0.06714285714285714 0.08629441624365482
8 0.49785714285714283 0.49048223350253806 0.07571428571428572 0.10025380710659898
0 0.47285714285714286 0.47208121827411165 0.005714285714285714 0.035532994923857864
0 0.4707142857142857 0.4606598984771573 0.007142857142857143 0.027918781725888322
8 0.3707142857142857 0.6173857868020304 0.12714285714285714 0.1713197969543147
0 0.4014285714285714 0.4911167512690355 0.005714285714285714 0.02284263959390863
0 0.0075 0.6199238578680203 0.013571428571428571 0.03426395939086294
0 0.014642857142857143 0.6199238578680203 0.012142857142857143 0.031725888324873094
0 0.12571428571428572 0.5926395939086294 0.007142857142857143 0.02284263959390863
0 0.135 0.5888324873096447 0.005714285714285714 0.017766497461928932
0 0.1382142857142857 0.5869289340101522 0.0064285714285714285 0.026649746192893398
0 0.13357142857142856 0.5596446700507614 0.005714285714285714 0.02284263959390863
0 0.1417857142857143 0.5076142131979695 0.0064285714285714285 0.02030456852791878
0 0.12321428571428572 0.5145939086294415 0.0064285714285714285 0.021573604060913704
0 0.12785714285714286 0.5114213197969543 0.007142857142857143 0.02284263959390863
3 0.19285714285714287 0.47969543147208116 0.02142857142857143 0.048223350253807105
4 0.19392857142857142 0.3261421319796954 0.019285714285714285 0.04060913705583756
4 0.295 0.34010152284263956 0.02142857142857143 0.053299492385786795
4 0.3171428571428571 0.3032994923857868 0.018571428571428572 0.04060913705583756
4 0.31214285714285717 0.2639593908629441 0.015714285714285715 0.04060913705583756
4 0.305 0.2151015228426396 0.017142857142857144 0.04441624365482233
4 0.29285714285714287 0.18020304568527917 0.018571428571428572 0.04060913705583756
4 0.24142857142857144 0.10659898477157359 0.02857142857142857 0.025380710659898477
0 0.3132142857142857 0.1630710659898477 0.0035714285714285713 0.021573604060913704
0 0.027142857142857142 0.11104060913705582 0.005714285714285714 0.016497461928934008
0 0.03428571428571429 0.13007614213197968 0.005714285714285714 0.016497461928934008
0 0.03785714285714286 0.12373096446700507 0.004285714285714286 0.013959390862944161
0 0.04392857142857143 0.13071065989847716 0.0035714285714285713 0.017766497461928932
0 0.10178571428571428 0.2531725888324873 0.005 0.021573604060913704
0 0.11428571428571428 0.24238578680203043 0.007142857142857143 0.017766497461928932
1 0.22428571428571428 0.20050761421319796 0.004285714285714286 0.015228426395939085
9 0.225 0.20431472081218272 0.008571428571428572 0.02284263959390863
3 0.24964285714285714 0.21319796954314718 0.019285714285714285 0.035532994923857864
3 0.2717857142857143 0.15672588832487308 0.017857142857142856 0.031725888324873094
5 0.21892857142857142 0.08058375634517766 0.025 0.04441624365482233
5 0.19857142857142857 0.05012690355329949 0.027142857142857142 0.04187817258883248
5 0.18785714285714286 0.10977157360406091 0.027142857142857142 0.05456852791878172
4 0.039285714285714285 0.01015228426395939 0.015714285714285715 0.02030456852791878
4 0.08928571428571429 0.03680203045685279 0.014285714285714285 0.02284263959390863
4 0.13964285714285715 0.027918781725888322 0.013571428571428571 0.025380710659898477
9 0.5675 0.9866751269035532 0.012142857142857143 0.024111675126903553
9 0.5789285714285715 0.9841370558375634 0.015 0.029187817258883246
