0 0.5642857142857143 0.5504761904761905 0.012857142857142857 0.06857142857142857
0 0.6117857142857143 0.48523809523809525 0.020714285714285713 0.06190476190476191
0 0.5446428571428571 0.3619047619047619 0.010714285714285714 0.04
0 0.5871428571428572 0.3109523809523809 0.011428571428571429 0.037142857142857144
0 0.4860714285714286 0.33095238095238094 0.007857142857142858 0.03333333333333333
0 0.4760714285714286 0.32476190476190475 0.010714285714285714 0.03238095238095238
0 0.48 0.30428571428571427 0.008571428571428572 0.035238095238095235
0 0.4367857142857143 0.31238095238095237 0.012142857142857143 0.03619047619047619
0 0.4253571428571429 0.31333333333333335 0.010714285714285714 0.024761904761904763
0 0.37142857142857144 0.3157142857142857 0.01 0.035238095238095235
0 0.38107142857142856 0.3171428571428571 0.013571428571428571 0.03238095238095238
0 0.43 0.2719047619047619 0.011428571428571429 0.03142857142857143
0 0.2571428571428571 0.3314285714285714 0.012857142857142857 0.03619047619047619
2 0.32071428571428573 0.31666666666666665 0.024285714285714285 0.025714285714285714
0 0.32357142857142857 0.28476190476190477 0.012857142857142857 0.03238095238095238
0 0.32857142857142857 0.28285714285714286 0.011428571428571429 0.030476190476190476
0 0.2417857142857143 0.3038095238095238 0.015 0.03619047619047619
0 0.2092857142857143 0.29619047619047617 0.01 0.030476190476190476
0 0.22035714285714286 0.29285714285714287 0.016428571428571428 0.035238095238095235
0 0.2332142857142857 0.2947619047619048 0.010714285714285714 0.03142857142857143
0 0.2475 0.2947619047619048 0.010714285714285714 0.029523809523809525
0 0.24571428571428572 0.2923809523809524 0.007142857142857143 0.03238095238095238
0 0.46285714285714286 0.2361904761904762 0.008571428571428572 0.03428571428571429
0 0.44142857142857145 0.23285714285714285 0.008571428571428572 0.03333333333333333
0 0.4857142857142857 0.23952380952380953 0.008571428571428572 0.029523809523809525
0 0.4807142857142857 0.22952380952380952 0.005714285714285714 0.02857142857142857
0 0.42142857142857143 0.23047619047619047 0.007142857142857143 0.02857142857142857
1 0.2692857142857143 0.3404761904761905 0.011428571428571429 0.03142857142857143
1 0.27214285714285713 0.3376190476190476 0.012857142857142857 0.03333333333333333
1 0.29678571428571426 0.34904761904761905 0.012142857142857143 0.029523809523809525
1 0.3057142857142857 0.3461904761904762 0.014285714285714285 0.03142857142857143
1 0.305 0.3223809523809524 0.012857142857142857 0.03142857142857143
0 0.2907142857142857 0.3171428571428571 0.011428571428571429 0.03619047619047619
1 0.3485714285714286 0.26761904761904765 0.011428571428571429 0.02095238095238095
1 0.4117857142857143 0.2866666666666667 0.015 0.022857142857142857
1 0.41 0.3028571428571429 0.011428571428571429 0.024761904761904763
