0 0.7192857142857143 0.6671428571428571 0.02857142857142857 0.054285714285714284
0 0.6367857142857143 0.9319047619047619 0.039285714285714285 0.07333333333333333
3 0.6617857142857143 0.13095238095238096 0.0035714285714285713 0.006666666666666666
3 0.6582142857142858 0.13523809523809524 0.0035714285714285713 0.005714285714285714
3 0.6546428571428572 0.13857142857142857 0.0035714285714285713 0.006666666666666666
3 0.6467857142857143 0.14761904761904762 0.005 0.007619047619047619
3 0.68 0.1180952380952381 0.004285714285714286 0.007619047619047619
3 0.6860714285714286 0.11 0.0035714285714285713 0.006666666666666666
3 0.6975 0.10142857142857142 0.005 0.006666666666666666
3 0.6871428571428572 0.11666666666666667 0.004285714285714286 0.004761904761904762
4 0.6789285714285714 0.12476190476190477 0.005 0.007619047619047619
3 0.6803571428571429 0.13095238095238096 0.005 0.008571428571428572
5 0.6892857142857143 0.12571428571428572 0.01 0.015238095238095238
3 0.6932142857142857 0.11428571428571428 0.005 0.007619047619047619
3 0.7007142857142857 0.10666666666666666 0.005714285714285714 0.007619047619047619
3 0.7014285714285714 0.11904761904761904 0.007142857142857143 0.011428571428571429
3 0.7060714285714286 0.12285714285714286 0.007857142857142858 0.009523809523809525
5 0.6992857142857143 0.16238095238095238 0.014285714285714285 0.023809523809523808
3 0.7182142857142857 0.1442857142857143 0.012142857142857143 0.018095238095238095
3 0.7310714285714286 0.1461904761904762 0.012142857142857143 0.018095238095238095
3 0.7625 0.21619047619047618 0.023571428571428573 0.030476190476190476
3 0.7214285714285714 0.24333333333333335 0.017142857142857144 0.029523809523809525
3 0.7310714285714286 0.29714285714285715 0.023571428571428573 0.03619047619047619
3 0.8289285714285715 0.2780952380952381 0.04214285714285714 0.04380952380952381
3 0.7517857142857143 0.3457142857142857 0.035 0.049523809523809526
3 0.7014285714285714 0.3861904761904762 0.03142857142857143 0.04857142857142857
3 0.9717857142857143 0.4104761904761905 0.056428571428571425 0.09142857142857143
5 0.8292857142857143 0.5771428571428572 0.10571428571428572 0.17714285714285713
3 0.6539285714285714 0.1580952380952381 0.005 0.007619047619047619
3 0.65 0.16857142857142857 0.007142857142857143 0.009523809523809525
3 0.6307142857142857 0.19142857142857142 0.005714285714285714 0.005714285714285714
3 0.6285714285714286 0.19857142857142857 0.007142857142857143 0.008571428571428572
3 0.6271428571428571 0.20238095238095238 0.007142857142857143 0.008571428571428572
3 0.625 0.20809523809523808 0.007142857142857143 0.008571428571428572
3 0.6221428571428571 0.21571428571428572 0.007142857142857143 0.010476190476190476
3 0.6203571428571428 0.2219047619047619 0.0064285714285714285 0.009523809523809525
3 0.62 0.2276190476190476 0.007142857142857143 0.009523809523809525
3 0.6167857142857143 0.23285714285714285 0.0064285714285714285 0.010476190476190476
3 0.6092857142857143 0.24571428571428572 0.01 0.017142857142857144
3 0.6142857142857143 0.24428571428571427 0.008571428571428572 0.012380952380952381
3 0.6114285714285714 0.22714285714285715 0.007142857142857143 0.008571428571428572
0 0.6157142857142857 0.2057142857142857 0.002857142857142857 0.005714285714285714
3 0.6303571428571428 0.2119047619047619 0.007857142857142858 0.008571428571428572
3 0.6292857142857143 0.22142857142857142 0.008571428571428572 0.014285714285714285
3 0.6253571428571428 0.2342857142857143 0.010714285714285714 0.015238095238095238
3 0.6210714285714286 0.2480952380952381 0.010714285714285714 0.014285714285714285
3 0.6185714285714285 0.26142857142857145 0.011428571428571429 0.02
4 0.6 0.25666666666666665 0.012857142857142857 0.014285714285714285
0 0.6053571428571428 0.24571428571428572 0.0035714285714285713 0.005714285714285714
0 0.6089285714285714 0.2423809523809524 0.0035714285714285713 0.004761904761904762
0 0.6025 0.2523809523809524 0.005 0.007619047619047619
0 0.5928571428571429 0.2604761904761905 0.004285714285714286 0.006666666666666666
0 0.5892857142857143 0.2633333333333333 0.004285714285714286 0.006666666666666666
3 0.5942857142857143 0.2714285714285714 0.015714285714285715 0.017142857142857144
3 0.6025 0.27 0.010714285714285714 0.012380952380952381
3 0.6 0.27904761904761904 0.01 0.015238095238095238
3 0.6103571428571428 0.28285714285714286 0.013571428571428571 0.022857142857142857
3 0.5967857142857143 0.29095238095238096 0.012142857142857143 0.01619047619047619
3 0.5896428571428571 0.3038095238095238 0.010714285714285714 0.017142857142857144
3 0.5992857142857143 0.31523809523809526 0.015714285714285715 0.026666666666666665
3 0.5839285714285715 0.32666666666666666 0.015 0.024761904761904763
3 0.6042857142857143 0.3842857142857143 0.02142857142857143 0.039047619047619046
1 0.5417857142857143 0.37714285714285717 0.0064285714285714285 0.009523809523809525
2 0.5446428571428571 0.38095238095238093 0.0064285714285714285 0.011428571428571429
3 0.5742857142857143 0.44047619047619047 0.02142857142857143 0.039047619047619046
3 0.5564285714285714 0.4838095238095238 0.02857142857142857 0.05142857142857143
1 0.5510714285714285 0.44 0.007857142857142858 0.011428571428571429
9 0.5525 0.4442857142857143 0.009285714285714286 0.018095238095238095
3 0.5442857142857143 0.5376190476190477 0.03142857142857143 0.06190476190476191
3 0.5242857142857142 0.6271428571428571 0.03428571428571429 0.07142857142857142
3 0.49714285714285716 0.71 0.04857142857142857 0.10380952380952381
3 0.5575 0.829047619047619 0.04928571428571429 0.14
3 0.4932142857142857 0.9019047619047619 0.062142857142857146 0.14285714285714285
3 0.4546428571428571 0.861904761904762 0.06357142857142857 0.14095238095238094
3 0.5296428571428572 0.9595238095238096 0.07214285714285715 0.08095238095238096
3 0.37464285714285717 0.9647619047619047 0.06357142857142857 0.07047619047619047
3 0.4025 0.969047619047619 0.06642857142857143 0.06190476190476191
