4 0.2048538622129436 0.3817254174397032 0.05480167014613778 0.039888682745825604
9 0.17197286012526095 0.2764378478664193 0.013048016701461376 0.04267161410018553
3 0.26774530271398744 0.37708719851576994 0.06680584551148225 0.05473098330241188
9 0.3431628392484342 0.3205009276437848 0.008872651356993735 0.045454545454545456
9 0.337160751565762 0.27365491651205937 0.008350730688935281 0.03896103896103896
3 0.386482254697286 0.3719851576994434 0.06315240083507306 0.05380333951762523
9 0.5130480167014613 0.28385899814471244 0.009394572025052192 0.04267161410018553
9 0.5193110647181628 0.23469387755102042 0.008350730688935281 0.03710575139146568
0 0.5198329853862212 0.3826530612244898 0.008350730688935281 0.013914656771799629
7 0.5487995824634655 0.3455473098330241 0.04540709812108559 0.026901669758812616
9 0.6497912317327765 0.23283858998144713 0.010438413361169102 0.04267161410018553
9 0.7184237995824634 0.32838589981447125 0.028705636743215027 0.022263450834879406
0 0.7964509394572025 0.32884972170686455 0.014613778705636741 0.02504638218923933
1 0.8024530271398747 0.33487940630797774 0.015135699373695197 0.02411873840445269
3 0.9637265135699373 0.3320964749536178 0.07150313152400835 0.055658627087198514
1 0.8248956158663883 0.31539888682745826 0.0057411273486430055 0.014842300556586271
1 0.8165448851774529 0.313543599257885 0.012004175365344467 0.01855287569573284
1 0.8204592901878913 0.33116883116883117 0.009394572025052192 0.014842300556586271
1 0.8121085594989561 0.3423005565862709 0.009394572025052192 0.020408163265306124
1 0.8118475991649269 0.30009276437847865 0.012004175365344467 0.013914656771799629
1 0.8045407098121085 0.31215213358070504 0.008872651356993735 0.015769944341372914
