3 0.6357142857142857 0.7607868020304568 0.022857142857142857 0.05710659898477157
3 0.7060714285714286 0.5057106598984771 0.016428571428571428 0.03680203045685279
3 0.7435714285714285 0.3623096446700507 0.014285714285714285 0.03426395939086294
3 0.7603571428571428 0.2798223350253807 0.013571428571428571 0.029187817258883246
3 0.7482142857142857 0.2595177664974619 0.013571428571428571 0.024111675126903553
3 0.895 0.3210659898477157 0.018571428571428572 0.025380710659898477
3 0.9203571428571429 0.2893401015228426 0.019285714285714285 0.025380710659898477
0 0.9321428571428572 0.2772842639593908 0.004285714285714286 0.011421319796954314
4 0.9478571428571428 0.25571065989847713 0.018571428571428572 0.026649746192893398
3 0.9628571428571429 0.23604060913705582 0.011428571428571429 0.017766497461928932
3 0.9917857142857143 0.20368020304568527 0.015 0.021573604060913704
3 0.98 0.19733502538071065 0.014285714285714285 0.019035532994923856
3 0.9717857142857143 0.1897208121827411 0.013571428571428571 0.021573604060913704
3 0.9060714285714285 0.25507614213197966 0.023571428571428573 0.02030456852791878
3 0.9092857142857143 0.2480964467005076 0.018571428571428572 0.019035532994923856
3 0.9139285714285714 0.2430203045685279 0.02214285714285714 0.021573604060913704
4 0.9189285714285714 0.23286802030456852 0.023571428571428573 0.026649746192893398
3 0.9260714285714285 0.22842639593908629 0.019285714285714285 0.02284263959390863
3 0.9346428571428571 0.22208121827411165 0.020714285714285713 0.02030456852791878
3 0.8910714285714286 0.015862944162436547 0.010714285714285714 0.016497461928934008
3 0.8539285714285715 0.012055837563451776 0.010714285714285714 0.019035532994923856
3 0.8432142857142857 0.22017766497461927 0.025 0.024111675126903553
3 0.2892857142857143 0.482233502538071 0.012857142857142857 0.025380710659898477
3 0.25107142857142856 0.3026649746192893 0.009285714285714286 0.019035532994923856
3 0.26 0.28553299492385786 0.01 0.015228426395939085
3 0.24892857142857142 0.2512690355329949 0.007857142857142858 0.015228426395939085
3 0.23607142857142857 0.23032994923857866 0.007857142857142858 0.013959390862944161
5 0.2382142857142857 0.1947969543147208 0.015 0.03680203045685279
5 0.27785714285714286 0.24746192893401014 0.018571428571428572 0.050761421319796954
4 0.29214285714285715 0.25380710659898476 0.011428571428571429 0.02284263959390863
3 0.3032142857142857 0.25444162436548223 0.009285714285714286 0.021573604060913704
3 0.31464285714285717 0.24936548223350252 0.010714285714285714 0.019035532994923856
3 0.3003571428571429 0.23857868020304568 0.010714285714285714 0.012690355329949238
8 0.2867857142857143 0.2182741116751269 0.010714285714285714 0.03807106598984771
8 0.2785714285714286 0.19352791878172587 0.014285714285714285 0.04695431472081218
8 0.21821428571428572 0.2011421319796954 0.020714285714285713 0.04187817258883248
8 0.21321428571428572 0.17322335025380708 0.016428571428571428 0.03934010152284264
3 0.22142857142857142 0.13769035532994922 0.01 0.021573604060913704
3 0.2689285714285714 0.21383248730964466 0.009285714285714286 0.016497461928934008
3 0.265 0.20050761421319796 0.008571428571428572 0.017766497461928932
3 0.2625 0.1884517766497462 0.009285714285714286 0.016497461928934008
3 0.26071428571428573 0.17322335025380708 0.008571428571428572 0.013959390862944161
3 0.26 0.15926395939086294 0.008571428571428572 0.016497461928934008
3 0.25821428571428573 0.1465736040609137 0.009285714285714286 0.016497461928934008
3 0.25607142857142856 0.13451776649746192 0.009285714285714286 0.015228426395939085
3 0.2625 0.08058375634517766 0.007857142857142858 0.011421319796954314
3 0.24928571428571428 0.05964467005076142 0.008571428571428572 0.015228426395939085
3 0.23892857142857143 0.03045685279187817 0.007857142857142858 0.012690355329949238
3 0.20714285714285716 0.06408629441624365 0.007142857142857143 0.011421319796954314
3 0.22071428571428572 0.048223350253807105 0.008571428571428572 0.012690355329949238
3 0.2175 0.03489847715736041 0.0064285714285714285 0.011421319796954314
3 0.20035714285714284 0.029187817258883246 0.007857142857142858 0.012690355329949238
