0 0.09185803757828809 0.5176252319109462 0.014613778705636741 0.04081632653061225
0 0.1790187891440501 0.5083487940630798 0.013569937369519832 0.027829313543599257
0 0.21633611691022964 0.4842300556586271 0.012004175365344467 0.03896103896103896
0 0.23538622129436323 0.46289424860853434 0.0073068893528183704 0.03153988868274583
0 0.25835073068893527 0.4842300556586271 0.012526096033402922 0.03153988868274583
0 0.27792275574112735 0.45964749536178107 0.006784968684759916 0.03246753246753247
0 0.13883089770354903 0.1901669758812616 0.006263048016701461 0.020408163265306124
0 0.1375260960334029 0.039888682745825604 0.0036534446764091852 0.012987012987012988
0 0.15866388308977034 0.18274582560296845 0.005219206680584551 0.022263450834879406
0 0.15996868475991646 0.18181818181818182 0.004697286012526096 0.022263450834879406
0 0.1390918580375783 0.17161410018552875 0.0036534446764091852 0.016697588126159554
0 0.5394050104384133 0.6150278293135436 0.009916492693110646 0.0463821892393321
0 0.5548016701461377 0.6201298701298701 0.0073068893528183704 0.026901669758812616
0 0.55741127348643 0.6103896103896104 0.008350730688935281 0.029684601113172542
0 0.5438413361169102 0.5848794063079777 0.016701461377870562 0.039888682745825604
0 0.4976513569937369 0.35760667903525045 0.0057411273486430055 0.026901669758812616
0 0.508089770354906 0.35667903525046385 0.006784968684759916 0.03246753246753247
0 0.5052192066805845 0.3529684601113173 0.0041753653444676405 0.0287569573283859
