3 0.03357142857142857 0.7690476190476191 0.06714285714285714 0.12095238095238095
3 0.18535714285714286 0.5047619047619047 0.05071428571428571 0.0838095238095238
3 0.25857142857142856 0.4976190476190476 0.04428571428571428 0.07904761904761905
0 0.15392857142857141 0.559047619047619 0.02214285714285714 0.047619047619047616
3 0.6371428571428571 0.36428571428571427 0.03 0.04666666666666667
3 0.6375 0.3380952380952381 0.025 0.04
3 0.6303571428571428 0.29285714285714287 0.015 0.03333333333333333
3 0.6289285714285714 0.2780952380952381 0.035 0.030476190476190476
3 0.8728571428571429 0.3647619047619048 0.054285714285714284 0.0419047619047619
3 0.975 0.4033333333333333 0.05 0.04476190476190476
4 0.9157142857142857 0.36095238095238097 0.06142857142857143 0.047619047619047616
4 0.9635714285714285 0.3638095238095238 0.04285714285714286 0.03238095238095238
4 0.9885714285714285 0.3619047619047619 0.022857142857142857 0.030476190476190476
9 0.3989285714285714 0.5842857142857143 0.04642857142857143 0.040952380952380955
0 0.7296428571428571 0.8657142857142857 0.029285714285714286 0.06666666666666667
0 0.7428571428571429 0.8609523809523809 0.02142857142857143 0.06666666666666667
0 0.3539285714285714 0.4719047619047619 0.020714285714285713 0.02
0 0.3467857142857143 0.4680952380952381 0.013571428571428571 0.04476190476190476
0 0.22892857142857143 0.3271428571428571 0.012142857142857143 0.02761904761904762
0 0.12178571428571429 0.32761904761904764 0.012142857142857143 0.02857142857142857
0 0.5546428571428571 0.44857142857142857 0.009285714285714286 0.04
0 0.5635714285714286 0.4514285714285714 0.015714285714285715 0.0380952380952381
0 0.7378571428571429 0.3395238095238095 0.01 0.02761904761904762
0 0.7335714285714285 0.3352380952380952 0.011428571428571429 0.026666666666666665
0 0.8939285714285714 0.6585714285714286 0.023571428571428573 0.04666666666666667
1 0.9057142857142857 0.6833333333333333 0.02142857142857143 0.03333333333333333
1 0.2042857142857143 0.2671428571428571 0.01 0.021904761904761906
1 0.32 0.30952380952380953 0.011428571428571429 0.024761904761904763
1 0.7871428571428571 0.259047619047619 0.007142857142857143 0.015238095238095238
1 0.8007142857142857 0.2642857142857143 0.004285714285714286 0.018095238095238095
1 0.8932142857142857 0.20285714285714285 0.0035714285714285713 0.009523809523809525
1 0.5817857142857142 0.30428571428571427 0.007857142857142858 0.02
2 0.5807142857142857 0.3080952380952381 0.007142857142857143 0.023809523809523808
2 0.7857142857142857 0.26666666666666666 0.01 0.013333333333333332
2 0.8939285714285714 0.2061904761904762 0.0064285714285714285 0.010476190476190476
9 0.7989285714285714 0.2695238095238095 0.015 0.013333333333333332
9 0.3196428571428571 0.31476190476190474 0.020714285714285713 0.02
9 0.20392857142857143 0.2695238095238095 0.012142857142857143 0.015238095238095238
9 0.2032142857142857 0.32142857142857145 0.007857142857142858 0.02
9 0.1925 0.32095238095238093 0.010714285714285714 0.022857142857142857
9 0.49785714285714283 0.4033333333333333 0.027142857142857142 0.02761904761904762
9 0.4710714285714286 0.430952380952381 0.030714285714285715 0.023809523809523808
4 0.4182142857142857 0.4642857142857143 0.04214285714285714 0.09238095238095238
4 0.42964285714285716 0.40095238095238095 0.085 0.04380952380952381
2 0.47714285714285715 0.4147619047619048 0.008571428571428572 0.021904761904761906
9 0.3942857142857143 0.379047619047619 0.055714285714285716 0.03428571428571429
6 0.15892857142857142 0.41095238095238096 0.035 0.021904761904761906
0 0.6092857142857143 0.4380952380952381 0.01 0.03619047619047619
0 0.6103571428571428 0.4238095238095238 0.009285714285714286 0.03428571428571429
0 0.7717857142857143 0.3028571428571429 0.005 0.022857142857142857
0 0.6742857142857143 0.28904761904761905 0.007142857142857143 0.023809523809523808
0 0.7392857142857143 0.30238095238095236 0.011428571428571429 0.029523809523809525
0 0.86 0.28285714285714286 0.01 0.022857142857142857
0 0.5310714285714285 0.28095238095238095 0.0064285714285714285 0.026666666666666665
0 0.9032142857142857 0.3171428571428571 0.010714285714285714 0.02095238095238095
0 0.21428571428571427 0.28809523809523807 0.008571428571428572 0.023809523809523808
0 0.21821428571428572 0.28714285714285714 0.005 0.02
0 0.41892857142857143 0.29523809523809524 0.007857142857142858 0.024761904761904763
0 0.3985714285714286 0.29095238095238096 0.008571428571428572 0.021904761904761906
0 0.35714285714285715 0.35619047619047617 0.011428571428571429 0.026666666666666665
0 0.3432142857142857 0.32142857142857145 0.010714285714285714 0.029523809523809525
0 0.3632142857142857 0.32047619047619047 0.007857142857142858 0.029523809523809525
1 0.4735714285714286 0.30047619047619045 0.01 0.02
1 0.4085714285714286 0.2938095238095238 0.008571428571428572 0.021904761904761906
0 0.23357142857142857 0.34714285714285714 0.008571428571428572 0.02761904761904762
3 0.12785714285714286 0.37761904761904763 0.07857142857142857 0.04476190476190476
7 0.25035714285714283 0.27285714285714285 0.02642857142857143 0.029523809523809525
7 0.18357142857142858 0.25142857142857145 0.02857142857142857 0.03238095238095238
0 0.1775 0.25285714285714284 0.007857142857142858 0.01619047619047619
3 0.24392857142857144 0.2538095238095238 0.035 0.021904761904761906
3 0.2092857142857143 0.24285714285714285 0.045714285714285714 0.022857142857142857
4 0.18535714285714286 0.23285714285714285 0.04071428571428572 0.025714285714285714
7 0.3492857142857143 0.28904761904761905 0.037142857142857144 0.039047619047619046
1 0.34285714285714286 0.29333333333333333 0.008571428571428572 0.01904761904761905
7 0.29892857142857143 0.2857142857142857 0.019285714285714285 0.04380952380952381
0 0.8896428571428572 0.16904761904761906 0.0035714285714285713 0.010476190476190476
3 0.8635714285714285 0.11619047619047619 0.005714285714285714 0.007619047619047619
3 0.8489285714285715 0.19857142857142857 0.012142857142857143 0.012380952380952381
3 0.7739285714285714 0.18047619047619048 0.015 0.014285714285714285
3 0.8028571428571428 0.1823809523809524 0.017142857142857144 0.014285714285714285
4 0.9064285714285715 0.16 0.018571428571428572 0.02857142857142857
4 0.7382142857142857 0.23047619047619047 0.020714285714285713 0.024761904761904763
4 0.7621428571428571 0.23476190476190475 0.018571428571428572 0.025714285714285714
3 0.7132142857142857 0.2280952380952381 0.020714285714285713 0.018095238095238095
3 0.7325 0.21285714285714286 0.019285714285714285 0.021904761904761906
3 0.75 0.22095238095238096 0.011428571428571429 0.01904761904761905
3 0.7596428571428572 0.20952380952380953 0.017857142857142856 0.01904761904761905
3 0.7714285714285715 0.22380952380952382 0.014285714285714285 0.02095238095238095
3 0.7535714285714286 0.1519047619047619 0.011428571428571429 0.012380952380952381
3 0.6935714285714286 0.1680952380952381 0.018571428571428572 0.014285714285714285
3 0.3317857142857143 0.1661904761904762 0.020714285714285713 0.01619047619047619
3 0.4182142857142857 0.2 0.020714285714285713 0.017142857142857144
3 0.43964285714285717 0.20238095238095238 0.017857142857142856 0.014285714285714285
3 0.455 0.20523809523809525 0.015714285714285715 0.014285714285714285
3 0.46964285714285714 0.20809523809523808 0.02214285714285714 0.01619047619047619
3 0.5275 0.19380952380952382 0.016428571428571428 0.014285714285714285
3 0.51 0.1895238095238095 0.02142857142857143 0.015238095238095238
3 0.5 0.18904761904761905 0.017142857142857144 0.014285714285714285
3 0.36964285714285716 0.18904761904761905 0.02214285714285714 0.014285714285714285
4 0.3625 0.17857142857142858 0.020714285714285713 0.012380952380952381
4 0.3432142857142857 0.18619047619047618 0.023571428571428573 0.014285714285714285
4 0.4475 0.17857142857142858 0.02642857142857143 0.01619047619047619
4 0.4707142857142857 0.18523809523809523 0.018571428571428572 0.021904761904761906
0 0.3467857142857143 0.20047619047619047 0.0035714285714285713 0.01619047619047619
3 0.5821428571428572 0.19238095238095237 0.02857142857142857 0.01904761904761905
3 0.57 0.1838095238095238 0.018571428571428572 0.015238095238095238
3 0.5571428571428572 0.17238095238095238 0.022857142857142857 0.011428571428571429
3 0.7 0.1680952380952381 0.02 0.010476190476190476
3 0.715 0.16380952380952382 0.008571428571428572 0.009523809523809525
3 0.6910714285714286 0.13476190476190475 0.013571428571428571 0.010476190476190476
3 0.6821428571428572 0.13523809523809524 0.02 0.011428571428571429
3 0.6692857142857143 0.16333333333333333 0.012857142857142857 0.010476190476190476
3 0.6521428571428571 0.1676190476190476 0.02 0.013333333333333332
3 0.6275 0.15904761904761905 0.009285714285714286 0.011428571428571429
3 0.6535714285714286 0.14809523809523809 0.014285714285714285 0.008571428571428572
3 0.6392857142857142 0.16 0.011428571428571429 0.011428571428571429
3 0.6232142857142857 0.17142857142857143 0.015 0.017142857142857144
6 0.5832142857142857 0.16904761904761906 0.012142857142857143 0.018095238095238095
0 0.7532142857142857 0.1757142857142857 0.0035714285714285713 0.006666666666666666
0 0.8089285714285714 0.13904761904761906 0.0035714285714285713 0.011428571428571429
0 0.895 0.14761904761904762 0.002857142857142857 0.007619047619047619
0 0.8992857142857142 0.1519047619047619 0.002857142857142857 0.008571428571428572
3 0.8921428571428571 0.11904761904761904 0.004285714285714286 0.007619047619047619
3 0.8982142857142857 0.10714285714285714 0.005 0.010476190476190476
3 0.8435714285714285 0.1361904761904762 0.005714285714285714 0.007619047619047619
3 0.8321428571428572 0.14285714285714285 0.005714285714285714 0.011428571428571429
3 0.8371428571428572 0.13 0.007142857142857143 0.006666666666666666
8 0.8478571428571429 0.1180952380952381 0.011428571428571429 0.017142857142857144
3 0.8867857142857143 0.11476190476190476 0.0064285714285714285 0.008571428571428572
3 0.8557142857142858 0.11428571428571428 0.005714285714285714 0.005714285714285714
3 0.905 0.11095238095238096 0.005714285714285714 0.006666666666666666
3 0.8339285714285715 0.1138095238095238 0.005 0.006666666666666666
0 0.995 0.2857142857142857 0.005714285714285714 0.009523809523809525
0 0.9975 0.29333333333333333 0.005 0.015238095238095238
0 0.9339285714285714 0.18285714285714286 0.0035714285714285713 0.011428571428571429
