3 0.9470250521920667 0.6103896103896104 0.032881002087682666 0.025974025974025976
3 0.9180584551148224 0.5538033395176253 0.031315240083507306 0.016697588126159554
3 0.9600730688935281 0.49165120593692024 0.02766179540709812 0.022263450834879406
3 0.972599164926931 0.48330241187384043 0.023486430062630476 0.020408163265306124
3 0.9780793319415448 0.4772727272727273 0.024008350730688934 0.02504638218923933
3 0.9900835073068892 0.46521335807050096 0.018789144050104383 0.02504638218923933
4 0.8776096033402921 0.4601113172541744 0.014091858037578286 0.020408163265306124
3 0.9853862212943632 0.3529684601113173 0.018789144050104383 0.013914656771799629
3 0.824634655532359 0.29638218923933213 0.010438413361169102 0.012059369202226345
3 0.8144572025052191 0.29081632653061223 0.009916492693110646 0.010204081632653062
3 0.8215031315240082 0.2755102040816327 0.009394572025052192 0.012987012987012988
3 0.8389874739039666 0.28710575139146566 0.012004175365344467 0.012059369202226345
3 0.767223382045929 0.29081632653061223 0.012526096033402922 0.010204081632653062
3 0.7468684759916492 0.3070500927643785 0.010438413361169102 0.012987012987012988
3 0.7523486430062629 0.3042671614100186 0.009916492693110646 0.012987012987012988
3 0.758089770354906 0.3010204081632653 0.010960334029227557 0.013914656771799629
3 0.7648747390396659 0.2987012987012987 0.012004175365344467 0.011131725417439703
3 0.7246868475991649 0.2857142857142857 0.013048016701461376 0.011131725417439703
3 0.7163361169102296 0.2810760667903525 0.012004175365344467 0.011131725417439703
4 0.8019311064718162 0.21614100185528756 0.009916492693110646 0.011131725417439703
5 0.8194154488517744 0.20454545454545456 0.014613778705636741 0.013914656771799629
4 0.7922755741127347 0.22820037105751392 0.009394572025052192 0.00927643784786642
5 0.8024530271398747 0.23608534322820038 0.015135699373695197 0.015769944341372914
3 0.7150313152400835 0.5700371057513914 0.030271398747390394 0.021335807050092765
3 0.7194676409185803 0.5394248608534323 0.02661795407098121 0.021335807050092765
3 0.7223382045929018 0.5236549165120594 0.027139874739039664 0.01948051948051948
3 0.7265135699373695 0.5055658627087198 0.026096033402922752 0.01855287569573284
0 0.6923277661795406 0.4679962894248609 0.0036534446764091852 0.013914656771799629
3 0.7280793319415448 0.44712430426716143 0.020876826722338204 0.016697588126159554
3 0.7244258872651357 0.437847866419295 0.01774530271398747 0.016697588126159554
3 0.6474425887265135 0.44990723562152135 0.02139874739039666 0.016697588126159554
3 0.6417014613778705 0.4846938775510204 0.02139874739039666 0.0176252319109462
3 0.6380480167014613 0.47588126159554733 0.020354906054279746 0.01855287569573284
3 0.5858559498956158 0.6586270871985158 0.028705636743215027 0.025974025974025976
3 0.5717640918580376 0.6294063079777366 0.028705636743215027 0.021335807050092765
3 0.5594989561586639 0.5440630797773655 0.018789144050104383 0.02504638218923933
3 0.5409707724425886 0.5445269016697588 0.013048016701461376 0.020408163265306124
3 0.5305323590814196 0.6057513914656771 0.02661795407098121 0.025974025974025976
3 0.5031315240083507 0.6915584415584416 0.026096033402922752 0.02504638218923933
3 0.5438413361169102 0.7397959183673469 0.022964509394572022 0.0287569573283859
3 0.37865344467640916 0.3979591836734694 0.009916492693110646 0.014842300556586271
3 0.37291231732776614 0.3840445269016698 0.009916492693110646 0.016697588126159554
0 0.3671711899791231 0.39888682745825604 0.0036534446764091852 0.011131725417439703
0 0.3703027139874739 0.3622448979591837 0.0026096033402922755 0.010204081632653062
3 0.2575678496868476 0.8849721706864564 0.04436325678496868 0.04452690166975881
3 0.2604384133611691 0.8130797773654916 0.039665970772442584 0.03432282003710575
3 0.17614822546972858 0.7346938775510204 0.019311064718162838 0.04267161410018553
3 0.1555323590814196 0.7411873840445269 0.018789144050104383 0.04081632653061225
5 0.16075156576200417 0.6966604823747681 0.050104384133611686 0.04081632653061225
3 0.13596033402922755 0.41512059369202226 0.022442588726513567 0.015769944341372914
3 0.1495302713987474 0.37244897959183676 0.017223382045929016 0.013914656771799629
3 0.15187891440501042 0.3645640074211503 0.016701461377870562 0.011131725417439703
3 0.15631524008350728 0.349721706864564 0.01826722338204593 0.014842300556586271
3 0.15788100208768266 0.3385899814471243 0.020354906054279746 0.012987012987012988
3 0.10386221294363256 0.5282931354359925 0.010438413361169102 0.02319109461966605
3 0.08037578288100208 0.6243042671614101 0.018789144050104383 0.01855287569573284
3 0.0795929018789144 0.6391465677179963 0.02139874739039666 0.020408163265306124
5 0.04958246346555323 0.6943413729128015 0.03444676409185803 0.05658627087198516
3 0.2661795407098121 0.9874768089053804 0.04697286012526095 0.02319109461966605
