3 0.4785714285714286 0.3356598984771573 0.024285714285714285 0.11040609137055837
3 0.48 0.49302030456852786 0.024285714285714285 0.11294416243654821
3 0.4317857142857143 0.4828680203045685 0.02642857142857143 0.10786802030456852
3 0.5210714285714285 0.5184010152284264 0.025 0.11548223350253806
3 0.4157142857142857 0.8039340101522842 0.03142857142857143 0.10025380710659898
3 0.5628571428571428 0.3439086294416243 0.025714285714285714 0.09898477157360405
3 0.5207142857142857 0.34073604060913704 0.02857142857142857 0.11294416243654821
3 0.435 0.3356598984771573 0.025714285714285714 0.09771573604060912
4 0.46785714285714286 0.8185279187817258 0.03 0.12436548223350252
4 0.41 0.958756345177665 0.03 0.07741116751269035
3 0.6617857142857143 0.9549492385786801 0.029285714285714286 0.08756345177664974
4 0.6246428571428572 0.8223350253807106 0.030714285714285715 0.12436548223350252
0 0.13892857142857143 0.890228426395939 0.015 0.019035532994923856
0 0.15928571428571428 0.8800761421319796 0.014285714285714285 0.019035532994923856
0 0.21964285714285714 0.7785532994923857 0.010714285714285714 0.013959390862944161
0 0.21 0.6560913705583756 0.012857142857142857 0.017766497461928932
0 0.18357142857142858 0.6713197969543147 0.014285714285714285 0.012690355329949238
0 0.13535714285714287 0.8007614213197969 0.012142857142857143 0.02284263959390863
0 0.10642857142857143 0.7868020304568527 0.012857142857142857 0.012690355329949238
0 0.09285714285714286 0.8743654822335025 0.014285714285714285 0.012690355329949238
0 0.065 0.9168781725888324 0.015714285714285715 0.016497461928934008
0 0.06607142857142857 0.9467005076142131 0.017857142857142856 0.015228426395939085
0 0.09107142857142857 0.6935279187817258 0.012142857142857143 0.011421319796954314
0 0.11392857142857143 0.6725888324873096 0.016428571428571428 0.012690355329949238
0 0.30107142857142855 0.4606598984771573 0.012142857142857143 0.012690355329949238
0 0.29928571428571427 0.574238578680203 0.011428571428571429 0.013959390862944161
0 0.2885714285714286 0.7499999999999999 0.01 0.02284263959390863
0 0.3425 0.4873096446700507 0.010714285714285714 0.017766497461928932
0 0.37035714285714283 0.6491116751269035 0.009285714285714286 0.021573604060913704
4 0.42642857142857143 0.6453045685279187 0.02857142857142857 0.12055837563451775
0 0.7571428571428571 0.8280456852791878 0.012857142857142857 0.031725888324873094
0 0.8460714285714286 0.16751269035532992 0.009285714285714286 0.025380710659898477
0 0.8542857142857143 0.15926395939086294 0.011428571428571429 0.024111675126903553
0 0.86 0.15609137055837563 0.008571428571428572 0.02030456852791878
0 0.8860714285714286 0.19035532994923857 0.012142857142857143 0.017766497461928932
0 0.8760714285714286 0.18274111675126903 0.013571428571428571 0.02284263959390863
0 0.35964285714285715 0.2696700507614213 0.010714285714285714 0.024111675126903553
0 0.35214285714285715 0.26840101522842635 0.01 0.019035532994923856
