5 0.51 0.05523809523809524 0.041428571428571426 0.09333333333333334
5 0.565 0.05619047619047619 0.022857142857142857 0.0761904761904762
4 0.6882142857142857 0.20714285714285716 0.052142857142857144 0.04666666666666667
0 0.7146428571428571 0.2557142857142857 0.009285714285714286 0.021904761904761906
3 0.6617857142857143 0.2819047619047619 0.025 0.06095238095238095
5 0.4682142857142857 0.33285714285714285 0.047857142857142855 0.15523809523809523
3 0.6196428571428572 0.2814285714285714 0.015 0.03333333333333333
3 0.6582142857142858 0.36238095238095236 0.027857142857142858 0.06571428571428571
0 0.6417857142857143 0.5357142857142857 0.009285714285714286 0.02
0 0.4475 0.7838095238095238 0.016428571428571428 0.017142857142857144
5 0.39464285714285713 0.9042857142857142 0.06785714285714285 0.19142857142857142
4 0.6603571428571429 0.5380952380952381 0.025 0.06285714285714286
9 0.7182142857142857 0.36857142857142855 0.009285714285714286 0.022857142857142857
