3 0.4660714285714286 0.27285714285714285 0.012142857142857143 0.021904761904761906
3 0.44642857142857145 0.32095238095238093 0.02 0.026666666666666665
3 0.35678571428571426 0.5276190476190477 0.03642857142857143 0.0380952380952381
4 0.43357142857142855 0.31666666666666665 0.014285714285714285 0.023809523809523808
4 0.30785714285714283 0.5733333333333334 0.04 0.045714285714285714
3 0.33964285714285714 0.758095238095238 0.04928571428571429 0.06476190476190476
3 0.4496428571428571 0.69 0.047857142857142855 0.06571428571428571
3 0.030357142857142857 0.6719047619047619 0.05928571428571429 0.06571428571428571
3 0.06142857142857143 0.6985714285714286 0.06857142857142857 0.06380952380952382
3 0.07535714285714286 0.72 0.065 0.06666666666666667
0 0.07428571428571429 0.5852380952380952 0.01 0.023809523809523808
9 0.05285714285714286 0.5623809523809524 0.012857142857142857 0.02
9 0.0625 0.570952380952381 0.012142857142857143 0.02
9 0.07214285714285715 0.5766666666666667 0.012857142857142857 0.018095238095238095
3 0.26571428571428574 0.8704761904761905 0.06142857142857143 0.07809523809523809
3 0.315 0.8114285714285714 0.06142857142857143 0.06857142857142857
9 0.39357142857142857 0.6938095238095238 0.015714285714285715 0.029523809523809525
3 0.2978571428571429 0.7152380952380952 0.045714285714285714 0.05523809523809524
9 0.7267857142857143 0.56 0.0064285714285714285 0.022857142857142857
0 0.37285714285714283 0.6066666666666667 0.005714285714285714 0.017142857142857144
3 0.4810714285714286 0.7066666666666667 0.047857142857142855 0.06666666666666667
9 0.4564285714285714 0.6338095238095238 0.011428571428571429 0.021904761904761906
9 0.475 0.6228571428571429 0.014285714285714285 0.02095238095238095
9 0.5185714285714286 0.680952380952381 0.008571428571428572 0.022857142857142857
9 0.6617857142857143 0.719047619047619 0.009285714285714286 0.024761904761904763
3 0.515 0.2261904761904762 0.012857142857142857 0.018095238095238095
3 0.5946428571428571 0.2542857142857143 0.025 0.017142857142857144
3 0.6110714285714286 0.8019047619047619 0.04071428571428572 0.07428571428571429
3 0.6428571428571429 0.8333333333333334 0.041428571428571426 0.0838095238095238
7 0.7067857142857142 0.9161904761904762 0.027857142857142858 0.03428571428571429
3 0.6517857142857143 0.9557142857142857 0.075 0.06380952380952382
4 0.6667857142857143 0.2819047619047619 0.012142857142857143 0.017142857142857144
3 0.6785714285714286 0.2661904761904762 0.014285714285714285 0.014285714285714285
4 0.8807142857142857 0.032857142857142856 0.018571428571428572 0.010476190476190476
4 0.7871428571428571 0.4519047619047619 0.018571428571428572 0.035238095238095235
3 0.7671428571428571 0.4419047619047619 0.015714285714285715 0.030476190476190476
