9 0.44142857142857145 0.909047619047619 0.011428571428571429 0.03333333333333333
9 0.46964285714285714 0.8852380952380953 0.012142857142857143 0.03333333333333333
5 0.9228571428571428 0.9152380952380952 0.06857142857142857 0.05523809523809524
3 0.36464285714285716 0.3080952380952381 0.03357142857142857 0.023809523809523808
3 0.4632142857142857 0.42666666666666664 0.020714285714285713 0.0380952380952381
3 0.44607142857142856 0.35333333333333333 0.016428571428571428 0.03619047619047619
3 0.4492857142857143 0.1661904761904762 0.011428571428571429 0.018095238095238095
3 0.42464285714285716 0.07714285714285714 0.007857142857142858 0.015238095238095238
3 0.48928571428571427 0.4 0.018571428571428572 0.03428571428571429
3 0.6164285714285714 0.37857142857142856 0.022857142857142857 0.02761904761904762
3 0.32857142857142857 0.14714285714285713 0.022857142857142857 0.018095238095238095
4 0.3585714285714286 0.2261904761904762 0.024285714285714285 0.018095238095238095
4 0.44357142857142856 0.31761904761904763 0.014285714285714285 0.03142857142857143
4 0.4546428571428571 0.38904761904761903 0.019285714285714285 0.037142857142857144
4 0.4632142857142857 0.2904761904761905 0.010714285714285714 0.017142857142857144
3 0.4521428571428571 0.24571428571428572 0.014285714285714285 0.024761904761904763
3 0.4575 0.27 0.013571428571428571 0.025714285714285714
5 0.47214285714285714 0.3357142857142857 0.03 0.08095238095238096
5 0.5307142857142857 0.43666666666666665 0.027142857142857142 0.05047619047619047
5 0.4689285714285714 0.4942857142857143 0.03214285714285714 0.09714285714285714
5 0.5042857142857143 0.47285714285714286 0.04285714285714286 0.11333333333333333
5 0.40035714285714286 0.030476190476190476 0.010714285714285714 0.022857142857142857
5 0.40285714285714286 0.11714285714285715 0.012857142857142857 0.030476190476190476
8 0.43285714285714283 0.2704761904761905 0.024285714285714285 0.07047619047619047
8 0.4235714285714286 0.22333333333333333 0.02142857142857143 0.05047619047619047
8 0.44357142857142856 0.20952380952380953 0.022857142857142857 0.05523809523809524
8 0.41785714285714287 0.18476190476190477 0.018571428571428572 0.04380952380952381
8 0.43357142857142855 0.17285714285714285 0.02 0.04857142857142857
8 0.4107142857142857 0.15666666666666668 0.017142857142857144 0.04666666666666667
8 0.4203571428571429 0.1295238095238095 0.019285714285714285 0.04380952380952381
0 0.3439285714285714 0.25 0.005 0.012380952380952381
0 0.3457142857142857 0.24714285714285714 0.004285714285714286 0.014285714285714285
0 0.695 0.4504761904761905 0.005714285714285714 0.017142857142857144
0 0.6975 0.4533333333333333 0.005 0.015238095238095238
9 0.6914285714285714 0.49857142857142855 0.011428571428571429 0.01619047619047619
1 0.6928571428571428 0.4957142857142857 0.007142857142857143 0.014285714285714285
3 0.49107142857142855 0.2257142857142857 0.02214285714285714 0.02095238095238095
5 0.42178571428571426 0.019523809523809523 0.010714285714285714 0.021904761904761906
