3 0.15964285714285714 0.930952380952381 0.2935714285714286 0.1380952380952381
3 0.21571428571428572 0.8438095238095238 0.2342857142857143 0.14476190476190476
3 0.2789285714285714 0.7495238095238095 0.20357142857142857 0.1219047619047619
3 0.32357142857142857 0.6485714285714286 0.13714285714285715 0.08571428571428572
3 0.3389285714285714 0.6133333333333333 0.1492857142857143 0.07238095238095238
3 0.36857142857142855 0.5185714285714286 0.11428571428571428 0.05619047619047619
3 0.36607142857142855 0.5014285714285714 0.10785714285714286 0.05238095238095238
3 0.5496428571428571 0.4533333333333333 0.04642857142857143 0.0380952380952381
3 0.5107142857142857 0.42666666666666664 0.047142857142857146 0.0419047619047619
3 0.4767857142857143 0.4123809523809524 0.035 0.03428571428571429
3 0.44821428571428573 0.4023809523809524 0.035 0.03142857142857143
3 0.4042857142857143 0.43761904761904763 0.032857142857142856 0.037142857142857144
3 0.3767857142857143 0.4180952380952381 0.027857142857142858 0.03428571428571429
3 0.3289285714285714 0.3819047619047619 0.035 0.03619047619047619
3 0.45607142857142857 0.38142857142857145 0.039285714285714285 0.02761904761904762
3 0.33464285714285713 0.3595238095238095 0.04071428571428572 0.02761904761904762
3 0.27214285714285713 0.37523809523809526 0.032857142857142856 0.03428571428571429
