8 0.19785714285714287 0.8261904761904761 0.06571428571428571 0.1838095238095238
3 0.24035714285714285 0.7842857142857143 0.029285714285714286 0.06952380952380953
4 0.2671428571428571 0.6438095238095238 0.03142857142857143 0.06285714285714286
3 0.27714285714285714 0.5257142857142857 0.024285714285714285 0.05333333333333333
4 0.30214285714285716 0.45904761904761904 0.02142857142857143 0.045714285714285714
5 0.29464285714285715 0.36333333333333334 0.03214285714285714 0.08476190476190476
5 0.3225 0.3719047619047619 0.017857142857142856 0.040952380952380955
0 0.9321428571428572 0.76 0.012857142857142857 0.01904761904761905
0 0.9514285714285714 0.8057142857142857 0.014285714285714285 0.013333333333333332
0 0.8957142857142857 0.7166666666666667 0.008571428571428572 0.012380952380952381
0 0.8839285714285714 0.7128571428571429 0.010714285714285714 0.010476190476190476
0 0.86 0.6404761904761904 0.014285714285714285 0.014285714285714285
0 0.8271428571428572 0.5266666666666666 0.008571428571428572 0.013333333333333332
0 0.8489285714285715 0.53 0.010714285714285714 0.01619047619047619
0 0.8871428571428571 0.5352380952380953 0.01 0.011428571428571429
0 0.9207142857142857 0.5485714285714286 0.012857142857142857 0.013333333333333332
0 0.9314285714285714 0.5347619047619048 0.015714285714285715 0.014285714285714285
3 0.7139285714285715 0.6142857142857143 0.04642857142857143 0.03428571428571429
3 0.7128571428571429 0.2280952380952381 0.027142857142857142 0.018095238095238095
3 0.7132142857142857 0.21476190476190476 0.02642857142857143 0.01619047619047619
3 0.6971428571428572 0.1895238095238095 0.025714285714285714 0.01904761904761905
3 0.6953571428571429 0.1742857142857143 0.027857142857142858 0.013333333333333332
3 0.79 0.21428571428571427 0.025714285714285714 0.017142857142857144
3 0.7846428571428572 0.19952380952380952 0.030714285714285715 0.018095238095238095
4 0.7817857142857143 0.18666666666666668 0.02214285714285714 0.015238095238095238
4 0.7739285714285714 0.17714285714285713 0.020714285714285713 0.015238095238095238
5 0.7664285714285715 0.16142857142857142 0.022857142857142857 0.02
4 0.7571428571428571 0.15142857142857144 0.02 0.01904761904761905
4 0.6907142857142857 0.05619047619047619 0.012857142857142857 0.022857142857142857
4 0.6789285714285714 0.056666666666666664 0.012142857142857143 0.023809523809523808
3 0.6746428571428571 0.01904761904761905 0.015 0.017142857142857144
3 0.6092857142857143 0.06714285714285714 0.02 0.014285714285714285
3 0.4732142857142857 0.25 0.016428571428571428 0.029523809523809525
3 0.48892857142857143 0.1219047619047619 0.012142857142857143 0.02095238095238095
8 0.4660714285714286 0.05904761904761905 0.016428571428571428 0.05714285714285714
8 0.5396428571428571 0.05761904761904762 0.017857142857142856 0.040952380952380955
3 0.015357142857142857 0.31952380952380954 0.030714285714285715 0.021904761904761906
3 0.022857142857142857 0.2914285714285714 0.03571428571428571 0.02095238095238095
3 0.12285714285714286 0.31238095238095237 0.037142857142857144 0.02095238095238095
3 0.13178571428571428 0.2866666666666667 0.03357142857142857 0.02095238095238095
3 0.195 0.3171428571428571 0.03428571428571429 0.02095238095238095
3 0.21392857142857144 0.2509523809523809 0.029285714285714286 0.01619047619047619
3 0.21607142857142858 0.23857142857142857 0.027857142857142858 0.01619047619047619
4 0.21214285714285713 0.2619047619047619 0.027142857142857142 0.02095238095238095
3 0.17214285714285715 0.17 0.02857142857142857 0.02
3 0.26821428571428574 0.2123809523809524 0.013571428571428571 0.030476190476190476
3 0.2342857142857143 0.1761904761904762 0.03 0.01904761904761905
3 0.23535714285714285 0.15857142857142856 0.023571428571428573 0.018095238095238095
5 0.24285714285714285 0.13285714285714287 0.032857142857142856 0.02761904761904762
5 0.20107142857142857 0.0761904761904762 0.027857142857142858 0.01904761904761905
3 0.2075 0.0719047619047619 0.02214285714285714 0.01619047619047619
3 0.21035714285714285 0.056666666666666664 0.02642857142857143 0.01619047619047619
9 0.5271428571428571 0.6523809523809524 0.01 0.024761904761904763
0 0.5417857142857143 0.17523809523809525 0.005 0.013333333333333332
0 0.5403571428571429 0.1461904761904762 0.005 0.01619047619047619
0 0.5528571428571428 0.15047619047619049 0.004285714285714286 0.013333333333333332
0 0.5489285714285714 0.10380952380952381 0.0035714285714285713 0.013333333333333332
0 0.5457142857142857 0.10238095238095238 0.002857142857142857 0.012380952380952381
0 0.5371428571428571 0.07952380952380952 0.002857142857142857 0.012380952380952381
8 0.3107142857142857 0.2719047619047619 0.03142857142857143 0.08095238095238096
8 0.3342857142857143 0.11571428571428571 0.02857142857142857 0.06952380952380953
5 0.3242857142857143 0.2042857142857143 0.015714285714285715 0.035238095238095235
3 0.34285714285714286 0.21285714285714286 0.014285714285714285 0.02761904761904762
9 0.305 0.21857142857142858 0.011428571428571429 0.018095238095238095
9 0.2885714285714286 0.3028571428571429 0.007142857142857143 0.01904761904761905
3 0.3375 0.2861904761904762 0.013571428571428571 0.035238095238095235
0 0.1725 0.18761904761904763 0.0064285714285714285 0.013333333333333332
9 0.2317857142857143 0.19428571428571428 0.012142857142857143 0.009523809523809525
0 0.24714285714285714 0.08904761904761904 0.005714285714285714 0.014285714285714285
0 0.23392857142857143 0.015714285714285715 0.005 0.012380952380952381
0 0.23142857142857143 0.018095238095238095 0.004285714285714286 0.011428571428571429
3 0.3510714285714286 0.008571428571428572 0.010714285714285714 0.017142857142857144
0 0.15035714285714286 0.0919047619047619 0.0064285714285714285 0.012380952380952381
0 0.15 0.09 0.005714285714285714 0.012380952380952381
