3 0.28785714285714287 0.9757142857142858 0.03428571428571429 0.02761904761904762
4 0.2885714285714286 0.9395238095238095 0.03142857142857143 0.023809523809523808
3 0.28714285714285714 0.9114285714285715 0.03571428571428571 0.026666666666666665
3 0.2860714285714286 0.8614285714285714 0.03642857142857143 0.025714285714285714
3 0.2857142857142857 0.8261904761904761 0.03571428571428571 0.025714285714285714
4 0.25857142857142856 0.85 0.017142857142857144 0.040952380952380955
3 0.2332142857142857 0.7742857142857142 0.020714285714285713 0.0419047619047619
3 0.31142857142857144 0.6619047619047619 0.037142857142857144 0.02095238095238095
0 0.20607142857142857 0.8333333333333334 0.009285714285714286 0.013333333333333332
0 0.2125 0.8533333333333333 0.010714285714285714 0.013333333333333332
0 0.2225 0.8690476190476191 0.009285714285714286 0.012380952380952381
0 0.2057142857142857 0.7157142857142857 0.01 0.010476190476190476
5 0.4142857142857143 0.5104761904761905 0.027142857142857142 0.1219047619047619
0 0.4235714285714286 0.062380952380952384 0.005714285714285714 0.014285714285714285
0 0.44392857142857145 0.11190476190476191 0.005 0.014285714285714285
3 0.22678571428571428 0.33904761904761904 0.019285714285714285 0.045714285714285714
3 0.22892857142857143 0.1738095238095238 0.020714285714285713 0.05047619047619047
3 0.285 0.10285714285714286 0.03571428571428571 0.026666666666666665
3 0.28285714285714286 0.05 0.032857142857142856 0.025714285714285714
3 0.28964285714285715 0.013333333333333332 0.030714285714285715 0.024761904761904763
3 0.8503571428571428 0.10285714285714286 0.02214285714285714 0.049523809523809526
4 0.87 0.10095238095238095 0.02 0.05904761904761905
3 0.9228571428571428 0.07428571428571429 0.02 0.045714285714285714
3 0.9778571428571429 0.015714285714285715 0.03428571428571429 0.025714285714285714
3 0.9314285714285714 0.40095238095238095 0.037142857142857144 0.022857142857142857
3 0.9310714285714285 0.3580952380952381 0.019285714285714285 0.049523809523809526
3 0.855 0.5466666666666666 0.018571428571428572 0.045714285714285714
3 0.8767857142857143 0.5457142857142857 0.017857142857142856 0.049523809523809526
3 0.83 0.6480952380952381 0.018571428571428572 0.04857142857142857
3 0.8564285714285714 0.650952380952381 0.02 0.04666666666666667
3 0.8971428571428571 0.5419047619047619 0.018571428571428572 0.05142857142857143
3 0.7682142857142857 0.6038095238095238 0.016428571428571428 0.045714285714285714
4 0.6667857142857143 0.6514285714285715 0.020714285714285713 0.05714285714285714
4 0.6417857142857143 0.42952380952380953 0.016428571428571428 0.04380952380952381
9 0.6614285714285715 0.5261904761904762 0.007142857142857143 0.018095238095238095
3 0.9364285714285714 0.7276190476190476 0.03571428571428571 0.022857142857142857
3 0.9814285714285714 0.7309523809523809 0.03428571428571429 0.021904761904761906
3 0.9471428571428572 0.7904761904761904 0.04 0.026666666666666665
3 0.9878571428571429 0.7904761904761904 0.024285714285714285 0.026666666666666665
4 0.8075 0.9733333333333334 0.03214285714285714 0.026666666666666665
4 0.8103571428571429 0.991904761904762 0.03642857142857143 0.01619047619047619
0 0.6825 0.7328571428571429 0.0064285714285714285 0.010476190476190476
0 0.685 0.7366666666666667 0.007142857142857143 0.012380952380952381
9 0.6532142857142857 0.849047619047619 0.009285714285714286 0.023809523809523808
0 0.835 0.7733333333333333 0.01 0.011428571428571429
3 0.6546428571428572 0.9895238095238095 0.017857142857142856 0.02095238095238095
