3 0.07035714285714285 0.3923809523809524 0.030714285714285715 0.015238095238095238
3 0.1425 0.39666666666666667 0.030714285714285715 0.02
3 0.16535714285714287 0.4123809523809524 0.020714285714285713 0.01904761904761905
4 0.28785714285714287 0.5838095238095238 0.02857142857142857 0.026666666666666665
0 0.26571428571428574 0.5138095238095238 0.008571428571428572 0.010476190476190476
3 0.21214285714285713 0.40095238095238095 0.027142857142857142 0.02095238095238095
0 0.28035714285714286 0.4276190476190476 0.0035714285714285713 0.011428571428571429
0 0.24785714285714286 0.42523809523809525 0.004285714285714286 0.012380952380952381
9 0.3607142857142857 0.4061904761904762 0.015714285714285715 0.014285714285714285
0 0.32035714285714284 0.47095238095238096 0.0035714285714285713 0.010476190476190476
0 0.38285714285714284 0.43285714285714283 0.002857142857142857 0.008571428571428572
3 0.39535714285714285 0.550952380952381 0.015 0.03142857142857143
3 0.37464285714285717 0.65 0.023571428571428573 0.04857142857142857
3 0.3517857142857143 0.7395238095238095 0.025 0.04666666666666667
3 0.33107142857142857 0.8466666666666667 0.02642857142857143 0.07238095238095238
3 0.31392857142857145 0.9276190476190476 0.03357142857142857 0.08
3 0.44785714285714284 0.6971428571428572 0.02142857142857143 0.06095238095238095
3 0.4610714285714286 0.49 0.013571428571428571 0.025714285714285714
3 0.46035714285714285 0.46285714285714286 0.016428571428571428 0.024761904761904763
3 0.46 0.42523809523809525 0.02857142857142857 0.01619047619047619
3 0.4367857142857143 0.4085714285714286 0.03642857142857143 0.017142857142857144
0 0.4139285714285714 0.4452380952380952 0.0064285714285714285 0.01619047619047619
9 0.41285714285714287 0.4276190476190476 0.01 0.009523809523809525
9 0.42214285714285715 0.38 0.007142857142857143 0.007619047619047619
0 0.4657142857142857 0.37285714285714283 0.0014285714285714286 0.008571428571428572
3 0.4475 0.2904761904761905 0.007857142857142858 0.011428571428571429
3 0.42857142857142855 0.2357142857142857 0.015714285714285715 0.010476190476190476
3 0.4632142857142857 0.1376190476190476 0.0064285714285714285 0.006666666666666666
3 0.46535714285714286 0.12714285714285714 0.0064285714285714285 0.004761904761904762
3 0.4735714285714286 0.09238095238095238 0.01 0.005714285714285714
3 0.4764285714285714 0.08333333333333333 0.008571428571428572 0.004761904761904762
3 0.4742857142857143 0.08714285714285715 0.008571428571428572 0.004761904761904762
3 0.4932142857142857 0.12523809523809523 0.005 0.004761904761904762
3 0.49392857142857144 0.13 0.005 0.002857142857142857
3 0.5042857142857143 0.11333333333333333 0.004285714285714286 0.0038095238095238095
3 0.5089285714285714 0.15476190476190477 0.005 0.004761904761904762
3 0.5092857142857142 0.16476190476190475 0.004285714285714286 0.0038095238095238095
3 0.5035714285714286 0.1680952380952381 0.004285714285714286 0.004761904761904762
3 0.5032142857142857 0.1738095238095238 0.0035714285714285713 0.004761904761904762
3 0.5389285714285714 0.1676190476190476 0.005 0.0038095238095238095
3 0.5403571428571429 0.17523809523809525 0.0064285714285714285 0.0038095238095238095
3 0.5410714285714285 0.18 0.005 0.0038095238095238095
3 0.5425 0.18476190476190477 0.0064285714285714285 0.0038095238095238095
4 0.5439285714285714 0.1895238095238095 0.007857142857142858 0.0038095238095238095
3 0.5453571428571429 0.19333333333333333 0.007857142857142858 0.0038095238095238095
3 0.5278571428571428 0.19523809523809524 0.004285714285714286 0.0038095238095238095
3 0.5310714285714285 0.21095238095238095 0.005 0.004761904761904762
3 0.5303571428571429 0.20476190476190476 0.005 0.0038095238095238095
3 0.5289285714285714 0.19952380952380952 0.005 0.002857142857142857
3 0.5203571428571429 0.1719047619047619 0.005 0.004761904761904762
3 0.5282142857142857 0.18904761904761905 0.0035714285714285713 0.004761904761904762
3 0.4857142857142857 0.24904761904761905 0.005714285714285714 0.008571428571428572
3 0.5157142857142857 0.26 0.005714285714285714 0.007619047619047619
3 0.5160714285714286 0.36 0.007857142857142858 0.011428571428571429
8 0.48678571428571427 0.3628571428571429 0.007857142857142858 0.017142857142857144
5 0.5114285714285715 0.37761904761904763 0.014285714285714285 0.02
3 0.5142857142857142 0.3319047619047619 0.008571428571428572 0.014285714285714285
3 0.5092857142857142 0.4204761904761905 0.03 0.018095238095238095
3 0.5367857142857143 0.4542857142857143 0.019285714285714285 0.01904761904761905
3 0.5053571428571428 0.4861904761904762 0.010714285714285714 0.023809523809523808
3 0.48714285714285716 0.48428571428571426 0.012857142857142857 0.023809523809523808
3 0.4857142857142857 0.5090476190476191 0.012857142857142857 0.023809523809523808
3 0.505 0.5109523809523809 0.011428571428571429 0.023809523809523808
3 0.5067857142857143 0.5376190476190477 0.015 0.02761904761904762
3 0.5067857142857143 0.5661904761904762 0.015 0.03142857142857143
3 0.5082142857142857 0.6233333333333333 0.016428571428571428 0.03333333333333333
3 0.6007142857142858 0.61 0.017142857142857144 0.03333333333333333
9 0.5825 0.6395238095238095 0.0064285714285714285 0.014285714285714285
9 0.5725 0.5571428571428572 0.0035714285714285713 0.013333333333333332
9 0.5714285714285714 0.5142857142857142 0.004285714285714286 0.013333333333333332
9 0.57 0.4880952380952381 0.004285714285714286 0.012380952380952381
9 0.5578571428571428 0.48857142857142855 0.004285714285714286 0.013333333333333332
3 0.5207142857142857 0.1657142857142857 0.005714285714285714 0.0038095238095238095
3 0.5207142857142857 0.16 0.005714285714285714 0.0038095238095238095
3 0.5457142857142857 0.19857142857142857 0.007142857142857143 0.004761904761904762
3 0.5457142857142857 0.20238095238095238 0.007142857142857143 0.004761904761904762
3 0.5489285714285714 0.20714285714285716 0.010714285714285714 0.004761904761904762
3 0.55 0.21142857142857144 0.008571428571428572 0.0038095238095238095
3 0.5507142857142857 0.21714285714285714 0.008571428571428572 0.005714285714285714
3 0.5528571428571428 0.22380952380952382 0.008571428571428572 0.005714285714285714
3 0.5567857142857143 0.23 0.009285714285714286 0.006666666666666666
3 0.5560714285714285 0.2357142857142857 0.007857142857142858 0.006666666666666666
3 0.5589285714285714 0.24333333333333335 0.009285714285714286 0.004761904761904762
3 0.5589285714285714 0.24857142857142858 0.009285714285714286 0.005714285714285714
3 0.5621428571428572 0.25333333333333335 0.011428571428571429 0.0038095238095238095
3 0.5628571428571428 0.2580952380952381 0.011428571428571429 0.005714285714285714
3 0.5646428571428571 0.2638095238095238 0.010714285714285714 0.005714285714285714
3 0.5664285714285714 0.27 0.011428571428571429 0.008571428571428572
3 0.5657142857142857 0.27714285714285714 0.008571428571428572 0.005714285714285714
3 0.5682142857142857 0.2833333333333333 0.010714285714285714 0.006666666666666666
3 0.575 0.29285714285714287 0.014285714285714285 0.006666666666666666
3 0.5760714285714286 0.29904761904761906 0.016428571428571428 0.007619047619047619
3 0.5760714285714286 0.3038095238095238 0.015 0.007619047619047619
3 0.5767857142857142 0.3080952380952381 0.013571428571428571 0.006666666666666666
3 0.5792857142857143 0.31 0.015714285714285715 0.008571428571428572
3 0.5803571428571429 0.31666666666666665 0.015 0.010476190476190476
3 0.5810714285714286 0.32571428571428573 0.012142857142857143 0.009523809523809525
3 0.5825 0.3357142857142857 0.012142857142857143 0.010476190476190476
3 0.5910714285714286 0.3580952380952381 0.020714285714285713 0.013333333333333332
3 0.5953571428571428 0.3680952380952381 0.019285714285714285 0.012380952380952381
3 0.6017857142857143 0.3742857142857143 0.017857142857142856 0.009523809523809525
3 0.6025 0.3861904761904762 0.016428571428571428 0.014285714285714285
3 0.5932142857142857 0.41095238095238096 0.02642857142857143 0.01619047619047619
3 0.5532142857142857 0.34809523809523807 0.009285714285714286 0.014285714285714285
3 0.5489285714285714 0.31333333333333335 0.007857142857142858 0.007619047619047619
3 0.5485714285714286 0.3047619047619048 0.007142857142857143 0.007619047619047619
3 0.5457142857142857 0.2947619047619048 0.005714285714285714 0.008571428571428572
3 0.5442857142857143 0.2857142857142857 0.005714285714285714 0.005714285714285714
3 0.5439285714285714 0.28 0.009285714285714286 0.009523809523809525
3 0.5410714285714285 0.2671428571428571 0.005 0.006666666666666666
5 0.5689285714285715 0.24047619047619048 0.0035714285714285713 0.008571428571428572
0 0.56 0.21333333333333332 0.0014285714285714286 0.005714285714285714
0 0.5575 0.21333333333333332 0.002142857142857143 0.0038095238095238095
0 0.5689285714285715 0.22333333333333333 0.002142857142857143 0.006666666666666666
0 0.5757142857142857 0.2519047619047619 0.0014285714285714286 0.006666666666666666
0 0.5882142857142857 0.2976190476190476 0.002142857142857143 0.006666666666666666
0 0.5857142857142857 0.2980952380952381 0.0014285714285714286 0.005714285714285714
0 0.5914285714285714 0.3171428571428571 0.002857142857142857 0.007619047619047619
0 0.5910714285714286 0.3280952380952381 0.002142857142857143 0.010476190476190476
0 0.6017857142857143 0.32904761904761903 0.002142857142857143 0.010476190476190476
3 0.5925 0.5628571428571428 0.013571428571428571 0.026666666666666665
3 0.6167857142857143 0.6971428571428572 0.023571428571428573 0.045714285714285714
3 0.6314285714285715 0.43 0.03 0.018095238095238095
3 0.6742857142857143 0.42952380952380953 0.027142857142857142 0.013333333333333332
3 0.6507142857142857 0.39 0.012857142857142857 0.023809523809523808
3 0.6728571428571428 0.3838095238095238 0.018571428571428572 0.017142857142857144
3 0.6357142857142857 0.3838095238095238 0.011428571428571429 0.017142857142857144
3 0.6210714285714286 0.3852380952380952 0.010714285714285714 0.01619047619047619
0 0.6396428571428572 0.35619047619047617 0.002142857142857143 0.009523809523809525
0 0.6439285714285714 0.35619047619047617 0.002142857142857143 0.007619047619047619
3 0.74 0.38952380952380955 0.012857142857142857 0.02095238095238095
3 0.7185714285714285 0.3904761904761905 0.012857142857142857 0.02095238095238095
3 0.7153571428571428 0.43285714285714283 0.015 0.018095238095238095
3 0.7503571428571428 0.43142857142857144 0.035 0.022857142857142857
3 0.69 0.3823809523809524 0.014285714285714285 0.018095238095238095
3 0.7489285714285714 0.5980952380952381 0.029285714285714286 0.026666666666666665
3 0.8010714285714285 0.4342857142857143 0.03642857142857143 0.01904761904761905
3 0.83 0.43523809523809526 0.03 0.022857142857142857
4 0.8060714285714285 0.3904761904761905 0.015 0.02095238095238095
3 0.8371428571428572 0.3995238095238095 0.017142857142857144 0.023809523809523808
3 0.7775 0.3904761904761905 0.013571428571428571 0.015238095238095238
3 0.8614285714285714 0.3904761904761905 0.018571428571428572 0.02095238095238095
3 0.8885714285714286 0.39571428571428574 0.027142857142857142 0.018095238095238095
1 0.3582142857142857 0.4038095238095238 0.009285714285714286 0.009523809523809525
1 0.4225 0.379047619047619 0.0035714285714285713 0.005714285714285714
1 0.4135714285714286 0.4261904761904762 0.007142857142857143 0.006666666666666666
1 0.5692857142857143 0.4857142857142857 0.002857142857142857 0.005714285714285714
1 0.5710714285714286 0.5104761904761905 0.0035714285714285713 0.007619047619047619
1 0.5567857142857143 0.48714285714285716 0.0035714285714285713 0.012380952380952381
1 0.5732142857142857 0.5557142857142857 0.005 0.008571428571428572
1 0.5825 0.6361904761904762 0.005 0.009523809523809525
