3 0.030357142857142857 0.03428571428571429 0.009285714285714286 0.02095238095238095
3 0.09178571428571429 0.0980952380952381 0.013571428571428571 0.024761904761904763
3 0.08035714285714286 0.09904761904761905 0.017857142857142856 0.022857142857142857
0 0.05607142857142857 0.13285714285714287 0.0064285714285714285 0.006666666666666666
0 0.054285714285714284 0.1361904761904762 0.005714285714285714 0.007619047619047619
3 0.04428571428571428 0.14523809523809525 0.012857142857142857 0.023809523809523808
3 0.11 0.22333333333333333 0.017142857142857144 0.02
3 0.14035714285714285 0.21523809523809523 0.012142857142857143 0.02095238095238095
3 0.1657142857142857 0.21666666666666667 0.015714285714285715 0.023809523809523808
3 0.2057142857142857 0.2119047619047619 0.017142857142857144 0.023809523809523808
3 0.30214285714285716 0.18571428571428572 0.011428571428571429 0.026666666666666665
3 0.3242857142857143 0.1961904761904762 0.01 0.024761904761904763
9 0.33964285714285714 0.19523809523809524 0.0035714285714285713 0.009523809523809525
9 0.34964285714285714 0.18619047619047618 0.0035714285714285713 0.008571428571428572
3 0.36 0.19095238095238096 0.01 0.02761904761904762
3 0.3892857142857143 0.18666666666666668 0.01 0.022857142857142857
3 0.4007142857142857 0.1838095238095238 0.01 0.022857142857142857
3 0.4257142857142857 0.1819047619047619 0.008571428571428572 0.024761904761904763
3 0.43785714285714283 0.18142857142857144 0.01 0.023809523809523808
3 0.44857142857142857 0.1761904761904762 0.01 0.022857142857142857
3 0.45821428571428574 0.17714285714285713 0.009285714285714286 0.024761904761904763
3 0.3717857142857143 0.3038095238095238 0.007857142857142858 0.02095238095238095
3 0.385 0.38 0.011428571428571429 0.02857142857142857
3 0.41 0.38 0.011428571428571429 0.02857142857142857
3 0.4575 0.37333333333333335 0.010714285714285714 0.026666666666666665
3 0.3407142857142857 0.3904761904761905 0.012857142857142857 0.02857142857142857
3 0.4832142857142857 0.36952380952380953 0.010714285714285714 0.02857142857142857
3 0.5207142857142857 0.3852380952380952 0.024285714285714285 0.01619047619047619
3 0.5010714285714286 0.4519047619047619 0.02214285714285714 0.021904761904761906
3 0.5371428571428571 0.41095238095238096 0.02142857142857143 0.01619047619047619
3 0.5039285714285714 0.1895238095238095 0.02214285714285714 0.013333333333333332
4 0.5585714285714286 0.029047619047619048 0.011428571428571429 0.03333333333333333
0 0.5939285714285715 0.06095238095238095 0.0035714285714285713 0.009523809523809525
3 0.5725 0.1361904761904762 0.010714285714285714 0.026666666666666665
3 0.5942857142857143 0.23761904761904762 0.011428571428571429 0.02761904761904762
3 0.5735714285714286 0.2861904761904762 0.011428571428571429 0.023809523809523808
3 0.5778571428571428 0.3157142857142857 0.011428571428571429 0.02761904761904762
3 0.5814285714285714 0.3466666666666667 0.011428571428571429 0.02095238095238095
5 0.5885714285714285 0.37666666666666665 0.015714285714285715 0.04285714285714286
3 0.5932142857142857 0.4166666666666667 0.009285714285714286 0.023809523809523808
3 0.5978571428571429 0.45095238095238094 0.011428571428571429 0.029523809523809525
3 0.6017857142857143 0.4857142857142857 0.010714285714285714 0.03238095238095238
3 0.6078571428571429 0.5247619047619048 0.012857142857142857 0.030476190476190476
3 0.5567857142857143 0.6566666666666666 0.013571428571428571 0.035238095238095235
3 0.5410714285714285 0.6595238095238095 0.013571428571428571 0.03333333333333333
3 0.5267857142857143 0.660952380952381 0.015 0.03619047619047619
3 0.5725 0.6952380952380952 0.029285714285714286 0.017142857142857144
3 0.5664285714285714 0.7223809523809523 0.014285714285714285 0.039047619047619046
3 0.5510714285714285 0.7285714285714285 0.016428571428571428 0.0380952380952381
3 0.5364285714285715 0.7266666666666667 0.014285714285714285 0.03428571428571429
3 0.3117857142857143 0.7123809523809523 0.013571428571428571 0.03619047619047619
3 0.3167857142857143 0.6295238095238095 0.010714285714285714 0.03238095238095238
3 0.35464285714285715 0.6328571428571429 0.023571428571428573 0.02761904761904762
3 0.3575 0.6780952380952381 0.02642857142857143 0.017142857142857144
3 0.3578571428571429 0.6976190476190476 0.027142857142857142 0.018095238095238095
3 0.38107142857142856 0.6733333333333333 0.012142857142857143 0.03619047619047619
3 0.39357142857142857 0.6742857142857143 0.011428571428571429 0.02857142857142857
3 0.4075 0.6723809523809524 0.012142857142857143 0.03619047619047619
1 0.41928571428571426 0.6838095238095238 0.004285714285714286 0.007619047619047619
9 0.42 0.6833333333333333 0.005714285714285714 0.010476190476190476
4 0.43892857142857145 0.6638095238095238 0.012142857142857143 0.03619047619047619
3 0.45321428571428574 0.6657142857142857 0.010714285714285714 0.03428571428571429
4 0.5246428571428572 0.8942857142857142 0.013571428571428571 0.04
3 0.49214285714285716 0.9904761904761905 0.014285714285714285 0.01904761904761905
3 0.45821428571428574 0.9909523809523809 0.013571428571428571 0.018095238095238095
3 0.4092857142857143 0.930952380952381 0.012857142857142857 0.04285714285714286
3 0.36214285714285716 0.9480952380952381 0.014285714285714285 0.04285714285714286
3 0.34464285714285714 0.9542857142857143 0.013571428571428571 0.0380952380952381
3 0.33 0.9528571428571428 0.012857142857142857 0.037142857142857144
3 0.29928571428571427 0.9571428571428572 0.012857142857142857 0.03619047619047619
3 0.26607142857142857 0.9619047619047619 0.016428571428571428 0.04
3 0.2692857142857143 0.6347619047619047 0.014285714285714285 0.03333333333333333
9 0.24607142857142858 0.6319047619047619 0.005 0.010476190476190476
3 0.2342857142857143 0.6409523809523809 0.014285714285714285 0.03428571428571429
3 0.22107142857142856 0.6447619047619048 0.013571428571428571 0.03238095238095238
3 0.19678571428571429 0.6385714285714286 0.013571428571428571 0.03333333333333333
3 0.17285714285714285 0.6542857142857142 0.014285714285714285 0.03428571428571429
3 0.15714285714285714 0.6580952380952381 0.014285714285714285 0.03428571428571429
3 0.14392857142857143 0.6619047619047619 0.015 0.03619047619047619
7 0.11714285714285715 0.6423809523809524 0.014285714285714285 0.021904761904761906
3 0.027857142857142858 0.44 0.017142857142857144 0.030476190476190476
3 0.045 0.43476190476190474 0.017142857142857144 0.03142857142857143
3 0.05892857142857143 0.43142857142857144 0.015 0.030476190476190476
3 0.07357142857142857 0.43047619047619046 0.014285714285714285 0.02857142857142857
3 0.1 0.4228571428571429 0.012857142857142857 0.02857142857142857
3 0.11321428571428571 0.42238095238095236 0.012142857142857143 0.029523809523809525
3 0.125 0.42 0.012857142857142857 0.030476190476190476
3 0.1357142857142857 0.41904761904761906 0.011428571428571429 0.022857142857142857
3 0.1492857142857143 0.4166666666666667 0.012857142857142857 0.029523809523809525
4 0.17357142857142857 0.4123809523809524 0.012857142857142857 0.02857142857142857
4 0.18821428571428572 0.4142857142857143 0.013571428571428571 0.026666666666666665
3 0.2007142857142857 0.41 0.012857142857142857 0.02761904761904762
0 0.16428571428571428 0.3880952380952381 0.005714285714285714 0.006666666666666666
0 0.1625 0.41285714285714287 0.005 0.008571428571428572
3 0.25214285714285717 0.4 0.011428571428571429 0.02857142857142857
9 0.31892857142857145 0.39904761904761904 0.0035714285714285713 0.009523809523809525
9 0.31892857142857145 0.38857142857142857 0.005 0.009523809523809525
4 0.30107142857142855 0.39476190476190476 0.012142857142857143 0.02761904761904762
9 0.048214285714285716 0.66 0.0064285714285714285 0.011428571428571429
3 0.1775 0.9657142857142857 0.016428571428571428 0.0419047619047619
3 0.08964285714285715 0.9852380952380952 0.015 0.029523809523809525
3 0.6678571428571428 0.790952380952381 0.015714285714285715 0.040952380952380955
3 0.6767857142857143 0.6738095238095239 0.015 0.039047619047619046
1 0.6782142857142857 0.5904761904761905 0.0035714285714285713 0.005714285714285714
9 0.6782142857142857 0.5904761904761905 0.005 0.011428571428571429
3 0.6875 0.06190476190476191 0.019285714285714285 0.013333333333333332
3 0.6992857142857143 0.11333333333333333 0.02142857142857143 0.013333333333333332
0 0.7142857142857143 0.11428571428571428 0.002857142857142857 0.009523809523809525
3 0.7403571428571428 0.09047619047619047 0.020714285714285713 0.015238095238095238
3 0.7371428571428571 0.07571428571428572 0.02 0.012380952380952381
4 0.7342857142857143 0.06285714285714286 0.018571428571428572 0.013333333333333332
3 0.7175 0.051904761904761905 0.020714285714285713 0.014285714285714285
3 0.7032142857142857 0.1361904761904762 0.019285714285714285 0.015238095238095238
3 0.7078571428571429 0.14904761904761904 0.02 0.014285714285714285
4 0.7125 0.16047619047619047 0.025 0.023809523809523808
3 0.715 0.17523809523809525 0.022857142857142857 0.013333333333333332
3 0.7175 0.19095238095238096 0.02214285714285714 0.012380952380952381
3 0.7289285714285715 0.22857142857142856 0.023571428571428573 0.015238095238095238
4 0.7785714285714286 0.2423809523809524 0.025714285714285714 0.018095238095238095
3 0.7739285714285714 0.23047619047619047 0.023571428571428573 0.015238095238095238
3 0.7657142857142857 0.19047619047619047 0.022857142857142857 0.015238095238095238
3 0.7567857142857143 0.16047619047619047 0.02214285714285714 0.014285714285714285
3 0.7992857142857143 0.1219047619047619 0.012857142857142857 0.02095238095238095
0 0.8567857142857143 0.33904761904761904 0.0064285714285714285 0.007619047619047619
0 0.8957142857142857 0.30904761904761907 0.005714285714285714 0.008571428571428572
0 0.8692857142857143 0.27476190476190476 0.005714285714285714 0.008571428571428572
