3 0.13825 0.7646666666666666 0.1125 0.108
3 0.0405 0.6333333333333333 0.081 0.07466666666666666
0 0.1285 0.5863333333333333 0.03 0.054
0 0.12875 0.586 0.0205 0.048
3 0.1715 0.565 0.107 0.06066666666666667
0 0.08075 0.482 0.0135 0.036
0 0.08875 0.477 0.0095 0.03666666666666667
0 0.10200000000000001 0.47433333333333333 0.01 0.035333333333333335
5 0.11275 0.45366666666666666 0.0775 0.041999999999999996
5 0.14275000000000002 0.473 0.0985 0.07933333333333333
3 0.50425 0.5803333333333334 0.0915 0.06466666666666666
3 0.40125 0.501 0.0645 0.048666666666666664
4 0.2965 0.43666666666666665 0.057 0.032
3 0.39125 0.4696666666666667 0.0635 0.04066666666666666
5 0.62325 0.3313333333333333 0.0605 0.03866666666666667
8 0.6385000000000001 0.35766666666666663 0.047 0.04466666666666667
4 0.7505000000000001 0.5216666666666666 0.093 0.057999999999999996
3 0.7805 0.4943333333333333 0.088 0.046
3 0.80425 0.4563333333333333 0.0735 0.03666666666666667
3 0.8375 0.41233333333333333 0.066 0.03
4 0.8485 0.3973333333333333 0.055 0.030666666666666665
3 0.8515 0.3823333333333333 0.053 0.024666666666666667
3 0.87175 0.355 0.0425 0.019333333333333334
3 0.88625 0.3393333333333333 0.0185 0.02
3 0.87175 0.2723333333333333 0.0125 0.006
3 0.8995 0.313 0.024 0.011333333333333332
4 0.9285 0.3343333333333333 0.02 0.022
3 0.91725 0.27799999999999997 0.0115 0.005333333333333333
3 0.91925 0.27899999999999997 0.0125 0.006
4 0.92975 0.2816666666666667 0.0125 0.007333333333333333
3 0.93225 0.2833333333333333 0.0155 0.006666666666666666
4 0.95325 0.2813333333333333 0.0155 0.010666666666666666
3 0.9455 0.2886666666666667 0.016 0.006666666666666666
3 0.9480000000000001 0.292 0.017 0.008
4 0.9540000000000001 0.29466666666666663 0.018000000000000002 0.010666666666666666
3 0.96175 0.29733333333333334 0.025500000000000002 0.010666666666666666
3 0.9655 0.302 0.025 0.010666666666666666
3 0.96425 0.30466666666666664 0.0265 0.010666666666666666
3 0.9742500000000001 0.315 0.0335 0.01
3 0.97775 0.31766666666666665 0.0325 0.011333333333333332
3 0.9742500000000001 0.3183333333333333 0.0305 0.01
3 0.97575 0.322 0.0335 0.012
3 0.9735 0.32566666666666666 0.036000000000000004 0.014
3 0.978 0.3323333333333333 0.038 0.015333333333333332
3 0.9792500000000001 0.3393333333333333 0.0415 0.016
3 0.977 0.36233333333333334 0.046 0.024666666666666667
3 0.979 0.38 0.042 0.024
4 0.9775 0.4026666666666667 0.045 0.036
3 0.97875 0.4473333333333333 0.0425 0.029333333333333333
4 0.9792500000000001 0.45866666666666667 0.0415 0.042666666666666665
0 0.99175 0.48166666666666663 0.0115 0.02733333333333333
3 0.97075 0.49866666666666665 0.0585 0.048
3 0.9802500000000001 0.5316666666666666 0.0395 0.048666666666666664
4 0.69875 0.30366666666666664 0.0205 0.011333333333333332
4 0.71375 0.3 0.0165 0.010666666666666666
4 0.80125 0.26966666666666667 0.006500000000000001 0.004666666666666666
3 0.80925 0.271 0.0075 0.004666666666666666
1 0.78025 0.27499999999999997 0.0015 0.004666666666666666
9 0.7805 0.2763333333333333 0.002 0.003333333333333333
5 0.32825 0.344 0.0375 0.021333333333333333
