3 0.3867857142857143 0.8171428571428572 0.09642857142857143 0.21714285714285714
3 0.7282142857142857 0.9085714285714286 0.23357142857142857 0.13523809523809524
3 0.6721428571428572 0.789047619047619 0.20714285714285716 0.14761904761904762
3 0.8367857142857142 0.8019047619047619 0.13071428571428573 0.18095238095238095
3 0.6232142857142857 0.6904761904761905 0.185 0.10285714285714286
3 0.6046428571428571 0.6157142857142857 0.13214285714285715 0.08666666666666667
3 0.5996428571428571 0.560952380952381 0.1407142857142857 0.0838095238095238
3 0.5832142857142857 0.5004761904761905 0.125 0.06380952380952382
3 0.5196428571428572 0.4614285714285714 0.07214285714285715 0.08095238095238096
4 0.49714285714285716 0.3923809523809524 0.047142857142857146 0.06666666666666667
4 0.61 0.3161904761904762 0.06 0.07047619047619047
4 0.5807142857142857 0.28523809523809524 0.05142857142857143 0.058095238095238096
3 0.21142857142857144 0.6057142857142858 0.10571428571428572 0.16380952380952382
3 0.3142857142857143 0.33904761904761904 0.05285714285714286 0.05523809523809524
3 0.1757142857142857 0.20714285714285716 0.037142857142857144 0.03333333333333333
3 0.28535714285714286 0.23285714285714285 0.03214285714285714 0.035238095238095235
8 0.05785714285714286 0.27 0.11571428571428571 0.1361904761904762
0 0.2375 0.08142857142857143 0.0064285714285714285 0.014285714285714285
3 0.22714285714285715 0.10047619047619048 0.02142857142857143 0.018095238095238095
3 0.25857142857142856 0.1361904761904762 0.022857142857142857 0.024761904761904763
3 0.2757142857142857 0.14523809523809525 0.022857142857142857 0.02761904761904762
3 0.3067857142857143 0.11571428571428571 0.019285714285714285 0.018095238095238095
3 0.3625 0.12238095238095238 0.015 0.02
3 0.37607142857142856 0.09761904761904762 0.012142857142857143 0.01619047619047619
3 0.32821428571428574 0.09285714285714286 0.012142857142857143 0.014285714285714285
3 0.32392857142857145 0.08 0.013571428571428571 0.013333333333333332
3 0.34285714285714286 0.08 0.01 0.013333333333333332
4 0.335 0.0719047619047619 0.008571428571428572 0.014285714285714285
0 0.43785714285714283 0.22 0.011428571428571429 0.03238095238095238
0 0.43464285714285716 0.2823809523809524 0.009285714285714286 0.037142857142857144
0 0.4496428571428571 0.2842857142857143 0.012142857142857143 0.04857142857142857
0 0.45071428571428573 0.3657142857142857 0.014285714285714285 0.047619047619047616
5 0.3225 0.4838095238095238 0.08071428571428571 0.13142857142857142
3 0.37642857142857145 0.32571428571428573 0.04 0.05142857142857143
3 0.38785714285714284 0.2861904761904762 0.03142857142857143 0.04285714285714286
3 0.3889285714285714 0.24761904761904763 0.025 0.03619047619047619
3 0.3939285714285714 0.2257142857142857 0.027857142857142858 0.04
3 0.40035714285714286 0.19047619047619047 0.025 0.02857142857142857
0 0.41892857142857143 0.19 0.009285714285714286 0.02761904761904762
0 0.4375 0.19 0.012142857142857143 0.02761904761904762
0 0.44142857142857145 0.16476190476190475 0.008571428571428572 0.024761904761904763
0 0.4357142857142857 0.1438095238095238 0.008571428571428572 0.02095238095238095
0 0.42142857142857143 0.1376190476190476 0.004285714285714286 0.02
0 0.42178571428571426 0.13047619047619047 0.005 0.02095238095238095
3 0.22285714285714286 0.08142857142857143 0.018571428571428572 0.01619047619047619
4 0.22964285714285715 0.07571428571428572 0.016428571428571428 0.012380952380952381
0 0.2725 0.07095238095238095 0.005 0.010476190476190476
1 0.2885714285714286 0.06523809523809523 0.002857142857142857 0.004761904761904762
9 0.28964285714285715 0.0680952380952381 0.005 0.004761904761904762
0 0.30642857142857144 0.05619047619047619 0.002857142857142857 0.007619047619047619
0 0.32035714285714284 0.05285714285714286 0.0035714285714285713 0.008571428571428572
3 0.36428571428571427 0.06761904761904762 0.007142857142857143 0.009523809523809525
3 0.37535714285714283 0.055714285714285716 0.0064285714285714285 0.008571428571428572
3 0.3717857142857143 0.04523809523809524 0.007857142857142858 0.008571428571428572
3 0.36642857142857144 0.055714285714285716 0.005714285714285714 0.008571428571428572
3 0.37 0.06285714285714286 0.005714285714285714 0.007619047619047619
3 0.3585714285714286 0.060476190476190475 0.007142857142857143 0.010476190476190476
3 0.3532142857142857 0.06666666666666667 0.007857142857142858 0.011428571428571429
3 0.34714285714285714 0.06523809523809523 0.008571428571428572 0.010476190476190476
3 0.35285714285714287 0.056666666666666664 0.007142857142857143 0.010476190476190476
3 0.42 0.049523809523809526 0.005714285714285714 0.009523809523809525
3 0.41928571428571426 0.06476190476190476 0.007142857142857143 0.009523809523809525
3 0.4203571428571429 0.07952380952380952 0.010714285714285714 0.012380952380952381
4 0.4185714285714286 0.08761904761904762 0.011428571428571429 0.01904761904761905
3 0.4164285714285714 0.10428571428571429 0.014285714285714285 0.01619047619047619
3 0.4135714285714286 0.11 0.012857142857142857 0.018095238095238095
3 0.4117857142857143 0.12761904761904763 0.013571428571428571 0.017142857142857144
3 0.40964285714285714 0.13238095238095238 0.013571428571428571 0.01904761904761905
3 0.4082142857142857 0.14333333333333334 0.015 0.02
4 0.40535714285714286 0.1676190476190476 0.023571428571428573 0.03619047619047619
1 0.43714285714285717 0.10428571428571429 0.002857142857142857 0.010476190476190476
1 0.43535714285714283 0.10523809523809524 0.0035714285714285713 0.012380952380952381
9 0.43607142857142855 0.10904761904761905 0.007857142857142858 0.008571428571428572
1 0.44892857142857145 0.10761904761904761 0.0035714285714285713 0.009523809523809525
2 0.4492857142857143 0.11 0.01 0.008571428571428572
3 0.4614285714285714 0.11285714285714285 0.012857142857142857 0.01619047619047619
3 0.47714285714285715 0.11095238095238096 0.014285714285714285 0.014285714285714285
3 0.49464285714285716 0.11333333333333333 0.010714285714285714 0.017142857142857144
3 0.47785714285714287 0.11761904761904762 0.032857142857142856 0.014285714285714285
3 0.47928571428571426 0.12380952380952381 0.024285714285714285 0.015238095238095238
3 0.4785714285714286 0.1280952380952381 0.022857142857142857 0.01619047619047619
3 0.4807142857142857 0.13238095238095238 0.04 0.01904761904761905
3 0.4789285714285714 0.14142857142857143 0.03785714285714286 0.018095238095238095
3 0.4853571428571429 0.1457142857142857 0.035 0.01904761904761905
3 0.48714285714285716 0.1519047619047619 0.041428571428571426 0.021904761904761906
3 0.47928571428571426 0.16428571428571428 0.047142857142857146 0.021904761904761906
3 0.48928571428571427 0.16 0.03857142857142857 0.022857142857142857
3 0.49392857142857144 0.17095238095238094 0.045 0.023809523809523808
3 0.49214285714285716 0.17857142857142858 0.05142857142857143 0.025714285714285714
3 0.45 0.1895238095238095 0.025714285714285714 0.02857142857142857
3 0.4657142857142857 0.21 0.025714285714285714 0.03333333333333333
3 0.4967857142857143 0.19476190476190477 0.04357142857142857 0.023809523809523808
3 0.505 0.20714285714285716 0.027142857142857142 0.037142857142857144
3 0.4853571428571429 0.23714285714285716 0.060714285714285714 0.03238095238095238
4 0.5228571428571429 0.2509523809523809 0.03857142857142857 0.054285714285714284
3 0.5257142857142857 0.2833333333333333 0.03142857142857143 0.04285714285714286
5 0.48214285714285715 0.29428571428571426 0.06428571428571428 0.13142857142857142
3 0.5392857142857143 0.3157142857142857 0.047142857142857146 0.06
1 0.5078571428571429 0.31857142857142856 0.012857142857142857 0.021904761904761906
0 0.5125 0.30666666666666664 0.012142857142857143 0.0419047619047619
3 0.5478571428571428 0.3504761904761905 0.09142857142857143 0.06095238095238095
0 0.5689285714285715 0.5876190476190476 0.025 0.06857142857142857
3 0.6078571428571429 0.44666666666666666 0.10285714285714286 0.0761904761904762
3 0.5946428571428571 0.4123809523809524 0.10785714285714286 0.0761904761904762
3 0.5746428571428571 0.3628571428571429 0.085 0.06476190476190476
0 0.6125 0.4661904761904762 0.02642857142857143 0.07523809523809524
3 0.5882142857142857 0.38666666666666666 0.09357142857142857 0.06285714285714286
1 0.5010714285714286 0.07714285714285714 0.005 0.009523809523809525
3 0.9342857142857143 0.9523809523809523 0.13 0.09523809523809523
