3 0.22535714285714287 0.31979695431472077 0.04214285714285714 0.048223350253807105
3 0.275 0.34073604060913704 0.04 0.06218274111675126
3 0.37464285714285717 0.17195431472081216 0.030714285714285715 0.04441624365482233
3 0.43892857142857145 0.07931472081218273 0.025 0.03426395939086294
3 0.41714285714285715 0.011421319796954314 0.024285714285714285 0.02284263959390863
3 0.4760714285714286 0.48667512690355325 0.02642857142857143 0.05710659898477157
3 0.5675 0.3578680203045685 0.023571428571428573 0.053299492385786795
3 0.36214285714285716 0.6230964467005076 0.03 0.05837563451776649
3 0.6578571428571428 0.8178934010152283 0.027142857142857142 0.09263959390862943
3 0.5989285714285715 0.11992385786802029 0.013571428571428571 0.031725888324873094
3 0.6489285714285714 0.10342639593908629 0.013571428571428571 0.029187817258883246
4 0.9821428571428571 0.8210659898477157 0.03428571428571429 0.09644670050761421
4 0.5867857142857142 0.23730964467005075 0.019285714285714285 0.048223350253807105
4 0.4975 0.774746192893401 0.03785714285714286 0.11294416243654821
8 0.7082142857142857 0.383248730964467 0.04214285714285714 0.149746192893401
0 0.8867857142857143 0.4606598984771573 0.009285714285714286 0.027918781725888322
0 0.37642857142857145 0.23413705583756345 0.02857142857142857 0.049492385786802026
4 0.29285714285714287 0.83248730964467 0.05 0.10152284263959391
4 0.475 0.06345177664974619 0.027142857142857142 0.048223350253807105
0 0.7967857142857143 0.1947969543147208 0.007857142857142858 0.021573604060913704
0 0.8028571428571428 0.19098984771573602 0.007142857142857143 0.021573604060913704
8 0.5446428571428571 0.08883248730964466 0.027857142857142858 0.07614213197969542
3 0.6125 0.05139593908629441 0.012142857142857143 0.03934010152284264
0 0.9607142857142857 0.32868020304568524 0.008571428571428572 0.025380710659898477
0 0.9621428571428572 0.35342639593908626 0.007142857142857143 0.024111675126903553
0 0.7539285714285714 0.21637055837563451 0.0064285714285714285 0.024111675126903553
