3 0.888830897703549 0.914656771799629 0.03444676409185803 0.0927643784786642
3 0.9472860125260959 0.7940630797773655 0.051148225469728595 0.04267161410018553
3 0.821242171189979 0.6525974025974026 0.02661795407098121 0.07699443413729128
3 0.6323068893528183 0.6906307977736549 0.023486430062630476 0.08070500927643785
3 0.6051670146137786 0.687847866419295 0.022442588726513567 0.08070500927643785
3 0.8695198329853862 0.5287569573283859 0.044885177453027135 0.03339517625231911
3 0.931367432150313 0.3515769944341373 0.02974947807933194 0.0463821892393321
3 0.8838726513569937 0.3617810760667904 0.02139874739039666 0.04823747680890538
3 0.8632567849686846 0.15862708719851576 0.015657620041753653 0.03153988868274583
3 0.8666492693110647 0.08580705009276438 0.020354906054279746 0.039888682745825604
3 0.8478601252609602 0.08534322820037106 0.02139874739039666 0.03896103896103896
3 0.8851774530271398 0.07838589981447125 0.016701461377870562 0.036178107606679034
3 0.657098121085595 0.25463821892393323 0.01774530271398747 0.041743970315398886
3 0.6359603340292275 0.25742115027829315 0.016179540709812108 0.039888682745825604
3 0.4316283924843423 0.6679035250463822 0.020876826722338204 0.07606679035250465
3 0.40370563674321497 0.6623376623376623 0.022442588726513567 0.07606679035250465
3 0.3209812108559499 0.6442486085343229 0.024008350730688934 0.075139146567718
3 0.25260960334029225 0.685064935064935 0.04801670146137787 0.039888682745825604
3 0.4898225469728601 0.24443413729128016 0.015135699373695197 0.043599257884972174
3 0.48460334029227553 0.15306122448979592 0.014091858037578286 0.03710575139146568
3 0.4405010438413361 0.1567717996289425 0.015657620041753653 0.0463821892393321
3 0.4504175365344467 0.12244897959183673 0.015657620041753653 0.04452690166975881
3 0.42353862212943627 0.1567717996289425 0.015135699373695197 0.0463821892393321
4 0.45302713987473897 0.0728200371057514 0.011482254697286011 0.043599257884972174
3 0.01487473903966597 0.3933209647495362 0.02766179540709812 0.061224489795918366
3 0.0073068893528183704 0.23562152133580705 0.014613778705636741 0.05009276437847866
4 0.06889352818371607 0.13172541743970315 0.019832985386221292 0.04823747680890538
3 0.026878914405010435 0.11873840445269017 0.02139874739039666 0.04267161410018553
9 0.05480167014613778 0.09230055658627087 0.006263048016701461 0.021335807050092765
1 0.05323590814196242 0.08719851576994435 0.006263048016701461 0.016697588126159554
6 0.056367432150313146 0.06354359925788497 0.009394572025052192 0.021335807050092765
1 0.054540709812108554 0.05983302411873841 0.006784968684759916 0.012059369202226345
9 0.0060020876826722335 0.08580705009276438 0.007828810020876827 0.01948051948051948
3 0.042536534446764085 0.046846011131725415 0.020354906054279746 0.039888682745825604
3 0.05088726513569937 0.01437847866419295 0.020354906054279746 0.0287569573283859
3 0.1213465553235908 0.1238404452690167 0.020354906054279746 0.036178107606679034
3 0.12526096033402923 0.0927643784786642 0.016701461377870562 0.0352504638218924
3 0.1310020876826722 0.04730983302411874 0.016701461377870562 0.03339517625231911
3 0.13726513569937368 0.013450834879406308 0.01774530271398747 0.026901669758812616
7 0.27244258872651356 0.14749536178107606 0.009394572025052192 0.03153988868274583
3 0.29436325678496866 0.15398886827458255 0.018789144050104383 0.03896103896103896
3 0.31315240083507306 0.15120593692022263 0.019832985386221292 0.03896103896103896
3 0.33141962421711896 0.15166975881261596 0.019832985386221292 0.043599257884972174
