3 0.10325000000000001 0.028666666666666667 0.035500000000000004 0.034666666666666665
3 0.0815 0.064 0.044 0.04533333333333333
3 0.0635 0.09866666666666667 0.045 0.04133333333333333
3 0.021750000000000002 0.12733333333333333 0.043500000000000004 0.052
9 0.154 0.011333333333333332 0.009000000000000001 0.02
1 0.1555 0.009 0.013000000000000001 0.018
3 0.195 0.019333333333333334 0.027 0.03866666666666667
4 0.179 0.042333333333333334 0.029 0.04066666666666666
6 0.15125 0.059666666666666666 0.0205 0.035333333333333335
0 0.089 0.16333333333333333 0.02 0.04133333333333333
0 0.14300000000000002 0.05533333333333333 0.01 0.032
0 0.15925 0.054 0.0075 0.029333333333333333
0 0.16925 0.051666666666666666 0.0105 0.03133333333333333
4 0.1705 0.07766666666666666 0.035 0.049999999999999996
0 0.157 0.058333333333333334 0.012 0.03133333333333333
3 0.1835 0.10866666666666666 0.08 0.03733333333333333
3 0.18525 0.13599999999999998 0.0825 0.044
3 0.181 0.15833333333333333 0.082 0.04466666666666667
3 0.2485 0.09233333333333334 0.08 0.04466666666666667
3 0.1765 0.21033333333333332 0.111 0.06333333333333332
0 0.015 0.296 0.027 0.052
1 0.00875 0.286 0.0165 0.024
0 0.01575 0.285 0.0235 0.048666666666666664
0 0.058 0.30166666666666664 0.027 0.054
2 0.09475 0.29366666666666663 0.0245 0.03933333333333333
1 0.088 0.27699999999999997 0.022 0.046
4 0.18125 0.2866666666666667 0.0845 0.08533333333333333
0 0.15325 0.32566666666666666 0.0245 0.056666666666666664
4 0.068 0.356 0.085 0.09466666666666666
1 0.08425 0.4413333333333333 0.0425 0.03333333333333333
0 0.18725 0.5103333333333333 0.0305 0.057999999999999996
0 0.19875 0.5393333333333333 0.0275 0.048
0 0.20375000000000001 0.585 0.0315 0.066
0 0.23125 0.8386666666666667 0.0505 0.07066666666666667
1 0.34 0.878 0.019 0.024
0 0.3735 0.9169999999999999 0.018000000000000002 0.04066666666666666
0 0.438 0.981 0.021 0.03666666666666667
0 0.49025 0.985 0.0265 0.028666666666666667
9 0.46325 0.8806666666666666 0.035500000000000004 0.10266666666666667
0 0.47800000000000004 0.8013333333333333 0.021 0.04533333333333333
0 0.51475 0.834 0.0195 0.044
9 0.37825000000000003 0.8403333333333333 0.0545 0.09133333333333334
0 0.34750000000000003 0.8283333333333333 0.031 0.07533333333333334
0 0.343 0.8069999999999999 0.021 0.06066666666666667
1 0.3765 0.8033333333333333 0.021 0.028
9 0.39425 0.7803333333333333 0.051500000000000004 0.08733333333333333
0 0.26475 0.45699999999999996 0.0305 0.054
6 0.25675 0.40166666666666667 0.0815 0.07666666666666666
1 0.2725 0.4046666666666667 0.025 0.052
9 0.368 0.3193333333333333 0.043000000000000003 0.034666666666666665
4 0.587 0.585 0.12 0.214
0 0.491 0.445 0.021 0.056666666666666664
0 0.5085000000000001 0.447 0.02 0.07133333333333333
1 0.332 0.22966666666666666 0.015 0.033999999999999996
1 0.367 0.19799999999999998 0.014 0.032
1 0.382 0.19166666666666665 0.014 0.028666666666666667
1 0.38275000000000003 0.204 0.0115 0.029333333333333333
1 0.38175000000000003 0.21466666666666667 0.0125 0.032
9 0.47800000000000004 0.11966666666666666 0.012 0.03933333333333333
1 0.47750000000000004 0.11299999999999999 0.01 0.03133333333333333
9 0.55125 0.08 0.0105 0.025333333333333333
6 0.57575 0.07566666666666666 0.0195 0.03133333333333333
9 0.5745 0.097 0.014 0.022
1 0.59325 0.07633333333333334 0.0095 0.02733333333333333
1 0.60975 0.07433333333333333 0.0105 0.02333333333333333
6 0.6035 0.093 0.023 0.03
4 0.43825000000000003 0.2776666666666667 0.0485 0.09933333333333333
9 0.44375000000000003 0.357 0.043500000000000004 0.046
1 0.44425000000000003 0.35733333333333334 0.0205 0.056
9 0.47000000000000003 0.3473333333333333 0.035 0.036
1 0.46950000000000003 0.33799999999999997 0.019 0.04666666666666666
0 0.47125 0.301 0.0205 0.049999999999999996
0 0.47200000000000003 0.3163333333333333 0.013000000000000001 0.043333333333333335
0 0.49 0.371 0.012 0.054
0 0.5065000000000001 0.3373333333333333 0.015 0.05466666666666666
0 0.495 0.327 0.015 0.05533333333333333
0 0.5045000000000001 0.29933333333333334 0.015 0.05333333333333333
0 0.5345 0.3453333333333333 0.013000000000000001 0.056
0 0.52575 0.36233333333333334 0.0145 0.056666666666666664
1 0.52325 0.34833333333333333 0.0105 0.028666666666666667
0 0.52425 0.31 0.0125 0.04933333333333333
5 0.51875 0.15566666666666665 0.0795 0.05266666666666667
4 0.5730000000000001 0.18966666666666665 0.056 0.08733333333333333
4 0.61275 0.24833333333333332 0.0785 0.08333333333333333
1 0.9842500000000001 0.216 0.0185 0.03333333333333333
0 0.89525 0.23199999999999998 0.021500000000000002 0.04533333333333333
1 0.881 0.23366666666666666 0.019 0.03266666666666666
9 0.8140000000000001 0.243 0.024 0.03
0 0.76725 0.2703333333333333 0.0145 0.049999999999999996
0 0.666 0.26566666666666666 0.014 0.03933333333333333
0 0.66725 0.2836666666666667 0.0115 0.041999999999999996
9 0.667 0.31666666666666665 0.039 0.028
1 0.665 0.31066666666666665 0.016 0.025333333333333333
1 0.66625 0.314 0.0095 0.021333333333333333
0 0.64125 0.30233333333333334 0.0225 0.04733333333333333
1 0.53925 0.29733333333333334 0.0135 0.034666666666666665
0 0.55375 0.3183333333333333 0.0135 0.054
0 0.54675 0.30633333333333335 0.0155 0.054
0 0.56925 0.30933333333333335 0.0135 0.056
0 0.58025 0.3153333333333333 0.0145 0.05466666666666666
0 0.6032500000000001 0.331 0.0125 0.049999999999999996
0 0.652 0.29766666666666663 0.018000000000000002 0.051333333333333335
0 0.60275 0.30433333333333334 0.0145 0.049999999999999996
0 0.58625 0.30133333333333334 0.0155 0.056
1 0.5952500000000001 0.3 0.0155 0.048
0 0.6035 0.2783333333333333 0.011 0.046
0 0.6075 0.2743333333333333 0.01 0.04466666666666667
0 0.595 0.27066666666666667 0.013000000000000001 0.050666666666666665
1 0.62625 0.2826666666666667 0.0205 0.03333333333333333
