3 0.021750000000000002 0.9873333333333333 0.043500000000000004 0.024
3 0.02775 0.96 0.0555 0.04666666666666666
3 0.10275000000000001 0.9039999999999999 0.0615 0.04
3 0.15725 0.8653333333333333 0.0585 0.044
3 0.20875 0.8303333333333333 0.0525 0.035333333333333335
4 0.29525 0.7656666666666666 0.0465 0.048666666666666664
3 0.34375 0.7386666666666667 0.0455 0.030666666666666665
4 0.31175 0.8776666666666666 0.0495 0.043333333333333335
3 0.35275 0.8516666666666667 0.0505 0.03133333333333333
4 0.37075 0.9503333333333333 0.0485 0.06999999999999999
3 0.59 0.9846666666666666 0.038 0.030666666666666665
4 0.5605 0.8376666666666667 0.039 0.049999999999999996
6 0.67725 0.8586666666666667 0.025500000000000002 0.025333333333333333
4 0.775 0.7173333333333333 0.026000000000000002 0.03866666666666667
0 0.82975 0.692 0.0085 0.017333333333333333
0 0.846 0.6973333333333334 0.007 0.018666666666666665
0 0.8405 0.6843333333333333 0.008 0.019333333333333334
3 0.8555 0.6729999999999999 0.022 0.03266666666666666
0 0.80375 0.6719999999999999 0.0055 0.018666666666666665
0 0.809 0.6663333333333333 0.007 0.018
5 0.7665000000000001 0.6273333333333333 0.035 0.052
3 0.7995 0.6233333333333333 0.032 0.030666666666666665
3 0.80825 0.6046666666666667 0.0375 0.025333333333333333
9 0.848 0.607 0.014 0.014
3 0.417 0.7946666666666666 0.039 0.05466666666666666
3 0.458 0.758 0.024 0.050666666666666665
3 0.48625 0.7396666666666667 0.0265 0.048666666666666664
4 0.52 0.7126666666666667 0.032 0.032
3 0.42125 0.6809999999999999 0.035500000000000004 0.033999999999999996
3 0.45925 0.6523333333333333 0.0345 0.033999999999999996
5 0.496 0.629 0.043000000000000003 0.035333333333333335
4 0.51975 0.6676666666666666 0.0305 0.03133333333333333
1 0.51225 0.6113333333333333 0.0055 0.010666666666666666
5 0.59025 0.6506666666666666 0.0445 0.04933333333333333
0 0.63175 0.659 0.006500000000000001 0.018
9 0.593 0.625 0.009000000000000001 0.01
1 0.593 0.6233333333333333 0.006 0.013333333333333332
3 0.651 0.602 0.023 0.025333333333333333
3 0.69025 0.595 0.0195 0.026
3 0.6707500000000001 0.5846666666666667 0.0235 0.022666666666666665
3 0.622 0.5683333333333334 0.024 0.024666666666666667
3 0.59125 0.5633333333333334 0.0205 0.018666666666666665
3 0.65575 0.519 0.0205 0.018
3 0.671 0.5066666666666666 0.017 0.016
3 0.68675 0.49766666666666665 0.0185 0.016666666666666666
3 0.74725 0.495 0.0175 0.015333333333333332
3 0.735 0.46299999999999997 0.015 0.016666666666666666
3 0.7495 0.45366666666666666 0.015 0.014
3 0.76475 0.443 0.0145 0.012666666666666666
3 0.73 0.5916666666666667 0.03 0.024666666666666667
0 0.8465 0.48 0.005 0.012
3 0.8582500000000001 0.4403333333333333 0.0105 0.014
0 0.12925 0.634 0.0075 0.016
