6 0.33825 0.8763333333333333 0.0275 0.056666666666666664
9 0.38225000000000003 0.851 0.025500000000000002 0.049999999999999996
0 0.4255 0.984 0.017 0.032
0 0.4165 0.9813333333333333 0.022 0.03733333333333333
6 0.40275 0.9746666666666667 0.0315 0.050666666666666665
0 0.43225 0.8073333333333333 0.0165 0.04
1 0.42475 0.8006666666666666 0.0105 0.025333333333333333
9 0.4265 0.8163333333333334 0.014 0.03266666666666666
4 0.6945 0.9126666666666666 0.056 0.128
9 0.297 0.8716666666666666 0.024 0.043333333333333335
9 0.42175 0.7216666666666667 0.0135 0.03133333333333333
1 0.4045 0.6796666666666666 0.014 0.024666666666666667
0 0.3965 0.6536666666666666 0.013000000000000001 0.033999999999999996
1 0.42 0.6839999999999999 0.012 0.02
0 0.4355 0.6746666666666666 0.014 0.030666666666666665
2 0.4315 0.6846666666666666 0.008 0.028
0 0.43625 0.6516666666666666 0.0105 0.028666666666666667
0 0.429 0.6433333333333333 0.009000000000000001 0.034666666666666665
0 0.44475000000000003 0.581 0.0095 0.028666666666666667
4 0.881 0.9783333333333333 0.084 0.043333333333333335
0 0.8225 0.9166666666666666 0.025 0.052
3 0.8855000000000001 0.9229999999999999 0.136 0.11399999999999999
3 0.8255 0.8173333333333334 0.111 0.06933333333333333
3 0.9655 0.8026666666666666 0.069 0.06266666666666666
1 0.7955 0.6963333333333334 0.012 0.028666666666666667
2 0.80125 0.689 0.0145 0.038
2 0.78325 0.6643333333333333 0.0165 0.033999999999999996
1 0.7635000000000001 0.643 0.009000000000000001 0.028666666666666667
1 0.75625 0.6443333333333333 0.0095 0.028666666666666667
9 0.70575 0.615 0.0125 0.03266666666666666
3 0.6275000000000001 0.7879999999999999 0.015 0.042666666666666665
2 0.63875 0.488 0.0195 0.02
3 0.65075 0.6256666666666666 0.0415 0.06066666666666667
4 0.5715 0.621 0.031 0.06333333333333332
1 0.5525 0.6823333333333333 0.019 0.02733333333333333
1 0.57425 0.6729999999999999 0.0135 0.026
6 0.5705 0.6799999999999999 0.039 0.034666666666666665
0 0.5085000000000001 0.5606666666666666 0.008 0.024
1 0.4675 0.5716666666666667 0.011 0.026
2 0.46900000000000003 0.579 0.008 0.024666666666666667
1 0.42775 0.5406666666666666 0.0085 0.016
1 0.6295000000000001 0.4116666666666666 0.035 0.020666666666666667
4 0.32375 0.4443333333333333 0.0425 0.03
3 0.3195 0.43166666666666664 0.038 0.019333333333333334
3 0.3305 0.42533333333333334 0.038 0.018666666666666665
3 0.28425 0.44166666666666665 0.0315 0.022
