3 0.5592857142857143 0.7828571428571428 0.07857142857142857 0.07238095238095238
3 0.46464285714285714 0.7376190476190476 0.07357142857142857 0.07142857142857142
3 0.8503571428571428 0.9366666666666666 0.11214285714285714 0.1
3 0.8346428571428571 0.8580952380952381 0.09357142857142857 0.08571428571428572
3 0.6860714285714286 0.8576190476190476 0.08785714285714286 0.08857142857142856
3 0.7114285714285714 0.8038095238095239 0.08857142857142856 0.08190476190476191
3 0.6871428571428572 0.7309523809523809 0.07857142857142857 0.06761904761904762
3 0.6053571428571428 0.7476190476190476 0.07357142857142857 0.06666666666666667
3 0.5132142857142857 0.7061904761904761 0.065 0.06571428571428571
3 0.44142857142857145 0.6719047619047619 0.07 0.06
3 0.37535714285714283 0.6823809523809524 0.07071428571428572 0.06571428571428571
3 0.3607142857142857 0.6209523809523809 0.05714285714285714 0.05904761904761905
3 0.30785714285714283 0.6247619047619047 0.06428571428571428 0.06476190476190476
3 0.30178571428571427 0.5676190476190476 0.05928571428571429 0.06095238095238095
3 0.24464285714285713 0.5852380952380952 0.055 0.05238095238095238
3 0.18571428571428572 0.5523809523809524 0.05285714285714286 0.049523809523809526
4 0.14285714285714285 0.518095238095238 0.041428571428571426 0.04380952380952381
3 0.18214285714285713 0.508095238095238 0.047142857142857146 0.039047619047619046
3 0.10535714285714286 0.5033333333333333 0.045 0.040952380952380955
3 0.10714285714285714 0.4747619047619048 0.05 0.039047619047619046
5 0.5075 0.6452380952380953 0.23214285714285715 0.14
0 0.13464285714285715 0.4257142857142857 0.009285714285714286 0.02095238095238095
0 0.1432142857142857 0.42238095238095236 0.009285714285714286 0.023809523809523808
0 0.18642857142857142 0.43 0.01 0.021904761904761906
0 0.2057142857142857 0.4261904761904762 0.014285714285714285 0.02
0 0.9667857142857142 0.7538095238095238 0.017857142857142856 0.03333333333333333
3 0.9546428571428571 0.20761904761904762 0.013571428571428571 0.015238095238095238
3 0.9642857142857143 0.21904761904761905 0.014285714285714285 0.015238095238095238
3 0.9725 0.22857142857142856 0.015 0.015238095238095238
3 0.985 0.24142857142857144 0.015714285714285715 0.01619047619047619
3 0.8753571428571428 0.13714285714285715 0.009285714285714286 0.011428571428571429
3 0.8689285714285714 0.12857142857142856 0.009285714285714286 0.009523809523809525
3 0.8853571428571428 0.1376190476190476 0.007857142857142858 0.014285714285714285
