3 0.49999999999999994 0.13218923933209648 0.025052192066805843 0.08441558441558442
3 0.46685803757828803 0.19387755102040816 0.05897703549060542 0.05009276437847866
3 0.5370563674321502 0.1261595547309833 0.025052192066805843 0.08905380333951762
3 0.5694154488517744 0.10667903525046382 0.031315240083507306 0.09090909090909091
4 0.613517745302714 0.16743970315398887 0.023486430062630476 0.09183673469387756
5 0.606732776617954 0.06076066790352505 0.02766179540709812 0.1215213358070501
3 0.5610647181628392 0.2527829313543599 0.026096033402922752 0.09925788497217068
4 0.4689457202505219 0.29591836734693877 0.056889352818371604 0.05380333951762523
6 0.45824634655532354 0.34740259740259744 0.050104384133611686 0.05102040816326531
4 0.4598121085594989 0.4104823747680891 0.06263048016701461 0.05844155844155844
4 0.46294363256784965 0.48562152133580705 0.06263048016701461 0.05102040816326531
3 0.56080375782881 0.4420222634508349 0.02766179540709812 0.11224489795918367
4 0.6315240083507306 0.461038961038961 0.027139874739039664 0.10018552875695733
3 0.45067849686847594 0.5468460111317254 0.0662839248434238 0.05287569573283859
3 0.4535490605427974 0.6099257884972171 0.06784968684759916 0.05658627087198516
3 0.4566805845511482 0.6739332096474954 0.06367432150313151 0.06029684601113173
9 0.45929018789144044 0.7379406307977736 0.030271398747390394 0.02504638218923933
3 0.44624217118997905 0.8102968460111317 0.07515657620041753 0.06215213358070501
3 0.44989561586638827 0.8928571428571429 0.07724425887265135 0.0640074211502783
3 0.4454592901878914 0.9707792207792207 0.0767223382045929 0.05658627087198516
3 0.6401356993736952 0.929035250463822 0.03705636743215031 0.1326530612244898
6 0.5790709812108559 0.9202226345083488 0.022442588726513567 0.07792207792207792
7 0.6197807933194154 0.7857142857142857 0.04018789144050104 0.0352504638218924
9 0.5892484342379958 0.7639146567717996 0.015657620041753653 0.04730983302411874
6 0.6140396659707724 0.7588126159554731 0.03392484342379958 0.025974025974025976
3 0.5668058455114822 0.6757884972170687 0.03444676409185803 0.1345083487940631
3 0.6390918580375782 0.6757884972170687 0.03496868475991649 0.11966604823747681
9 0.5957724425887264 0.5987940630797773 0.028705636743215027 0.021335807050092765
9 0.6281315240083507 0.5923005565862709 0.02139874739039666 0.045454545454545456
9 0.5915970772442588 0.5166975881261595 0.020354906054279746 0.04452690166975881
3 0.6505741127348642 0.07189239332096475 0.032881002087682666 0.08998144712430427
9 0.6991127348643006 0.07003710575139147 0.014091858037578286 0.039888682745825604
9 0.7252087682672234 0.23608534322820038 0.012004175365344467 0.041743970315398886
9 0.7706158663883089 0.8446196660482375 0.03392484342379958 0.02504638218923933
2 0.7727035490605427 0.8218923933209648 0.025574112734864297 0.022263450834879406
9 0.7721816283924843 0.8038033395176253 0.02661795407098121 0.021335807050092765
9 0.766179540709812 0.7871057513914657 0.022964509394572022 0.01948051948051948
9 0.7578288100208768 0.7792207792207793 0.027139874739039664 0.020408163265306124
9 0.767223382045929 0.7588126159554731 0.024008350730688934 0.01855287569573284
2 0.7651356993736951 0.7453617810760668 0.026096033402922752 0.0176252319109462
9 0.7630480167014613 0.7328385899814471 0.029227557411273482 0.022263450834879406
9 0.7646137787056366 0.7096474953617811 0.026096033402922752 0.022263450834879406
9 0.7573068893528183 0.6971243042671614 0.029227557411273482 0.013914656771799629
9 0.7526096033402923 0.6841372912801484 0.031315240083507306 0.013914656771799629
9 0.7528705636743215 0.666048237476809 0.03079331941544885 0.020408163265306124
9 0.7599164926931106 0.640074211502783 0.026096033402922752 0.02411873840445269
9 0.7531315240083507 0.6266233766233766 0.026096033402922752 0.02504638218923933
9 0.7565240083507306 0.6057513914656771 0.02661795407098121 0.02411873840445269
9 0.7531315240083507 0.5839517625231911 0.028183716075156573 0.0176252319109462
9 0.7510438413361168 0.5714285714285714 0.025052192066805843 0.014842300556586271
9 0.7956680584551148 0.7769016697588126 0.012004175365344467 0.039888682745825604
9 0.7826200417536534 0.5695732838589982 0.019311064718162838 0.059369202226345084
9 0.7813152400835073 0.9206864564007421 0.026096033402922752 0.05102040816326531
9 0.4538100208768267 0.055658627087198514 0.022442588726513567 0.03339517625231911
9 0.4566805845511482 0.0352504638218924 0.022964509394572022 0.03339517625231911
