3 0.7217857142857143 0.8828571428571429 0.11642857142857142 0.09142857142857143
3 0.6996428571428571 0.7657142857142857 0.10071428571428571 0.08571428571428572
3 0.8996428571428572 0.7004761904761905 0.1392857142857143 0.0980952380952381
3 0.9339285714285714 0.5852380952380952 0.13214285714285715 0.10571428571428572
3 0.9532142857142857 0.4057142857142857 0.09357142857142857 0.1219047619047619
3 0.8542857142857143 0.5333333333333333 0.10571428571428572 0.09523809523809523
7 0.7542857142857143 0.4719047619047619 0.05 0.04857142857142857
1 0.7407142857142857 0.4742857142857143 0.011428571428571429 0.024761904761904763
3 0.6785714285714286 0.5342857142857143 0.06285714285714286 0.06095238095238095
3 0.7064285714285714 0.559047619047619 0.07428571428571429 0.07238095238095238
3 0.7032142857142857 0.6147619047619047 0.07928571428571428 0.07333333333333333
3 0.7289285714285715 0.6614285714285715 0.09214285714285714 0.07714285714285714
3 0.7228571428571429 0.03238095238095238 0.015714285714285715 0.02095238095238095
3 0.7092857142857143 0.03428571428571429 0.01 0.013333333333333332
3 0.65 0.11666666666666667 0.012857142857142857 0.018095238095238095
3 0.6775 0.12428571428571429 0.015 0.021904761904761906
4 0.6935714285714286 0.15571428571428572 0.02 0.025714285714285714
5 0.6532142857142857 0.16380952380952382 0.030714285714285715 0.05523809523809524
5 0.6117857142857143 0.14095238095238094 0.035 0.0380952380952381
5 0.5914285714285714 0.16285714285714287 0.047142857142857146 0.05714285714285714
4 0.6132142857142857 0.17761904761904762 0.010714285714285714 0.018095238095238095
3 0.5860714285714286 0.20761904761904762 0.007857142857142858 0.011428571428571429
5 0.6278571428571429 0.21 0.022857142857142857 0.040952380952380955
4 0.615 0.23857142857142857 0.02 0.02
5 0.5967857142857143 0.2785714285714286 0.060714285714285714 0.1019047619047619
4 0.5410714285714285 0.27904761904761904 0.010714285714285714 0.01904761904761905
5 0.54 0.30428571428571427 0.011428571428571429 0.01619047619047619
5 0.5589285714285714 0.3314285714285714 0.023571428571428573 0.045714285714285714
5 0.5696428571428571 0.3628571428571429 0.03357142857142857 0.06095238095238095
3 0.5925 0.37238095238095237 0.020714285714285713 0.02857142857142857
3 0.5478571428571428 0.37666666666666665 0.02 0.03333333333333333
3 0.5528571428571428 0.38952380952380955 0.02 0.030476190476190476
3 0.5503571428571429 0.41904761904761906 0.023571428571428573 0.0380952380952381
3 0.5307142857142857 0.43333333333333335 0.022857142857142857 0.0380952380952381
5 0.5121428571428571 0.4357142857142857 0.03428571428571429 0.06
3 0.49 0.3576190476190476 0.011428571428571429 0.01619047619047619
3 0.4828571428571429 0.36 0.012857142857142857 0.015238095238095238
0 0.4789285714285714 0.36428571428571427 0.0035714285714285713 0.012380952380952381
0 0.4689285714285714 0.36714285714285716 0.005 0.008571428571428572
3 0.4617857142857143 0.38142857142857145 0.013571428571428571 0.02
3 0.45321428571428574 0.38333333333333336 0.012142857142857143 0.02
3 0.47928571428571426 0.38095238095238093 0.015714285714285715 0.02095238095238095
3 0.46464285714285714 0.40476190476190477 0.015 0.022857142857142857
3 0.445 0.40714285714285714 0.014285714285714285 0.021904761904761906
3 0.43392857142857144 0.4147619047619048 0.015 0.02
3 0.42928571428571427 0.4147619047619048 0.01 0.01619047619047619
3 0.41892857142857143 0.42095238095238097 0.009285714285714286 0.017142857142857144
5 0.38785714285714284 0.45380952380952383 0.027142857142857142 0.04285714285714286
3 0.5267857142857143 0.4704761904761905 0.025 0.04380952380952381
3 0.5060714285714286 0.4819047619047619 0.023571428571428573 0.04
3 0.5082142857142857 0.5166666666666667 0.025 0.04285714285714286
3 0.48214285714285715 0.530952380952381 0.025714285714285714 0.04857142857142857
3 0.4635714285714286 0.5447619047619048 0.024285714285714285 0.04380952380952381
5 0.4857142857142857 0.49142857142857144 0.024285714285714285 0.045714285714285714
5 0.355 0.5047619047619047 0.045714285714285714 0.06666666666666667
1 0.43214285714285716 0.5842857142857143 0.007142857142857143 0.012380952380952381
9 0.43607142857142855 0.5871428571428572 0.010714285714285714 0.021904761904761906
3 0.2092857142857143 0.9847619047619047 0.03 0.030476190476190476
5 0.37142857142857144 0.8547619047619047 0.18142857142857144 0.2904761904761905
3 0.1757142857142857 0.8909523809523809 0.02142857142857143 0.02761904761904762
3 0.1457142857142857 0.8823809523809524 0.018571428571428572 0.021904761904761906
3 0.11321428571428571 0.8690476190476191 0.013571428571428571 0.01619047619047619
3 0.08 0.9033333333333333 0.012857142857142857 0.014285714285714285
5 0.07071428571428572 0.9361904761904762 0.014285714285714285 0.017142857142857144
3 0.06035714285714286 0.9176190476190477 0.012142857142857143 0.014285714285714285
3 0.029285714285714286 0.9433333333333334 0.01 0.012380952380952381
3 0.03571428571428571 0.9619047619047619 0.011428571428571429 0.017142857142857144
3 0.026071428571428572 0.9623809523809523 0.010714285714285714 0.018095238095238095
3 0.025357142857142856 0.9823809523809524 0.013571428571428571 0.01619047619047619
3 0.005357142857142857 0.979047619047619 0.010714285714285714 0.013333333333333332
