3 0.24214285714285713 0.8557142857142858 0.07142857142857142 0.20285714285714285
0 0.3275 0.9719047619047619 0.02214285714285714 0.03333333333333333
0 0.5535714285714286 0.9547619047619048 0.015714285714285715 0.02
0 0.44285714285714284 0.8247619047619048 0.014285714285714285 0.026666666666666665
9 0.5614285714285714 0.6914285714285714 0.017142857142857144 0.03428571428571429
0 0.5203571428571429 0.490952380952381 0.013571428571428571 0.023809523809523808
9 0.5957142857142858 0.14238095238095239 0.027142857142857142 0.02761904761904762
9 0.6135714285714285 0.24047619047619048 0.03 0.025714285714285714
0 0.6032142857142857 0.1895238095238095 0.012142857142857143 0.03428571428571429
0 0.5932142857142857 0.22428571428571428 0.010714285714285714 0.025714285714285714
0 0.5789285714285715 0.2061904761904762 0.007857142857142858 0.029523809523809525
4 0.48892857142857143 0.17666666666666667 0.07214285714285715 0.08095238095238096
3 0.47214285714285714 0.2895238095238095 0.09142857142857143 0.05904761904761905
4 0.4739285714285714 0.3580952380952381 0.08071428571428571 0.05333333333333333
0 0.41214285714285714 0.3914285714285714 0.014285714285714285 0.030476190476190476
3 0.3625 0.40523809523809523 0.04642857142857143 0.10952380952380952
0 0.33535714285714285 0.6128571428571429 0.02214285714285714 0.021904761904761906
0 0.3532142857142857 0.6038095238095238 0.007857142857142858 0.017142857142857144
1 0.22357142857142856 0.679047619047619 0.024285714285714285 0.02095238095238095
9 0.22428571428571428 0.6833333333333333 0.017142857142857144 0.04476190476190476
9 0.22892857142857143 0.5880952380952381 0.019285714285714285 0.05619047619047619
0 0.15464285714285714 0.6485714285714286 0.02642857142857143 0.015238095238095238
9 0.048214285714285716 0.56 0.020714285714285713 0.05142857142857143
4 0.8146428571428571 0.5628571428571428 0.10928571428571429 0.06666666666666667
9 0.9110714285714285 0.5257142857142857 0.03214285714285714 0.02095238095238095
0 0.20964285714285713 0.40523809523809523 0.019285714285714285 0.023809523809523808
0 0.4228571428571429 0.4638095238095238 0.011428571428571429 0.01904761904761905
0 0.20607142857142857 0.1180952380952381 0.017857142857142856 0.02857142857142857
0 0.16035714285714286 0.13714285714285715 0.020714285714285713 0.03619047619047619
