3 0.47214285714285714 0.9123809523809524 0.018571428571428572 0.03238095238095238
3 0.43785714285714283 0.8019047619047619 0.017142857142857144 0.024761904761904763
5 0.215 0.1380952380952381 0.007142857142857143 0.015238095238095238
5 0.19964285714285715 0.23666666666666666 0.009285714285714286 0.01619047619047619
5 0.1632142857142857 0.23238095238095238 0.010714285714285714 0.024761904761904763
5 0.17857142857142858 0.07761904761904762 0.008571428571428572 0.02
4 0.20285714285714285 0.08571428571428572 0.004285714285714286 0.007619047619047619
4 0.21857142857142858 0.1738095238095238 0.004285714285714286 0.008571428571428572
4 0.21142857142857144 0.19952380952380952 0.004285714285714286 0.008571428571428572
3 0.20785714285714285 0.30047619047619045 0.005714285714285714 0.010476190476190476
3 0.18428571428571427 0.18904761904761905 0.007142857142857143 0.008571428571428572
3 0.2057142857142857 0.26904761904761904 0.005714285714285714 0.010476190476190476
3 0.20642857142857143 0.2195238095238095 0.005714285714285714 0.008571428571428572
3 0.21535714285714286 0.1523809523809524 0.005 0.007619047619047619
3 0.29 0.25761904761904764 0.005714285714285714 0.010476190476190476
3 0.2875 0.2509523809523809 0.0064285714285714285 0.010476190476190476
3 0.6689285714285714 0.9866666666666667 0.02642857142857143 0.024761904761904763
3 0.605 0.969047619047619 0.027142857142857142 0.025714285714285714
3 0.6246428571428572 0.9895238095238095 0.03357142857142857 0.01904761904761905
3 0.9867857142857143 0.8357142857142857 0.020714285714285713 0.021904761904761906
5 0.8746428571428572 0.8866666666666667 0.035 0.02095238095238095
3 0.8260714285714286 0.5471428571428572 0.016428571428571428 0.012380952380952381
5 0.6517857142857143 0.3657142857142857 0.016428571428571428 0.017142857142857144
5 0.5682142857142857 0.3376190476190476 0.012142857142857143 0.02
4 0.49464285714285716 0.27380952380952384 0.0064285714285714285 0.010476190476190476
2 0.36357142857142855 0.6428571428571429 0.005714285714285714 0.013333333333333332
2 0.4514285714285714 0.9695238095238096 0.01 0.013333333333333332
3 0.16785714285714284 0.38952380952380955 0.007142857142857143 0.013333333333333332
3 0.16714285714285715 0.3319047619047619 0.005714285714285714 0.014285714285714285
3 0.5414285714285715 0.6538095238095238 0.011428571428571429 0.023809523809523808
3 0.5335714285714286 0.6771428571428572 0.01 0.022857142857142857
3 0.6432142857142857 0.30333333333333334 0.012142857142857143 0.008571428571428572
0 0.26607142857142857 0.3019047619047619 0.002142857142857143 0.005714285714285714
0 0.265 0.29095238095238096 0.0014285714285714286 0.004761904761904762
0 0.25892857142857145 0.2723809523809524 0.002142857142857143 0.005714285714285714
0 0.2567857142857143 0.2723809523809524 0.002142857142857143 0.005714285714285714
0 0.2617857142857143 0.2638095238095238 0.002142857142857143 0.005714285714285714
0 0.26 0.25523809523809526 0.0014285714285714286 0.005714285714285714
0 0.25214285714285717 0.24904761904761905 0.0014285714285714286 0.004761904761904762
