5 0.6217857142857143 0.8633333333333333 0.06357142857142857 0.19142857142857142
3 0.6275 0.47 0.023571428571428573 0.04285714285714286
5 0.5953571428571428 0.42666666666666664 0.03214285714285714 0.06476190476190476
1 0.6025 0.1819047619047619 0.002142857142857143 0.007619047619047619
9 0.6017857142857143 0.18619047619047618 0.0035714285714285713 0.006666666666666666
1 0.6935714285714286 0.83 0.011428571428571429 0.02
9 0.6925 0.8338095238095238 0.012142857142857143 0.037142857142857144
0 0.009285714285714286 0.6057142857142858 0.014285714285714285 0.0380952380952381
1 0.18035714285714285 0.3057142857142857 0.0035714285714285713 0.013333333333333332
2 0.18178571428571427 0.31 0.007857142857142858 0.012380952380952381
3 0.5557142857142857 0.019523809523809523 0.004285714285714286 0.006666666666666666
4 0.5610714285714286 0.024285714285714285 0.0035714285714285713 0.008571428571428572
3 0.5567857142857143 0.03 0.005 0.006666666666666666
3 0.5792857142857143 0.043333333333333335 0.004285714285714286 0.006666666666666666
5 0.5785714285714286 0.030476190476190476 0.004285714285714286 0.009523809523809525
5 0.5778571428571428 0.02 0.004285714285714286 0.009523809523809525
8 0.5846428571428571 0.012857142857142857 0.005 0.012380952380952381
8 0.5775 0.009047619047619047 0.005 0.010476190476190476
3 0.7253571428571428 0.09142857142857143 0.017857142857142856 0.009523809523809525
3 0.7189285714285715 0.08476190476190476 0.015 0.007619047619047619
3 0.7503571428571428 0.11428571428571428 0.007857142857142858 0.009523809523809525
2 0.5467857142857143 0.8547619047619047 0.007857142857142858 0.040952380952380955
2 0.5421428571428571 0.8595238095238095 0.008571428571428572 0.04285714285714286
