3 0.5132142857142857 0.660952380952381 0.055 0.05714285714285714
3 0.5960714285714286 0.6519047619047619 0.03642857142857143 0.04857142857142857
3 0.64 0.650952380952381 0.03428571428571429 0.05047619047619047
3 0.6171428571428571 0.6128571428571429 0.027142857142857142 0.03333333333333333
3 0.7446428571428572 0.6133333333333333 0.02642857142857143 0.0380952380952381
3 0.7728571428571429 0.579047619047619 0.022857142857142857 0.022857142857142857
3 0.7610714285714286 0.5314285714285715 0.013571428571428571 0.013333333333333332
3 0.7696428571428572 0.5061904761904762 0.010714285714285714 0.012380952380952381
3 0.7246428571428571 0.49047619047619045 0.009285714285714286 0.011428571428571429
8 0.7396428571428572 0.46476190476190476 0.0064285714285714285 0.009523809523809525
3 0.7475 0.4676190476190476 0.005 0.005714285714285714
3 0.7617857142857143 0.46904761904761905 0.005 0.004761904761904762
4 0.8003571428571429 0.47 0.005 0.006666666666666666
4 0.8042857142857143 0.46523809523809523 0.004285714285714286 0.006666666666666666
3 0.7985714285714286 0.4604761904761905 0.004285714285714286 0.004761904761904762
3 0.7964285714285714 0.45476190476190476 0.004285714285714286 0.004761904761904762
3 0.7810714285714285 0.4561904761904762 0.0035714285714285713 0.0038095238095238095
5 0.7653571428571428 0.44761904761904764 0.0035714285714285713 0.007619047619047619
0 0.02892857142857143 0.6552380952380953 0.012142857142857143 0.04380952380952381
0 0.0375 0.6519047619047619 0.012142857142857143 0.04666666666666667
