3 0.5807142857142857 0.47095238095238096 0.06428571428571428 0.12666666666666668
3 0.4775 0.37285714285714283 0.06357142857142857 0.12095238095238095
3 0.4357142857142857 0.4166666666666667 0.06 0.11714285714285715
3 0.6175 0.7838095238095238 0.047857142857142855 0.13523809523809524
3 0.285 0.02619047619047619 0.054285714285714284 0.05238095238095238
0 0.22035714285714286 0.5819047619047619 0.020714285714285713 0.017142857142857144
8 0.5157142857142857 0.2876190476190476 0.05857142857142857 0.10666666666666666
0 0.7771428571428571 0.032857142857142856 0.02142857142857143 0.02761904761904762
0 0.7310714285714286 0.2638095238095238 0.013571428571428571 0.022857142857142857
0 0.745 0.2638095238095238 0.011428571428571429 0.022857142857142857
0 0.6303571428571428 0.2742857142857143 0.0064285714285714285 0.01904761904761905
0 0.6346428571428572 0.27714285714285714 0.0064285714285714285 0.017142857142857144
1 0.7660714285714286 0.8814285714285715 0.010714285714285714 0.025714285714285714
1 0.7267857142857143 0.6604761904761904 0.007857142857142858 0.021904761904761906
9 0.7246428571428571 0.6623809523809524 0.017857142857142856 0.040952380952380955
9 0.7635714285714286 0.8842857142857142 0.018571428571428572 0.06190476190476191
0 0.8692857142857143 0.08666666666666667 0.015714285714285715 0.030476190476190476
4 0.9189285714285714 0.048095238095238094 0.07785714285714286 0.09619047619047619
4 0.9682142857142857 0.04380952380952381 0.062142857142857146 0.08761904761904762
