0 0.01607142857142857 0.21714285714285714 0.02214285714285714 0.047619047619047616
0 0.07321428571428572 0.22857142857142856 0.020714285714285713 0.04
0 0.3510714285714286 0.5514285714285714 0.020714285714285713 0.0419047619047619
0 0.6785714285714286 0.45714285714285713 0.017142857142857144 0.047619047619047616
0 0.6432142857142857 0.37761904761904763 0.027857142857142858 0.06380952380952382
0 0.6167857142857143 0.32 0.016428571428571428 0.06666666666666667
0 0.5660714285714286 0.33714285714285713 0.016428571428571428 0.0419047619047619
0 0.5492857142857143 0.3433333333333333 0.01 0.06
0 0.5292857142857142 0.4166666666666667 0.014285714285714285 0.04476190476190476
0 0.5496428571428571 0.4228571428571429 0.015 0.05333333333333333
0 0.8753571428571428 0.5414285714285715 0.02642857142857143 0.06
