3 0.5242857142857142 0.5856598984771573 0.01 0.031725888324873094
3 0.5303571428571429 0.523477157360406 0.009285714285714286 0.026649746192893398
3 0.5325 0.46700507614213194 0.009285714285714286 0.02284263959390863
3 0.5396428571428571 0.4282994923857868 0.007857142857142858 0.021573604060913704
3 0.6325 0.5126903553299492 0.009285714285714286 0.027918781725888322
3 0.48142857142857143 0.39847715736040606 0.02 0.017766497461928932
3 0.5046428571428572 0.28236040609137053 0.019285714285714285 0.011421319796954314
3 0.5953571428571428 0.31218274111675126 0.019285714285714285 0.017766497461928932
3 0.6410714285714286 0.291243654822335 0.020714285714285713 0.016497461928934008
3 0.5632142857142857 0.3439086294416243 0.010714285714285714 0.012690355329949238
3 0.5467857142857143 0.3705583756345177 0.010714285714285714 0.017766497461928932
3 0.5403571428571429 0.39530456852791873 0.009285714285714286 0.019035532994923856
8 0.545 0.473984771573604 0.012857142857142857 0.04187817258883248
8 0.5146428571428572 0.7366751269035532 0.017857142857142856 0.07233502538071065
8 0.5421428571428571 0.5710659898477157 0.011428571428571429 0.050761421319796954
4 0.6307142857142857 0.43908629441624364 0.008571428571428572 0.027918781725888322
8 0.5517857142857143 0.4041878172588832 0.010714285714285714 0.03934010152284264
3 0.5571428571428572 0.37880710659898476 0.01 0.019035532994923856
4 0.33 0.3635786802030457 0.02 0.019035532994923856
4 0.31392857142857145 0.2703045685279188 0.019285714285714285 0.015228426395939085
8 0.5778571428571428 0.9746192893401014 0.02 0.048223350253807105
3 0.5735714285714286 0.26205583756345174 0.014285714285714285 0.013959390862944161
4 0.19535714285714287 0.2798223350253807 0.017857142857142856 0.016497461928934008
3 0.1575 0.2766497461928934 0.017857142857142856 0.015228426395939085
3 0.09642857142857143 0.2861675126903553 0.017142857142857144 0.013959390862944161
3 0.031071428571428573 0.2982233502538071 0.016428571428571428 0.015228426395939085
4 0.031071428571428573 0.27918781725888325 0.017857142857142856 0.015228426395939085
3 0.011428571428571429 0.2880710659898477 0.015714285714285715 0.012690355329949238
4 0.42392857142857143 0.10977157360406091 0.009285714285714286 0.021573604060913704
3 0.43 0.09581218274111675 0.004285714285714286 0.011421319796954314
3 0.4175 0.12690355329949238 0.0064285714285714285 0.01015228426395939
3 0.4332142857142857 0.09073604060913705 0.0064285714285714285 0.013959390862944161
3 0.43642857142857144 0.08375634517766496 0.005714285714285714 0.01015228426395939
8 0.59 0.3426395939086294 0.04285714285714286 0.032994923857868015
