6 0.2475 0.6238095238095238 0.013571428571428571 0.03238095238095238
6 0.2864285714285714 0.6209523809523809 0.015714285714285715 0.03238095238095238
6 0.29714285714285715 0.5919047619047619 0.01 0.025714285714285714
6 0.2889285714285714 0.5923809523809523 0.010714285714285714 0.026666666666666665
6 0.2425 0.6019047619047619 0.029285714285714286 0.015238095238095238
6 0.24428571428571427 0.5885714285714285 0.03142857142857143 0.017142857142857144
6 0.24642857142857144 0.5776190476190476 0.03 0.014285714285714285
6 0.2764285714285714 0.6266666666666667 0.008571428571428572 0.01904761904761905
4 0.2525 0.43285714285714283 0.02642857142857143 0.018095238095238095
4 0.28535714285714286 0.27666666666666667 0.02214285714285714 0.014285714285714285
4 0.2875 0.2580952380952381 0.02214285714285714 0.013333333333333332
3 0.2885714285714286 0.26666666666666666 0.02 0.009523809523809525
3 0.2810714285714286 0.28714285714285714 0.02214285714285714 0.012380952380952381
3 0.2782142857142857 0.2980952380952381 0.025 0.013333333333333332
3 0.27464285714285713 0.31952380952380954 0.02642857142857143 0.014285714285714285
9 0.21428571428571427 0.7233333333333334 0.011428571428571429 0.021904761904761906
9 0.21678571428571428 0.7114285714285714 0.010714285714285714 0.017142857142857144
9 0.185 0.910952380952381 0.01 0.025714285714285714
3 0.044642857142857144 0.98 0.06357142857142857 0.02857142857142857
3 0.10285714285714286 0.9723809523809523 0.047142857142857146 0.030476190476190476
4 0.25035714285714283 0.7766666666666666 0.020714285714285713 0.04476190476190476
5 0.4442857142857143 0.7347619047619047 0.014285714285714285 0.05619047619047619
3 0.3475 0.1657142857142857 0.017857142857142856 0.013333333333333332
3 0.3482142857142857 0.15333333333333332 0.016428571428571428 0.011428571428571429
3 0.3510714285714286 0.12238095238095238 0.015 0.012380952380952381
3 0.52 0.09476190476190476 0.007142857142857143 0.010476190476190476
3 0.5475 0.03238095238095238 0.013571428571428571 0.007619047619047619
3 0.5492857142857143 0.011428571428571429 0.011428571428571429 0.007619047619047619
5 0.4957142857142857 0.054285714285714284 0.008571428571428572 0.017142857142857144
5 0.5975 0.1457142857142857 0.013571428571428571 0.03428571428571429
3 0.6228571428571429 0.21523809523809523 0.02142857142857143 0.011428571428571429
3 0.6189285714285714 0.20047619047619047 0.016428571428571428 0.012380952380952381
3 0.6125 0.2671428571428571 0.012142857142857143 0.018095238095238095
3 0.6657142857142857 0.29714285714285715 0.02 0.017142857142857144
0 0.6057142857142858 0.1957142857142857 0.002857142857142857 0.010476190476190476
4 0.595 0.12285714285714286 0.01 0.013333333333333332
4 0.5785714285714286 0.1261904761904762 0.008571428571428572 0.014285714285714285
4 0.5685714285714286 0.12476190476190477 0.007142857142857143 0.013333333333333332
3 0.5485714285714286 0.07 0.008571428571428572 0.014285714285714285
4 0.5564285714285714 0.02857142857142857 0.011428571428571429 0.009523809523809525
5 0.5403571428571429 0.005238095238095238 0.007857142857142858 0.010476190476190476
0 0.5621428571428572 0.43285714285714283 0.004285714285714286 0.010476190476190476
5 0.7014285714285714 0.20523809523809525 0.018571428571428572 0.025714285714285714
5 0.7889285714285714 0.259047619047619 0.019285714285714285 0.030476190476190476
5 0.7728571428571429 0.15 0.02142857142857143 0.02761904761904762
5 0.855 0.2057142857142857 0.08428571428571428 0.024761904761904763
5 0.8571428571428571 0.21476190476190476 0.08428571428571428 0.025714285714285714
5 0.8585714285714285 0.22428571428571428 0.08714285714285715 0.02
5 0.8271428571428572 0.19952380952380952 0.05857142857142857 0.021904761904761906
5 0.7939285714285714 0.1442857142857143 0.013571428571428571 0.025714285714285714
5 0.6985714285714286 0.16047619047619047 0.025714285714285714 0.039047619047619046
5 0.845 0.2542857142857143 0.027142857142857142 0.017142857142857144
5 0.8225 0.26142857142857145 0.027857142857142858 0.03333333333333333
5 0.8064285714285714 0.26142857142857145 0.024285714285714285 0.035238095238095235
5 0.8775 0.18666666666666668 0.03357142857142857 0.02095238095238095
3 0.8964285714285715 0.1680952380952381 0.017142857142857144 0.01619047619047619
3 0.8832142857142857 0.1661904761904762 0.015 0.012380952380952381
3 0.8921428571428571 0.13904761904761906 0.011428571428571429 0.013333333333333332
3 0.7642857142857142 0.2742857142857143 0.014285714285714285 0.02095238095238095
9 0.48857142857142855 0.10095238095238095 0.015714285714285715 0.013333333333333332
9 0.26321428571428573 0.5142857142857142 0.012142857142857143 0.011428571428571429
