7 0.39825 0.8833333333333333 0.0615 0.23333333333333334
0 0.66525 0.9693333333333333 0.0405 0.06133333333333333
1 0.74675 0.7776666666666666 0.0585 0.043333333333333335
5 0.9285 0.585 0.14300000000000002 0.18333333333333332
2 0.67 0.646 0.038 0.09333333333333332
2 0.34825 0.6656666666666666 0.0305 0.11266666666666666
9 0.31925000000000003 0.42066666666666663 0.0475 0.04133333333333333
2 0.6587500000000001 0.421 0.029500000000000002 0.09799999999999999
0 0.7085 0.413 0.032 0.051333333333333335
0 0.80225 0.4646666666666667 0.0465 0.058666666666666666
3 0.4415 0.345 0.083 0.22999999999999998
0 0.6755 0.345 0.034 0.06066666666666667
1 0.653 0.2653333333333333 0.023 0.05466666666666666
9 0.64975 0.2583333333333333 0.025500000000000002 0.09
1 0.67525 0.195 0.0385 0.04733333333333333
0 0.74625 0.188 0.0425 0.06133333333333333
9 0.35175 0.041666666666666664 0.0475 0.05266666666666667
9 0.682 0.018666666666666665 0.046 0.03733333333333333
