4 0.9525 0.8781725888324873 0.035 0.11675126903553298
3 0.11678571428571428 0.6345177664974618 0.07071428571428572 0.055837563451776644
3 0.04 0.6230964467005076 0.06857142857142857 0.053299492385786795
4 0.029285714285714286 0.49873096446700504 0.05857142857142857 0.050761421319796954
4 0.17607142857142857 0.5114213197969543 0.056428571428571425 0.04568527918781726
4 0.26071428571428573 0.5215736040609137 0.05857142857142857 0.04568527918781726
4 0.3389285714285714 0.5317258883248731 0.06928571428571428 0.050761421319796954
4 0.4282142857142857 0.5361675126903553 0.06357142857142857 0.04187817258883248
3 0.5042857142857143 0.5431472081218274 0.06428571428571428 0.04060913705583756
3 0.5782142857142857 0.5571065989847716 0.06785714285714285 0.048223350253807105
0 0.06607142857142857 0.10088832487309644 0.019285714285714285 0.029187817258883246
0 0.06642857142857143 0.07677664974619289 0.012857142857142857 0.016497461928934008
0 0.03321428571428572 0.055837563451776644 0.012142857142857143 0.017766497461928932
0 0.03892857142857143 0.02982233502538071 0.013571428571428571 0.019035532994923856
0 0.4760714285714286 0.1763959390862944 0.007857142857142858 0.017766497461928932
0 0.46285714285714286 0.16370558375634517 0.004285714285714286 0.012690355329949238
0 0.45071428571428573 0.2347715736040609 0.007142857142857143 0.015228426395939085
0 0.4407142857142857 0.13007614213197968 0.008571428571428572 0.021573604060913704
0 0.4382142857142857 0.1814720812182741 0.0064285714285714285 0.015228426395939085
0 0.44357142857142856 0.1751269035532995 0.005714285714285714 0.012690355329949238
0 0.44571428571428573 0.16560913705583755 0.007142857142857143 0.011421319796954314
0 0.4442857142857143 0.15736040609137056 0.005714285714285714 0.01015228426395939
0 0.44285714285714284 0.1465736040609137 0.007142857142857143 0.013959390862944161
0 0.4632142857142857 0.2512690355329949 0.0064285714285714285 0.015228426395939085
0 0.4060714285714286 0.24619289340101522 0.007857142857142858 0.012690355329949238
0 0.38857142857142857 0.34517766497461927 0.005714285714285714 0.012690355329949238
0 0.3782142857142857 0.3445431472081218 0.005 0.008883248730964466
0 0.36892857142857144 0.28870558375634514 0.012142857142857143 0.013959390862944161
0 0.39571428571428574 0.2798223350253807 0.007142857142857143 0.011421319796954314
0 0.39964285714285713 0.299492385786802 0.007857142857142858 0.012690355329949238
0 0.42678571428571427 0.36675126903553296 0.007857142857142858 0.015228426395939085
0 0.43607142857142855 0.35342639593908626 0.0064285714285714285 0.008883248730964466
0 0.43 0.34517766497461927 0.005714285714285714 0.012690355329949238
0 0.43464285714285716 0.3229695431472081 0.005 0.011421319796954314
0 0.42964285714285716 0.3052030456852792 0.0064285714285714285 0.011421319796954314
0 0.43714285714285717 0.2798223350253807 0.005714285714285714 0.013959390862944161
0 0.43857142857142856 0.3711928934010152 0.005714285714285714 0.011421319796954314
0 0.4521428571428571 0.3762690355329949 0.005714285714285714 0.008883248730964466
0 0.44571428571428573 0.37499999999999994 0.007142857142857143 0.008883248730964466
0 0.4442857142857143 0.3629441624365482 0.005714285714285714 0.01015228426395939
0 0.4710714285714286 0.3762690355329949 0.007857142857142858 0.011421319796954314
0 0.49178571428571427 0.38197969543147203 0.007857142857142858 0.02030456852791878
0 0.5014285714285714 0.3813451776649746 0.008571428571428572 0.024111675126903553
0 0.7342857142857143 0.7068527918781725 0.01 0.015228426395939085
0 0.7192857142857143 0.6294416243654822 0.01 0.025380710659898477
0 0.5646428571428571 0.19860406091370555 0.009285714285714286 0.021573604060913704
0 0.5464285714285714 0.17703045685279187 0.011428571428571429 0.013959390862944161
0 0.6264285714285714 0.0069796954314720805 0.012857142857142857 0.013959390862944161
