3 0.93225 0.5023333333333333 0.10350000000000001 0.10333333333333333
3 0.81425 0.48133333333333334 0.0895 0.09866666666666667
3 0.70275 0.5633333333333334 0.1585 0.092
3 0.41150000000000003 0.5643333333333334 0.127 0.09133333333333334
3 0.24475 0.5486666666666666 0.14250000000000002 0.07466666666666666
4 0.11025 0.5383333333333333 0.1315 0.094
3 0.077 0.43266666666666664 0.079 0.08266666666666667
3 0.03375 0.42466666666666664 0.0645 0.09333333333333332
3 0.147 0.43566666666666665 0.089 0.074
5 0.2705 0.43033333333333335 0.075 0.08866666666666666
5 0.3915 0.43366666666666664 0.044 0.086
4 0.4605 0.42866666666666664 0.043000000000000003 0.09066666666666666
4 0.51175 0.428 0.0485 0.09999999999999999
3 0.56775 0.42866666666666664 0.0575 0.076
4 0.63175 0.43033333333333335 0.0525 0.11133333333333333
4 0.681 0.42633333333333334 0.059000000000000004 0.10333333333333333
0 0.76875 0.253 0.0145 0.033999999999999996
1 0.8045 0.319 0.013000000000000001 0.03266666666666666
9 0.803 0.32 0.015 0.034666666666666665
0 0.8135 0.354 0.018000000000000002 0.04533333333333333
1 0.82775 0.375 0.0205 0.02333333333333333
1 0.82425 0.369 0.0185 0.02333333333333333
1 0.84775 0.36766666666666664 0.0195 0.026
9 0.86875 0.41666666666666663 0.0345 0.03866666666666667
0 0.6910000000000001 0.371 0.017 0.041999999999999996
0 0.6305000000000001 0.3743333333333333 0.013000000000000001 0.041999999999999996
5 0.6925 0.33999999999999997 0.038 0.05733333333333333
9 0.5795 0.32966666666666666 0.009000000000000001 0.03266666666666666
9 0.561 0.3443333333333333 0.013000000000000001 0.03133333333333333
9 0.49925 0.354 0.0345 0.032
9 0.52625 0.32066666666666666 0.0105 0.025333333333333333
9 0.519 0.326 0.011 0.028
9 0.5105000000000001 0.3283333333333333 0.009000000000000001 0.03133333333333333
9 0.47025 0.3243333333333333 0.0205 0.03133333333333333
9 0.4495 0.345 0.016 0.03133333333333333
9 0.44025000000000003 0.33799999999999997 0.0135 0.032
9 0.40975 0.32 0.0175 0.03333333333333333
3 0.334 0.34833333333333333 0.053 0.057999999999999996
3 0.27975 0.3406666666666667 0.0495 0.064
2 0.29375 0.31033333333333335 0.0275 0.026
4 0.18575 0.3343333333333333 0.08650000000000001 0.07666666666666666
0 0.12575 0.322 0.0195 0.04533333333333333
2 0.11725000000000001 0.3193333333333333 0.0145 0.034666666666666665
2 0.108 0.3143333333333333 0.012 0.03133333333333333
9 0.06375 0.321 0.0235 0.03266666666666666
0 0.0465 0.31966666666666665 0.018000000000000002 0.03933333333333333
5 0.02125 0.31866666666666665 0.0425 0.04533333333333333
3 0.0655 0.17666666666666667 0.042 0.025333333333333333
4 0.1055 0.195 0.045 0.03133333333333333
4 0.1255 0.18433333333333332 0.053 0.035333333333333335
3 0.14425 0.15 0.0345 0.02
4 0.1605 0.14266666666666666 0.034 0.024
3 0.17450000000000002 0.14133333333333334 0.027 0.021333333333333333
3 0.189 0.13833333333333334 0.029 0.019333333333333334
3 0.217 0.13833333333333334 0.026000000000000002 0.018
3 0.221 0.15233333333333332 0.024 0.02333333333333333
4 0.25825 0.14833333333333332 0.0365 0.028666666666666667
3 0.2685 0.14233333333333334 0.028 0.019333333333333334
4 0.2215 0.124 0.038 0.026666666666666665
4 0.24 0.12066666666666666 0.026000000000000002 0.022666666666666665
3 0.25475000000000003 0.119 0.0275 0.018
3 0.26175 0.11466666666666667 0.0245 0.017333333333333333
3 0.274 0.11233333333333333 0.025 0.015333333333333332
3 0.28925 0.10866666666666666 0.0275 0.016
3 0.29675 0.10533333333333333 0.0245 0.016
3 0.29575 0.10099999999999999 0.0235 0.014
4 0.30625 0.09966666666666667 0.0245 0.019333333333333334
1 0.308 0.11333333333333333 0.005 0.016
9 0.30875 0.11566666666666667 0.006500000000000001 0.012666666666666666
4 0.2955 0.13433333333333333 0.03 0.02333333333333333
3 0.33375 0.11233333333333333 0.021500000000000002 0.014
4 0.34850000000000003 0.11166666666666666 0.021 0.016666666666666666
4 0.4185 0.06566666666666666 0.016 0.011333333333333332
4 0.44075000000000003 0.057666666666666665 0.0105 0.014
0 0.4635 0.05933333333333333 0.003 0.008
4 0.47275 0.065 0.0135 0.012666666666666666
3 0.41100000000000003 0.06633333333333333 0.009000000000000001 0.011333333333333332
4 0.40275 0.071 0.0165 0.012666666666666666
0 0.383 0.08433333333333333 0.003 0.008666666666666666
0 0.38025000000000003 0.08499999999999999 0.0035 0.01
0 0.39 0.08266666666666667 0.004 0.010666666666666666
