0 0.24821428571428572 0.31979695431472077 0.007857142857142858 0.025380710659898477
0 0.3557142857142857 0.3845177664974619 0.005714285714285714 0.02284263959390863
0 0.26 0.23032994923857866 0.007142857142857143 0.024111675126903553
0 0.2789285714285714 0.15355329949238578 0.007857142857142858 0.02284263959390863
0 0.2842857142857143 0.15989847715736039 0.004285714285714286 0.015228426395939085
0 0.2885714285714286 0.12690355329949238 0.005714285714285714 0.02284263959390863
0 0.36214285714285716 0.042512690355329945 0.004285714285714286 0.016497461928934008
0 0.39071428571428574 0.07233502538071065 0.005714285714285714 0.02284263959390863
0 0.40285714285714286 0.1484771573604061 0.005714285714285714 0.02284263959390863
3 0.35642857142857143 0.5101522842639593 0.03142857142857143 0.06345177664974619
3 0.4107142857142857 0.44479695431472077 0.027142857142857142 0.05710659898477157
4 0.4107142857142857 0.3147208121827411 0.025714285714285714 0.055837563451776644
3 0.4517857142857143 0.2652284263959391 0.020714285714285713 0.04314720812182741
8 0.4357142857142857 0.15989847715736039 0.04 0.12690355329949238
4 0.44785714285714284 0.08692893401015228 0.018571428571428572 0.031725888324873094
4 0.45785714285714285 0.04187817258883248 0.015714285714285715 0.03807106598984771
3 0.48214285714285715 0.02728426395939086 0.014285714285714285 0.03426395939086294
3 0.7385714285714285 0.133248730964467 0.018571428571428572 0.04314720812182741
4 0.8621428571428571 0.11548223350253806 0.018571428571428572 0.048223350253807105
3 0.9239285714285714 0.04885786802030456 0.019285714285714285 0.03934010152284264
4 0.9114285714285715 0.22842639593908629 0.025714285714285714 0.055837563451776644
3 0.8721428571428571 0.2842639593908629 0.02142857142857143 0.053299492385786795
3 0.8953571428571429 0.28680203045685276 0.019285714285714285 0.04568527918781726
3 0.8728571428571429 0.35215736040609136 0.02142857142857143 0.05964467005076142
3 0.8125 0.39530456852791873 0.020714285714285713 0.05964467005076142
3 0.7928571428571428 0.49175126903553296 0.02142857142857143 0.06725888324873096
3 0.8160714285714286 0.532994923857868 0.023571428571428573 0.07106598984771573
4 0.865 0.5368020304568527 0.02857142857142857 0.08375634517766496
8 0.8975 0.4092639593908629 0.062142857142857146 0.1814720812182741
4 0.7857142857142857 0.6104060913705583 0.025714285714285714 0.06852791878172589
4 0.8525 0.682741116751269 0.02642857142857143 0.07868020304568528
3 0.7871428571428571 0.7309644670050761 0.03 0.09137055837563451
4 0.7725 0.9054568527918782 0.029285714285714286 0.11294416243654821
4 0.6785714285714286 0.8921319796954315 0.03142857142857143 0.10152284263959391
4 0.8342857142857143 0.8128172588832486 0.02857142857142857 0.12309644670050761
3 0.9214285714285714 0.9847715736040609 0.03857142857142857 0.027918781725888322
4 0.9457142857142857 0.9137055837563451 0.05857142857142857 0.07614213197969542
3 0.9435714285714286 0.8673857868020304 0.05857142857142857 0.06472081218274112
3 0.95 0.8217005076142131 0.05 0.05964467005076142
9 0.9657142857142857 0.7170050761421319 0.008571428571428572 0.03045685279187817
9 0.9692857142857143 0.6967005076142131 0.032857142857142856 0.035532994923857864
4 0.9835714285714285 0.6478426395939085 0.032857142857142856 0.07994923857868019
3 0.9892857142857143 0.6002538071065989 0.02142857142857143 0.07614213197969542
3 0.7335714285714285 0.5488578680203046 0.022857142857142857 0.05710659898477157
