5 0.036273486430062625 0.034786641929499075 0.07254697286012525 0.06957328385899815
5 0.22990605427974944 0.04962894248608534 0.06941544885177452 0.05844155844155844
9 0.4558977035490605 0.020871985157699443 0.019311064718162838 0.02319109461966605
9 0.5709812108559499 0.05102040816326531 0.022964509394572022 0.022263450834879406
9 0.6096033402922755 0.0927643784786642 0.014613778705636741 0.027829313543599257
6 0.5636743215031315 0.08534322820037106 0.014613778705636741 0.0463821892393321
0 0.6865866388308977 0.006493506493506494 0.012004175365344467 0.012987012987012988
3 0.7038100208768266 0.09786641929499072 0.06419624217118998 0.06029684601113173
4 0.8071503131524007 0.11131725417439703 0.05897703549060542 0.059369202226345084
5 0.9705114822546972 0.11131725417439703 0.055845511482254695 0.1150278293135436
0 0.8230688935281837 0.47031539888682744 0.015657620041753653 0.03339517625231911
3 0.7476513569937369 0.3269944341372913 0.04853862212943632 0.10482374768089053
4 0.8556889352818371 0.3320964749536178 0.05793319415448851 0.1280148423005566
4 0.923277661795407 0.3432282003710575 0.05427974947807933 0.09461966604823747
6 0.8917014613778704 0.3538961038961039 0.019311064718162838 0.05658627087198516
9 0.8995302713987473 0.3970315398886827 0.015135699373695197 0.04081632653061225
9 0.8742171189979122 0.4485157699443414 0.018789144050104383 0.05287569573283859
9 0.9548538622129435 0.47031539888682744 0.01826722338204593 0.055658627087198514
9 0.9801670146137786 0.29545454545454547 0.030271398747390394 0.03803339517625232
0 0.7393006263048016 0.7175324675324676 0.02139874739039666 0.03803339517625232
3 0.3820459290187891 0.46938775510204084 0.052192066805845504 0.13172541743970315
5 0.16623173277661793 0.8010204081632654 0.09551148225469727 0.18831168831168832
