0 0.3549060542797494 0.6456400742115028 0.019832985386221292 0.08905380333951762
0 0.12656576200417535 0.5950834879406308 0.02139874739039666 0.08070500927643785
0 0.10699373695198329 0.6201298701298701 0.01774530271398747 0.06957328385899815
0 0.050104384133611686 0.5737476808905381 0.025052192066805843 0.07328385899814471
0 0.6343945720250521 0.6419294990723562 0.017223382045929016 0.0927643784786642
0 0.7181628392484342 0.6966604823747681 0.016701461377870562 0.09647495361781076
0 0.7359081419624216 0.7161410018552876 0.011482254697286011 0.0927643784786642
0 0.7554801670146137 0.7170686456400742 0.014091858037578286 0.08905380333951762
0 0.7698329853862212 0.7166048237476809 0.012526096033402922 0.08998144712430427
0 0.7841858037578288 0.7161410018552876 0.016179540709812108 0.09090909090909091
0 0.8194154488517744 0.7175324675324676 0.01774530271398747 0.10482374768089053
0 0.7356471816283924 0.6646567717996289 0.014091858037578286 0.0862708719851577
0 0.74660751565762 0.6989795918367347 0.009916492693110646 0.0862708719851577
0 0.7635699373695197 0.6525974025974026 0.012526096033402922 0.08256029684601113
0 0.7912317327766178 0.6971243042671614 0.013569937369519832 0.09554730983302412
0 0.7614822546972859 0.6971243042671614 0.012526096033402922 0.0862708719851577
0 0.777661795407098 0.7050092764378478 0.013569937369519832 0.08905380333951762
0 0.8379436325678496 0.7207792207792207 0.016179540709812108 0.1038961038961039
0 0.8757828810020876 0.7249536178107607 0.025052192066805843 0.09925788497217068
0 0.845250521920668 0.7105751391465678 0.017223382045929016 0.10018552875695733
0 0.8055845511482254 0.6767161410018553 0.020354906054279746 0.09369202226345083
0 0.8254175365344467 0.666048237476809 0.015135699373695197 0.08348794063079777
0 0.8358559498956157 0.6901669758812616 0.016179540709812108 0.08534322820037106
0 0.8692588726513569 0.6706864564007421 0.023486430062630476 0.09090909090909091
0 0.8478601252609602 0.6665120593692022 0.020354906054279746 0.08441558441558442
0 0.8530793319415448 0.6883116883116883 0.012004175365344467 0.09833024118738405
0 0.8092379958246346 0.7017625231910947 0.015135699373695197 0.10296846011131726
0 0.8828288100208768 0.62847866419295 0.012004175365344467 0.07328385899814471
0 0.9284968684759916 0.6363636363636364 0.018789144050104383 0.07235621521335807
0 0.8601252609603339 0.6289424860853432 0.01774530271398747 0.061224489795918366
0 0.87160751565762 0.62708719851577 0.011482254697286011 0.07792207792207792
0 0.0842901878914405 0.23933209647495363 0.0036534446764091852 0.012987012987012988
0 0.0615866388308977 0.23144712430426717 0.005219206680584551 0.012059369202226345
0 0.06915448851774529 0.24211502782931354 0.0036534446764091852 0.012987012987012988
0 0.07411273486430062 0.24582560296846012 0.0020876826722338203 0.0074211502782931356
0 0.06471816283924843 0.24489795918367346 0.0020876826722338203 0.0074211502782931356
0 0.05793319415448851 0.2430426716141002 0.0031315240083507304 0.012987012987012988
0 0.05506263048016701 0.23979591836734696 0.0036534446764091852 0.015769944341372914
0 0.05140918580375782 0.2388682745825603 0.004697286012526096 0.015769944341372914
0 0.04279749478079332 0.23840445269016697 0.005219206680584551 0.014842300556586271
3 0.04331941544885177 0.7467532467532467 0.08663883089770354 0.15955473098330242
3 0.1782359081419624 0.17393320964749537 0.013048016701461376 0.010204081632653062
3 0.2541753653444676 0.16929499072356216 0.010438413361169102 0.010204081632653062
