0 0.5746428571428571 0.7081218274111675 0.015 0.04060913705583756
0 0.6467857142857143 0.4460659898477157 0.013571428571428571 0.03426395939086294
0 0.5625 0.046319796954314714 0.010714285714285714 0.031725888324873094
0 0.5214285714285715 0.22906091370558374 0.01 0.031725888324873094
0 0.4857142857142857 0.04758883248730964 0.01 0.026649746192893398
0 0.5414285714285715 0.45748730964467 0.011428571428571429 0.03426395939086294
0 0.5321428571428571 0.30012690355329946 0.011428571428571429 0.019035532994923856
1 0.4882142857142857 0.06979695431472081 0.0035714285714285713 0.012690355329949238
0 0.029285714285714286 0.2309644670050761 0.015714285714285715 0.03807106598984771
0 0.05071428571428571 0.18401015228426396 0.017142857142857144 0.04060913705583756
