3 0.4175 0.026649746192893398 0.009285714285714286 0.015228426395939085
3 0.42892857142857144 0.015862944162436547 0.009285714285714286 0.019035532994923856
3 0.4614285714285714 0.019035532994923856 0.007142857142857143 0.017766497461928932
3 0.4032142857142857 0.3299492385786802 0.016428571428571428 0.027918781725888322
3 0.4617857142857143 0.08312182741116751 0.009285714285714286 0.029187817258883246
3 0.46964285714285714 0.23984771573604058 0.013571428571428571 0.032994923857868015
3 0.4089285714285714 0.523477157360406 0.02214285714285714 0.04441624365482233
3 0.4692857142857143 0.324238578680203 0.014285714285714285 0.03426395939086294
3 0.49107142857142855 0.2347715736040609 0.012142857142857143 0.03807106598984771
3 0.3821428571428571 0.11294416243654821 0.008571428571428572 0.017766497461928932
3 0.10535714285714286 0.133248730964467 0.017857142857142856 0.017766497461928932
3 0.6407142857142857 0.27347715736040606 0.018571428571428572 0.026649746192893398
3 0.6353571428571428 0.3115482233502538 0.016428571428571428 0.026649746192893398
3 0.6460714285714285 0.2969543147208122 0.012142857142857143 0.02030456852791878
9 0.6403571428571428 0.565989847715736 0.012142857142857143 0.03045685279187817
9 0.38321428571428573 0.15926395939086294 0.0064285714285714285 0.013959390862944161
1 0.6414285714285715 0.5634517766497461 0.005714285714285714 0.02030456852791878
4 0.3364285714285714 0.7385786802030456 0.032857142857142856 0.08629441624365482
4 0.41535714285714287 0.22081218274111675 0.016428571428571428 0.032994923857868015
5 0.48142857142857143 0.11928934010152284 0.015714285714285715 0.04568527918781726
5 0.38535714285714284 0.08248730964467005 0.010714285714285714 0.032994923857868015
8 0.3757142857142857 0.05837563451776649 0.02142857142857143 0.03045685279187817
3 0.5007142857142857 0.0881979695431472 0.008571428571428572 0.013959390862944161
3 0.4982142857142857 0.07614213197969542 0.007857142857142858 0.015228426395939085
3 0.5025 0.06281725888324872 0.009285714285714286 0.013959390862944161
3 0.49107142857142855 0.024111675126903553 0.009285714285714286 0.015228426395939085
8 0.5153571428571428 0.05964467005076142 0.016428571428571428 0.03045685279187817
0 0.19 0.14022842639593908 0.004285714285714286 0.013959390862944161
3 0.2957142857142857 0.14403553299492386 0.017142857142857144 0.013959390862944161
3 0.28464285714285714 0.16687817258883247 0.015 0.016497461928934008
4 0.295 0.08185279187817258 0.008571428571428572 0.021573604060913704
3 0.22071428571428572 0.018401015228426396 0.01 0.008883248730964466
3 0.22321428571428573 0.011421319796954314 0.013571428571428571 0.012690355329949238
3 0.2275 0.008883248730964466 0.013571428571428571 0.012690355329949238
4 0.20035714285714284 0.02284263959390863 0.016428571428571428 0.01015228426395939
3 0.20607142857142857 0.018401015228426396 0.013571428571428571 0.011421319796954314
3 0.2082142857142857 0.014593908629441623 0.012142857142857143 0.011421319796954314
3 0.2092857142857143 0.010786802030456852 0.014285714285714285 0.013959390862944161
