3 0.075 0.8695238095238095 0.15 0.26095238095238094
3 0.04928571428571429 0.37 0.09857142857142857 0.13238095238095238
3 0.45607142857142857 0.012857142857142857 0.04071428571428572 0.025714285714285714
3 0.036071428571428574 0.24523809523809523 0.07214285714285715 0.08095238095238096
3 0.11892857142857143 0.1295238095238095 0.06785714285714285 0.06285714285714286
3 0.16964285714285715 0.1295238095238095 0.056428571428571425 0.05904761904761905
3 0.21857142857142858 0.13428571428571429 0.05714285714285714 0.06476190476190476
3 0.2835714285714286 0.16952380952380952 0.09428571428571429 0.06095238095238095
3 0.0925 0.24619047619047618 0.09214285714285714 0.07523809523809524
3 0.1667857142857143 0.24857142857142858 0.095 0.0838095238095238
3 0.29928571428571427 0.2814285714285714 0.07142857142857142 0.10380952380952381
4 0.25107142857142856 0.3547619047619048 0.09071428571428572 0.14761904761904762
3 0.7767857142857143 0.6747619047619048 0.14785714285714285 0.2257142857142857
3 0.5421428571428571 0.5423809523809524 0.08571428571428572 0.1761904761904762
3 0.7203571428571428 0.4623809523809524 0.10357142857142858 0.1438095238095238
3 0.6921428571428572 0.3261904761904762 0.07428571428571429 0.1019047619047619
3 0.6664285714285715 0.2357142857142857 0.06285714285714286 0.07714285714285714
3 0.6367857142857143 0.15333333333333332 0.04357142857142857 0.05714285714285714
4 0.6060714285714286 0.058095238095238096 0.04071428571428572 0.05333333333333333
3 0.5757142857142857 0.039047619047619046 0.047142857142857146 0.04380952380952381
3 0.515 0.08619047619047619 0.05 0.04666666666666667
3 0.47928571428571426 0.10857142857142857 0.032857142857142856 0.045714285714285714
3 0.48 0.15285714285714286 0.04 0.06190476190476191
3 0.5342857142857143 0.14333333333333334 0.041428571428571426 0.05619047619047619
3 0.4967857142857143 0.20714285714285716 0.05071428571428571 0.07714285714285714
3 0.39464285714285713 0.0680952380952381 0.03214285714285714 0.04857142857142857
3 0.5167857142857143 0.009523809523809525 0.039285714285714285 0.01904761904761905
