3 0.6342857142857142 0.719047619047619 0.06142857142857143 0.14476190476190476
5 0.6721428571428572 0.4876190476190476 0.06285714285714286 0.14476190476190476
4 0.6892857142857143 0.4119047619047619 0.03428571428571429 0.06380952380952382
3 0.6935714285714286 0.31047619047619046 0.03142857142857143 0.05714285714285714
4 0.3867857142857143 0.3914285714285714 0.05071428571428571 0.08190476190476191
4 0.4382142857142857 0.30238095238095236 0.04357142857142857 0.06952380952380953
5 0.4735714285714286 0.23857142857142857 0.05714285714285714 0.08285714285714285
5 0.5125 0.16333333333333333 0.06357142857142857 0.09428571428571429
0 0.7539285714285714 0.5166666666666667 0.016428571428571428 0.037142857142857144
0 0.6721428571428572 0.2752380952380952 0.012857142857142857 0.03238095238095238
0 0.6792857142857143 0.2276190476190476 0.011428571428571429 0.030476190476190476
2 0.7964285714285714 0.4776190476190476 0.03142857142857143 0.025714285714285714
0 0.7978571428571428 0.20761904761904762 0.015714285714285715 0.022857142857142857
0 0.7 0.17142857142857143 0.008571428571428572 0.030476190476190476
0 0.7667857142857143 0.13428571428571429 0.007857142857142858 0.026666666666666665
0 0.7725 0.1419047619047619 0.007857142857142858 0.024761904761904763
3 0.6142857142857143 0.1295238095238095 0.025714285714285714 0.03619047619047619
4 0.7217857142857143 0.10952380952380952 0.019285714285714285 0.03428571428571429
5 0.7160714285714286 0.06761904761904762 0.052142857142857144 0.049523809523809526
0 0.7289285714285715 0.08761904761904762 0.005 0.024761904761904763
0 0.6192857142857143 0.037142857142857144 0.01 0.022857142857142857
3 0.6853571428571429 0.029523809523809525 0.019285714285714285 0.024761904761904763
5 0.6332142857142857 0.017619047619047618 0.027857142857142858 0.035238095238095235
5 0.5564285714285714 0.10047619047619048 0.037142857142857144 0.054285714285714284
5 0.5742857142857143 0.05904761904761905 0.04428571428571428 0.07428571428571429
0 0.5907142857142857 0.07380952380952381 0.005714285714285714 0.023809523809523808
5 0.5978571428571429 0.026666666666666665 0.03857142857142857 0.05333333333333333
3 0.27 0.5933333333333334 0.07571428571428572 0.11047619047619048
1 0.7385714285714285 0.65 0.022857142857142857 0.02761904761904762
9 0.7653571428571428 0.6952380952380952 0.020714285714285713 0.049523809523809526
9 0.7628571428571429 0.9757142857142858 0.03142857142857143 0.04857142857142857
