3 0.19964285714285715 0.8870558375634517 0.047857142857142855 0.09898477157360405
3 0.3539285714285714 0.3223350253807106 0.020714285714285713 0.06345177664974619
3 0.40464285714285714 0.31916243654822335 0.020714285714285713 0.05456852791878172
3 0.4010714285714286 0.37309644670050757 0.019285714285714285 0.048223350253807105
3 0.4664285714285714 0.36675126903553296 0.02 0.06598984771573603
3 0.4903571428571429 0.36738578680203043 0.02214285714285714 0.06979695431472081
3 0.4835714285714286 0.3102791878172589 0.02 0.05710659898477157
3 0.4475 0.32043147208121825 0.017857142857142856 0.05456852791878172
3 0.42428571428571427 0.315989847715736 0.017142857142857144 0.050761421319796954
3 0.4732142857142857 0.5621827411167513 0.04071428571428572 0.06852791878172589
3 0.5196428571428572 0.7468274111675126 0.03642857142857143 0.08756345177664974
3 0.49464285714285716 0.7220812182741116 0.030714285714285715 0.08121827411167512
3 0.4685714285714286 0.6840101522842639 0.041428571428571426 0.08629441624365482
3 0.39 0.5831218274111675 0.045714285714285714 0.06218274111675126
3 0.36178571428571427 0.5666243654822335 0.039285714285714285 0.06725888324873096
3 0.3425 0.5469543147208121 0.03785714285714286 0.06852791878172589
3 0.32035714285714284 0.5126903553299492 0.027857142857142858 0.050761421319796954
3 0.7471428571428571 0.9143401015228426 0.07142857142857142 0.05964467005076142
5 0.6728571428571428 0.06598984771573603 0.08 0.055837563451776644
5 0.4660714285714286 0.07868020304568528 0.08071428571428571 0.06345177664974619
5 0.06 0.06916243654822335 0.09428571428571429 0.05456852791878172
5 0.14892857142857144 0.06345177664974619 0.085 0.06091370558375634
3 0.13035714285714287 0.45241116751269034 0.023571428571428573 0.04441624365482233
3 0.10285714285714286 0.4562182741116751 0.025714285714285714 0.04695431472081218
3 0.07857142857142857 0.45875634517766495 0.022857142857142857 0.049492385786802026
3 0.028214285714285713 0.4631979695431472 0.023571428571428573 0.04314720812182741
3 0.16107142857142856 0.4416243654822335 0.02642857142857143 0.050761421319796954
3 0.19357142857142856 0.42195431472081213 0.022857142857142857 0.04695431472081218
0 0.36428571428571427 0.0748730964467005 0.007142857142857143 0.02284263959390863
