3 0.8242857142857143 0.9498730964467005 0.04285714285714286 0.049492385786802026
5 0.4303571428571429 0.8134517766497461 0.04642857142857143 0.17005076142131978
3 0.4725 0.7994923857868019 0.025 0.07360406091370558
3 0.5428571428571428 0.7696700507614213 0.024285714285714285 0.06218274111675126
3 0.5675 0.7626903553299492 0.02642857142857143 0.07360406091370558
3 0.56 0.6072335025380711 0.02142857142857143 0.052030456852791875
8 0.44857142857142857 0.3527918781725888 0.037142857142857144 0.14213197969543145
8 0.5075 0.3794416243654822 0.047857142857142855 0.149746192893401
3 0.4667857142857143 0.2639593908629441 0.020714285714285713 0.06091370558375634
3 0.42392857142857143 0.07868020304568528 0.013571428571428571 0.035532994923857864
3 0.36857142857142855 0.04378172588832487 0.017142857142857144 0.04695431472081218
