3 0.4392857142857143 0.5338095238095238 0.13142857142857142 0.13238095238095238
3 0.5389285714285714 0.5514285714285714 0.12214285714285714 0.12761904761904763
3 0.8492857142857143 0.2857142857142857 0.07285714285714286 0.06285714285714286
3 0.2739285714285714 0.2180952380952381 0.08357142857142857 0.04380952380952381
3 0.39535714285714285 0.1761904761904762 0.08071428571428571 0.06666666666666667
0 0.4882142857142857 0.18904761904761905 0.012142857142857143 0.04666666666666667
3 0.46785714285714286 0.13714285714285715 0.07428571428571429 0.05523809523809524
3 0.05392857142857143 0.4480952380952381 0.10071428571428571 0.1419047619047619
3 0.10642857142857143 0.5342857142857143 0.16 0.12761904761904763
3 0.14392857142857143 0.41 0.08928571428571429 0.14
3 0.23714285714285716 0.36428571428571427 0.08571428571428572 0.12285714285714286
3 0.30107142857142855 0.3361904761904762 0.060714285714285714 0.11428571428571428
3 0.25392857142857145 0.4552380952380952 0.125 0.1180952380952381
3 0.36642857142857144 0.29714285714285715 0.05 0.10476190476190476
3 0.43392857142857144 0.2785714285714286 0.045 0.09238095238095238
3 0.39535714285714285 0.379047619047619 0.10928571428571429 0.09523809523809523
3 0.48428571428571426 0.24619047619047618 0.04428571428571428 0.08857142857142856
3 0.5314285714285715 0.2257142857142857 0.03571428571428571 0.0761904761904762
4 0.5085714285714286 0.31476190476190474 0.10714285714285714 0.1019047619047619
3 0.5803571428571429 0.20904761904761904 0.047857142857142855 0.08857142857142856
3 0.5996428571428571 0.2704761904761905 0.09071428571428572 0.07238095238095238
3 0.6246428571428572 0.17952380952380953 0.039285714285714285 0.07142857142857142
4 0.5875 0.09047619047619047 0.06357142857142857 0.05333333333333333
3 0.6335714285714286 0.10285714285714286 0.06 0.047619047619047616
3 0.6660714285714285 0.16523809523809524 0.04071428571428572 0.06380952380952382
3 0.7057142857142857 0.15428571428571428 0.047142857142857146 0.07047619047619047
3 0.6714285714285714 0.22714285714285715 0.08142857142857143 0.07333333333333333
3 0.7071428571428572 0.06333333333333334 0.06 0.040952380952380955
3 0.7335714285714285 0.1357142857142857 0.03857142857142857 0.058095238095238096
3 0.7617857142857143 0.12142857142857143 0.045 0.06
3 0.7878571428571428 0.10952380952380952 0.04 0.05714285714285714
3 0.8103571428571429 0.09238095238095238 0.04642857142857143 0.05333333333333333
3 0.8410714285714286 0.08571428571428572 0.04071428571428572 0.05714285714285714
0 0.7639285714285714 0.045714285714285714 0.013571428571428571 0.04380952380952381
3 0.8371428571428572 0.1376190476190476 0.05142857142857143 0.05238095238095238
0 0.8653571428571428 0.1442857142857143 0.019285714285714285 0.037142857142857144
3 0.8660714285714286 0.07904761904761905 0.035 0.05333333333333333
3 0.9078571428571428 0.06380952380952382 0.032857142857142856 0.045714285714285714
3 0.8835714285714286 0.11619047619047619 0.05142857142857143 0.05333333333333333
3 0.9275 0.09333333333333334 0.045 0.049523809523809526
3 0.9557142857142857 0.11619047619047619 0.05 0.04380952380952381
0 0.9882142857142857 0.11571428571428571 0.015 0.03142857142857143
0 0.9314285714285714 0.23 0.015714285714285715 0.037142857142857144
9 0.9264285714285714 0.2319047619047619 0.025714285714285714 0.039047619047619046
3 0.7282142857142857 0.39 0.09071428571428572 0.08666666666666667
3 0.8328571428571429 0.4004761904761905 0.08285714285714285 0.08666666666666667
3 0.7489285714285714 0.4857142857142857 0.105 0.10666666666666666
3 0.8092857142857143 0.5361904761904762 0.10571428571428572 0.10666666666666666
3 0.8878571428571429 0.44761904761904764 0.08857142857142856 0.09523809523809523
3 0.9235714285714286 0.3342857142857143 0.07428571428571429 0.07238095238095238
3 0.9614285714285714 0.37761904761904763 0.07285714285714286 0.09238095238095238
3 0.9353571428571429 0.04523809523809524 0.06357142857142857 0.04285714285714286
3 0.9489285714285715 0.035238095238095235 0.062142857142857146 0.045714285714285714
3 0.9667857142857142 0.024285714285714285 0.060714285714285714 0.04285714285714286
3 0.9728571428571429 0.016666666666666666 0.05285714285714286 0.03333333333333333
3 0.8232142857142857 0.02142857142857143 0.04642857142857143 0.040952380952380955
3 0.6225 0.7404761904761905 0.13642857142857143 0.17238095238095238
3 0.5860714285714286 0.9138095238095238 0.17785714285714285 0.17238095238095238
3 0.7275 0.8828571428571429 0.12357142857142857 0.23047619047619047
3 0.7835714285714286 0.7895238095238095 0.1457142857142857 0.22666666666666666
4 0.86 0.7104761904761905 0.15857142857142856 0.23047619047619047
1 0.8053571428571429 0.9428571428571428 0.04642857142857143 0.05523809523809524
3 0.9232142857142858 0.6414285714285715 0.12928571428571428 0.16095238095238096
3 0.9521428571428572 0.5833333333333334 0.09285714285714286 0.15904761904761905
3 0.8746428571428572 0.9457142857142857 0.1492857142857143 0.10857142857142857
8 0.9717857142857143 0.17095238095238094 0.056428571428571425 0.1019047619047619
3 0.9728571428571429 0.5161904761904762 0.054285714285714284 0.12380952380952381
