3 0.42892857142857144 0.7823604060913705 0.03357142857142857 0.04695431472081218
3 0.3989285714285714 0.6890862944162436 0.035 0.06091370558375634
3 0.1492857142857143 0.6129441624365481 0.03571428571428571 0.050761421319796954
8 0.08357142857142857 0.44479695431472077 0.08285714285714285 0.11802030456852791
3 0.12785714285714286 0.4365482233502538 0.03571428571428571 0.053299492385786795
8 0.20785714285714285 0.4841370558375634 0.09 0.10025380710659898
3 0.305 0.5456852791878172 0.03 0.04314720812182741
3 0.6760714285714285 0.5983502538071066 0.020714285714285713 0.049492385786802026
3 0.6889285714285714 0.3692893401015228 0.023571428571428573 0.055837563451776644
3 0.7810714285714285 0.08248730964467005 0.020714285714285713 0.04568527918781726
3 0.7785714285714286 0.015862944162436547 0.018571428571428572 0.031725888324873094
8 0.8139285714285714 0.026015228426395937 0.023571428571428573 0.052030456852791875
