2 0.6635 0.252 0.039 0.072
2 0.516 0.4003333333333333 0.028 0.078
2 0.23900000000000002 0.5243333333333333 0.037 0.07133333333333333
0 0.2685 0.5549999999999999 0.029 0.048666666666666664
0 0.27775 0.568 0.0375 0.10266666666666667
0 0.2985 0.491 0.015 0.03133333333333333
0 0.29 0.5186666666666666 0.029 0.07866666666666666
0 0.427 0.5026666666666666 0.012 0.036
0 0.4305 0.4963333333333333 0.027 0.06866666666666667
0 0.22575 0.4623333333333333 0.0205 0.049999999999999996
0 0.2185 0.48 0.033 0.07866666666666666
0 0.2525 0.6203333333333333 0.035 0.106
0 0.33875 0.529 0.0155 0.046
0 0.32225 0.5143333333333333 0.0245 0.06733333333333333
0 0.37275 0.509 0.0335 0.06333333333333332
0 0.40275 0.511 0.0285 0.09
9 0.5435 0.4433333333333333 0.03 0.064
1 0.7835 0.40399999999999997 0.03 0.06799999999999999
0 0.80125 0.44366666666666665 0.021500000000000002 0.05533333333333333
2 0.47050000000000003 0.246 0.03 0.07066666666666667
1 0.8572500000000001 0.014666666666666666 0.0165 0.029333333333333333
2 0.8572500000000001 0.030666666666666665 0.035500000000000004 0.026666666666666665
