0 0.39714285714285713 0.8776190476190476 0.032857142857142856 0.08476190476190476
0 0.48714285714285716 0.6747619047619048 0.015714285714285715 0.06380952380952382
0 0.5310714285714285 0.6895238095238095 0.019285714285714285 0.05523809523809524
0 0.52 0.5666666666666667 0.015714285714285715 0.05333333333333333
0 0.5864285714285714 0.5866666666666667 0.015714285714285715 0.05142857142857143
1 0.6428571428571429 0.5752380952380952 0.02142857142857143 0.047619047619047616
0 0.48428571428571426 0.5404761904761904 0.012857142857142857 0.04476190476190476
0 0.6625 0.54 0.012142857142857143 0.04
0 0.655 0.5442857142857143 0.01 0.03142857142857143
0 0.6382142857142857 0.5423809523809524 0.012142857142857143 0.035238095238095235
0 0.6085714285714285 0.5228571428571429 0.012857142857142857 0.0419047619047619
0 0.6053571428571428 0.5533333333333333 0.010714285714285714 0.04380952380952381
0 0.5928571428571429 0.5619047619047619 0.015714285714285715 0.0419047619047619
1 0.6092857142857143 0.5676190476190476 0.012857142857142857 0.02095238095238095
0 0.6367857142857143 0.4633333333333333 0.010714285714285714 0.037142857142857144
1 0.5417857142857143 0.5761904761904761 0.017857142857142856 0.0380952380952381
1 0.3982142857142857 0.5142857142857142 0.016428571428571428 0.026666666666666665
1 0.4067857142857143 0.5233333333333333 0.016428571428571428 0.025714285714285714
0 0.4789285714285714 0.4723809523809524 0.013571428571428571 0.0419047619047619
0 0.5096428571428572 0.4552380952380952 0.007857142857142858 0.022857142857142857
1 0.5678571428571428 0.4380952380952381 0.01 0.01904761904761905
1 0.5475 0.5061904761904762 0.013571428571428571 0.023809523809523808
1 0.5378571428571428 0.3647619047619048 0.014285714285714285 0.024761904761904763
1 0.5253571428571429 0.439047619047619 0.010714285714285714 0.015238095238095238
1 0.5739285714285715 0.4685714285714286 0.009285714285714286 0.024761904761904763
0 0.5853571428571429 0.49523809523809526 0.007857142857142858 0.026666666666666665
0 0.6710714285714285 0.2619047619047619 0.005 0.013333333333333332
0 0.6657142857142857 0.259047619047619 0.004285714285714286 0.017142857142857144
0 0.9903571428571428 0.5119047619047619 0.017857142857142856 0.040952380952380955
1 0.44392857142857145 0.5347619047619048 0.016428571428571428 0.023809523809523808
1 0.44785714285714284 0.5419047619047619 0.01 0.017142857142857144
