0 0.27035714285714285 0.6352380952380953 0.030714285714285715 0.06666666666666667
0 0.3489285714285714 0.6819047619047619 0.02642857142857143 0.07428571428571429
0 0.3692857142857143 0.6928571428571428 0.02142857142857143 0.07333333333333333
0 0.3132142857142857 0.700952380952381 0.029285714285714286 0.0838095238095238
0 0.29714285714285715 0.7123809523809523 0.022857142857142857 0.06095238095238095
0 0.9746428571428571 0.5333333333333333 0.023571428571428573 0.05142857142857143
0 0.15642857142857142 0.41 0.02142857142857143 0.05047619047619047
0 0.17285714285714285 0.40714285714285714 0.02142857142857143 0.04857142857142857
0 0.23107142857142857 0.20523809523809525 0.009285714285714286 0.023809523809523808
0 0.2325 0.1976190476190476 0.0035714285714285713 0.01619047619047619
0 0.23607142857142857 0.20238095238095238 0.0064285714285714285 0.014285714285714285
0 0.21428571428571427 0.2842857142857143 0.012857142857142857 0.035238095238095235
1 0.21607142857142858 0.21714285714285714 0.0064285714285714285 0.02095238095238095
2 0.21642857142857141 0.2219047619047619 0.02 0.017142857142857144
9 0.23785714285714285 0.3047619047619048 0.025714285714285714 0.015238095238095238
3 0.24571428571428572 0.13714285714285715 0.01 0.01904761904761905
3 0.24357142857142858 0.14761904761904762 0.012857142857142857 0.017142857142857144
3 0.2417857142857143 0.16380952380952382 0.015 0.017142857142857144
3 0.23857142857142857 0.18285714285714286 0.015714285714285715 0.02095238095238095
3 0.22 0.19904761904761906 0.02 0.022857142857142857
3 0.25857142857142856 0.17952380952380953 0.014285714285714285 0.02
3 0.2571428571428571 0.16333333333333333 0.011428571428571429 0.018095238095238095
3 0.24892857142857142 0.13476190476190475 0.009285714285714286 0.014285714285714285
3 0.19714285714285715 0.19523809523809524 0.02 0.022857142857142857
3 0.205 0.25523809523809526 0.03142857142857143 0.04
3 0.2417857142857143 0.24142857142857144 0.017857142857142856 0.025714285714285714
3 0.24071428571428571 0.26761904761904765 0.022857142857142857 0.03238095238095238
0 0.1975 0.29285714285714287 0.015 0.037142857142857144
3 0.22785714285714287 0.3438095238095238 0.04 0.045714285714285714
3 0.11714285714285715 0.32571428571428573 0.045714285714285714 0.05142857142857143
3 0.0875 0.36333333333333334 0.05785714285714286 0.06380952380952382
3 0.05607142857142857 0.4166666666666667 0.07214285714285715 0.07523809523809524
0 0.014642857142857143 0.42238095238095236 0.02214285714285714 0.05047619047619047
0 0.029642857142857144 0.5247619047619048 0.02214285714285714 0.05523809523809524
3 0.029642857142857144 0.4895238095238095 0.05928571428571429 0.08
3 0.2057142857142857 0.44476190476190475 0.06285714285714286 0.08190476190476191
3 0.28535714285714286 0.5671428571428572 0.13642857142857143 0.07333333333333333
0 0.4992857142857143 0.4504761904761905 0.025714285714285714 0.06095238095238095
0 0.4957142857142857 0.45 0.014285714285714285 0.037142857142857144
3 0.11214285714285714 0.7957142857142857 0.18857142857142858 0.1361904761904762
1 0.37214285714285716 0.8028571428571428 0.03 0.07809523809523809
3 0.3742857142857143 0.8185714285714286 0.07285714285714286 0.06380952380952382
3 0.4782142857142857 0.5395238095238095 0.11928571428571429 0.07714285714285714
0 0.5317857142857143 0.5723809523809524 0.025 0.05904761904761905
3 0.595 0.5295238095238095 0.08285714285714285 0.07428571428571429
3 0.7042857142857143 0.5090476190476191 0.12 0.06952380952380953
1 0.7778571428571428 0.5357142857142857 0.02142857142857143 0.05047619047619047
2 0.7717857142857143 0.5504761904761905 0.04071428571428572 0.0380952380952381
3 0.8703571428571428 0.4804761904761905 0.10357142857142858 0.06190476190476191
8 0.8432142857142857 0.6761904761904762 0.31357142857142856 0.2419047619047619
