4 0.7625 0.7557106598984771 0.05357142857142857 0.04441624365482233
4 0.155 0.782994923857868 0.05285714285714286 0.04060913705583756
4 0.10071428571428571 0.7189086294416243 0.05857142857142857 0.04441624365482233
4 0.33214285714285713 0.44479695431472077 0.05714285714285714 0.03680203045685279
3 0.34785714285714286 0.6668781725888324 0.047142857142857146 0.03426395939086294
3 0.18285714285714286 0.6675126903553299 0.05142857142857143 0.03807106598984771
3 0.6446428571428572 0.5869289340101522 0.052142857142857144 0.03934010152284264
3 0.7439285714285714 0.5342639593908629 0.04928571428571429 0.03807106598984771
3 0.43142857142857144 0.015228426395939085 0.02142857142857143 0.03045685279187817
0 0.7575 0.017766497461928932 0.012142857142857143 0.02030456852791878
0 0.7192857142857143 0.029187817258883246 0.007142857142857143 0.02030456852791878
