3 0.49392857142857144 0.7885714285714286 0.0064285714285714285 0.009523809523809525
3 0.51 0.8014285714285714 0.008571428571428572 0.012380952380952381
3 0.5357142857142857 0.8047619047619048 0.012857142857142857 0.017142857142857144
3 0.6032142857142857 0.7561904761904762 0.015 0.02095238095238095
3 0.6625 0.7209523809523809 0.02642857142857143 0.04
8 0.6489285714285714 0.6552380952380953 0.03642857142857143 0.03619047619047619
3 0.6164285714285714 0.6523809523809524 0.018571428571428572 0.017142857142857144
3 0.6385714285714286 0.6361904761904762 0.01 0.013333333333333332
3 0.645 0.63 0.008571428571428572 0.012380952380952381
3 0.6535714285714286 0.6219047619047618 0.008571428571428572 0.013333333333333332
3 0.6585714285714286 0.62 0.01 0.011428571428571429
4 0.6660714285714285 0.6104761904761905 0.015 0.024761904761904763
3 0.6535714285714286 0.6371428571428571 0.012857142857142857 0.015238095238095238
3 0.6625 0.6342857142857142 0.010714285714285714 0.013333333333333332
3 0.6710714285714285 0.6285714285714286 0.015 0.01904761904761905
3 0.6742857142857143 0.638095238095238 0.017142857142857144 0.017142857142857144
3 0.6878571428571428 0.5919047619047619 0.014285714285714285 0.018095238095238095
3 0.7017857142857142 0.579047619047619 0.015 0.01904761904761905
3 0.7107142857142857 0.570952380952381 0.014285714285714285 0.018095238095238095
8 0.7335714285714285 0.5461904761904762 0.025714285714285714 0.03142857142857143
3 0.7275 0.5566666666666666 0.012142857142857143 0.014285714285714285
4 0.7392857142857143 0.5752380952380952 0.018571428571428572 0.03428571428571429
5 0.7289285714285715 0.6095238095238096 0.019285714285714285 0.02095238095238095
4 0.7514285714285714 0.5661904761904762 0.018571428571428572 0.03333333333333333
3 0.8117857142857143 0.5847619047619048 0.039285714285714285 0.03428571428571429
3 0.7639285714285714 0.5661904761904762 0.016428571428571428 0.025714285714285714
3 0.775 0.5557142857142857 0.017142857142857144 0.029523809523809525
3 0.7875 0.5461904761904762 0.015 0.02761904761904762
3 0.8003571428571429 0.5366666666666666 0.015 0.023809523809523808
3 0.8142857142857143 0.5261904761904762 0.015714285714285715 0.023809523809523808
3 0.8128571428571428 0.5095238095238095 0.02 0.03238095238095238
3 0.8292857142857143 0.5109523809523809 0.015714285714285715 0.029523809523809525
3 0.8485714285714285 0.4961904761904762 0.02142857142857143 0.030476190476190476
3 0.8789285714285714 0.4666666666666667 0.019285714285714285 0.03238095238095238
3 0.8996428571428572 0.44571428571428573 0.019285714285714285 0.03238095238095238
5 0.9160714285714285 0.4228571428571429 0.030714285714285715 0.04
3 0.95 0.4580952380952381 0.02857142857142857 0.04380952380952381
3 0.985 0.42666666666666664 0.027142857142857142 0.0419047619047619
3 0.9646428571428571 0.6604761904761904 0.07071428571428572 0.06952380952380953
3 0.42142857142857143 0.9838095238095238 0.03142857142857143 0.030476190476190476
3 0.4317857142857143 0.959047619047619 0.029285714285714286 0.03238095238095238
3 0.4307142857142857 0.9533333333333334 0.024285714285714285 0.02857142857142857
3 0.43 0.9480952380952381 0.024285714285714285 0.029523809523809525
3 0.4317857142857143 0.9376190476190476 0.02214285714285714 0.023809523809523808
3 0.4357142857142857 0.9295238095238095 0.018571428571428572 0.022857142857142857
5 0.41214285714285714 0.949047619047619 0.011428571428571429 0.02
8 0.435 0.92 0.032857142857142856 0.03619047619047619
3 0.4357142857142857 0.9042857142857142 0.022857142857142857 0.02
3 0.4367857142857143 0.8957142857142857 0.017857142857142856 0.01619047619047619
3 0.45107142857142857 0.8738095238095238 0.017857142857142856 0.01619047619047619
3 0.45321428571428574 0.86 0.007857142857142858 0.009523809523809525
5 0.44142857142857145 0.8704761904761905 0.01 0.017142857142857144
3 0.3892857142857143 0.9547619047619048 0.015714285714285715 0.02
