3 0.6875 0.9838095238095238 0.02214285714285714 0.03238095238095238
3 0.7078571428571429 0.8952380952380953 0.015714285714285715 0.026666666666666665
3 0.6942857142857143 0.82 0.014285714285714285 0.02095238095238095
3 0.7164285714285714 0.8371428571428572 0.015714285714285715 0.02095238095238095
3 0.6225 0.909047619047619 0.017857142857142856 0.03333333333333333
3 0.6103571428571428 0.73 0.010714285714285714 0.01619047619047619
3 0.7117857142857142 0.6971428571428572 0.007857142857142858 0.009523809523809525
3 0.6660714285714285 0.6971428571428572 0.007857142857142858 0.009523809523809525
3 0.6325 0.700952380952381 0.009285714285714286 0.011428571428571429
3 0.6239285714285714 0.6914285714285714 0.009285714285714286 0.011428571428571429
3 0.7028571428571428 0.6566666666666666 0.007142857142857143 0.008571428571428572
3 0.7028571428571428 0.6009523809523809 0.005714285714285714 0.005714285714285714
3 0.66 0.5923809523809523 0.004285714285714286 0.007619047619047619
5 0.4853571428571429 0.829047619047619 0.020714285714285713 0.03142857142857143
4 0.3871428571428571 0.9080952380952381 0.024285714285714285 0.03333333333333333
3 0.4025 0.9180952380952381 0.025 0.03428571428571429
3 0.405 0.9504761904761905 0.027142857142857142 0.04
3 0.18357142857142858 0.8633333333333333 0.025714285714285714 0.02
3 0.8107142857142857 0.6971428571428572 0.02142857142857143 0.009523809523809525
3 0.82 0.7104761904761905 0.018571428571428572 0.009523809523809525
3 0.8278571428571428 0.7490476190476191 0.024285714285714285 0.012380952380952381
3 0.83 0.7571428571428571 0.02142857142857143 0.013333333333333332
5 0.8346428571428571 0.768095238095238 0.025 0.021904761904761906
3 0.9732142857142857 0.77 0.019285714285714285 0.02
3 0.99 0.7719047619047619 0.017142857142857144 0.018095238095238095
