3 0.047142857142857146 0.5539340101522843 0.017142857142857144 0.03680203045685279
3 0.45714285714285713 0.7595177664974618 0.022857142857142857 0.05456852791878172
3 0.5789285714285715 0.8604060913705583 0.045 0.04314720812182741
3 0.5307142857142857 0.6072335025380711 0.02142857142857143 0.04695431472081218
5 0.6167857142857143 0.6072335025380711 0.045 0.10025380710659898
5 0.5882142857142857 0.5241116751269035 0.02214285714285714 0.048223350253807105
3 0.5207142857142857 0.4873096446700507 0.02142857142857143 0.050761421319796954
3 0.45 0.3680203045685279 0.02 0.03807106598984771
3 0.3975 0.4346446700507614 0.016428571428571428 0.03426395939086294
3 0.31607142857142856 0.5393401015228426 0.020714285714285713 0.04314720812182741
9 0.35 0.633248730964467 0.01 0.025380710659898477
3 0.36714285714285716 0.291243654822335 0.015714285714285715 0.031725888324873094
5 0.2742857142857143 0.16624365482233502 0.017142857142857144 0.055837563451776644
3 0.3242857142857143 0.18083756345177662 0.011428571428571429 0.024111675126903553
3 0.41678571428571426 0.12436548223350252 0.010714285714285714 0.02030456852791878
4 0.12321428571428572 0.20368020304568527 0.013571428571428571 0.04187817258883248
9 0.2757142857142857 0.34708121827411165 0.007142857142857143 0.016497461928934008
9 0.28035714285714286 0.04441624365482233 0.005 0.012690355329949238
3 0.7860714285714285 0.982233502538071 0.03785714285714286 0.032994923857868015
4 0.8053571428571429 0.0881979695431472 0.017857142857142856 0.019035532994923856
5 0.8396428571428571 0.08248730964467005 0.03214285714285714 0.03045685279187817
4 0.9907142857142857 0.07296954314720812 0.012857142857142857 0.024111675126903553
3 0.9853571428571428 0.06027918781725888 0.010714285714285714 0.019035532994923856
8 0.9657142857142857 0.032994923857868015 0.015714285714285715 0.03045685279187817
3 0.9589285714285715 0.013959390862944161 0.010714285714285714 0.015228426395939085
