2 0.47520876826722336 0.6794990723562152 0.02139874739039666 0.06771799628942486
1 0.3867432150313152 0.6382189239332097 0.022964509394572022 0.05194805194805195
1 0.41362212943632565 0.6739332096474954 0.01826722338204593 0.05102040816326531
0 0.4446764091858037 0.640074211502783 0.013569937369519832 0.07606679035250465
0 0.42797494780793316 0.6113172541743971 0.010438413361169102 0.04823747680890538
0 0.4391962421711899 0.5547309833024119 0.009916492693110646 0.07606679035250465
0 0.42249478079331937 0.549165120593692 0.019311064718162838 0.06679035250463822
1 0.4217118997912317 0.5273654916512059 0.009394572025052192 0.0287569573283859
1 0.5331419624217119 0.4819109461966605 0.008872651356993735 0.03246753246753247
4 0.5263569937369519 0.48098330241187387 0.04853862212943632 0.12894248608534323
0 0.5756784968684759 0.4383116883116883 0.009394572025052192 0.05287569573283859
0 0.583768267223382 0.4466604823747681 0.007828810020876827 0.030612244897959183
9 0.490866388308977 0.29313543599257885 0.008872651356993735 0.0352504638218924
0 0.458768267223382 0.1794990723562152 0.005219206680584551 0.036178107606679034
9 0.3950939457202505 0.15584415584415584 0.015657620041753653 0.01855287569573284
7 0.4172755741127348 0.16001855287569575 0.010960334029227557 0.036178107606679034
0 0.41283924843423797 0.1808905380333952 0.0041753653444676405 0.02411873840445269
6 0.394572025052192 0.17764378478664195 0.012526096033402922 0.0287569573283859
2 0.37969728601252606 0.18460111317254174 0.014091858037578286 0.01855287569573284
2 0.3478601252609603 0.23794063079777367 0.006784968684759916 0.0287569573283859
9 0.3559498956158664 0.45964749536178107 0.031315240083507306 0.03246753246753247
6 0.394572025052192 0.7175324675324676 0.12108559498956158 0.075139146567718
9 0.6902400835073068 0.3297773654916512 0.02766179540709812 0.03246753246753247
9 0.6847599164926931 0.3269944341372913 0.021920668058455113 0.03432282003710575
9 0.644572025052192 0.2750463821892393 0.018789144050104383 0.036178107606679034
0 0.6411795407098121 0.20918367346938777 0.006784968684759916 0.036178107606679034
0 0.5892484342379958 0.10946196660482375 0.006263048016701461 0.02411873840445269
5 0.4044885177453027 0.13358070500927643 0.01774530271398747 0.03339517625231911
7 0.441544885177453 0.11549165120593692 0.011482254697286011 0.030612244897959183
3 0.42432150313152395 0.10760667903525047 0.032359081419624215 0.022263450834879406
0 0.47077244258872647 0.0463821892393321 0.0031315240083507304 0.011131725417439703
9 0.4712943632567849 0.05102040816326531 0.0031315240083507304 0.011131725417439703
4 0.5315762004175365 0.04406307977736549 0.020354906054279746 0.0176252319109462
0 0.49608559498956156 0.06539888682745826 0.0036534446764091852 0.013914656771799629
3 0.5474947807933194 0.07142857142857142 0.014613778705636741 0.020408163265306124
9 0.2651356993736952 0.8705936920222634 0.06993736951983298 0.08070500927643785
3 0.18058455114822544 0.8719851576994434 0.08977035490605427 0.13543599257884972
1 0.490866388308977 0.2810760667903525 0.007828810020876827 0.029684601113172542
6 0.485125260960334 0.08487940630797773 0.008872651356993735 0.015769944341372914
1 0.48460334029227553 0.07931354359925788 0.004697286012526096 0.015769944341372914
9 0.49321503131524 0.045454545454545456 0.005219206680584551 0.012987012987012988
9 0.48355949895615863 0.0352504638218924 0.0036534446764091852 0.011131725417439703
1 0.4832985386221294 0.031076066790352505 0.0031315240083507304 0.012059369202226345
1 0.4929540709812108 0.04081632653061225 0.004697286012526096 0.011131725417439703
6 0.5247912317327765 0.055658627087198514 0.015135699373695197 0.014842300556586271
