3 0.47300000000000003 0.36766666666666664 0.025 0.018
3 0.37575000000000003 0.715 0.0805 0.062
3 0.5835 0.7969999999999999 0.056 0.11533333333333333
3 0.6215 0.6476666666666666 0.043000000000000003 0.07266666666666667
3 0.63775 0.5856666666666667 0.035500000000000004 0.054
3 0.64875 0.5436666666666666 0.0325 0.04733333333333333
3 0.6647500000000001 0.5013333333333333 0.0275 0.04
3 0.5375 0.9363333333333334 0.077 0.12733333333333333
3 0.034 0.6083333333333333 0.068 0.046
3 0.04725 0.572 0.0895 0.032
3 0.01425 0.41633333333333333 0.0265 0.026
3 0.1585 0.429 0.031 0.028666666666666667
3 0.094 0.37266666666666665 0.033 0.02
3 0.07 0.36833333333333335 0.027 0.016666666666666666
3 0.0445 0.363 0.024 0.016666666666666666
3 0.4965 0.35033333333333333 0.028 0.016666666666666666
3 0.5925 0.35833333333333334 0.026000000000000002 0.012666666666666666
3 0.61625 0.37366666666666665 0.0325 0.015333333333333332
3 0.72575 0.37566666666666665 0.0365 0.016666666666666666
3 0.71625 0.35633333333333334 0.0385 0.016666666666666666
3 0.833 0.36233333333333334 0.026000000000000002 0.015333333333333332
3 0.7292500000000001 0.2843333333333333 0.0085 0.01
3 0.72575 0.30466666666666664 0.0075 0.010666666666666666
3 0.7222500000000001 0.3213333333333333 0.0105 0.013333333333333332
3 0.81575 0.37133333333333335 0.0315 0.013333333333333332
3 0.884 0.377 0.028 0.016666666666666666
3 0.733 0.3843333333333333 0.032 0.015333333333333332
4 0.913 0.37133333333333335 0.049 0.025333333333333333
3 0.97 0.36166666666666664 0.017 0.019333333333333334
1 0.6970000000000001 0.525 0.008 0.018
1 0.76275 0.3476666666666667 0.0085 0.008666666666666666
2 0.69725 0.5356666666666666 0.0105 0.018
9 0.76175 0.356 0.0125 0.010666666666666666
0 0.46725 0.49966666666666665 0.0095 0.026
0 0.4475 0.5246666666666666 0.005 0.024
0 0.28350000000000003 0.4683333333333333 0.008 0.022
0 0.31575000000000003 0.4693333333333333 0.006500000000000001 0.024
0 0.34600000000000003 0.476 0.006 0.026666666666666665
0 0.34700000000000003 0.4363333333333333 0.006 0.016666666666666666
0 0.10225000000000001 0.5073333333333333 0.006500000000000001 0.028
0 0.3325 0.5853333333333333 0.01 0.025333333333333333
0 0.75625 0.779 0.0145 0.046
0 0.38 0.3763333333333333 0.005 0.02333333333333333
0 0.38775 0.37 0.0045000000000000005 0.022666666666666665
0 0.52525 0.8566666666666667 0.0105 0.042666666666666665
