0 0.12425 0.7999999999999999 0.07150000000000001 0.044
0 0.1995 0.8053333333333333 0.044 0.056
0 0.0275 0.8436666666666667 0.055 0.054
9 0.01975 0.722 0.0395 0.09999999999999999
0 0.03675 0.412 0.0465 0.06266666666666666
0 0.057 0.3953333333333333 0.029 0.03733333333333333
0 0.11225 0.40399999999999997 0.0465 0.06
2 0.1075 0.355 0.05 0.054
7 0.33525 0.498 0.1135 0.12533333333333332
0 0.3045 0.5726666666666667 0.036000000000000004 0.04933333333333333
0 0.377 0.6113333333333333 0.036000000000000004 0.056
6 0.42 0.37966666666666665 0.053 0.106
9 0.47675 0.3383333333333333 0.0195 0.06733333333333333
0 0.4495 0.484 0.019 0.05466666666666666
9 0.4985 0.49666666666666665 0.04 0.06799999999999999
6 0.54425 0.42633333333333334 0.0685 0.09133333333333334
0 0.58525 0.43666666666666665 0.0245 0.064
6 0.6775 0.497 0.10300000000000001 0.06466666666666666
6 0.6697500000000001 0.5843333333333333 0.0645 0.10466666666666666
0 0.6725 0.6683333333333333 0.032 0.054
0 0.6395000000000001 0.747 0.031 0.04733333333333333
0 0.608 0.8223333333333334 0.021 0.028666666666666667
0 0.6425 0.8706666666666666 0.055 0.076
