3 0.14274530271398747 0.16883116883116883 0.008872651356993735 0.0074211502782931356
3 0.14483298538622127 0.16001855287569575 0.009916492693110646 0.008348794063079777
7 0.14483298538622127 0.475417439703154 0.025574112734864297 0.03246753246753247
3 0.3977035490605428 0.3232838589981447 0.026096033402922752 0.0176252319109462
3 0.38830897703549055 0.39007421150278293 0.027139874739039664 0.03246753246753247
3 0.3990083507306889 0.3761595547309833 0.015135699373695197 0.021335807050092765
3 0.40344467640918574 0.3692022263450835 0.009394572025052192 0.016697588126159554
5 0.28575156576200417 0.5913729128014842 0.02974947807933194 0.045454545454545456
5 0.295929018789144 0.6043599257884972 0.033402922755741124 0.039888682745825604
5 0.31419624217118997 0.563543599257885 0.031315240083507306 0.039888682745825604
5 0.3277661795407098 0.576530612244898 0.032359081419624215 0.043599257884972174
5 0.34264091858037576 0.536178107606679 0.02661795407098121 0.04081632653061225
5 0.3580375782881002 0.5496289424860854 0.028183716075156573 0.036178107606679034
5 0.36821503131524 0.5593692022263451 0.028705636743215027 0.0352504638218924
5 0.3042797494780793 0.6187384044526901 0.030271398747390394 0.04452690166975881
5 0.3363778705636743 0.5844155844155844 0.03705636743215031 0.0352504638218924
5 0.34003131524008345 0.5987940630797773 0.07045929018789143 0.08998144712430427
5 0.36247390396659707 0.6178107606679035 0.06002087682672233 0.08534322820037106
5 0.386482254697286 0.6303339517625232 0.055845511482254695 0.07884972170686456
5 0.4029227557411273 0.6539888682745826 0.06367432150313151 0.08905380333951762
5 0.4264091858037578 0.6757884972170687 0.06889352818371607 0.09740259740259741
5 0.44885177453027136 0.7026901669758813 0.08350730688935282 0.10853432282003711
5 0.48173277661795405 0.7258812615955473 0.0615866388308977 0.09554730983302412
5 0.5070459290187891 0.7551020408163266 0.07254697286012525 0.12430426716141002
5 0.5647181628392484 0.7973098330241187 0.07306889352818371 0.11595547309833024
5 0.5587160751565762 0.5691094619666048 0.07359081419624217 0.07328385899814471
3 0.4882567849686847 0.2824675324675325 0.019311064718162838 0.012059369202226345
9 0.4624217118997912 0.2982374768089054 0.010438413361169102 0.010204081632653062
1 0.4632045929018789 0.2917439703153989 0.004697286012526096 0.010204081632653062
4 0.7716597077244258 0.4267161410018553 0.01826722338204593 0.0352504638218924
3 0.8068893528183715 0.44063079777365494 0.01774530271398747 0.0352504638218924
0 0.8042797494780792 0.14842300556586271 0.0031315240083507304 0.0074211502782931356
0 0.7933194154488517 0.16512059369202226 0.0041753653444676405 0.0074211502782931356
5 0.6398747390396659 0.8613172541743971 0.030271398747390394 0.06029684601113173
5 0.6737995824634655 0.8752319109461967 0.015657620041753653 0.02319109461966605
5 0.6978079331941545 0.8933209647495362 0.016701461377870562 0.02411873840445269
