3 0.2525 0.5280952380952381 0.03785714285714286 0.025714285714285714
3 0.2671428571428571 0.5933333333333334 0.03 0.04380952380952381
9 0.43892857142857145 0.4514285714285714 0.009285714285714286 0.017142857142857144
5 0.6107142857142858 0.30095238095238097 0.02 0.04380952380952381
5 0.49964285714285717 0.26476190476190475 0.012142857142857143 0.022857142857142857
5 0.29892857142857143 0.23476190476190475 0.015 0.021904761904761906
5 0.5146428571428572 0.17809523809523808 0.009285714285714286 0.01904761904761905
3 0.36964285714285716 0.3466666666666667 0.013571428571428571 0.013333333333333332
3 0.3892857142857143 0.3038095238095238 0.018571428571428572 0.013333333333333332
3 0.3992857142857143 0.3061904761904762 0.017142857142857144 0.014285714285714285
0 0.4225 0.3514285714285714 0.005 0.013333333333333332
