3 0.21571428571428572 0.19035532994923857 0.002857142857142857 0.0076142131979695426
4 0.21642857142857141 0.23032994923857866 0.004285714285714286 0.008883248730964466
5 0.18321428571428572 0.24936548223350252 0.016428571428571428 0.013959390862944161
8 0.17 0.2633248730964467 0.03 0.019035532994923856
3 0.21464285714285714 0.25380710659898476 0.0035714285714285713 0.0076142131979695426
3 0.22035714285714286 0.25380710659898476 0.0035714285714285713 0.0076142131979695426
3 0.24571428571428572 0.24238578680203043 0.008571428571428572 0.0076142131979695426
4 0.2625 0.24238578680203043 0.009285714285714286 0.0076142131979695426
8 0.24035714285714285 0.24936548223350252 0.015 0.013959390862944161
3 0.2292857142857143 0.26205583756345174 0.005714285714285714 0.008883248730964466
3 0.2282142857142857 0.274746192893401 0.0035714285714285713 0.008883248730964466
4 0.22035714285714286 0.2696700507614213 0.0035714285714285713 0.008883248730964466
4 0.22035714285714286 0.282994923857868 0.005 0.0076142131979695426
4 0.23 0.2899746192893401 0.004285714285714286 0.006345177664974619
3 0.22285714285714286 0.2963197969543147 0.004285714285714286 0.008883248730964466
3 0.2307142857142857 0.3032994923857868 0.004285714285714286 0.0076142131979695426
3 0.24285714285714285 0.315989847715736 0.005714285714285714 0.01015228426395939
4 0.21821428571428572 0.3102791878172589 0.005 0.011421319796954314
4 0.2317857142857143 0.3128172588832487 0.0035714285714285713 0.008883248730964466
4 0.23214285714285715 0.3229695431472081 0.002857142857142857 0.008883248730964466
3 0.23357142857142857 0.33248730964467005 0.005714285714285714 0.01015228426395939
8 0.24357142857142858 0.3312182741116751 0.005714285714285714 0.02030456852791878
8 0.2532142857142857 0.34010152284263956 0.009285714285714286 0.032994923857868015
8 0.21464285714285714 0.3394670050761421 0.010714285714285714 0.031725888324873094
8 0.2257142857142857 0.34644670050761417 0.005714285714285714 0.02030456852791878
4 0.21892857142857142 0.36040609137055835 0.005 0.01015228426395939
8 0.26035714285714284 0.38832487309644664 0.009285714285714286 0.035532994923857864
3 0.24678571428571427 0.3692893401015228 0.005 0.012690355329949238
4 0.25142857142857145 0.40672588832487305 0.005714285714285714 0.013959390862944161
8 0.2225 0.3946700507614213 0.016428571428571428 0.02284263959390863
4 0.19642857142857142 0.4156091370558375 0.012857142857142857 0.013959390862944161
0 0.20857142857142857 0.43527918781725883 0.002857142857142857 0.0076142131979695426
8 0.21535714285714286 0.4473350253807106 0.0064285714285714285 0.021573604060913704
3 0.22357142857142856 0.43972081218274106 0.005714285714285714 0.011421319796954314
3 0.22428571428571428 0.4511421319796954 0.005714285714285714 0.011421319796954314
4 0.22464285714285714 0.4606598984771573 0.0064285714285714285 0.015228426395939085
4 0.22428571428571428 0.4758883248730964 0.005714285714285714 0.015228426395939085
3 0.24392857142857144 0.4422588832487309 0.0064285714285714285 0.011421319796954314
3 0.2357142857142857 0.44479695431472077 0.005714285714285714 0.011421319796954314
3 0.23785714285714285 0.4549492385786802 0.005714285714285714 0.011421319796954314
8 0.24535714285714286 0.4543147208121827 0.007857142857142858 0.02284263959390863
8 0.25 0.4708121827411167 0.008571428571428572 0.02284263959390863
4 0.26142857142857145 0.47144670050761417 0.007142857142857143 0.019035532994923856
3 0.2825 0.47715736040609136 0.007857142857142858 0.012690355329949238
0 0.29428571428571426 0.47335025380710655 0.002857142857142857 0.0076142131979695426
0 0.29678571428571426 0.47208121827411165 0.002142857142857143 0.01015228426395939
3 0.2978571428571429 0.5101522842639593 0.01 0.015228426395939085
0 0.32321428571428573 0.5228426395939086 0.0035714285714285713 0.01015228426395939
4 0.3167857142857143 0.5348984771573604 0.009285714285714286 0.021573604060913704
0 0.2042857142857143 0.5139593908629442 0.002857142857142857 0.01015228426395939
3 0.24142857142857144 0.48350253807106597 0.005714285714285714 0.012690355329949238
3 0.24428571428571427 0.4949238578680203 0.005714285714285714 0.012690355329949238
3 0.2532142857142857 0.49365482233502533 0.0064285714285714285 0.012690355329949238
3 0.24642857142857144 0.5120558375634517 0.007142857142857143 0.013959390862944161
3 0.25214285714285717 0.5310913705583756 0.007142857142857143 0.013959390862944161
3 0.2567857142857143 0.5520304568527918 0.007857142857142858 0.015228426395939085
3 0.26857142857142857 0.5539340101522843 0.008571428571428572 0.013959390862944161
4 0.26571428571428574 0.5793147208121827 0.01 0.019035532994923856
8 0.2864285714285714 0.5628172588832487 0.012857142857142857 0.031725888324873094
8 0.30464285714285716 0.6078680203045684 0.015 0.03045685279187817
8 0.21642857142857141 0.625 0.014285714285714285 0.05456852791878172
3 0.12678571428571428 0.5101522842639593 0.017857142857142856 0.015228426395939085
3 0.12892857142857142 0.5203045685279187 0.016428571428571428 0.012690355329949238
3 0.13035714285714287 0.5253807106598984 0.015 0.015228426395939085
4 0.13178571428571428 0.549492385786802 0.017857142857142856 0.02030456852791878
3 0.2735714285714286 0.6040609137055837 0.01 0.015228426395939085
3 0.2857142857142857 0.633248730964467 0.011428571428571429 0.017766497461928932
3 0.295 0.6618020304568527 0.011428571428571429 0.019035532994923856
4 0.30857142857142855 0.6491116751269035 0.011428571428571429 0.021573604060913704
4 0.32 0.7036802030456852 0.012857142857142857 0.021573604060913704
3 0.36678571428571427 0.7252538071065989 0.015 0.024111675126903553
3 0.3632142857142857 0.7804568527918782 0.015 0.02284263959390863
3 0.41285714285714287 0.6586294416243654 0.014285714285714285 0.017766497461928932
3 0.41035714285714286 0.7214467005076142 0.007857142857142858 0.026649746192893398
3 0.4032142857142857 0.848984771573604 0.016428571428571428 0.025380710659898477
8 0.4367857142857143 0.8274111675126903 0.04071428571428572 0.08375634517766496
3 0.5189285714285714 0.9771573604060912 0.020714285714285713 0.035532994923857864
3 0.23892857142857143 0.973984771573604 0.023571428571428573 0.029187817258883246
0 0.15964285714285714 0.9638324873096445 0.0035714285714285713 0.008883248730964466
0 0.15892857142857142 0.9765228426395939 0.0035714285714285713 0.011421319796954314
0 0.1575 0.9708121827411167 0.0035714285714285713 0.01015228426395939
0 0.20535714285714285 0.906725888324873 0.002142857142857143 0.011421319796954314
0 0.15928571428571428 0.8718274111675126 0.002857142857142857 0.015228426395939085
0 0.155 0.897208121827411 0.002857142857142857 0.015228426395939085
0 0.16428571428571428 0.8350253807106598 0.002857142857142857 0.01015228426395939
8 0.16964285714285715 0.8680203045685279 0.012142857142857143 0.04314720812182741
8 0.2032142857142857 0.83248730964467 0.017857142857142856 0.055837563451776644
8 0.21607142857142858 0.8331218274111675 0.012142857142857143 0.049492385786802026
0 0.22428571428571428 0.8204314720812182 0.002857142857142857 0.011421319796954314
8 0.21107142857142858 0.7328680203045684 0.017857142857142856 0.06218274111675126
8 0.22357142857142856 0.7208121827411167 0.011428571428571429 0.04314720812182741
8 0.25857142857142856 0.706218274111675 0.045714285714285714 0.03680203045685279
8 0.2596428571428571 0.7195431472081217 0.03642857142857143 0.03045685279187817
8 0.2525 0.7328680203045684 0.047857142857142855 0.03426395939086294
8 0.25535714285714284 0.7493654822335025 0.045 0.03934010152284264
8 0.2596428571428571 0.7639593908629441 0.045 0.03807106598984771
8 0.25857142857142856 0.7766497461928933 0.047142857142857146 0.03045685279187817
8 0.26821428571428574 0.7969543147208121 0.027857142857142858 0.025380710659898477
8 0.2621428571428571 0.8077411167512689 0.03428571428571429 0.029187817258883246
8 0.2592857142857143 0.822969543147208 0.05142857142857143 0.031725888324873094
8 0.25821428571428573 0.839467005076142 0.05071428571428571 0.031725888324873094
8 0.2617857142857143 0.8597715736040609 0.045 0.03426395939086294
3 0.6089285714285714 0.700507614213198 0.019285714285714285 0.015228426395939085
4 0.6792857142857143 0.6865482233502538 0.017142857142857144 0.012690355329949238
3 0.7460714285714286 0.6656091370558375 0.017857142857142856 0.013959390862944161
8 0.7392857142857143 0.7449238578680203 0.04857142857142857 0.048223350253807105
0 0.6982142857142857 0.7455583756345177 0.0035714285714285713 0.011421319796954314
0 0.7925 0.7182741116751269 0.002142857142857143 0.01015228426395939
0 0.8128571428571428 0.7100253807106598 0.002857142857142857 0.008883248730964466
0 0.8167857142857143 0.715736040609137 0.002142857142857143 0.0076142131979695426
0 0.8728571428571429 0.6897208121827411 0.002857142857142857 0.008883248730964466
4 0.8332142857142857 0.6503807106598984 0.017857142857142856 0.016497461928934008
3 0.8317857142857142 0.6630710659898477 0.016428571428571428 0.011421319796954314
3 0.9782142857142857 0.6313451776649746 0.016428571428571428 0.013959390862944161
8 0.9885714285714285 0.6408629441624365 0.022857142857142857 0.02284263959390863
3 0.9553571428571429 0.6459390862944162 0.016428571428571428 0.012690355329949238
8 0.9060714285714285 0.6967005076142131 0.052142857142857144 0.04060913705583756
4 0.9757142857142858 0.7474619289340101 0.02 0.02030456852791878
4 0.9260714285714285 0.7531725888324873 0.019285714285714285 0.016497461928934008
8 0.9575 0.8026649746192893 0.03214285714285714 0.03426395939086294
3 0.9007142857142857 0.7969543147208121 0.022857142857142857 0.017766497461928932
4 0.8928571428571429 0.8350253807106598 0.022857142857142857 0.025380710659898477
3 0.7396428571428572 0.9276649746192893 0.020714285714285713 0.02030456852791878
