3 0.08392857142857142 0.7504761904761905 0.16071428571428573 0.15047619047619049
0 0.3871428571428571 0.8471428571428572 0.03428571428571429 0.09047619047619047
3 0.48714285714285716 0.8457142857142858 0.15428571428571428 0.21904761904761905
3 0.7446428571428572 0.7685714285714286 0.2392857142857143 0.15428571428571428
3 0.8007142857142857 0.6971428571428572 0.20285714285714285 0.1219047619047619
3 0.7928571428571428 0.6233333333333333 0.1742857142857143 0.0980952380952381
3 0.8089285714285714 0.56 0.15357142857142858 0.0761904761904762
3 0.5182142857142857 0.4504761904761905 0.10785714285714286 0.08
3 0.4775 0.48238095238095235 0.11928571428571429 0.08857142857142856
3 0.42892857142857144 0.518095238095238 0.14214285714285715 0.10666666666666666
3 0.3807142857142857 0.5695238095238095 0.12857142857142856 0.10857142857142857
3 0.30964285714285716 0.6276190476190476 0.15357142857142858 0.13523809523809524
3 0.155 0.5166666666666667 0.11285714285714285 0.07333333333333333
3 0.037142857142857144 0.4704761904761905 0.07428571428571429 0.07238095238095238
3 0.21892857142857142 0.37666666666666665 0.09071428571428572 0.06380952380952382
3 0.2832142857142857 0.30904761904761907 0.07357142857142857 0.05047619047619047
4 0.3335714285714286 0.4228571428571429 0.09142857142857143 0.07428571428571429
3 0.39 0.39904761904761904 0.07285714285714286 0.05523809523809524
3 0.42 0.3780952380952381 0.05857142857142857 0.04380952380952381
3 0.4564285714285714 0.3504761904761905 0.08428571428571428 0.05333333333333333
3 0.3482142857142857 0.2785714285714286 0.06785714285714285 0.04285714285714286
3 0.5835714285714285 0.3904761904761905 0.10142857142857142 0.07428571428571429
3 0.6342857142857142 0.34904761904761905 0.09285714285714286 0.06
3 0.6596428571428572 0.33095238095238094 0.07357142857142857 0.04666666666666667
3 0.555 0.2923809523809524 0.07142857142857142 0.03619047619047619
3 0.43 0.24523809523809523 0.06857142857142857 0.04285714285714286
