3 0.4421428571428571 0.30952380952380953 0.027142857142857142 0.013333333333333332
9 0.42892857142857144 0.3261904761904762 0.0064285714285714285 0.004761904761904762
0 0.42392857142857143 0.3233333333333333 0.002142857142857143 0.006666666666666666
0 0.41035714285714286 0.39380952380952383 0.002142857142857143 0.010476190476190476
3 0.49714285714285716 0.4928571428571429 0.018571428571428572 0.035238095238095235
3 0.5275 0.43333333333333335 0.015 0.030476190476190476
0 0.4392857142857143 0.3119047619047619 0.002857142857142857 0.010476190476190476
3 0.5314285714285715 0.22333333333333333 0.008571428571428572 0.014285714285714285
5 0.45321428571428574 0.25523809523809526 0.03357142857142857 0.03238095238095238
3 0.5139285714285714 0.0838095238095238 0.0035714285714285713 0.005714285714285714
3 0.5110714285714286 0.07476190476190477 0.0035714285714285713 0.004761904761904762
3 0.5067857142857143 0.03142857142857143 0.0064285714285714285 0.007619047619047619
3 0.5060714285714286 0.023809523809523808 0.0035714285714285713 0.005714285714285714
3 0.57 0.370952380952381 0.015714285714285715 0.02
3 0.9128571428571428 0.9685714285714285 0.03142857142857143 0.045714285714285714
3 0.9521428571428572 0.9561904761904761 0.02857142857142857 0.05142857142857143
3 0.9842857142857143 0.9519047619047619 0.03142857142857143 0.05619047619047619
