3 0.2382142857142857 0.5476190476190477 0.08357142857142857 0.10476190476190476
3 0.15714285714285714 0.560952380952381 0.08857142857142856 0.10857142857142857
3 0.2567857142857143 0.44761904761904764 0.07785714285714286 0.09142857142857143
3 0.3385714285714286 0.3461904761904762 0.06857142857142857 0.07333333333333333
3 0.42428571428571427 0.25857142857142856 0.06142857142857143 0.07904761904761905
3 0.48178571428571426 0.1961904761904762 0.05785714285714286 0.06476190476190476
3 0.5382142857142858 0.13095238095238096 0.055 0.06
3 0.595 0.06476190476190476 0.041428571428571426 0.05904761904761905
3 0.6185714285714285 0.0980952380952381 0.05142857142857143 0.06476190476190476
3 0.6732142857142858 0.03333333333333333 0.04357142857142857 0.06095238095238095
3 0.5567857142857143 0.17095238095238094 0.05357142857142857 0.06190476190476191
3 0.5025 0.2419047619047619 0.05357142857142857 0.07428571428571429
3 0.41214285714285714 0.3457142857142857 0.054285714285714284 0.08571428571428572
3 0.3246428571428571 0.43666666666666665 0.06785714285714285 0.08666666666666667
3 0.6453571428571429 0.021904761904761906 0.045 0.04380952380952381
9 0.023571428571428573 0.5942857142857143 0.03428571428571429 0.0419047619047619
1 0.019285714285714285 0.5914285714285714 0.025714285714285714 0.030476190476190476
