3 0.5996428571428571 0.49999999999999994 0.03357142857142857 0.025380710659898477
3 0.5364285714285715 0.41307106598984766 0.03857142857142857 0.029187817258883246
3 0.5321428571428571 0.3711928934010152 0.03428571428571429 0.031725888324873094
5 0.7964285714285714 0.2315989847715736 0.04428571428571428 0.052030456852791875
5 0.4014285714285714 0.26776649746192893 0.07142857142857142 0.06091370558375634
3 0.7075 0.05139593908629441 0.007857142857142858 0.016497461928934008
3 0.6660714285714285 0.015228426395939085 0.009285714285714286 0.012690355329949238
3 0.6860714285714286 0.013324873096446699 0.009285714285714286 0.013959390862944161
3 0.7039285714285715 0.014593908629441623 0.009285714285714286 0.016497461928934008
5 0.7160714285714286 0.011421319796954314 0.010714285714285714 0.02284263959390863
