8 0.205 0.21714285714285714 0.13714285714285715 0.16380952380952382
0 0.006071428571428571 0.04523809523809524 0.012142857142857143 0.02
4 0.14892857142857144 0.20047619047619047 0.05928571428571429 0.07333333333333333
0 0.3221428571428571 0.13523809523809524 0.01 0.01904761904761905
0 0.21678571428571428 0.24 0.009285714285714286 0.013333333333333332
0 0.2275 0.25333333333333335 0.012142857142857143 0.015238095238095238
0 0.2382142857142857 0.25952380952380955 0.012142857142857143 0.014285714285714285
0 0.22642857142857142 0.27380952380952384 0.012857142857142857 0.01619047619047619
0 0.21214285714285713 0.2995238095238095 0.014285714285714285 0.010476190476190476
0 0.22607142857142856 0.31666666666666665 0.010714285714285714 0.014285714285714285
0 0.21821428571428572 0.3252380952380952 0.012142857142857143 0.014285714285714285
9 0.19642857142857142 0.4980952380952381 0.012857142857142857 0.030476190476190476
1 0.19642857142857142 0.4990476190476191 0.014285714285714285 0.013333333333333332
0 0.48714285714285716 0.4780952380952381 0.008571428571428572 0.011428571428571429
0 0.44785714285714284 0.5342857142857143 0.007142857142857143 0.005714285714285714
0 0.4496428571428571 0.5723809523809524 0.007857142857142858 0.007619047619047619
1 0.4514285714285714 0.5685714285714286 0.004285714285714286 0.005714285714285714
0 0.26035714285714284 0.7976190476190477 0.010714285714285714 0.014285714285714285
0 0.21607142857142858 0.6942857142857143 0.010714285714285714 0.013333333333333332
0 0.22392857142857142 0.6914285714285714 0.007857142857142858 0.013333333333333332
9 0.49392857142857144 0.8838095238095238 0.020714285714285713 0.013333333333333332
4 0.5721428571428572 0.8833333333333333 0.03571428571428571 0.08285714285714285
4 0.6117857142857143 0.8842857142857142 0.03785714285714286 0.1
3 0.6703571428571429 0.8957142857142857 0.06928571428571428 0.058095238095238096
3 0.8182142857142857 0.959047619047619 0.06785714285714285 0.05904761904761905
3 0.9046428571428572 0.9828571428571429 0.06357142857142857 0.03428571428571429
