3 0.5057142857142857 0.6472081218274112 0.03 0.08375634517766496
3 0.5385714285714286 0.625 0.025714285714285714 0.07233502538071065
3 0.5896428571428571 0.7106598984771573 0.03357142857142857 0.09644670050761421
3 0.6114285714285714 0.5298223350253807 0.02857142857142857 0.06979695431472081
3 0.5764285714285714 0.49048223350253806 0.022857142857142857 0.06472081218274112
3 0.5621428571428572 0.42005076142131975 0.02 0.053299492385786795
3 0.5310714285714285 0.41053299492385786 0.023571428571428573 0.05964467005076142
3 0.5589285714285714 0.3623096446700507 0.020714285714285713 0.052030456852791875
3 0.5567857142857143 0.2785532994923858 0.017857142857142856 0.04441624365482233
3 0.5592857142857143 0.22271573604060912 0.017142857142857144 0.03680203045685279
3 0.53 0.2969543147208122 0.018571428571428572 0.04568527918781726
3 0.5282142857142857 0.348984771573604 0.019285714285714285 0.04060913705583756
3 0.5317857142857143 0.23032994923857866 0.019285714285714285 0.04187817258883248
4 0.5325 0.508248730964467 0.020714285714285713 0.05964467005076142
4 0.5742857142857143 0.5831218274111675 0.02142857142857143 0.06725888324873096
5 0.49464285714285716 0.37182741116751267 0.023571428571428573 0.08883248730964466
5 0.5071428571428571 0.20621827411167512 0.022857142857142857 0.06725888324873096
5 0.6164285714285714 0.9118020304568527 0.055714285714285716 0.16878172588832485
4 0.8814285714285715 0.4029187817258883 0.047142857142857146 0.052030456852791875
3 0.7821428571428571 0.21954314720812182 0.041428571428571426 0.032994923857868015
3 0.7739285714285714 0.13959390862944163 0.03642857142857143 0.027918781725888322
3 0.7792857142857142 0.19543147208121825 0.04285714285714286 0.03045685279187817
3 0.7746428571428572 0.11294416243654821 0.03642857142857143 0.035532994923857864
3 0.105 0.12563451776649745 0.03142857142857143 0.035532994923857864
4 0.14857142857142858 0.21319796954314718 0.041428571428571426 0.050761421319796954
4 0.36642857142857144 0.06345177664974619 0.027142857142857142 0.035532994923857864
3 0.3921428571428571 0.009517766497461928 0.024285714285714285 0.019035532994923856
3 0.17964285714285713 0.07614213197969542 0.027857142857142858 0.035532994923857864
