3 0.5932142857142857 0.799047619047619 0.055 0.13714285714285715
3 0.7039285714285715 0.731904761904762 0.062142857142857146 0.13428571428571429
3 0.8132142857142857 0.8709523809523809 0.07357142857142857 0.1457142857142857
3 0.8732142857142857 0.8533333333333333 0.07642857142857143 0.14095238095238094
3 0.8085714285714286 0.6638095238095238 0.07571428571428572 0.12571428571428572
3 0.5057142857142857 0.3942857142857143 0.045714285714285714 0.09142857142857143
3 0.30357142857142855 0.5566666666666666 0.041428571428571426 0.08095238095238096
3 0.16285714285714287 0.44285714285714284 0.08428571428571428 0.047619047619047616
3 0.4717857142857143 0.2361904761904762 0.04071428571428572 0.0761904761904762
3 0.7789285714285714 0.319047619047619 0.05357142857142857 0.08
3 0.7232142857142857 0.28714285714285714 0.05071428571428571 0.07714285714285714
3 0.5446428571428571 0.18285714285714286 0.039285714285714285 0.07428571428571429
3 0.5035714285714286 0.04285714285714286 0.027142857142857142 0.05523809523809524
3 0.43964285714285717 0.10333333333333333 0.03357142857142857 0.06761904761904762
3 0.09357142857142857 0.9228571428571428 0.12 0.08
3 0.21678571428571428 0.8857142857142857 0.095 0.16380952380952382
3 0.18321428571428572 0.700952380952381 0.09071428571428572 0.08190476190476191
4 0.5917857142857142 0.5314285714285715 0.045 0.09333333333333334
5 0.59 0.3361904761904762 0.06571428571428571 0.11238095238095239
4 0.4617857142857143 0.030476190476190476 0.03642857142857143 0.06095238095238095
3 0.5264285714285715 0.2857142857142857 0.03571428571428571 0.08
3 0.1732142857142857 0.3976190476190476 0.07071428571428572 0.039047619047619046
3 0.1692857142857143 0.35619047619047617 0.07428571428571429 0.0380952380952381
3 0.16857142857142857 0.23095238095238096 0.07285714285714286 0.039047619047619046
3 0.17142857142857143 0.19523809523809524 0.07428571428571429 0.03619047619047619
3 0.175 0.16095238095238096 0.06714285714285714 0.03238095238095238
3 0.17392857142857143 0.028095238095238097 0.06357142857142857 0.035238095238095235
3 0.23714285714285716 0.1719047619047619 0.03571428571428571 0.07333333333333333
3 0.1742857142857143 0.26476190476190475 0.07857142857142857 0.045714285714285714
4 0.16714285714285715 0.13380952380952382 0.06571428571428571 0.04285714285714286
3 0.17642857142857143 0.05333333333333333 0.06428571428571428 0.0380952380952381
3 0.1675 0.5014285714285714 0.08642857142857142 0.04666666666666667
3 0.09357142857142857 0.6595238095238095 0.04428571428571428 0.12476190476190477
4 0.275 0.05142857142857143 0.02857142857142857 0.07238095238095238
8 0.38321428571428573 0.3314285714285714 0.07357142857142857 0.2361904761904762
3 0.7185714285714285 0.9761904761904762 0.05285714285714286 0.045714285714285714
3 0.8917857142857143 0.055714285714285716 0.047857142857142855 0.035238095238095235
3 0.8585714285714285 0.014285714285714285 0.05285714285714286 0.02857142857142857
3 0.9053571428571429 0.0838095238095238 0.05785714285714286 0.0380952380952381
3 0.9746428571428571 0.039047619047619046 0.05071428571428571 0.05714285714285714
3 0.9153571428571429 0.10904761904761905 0.060714285714285714 0.040952380952380955
0 0.23857142857142857 0.03571428571428571 0.012857142857142857 0.029523809523809525
0 0.24535714285714286 0.03857142857142857 0.007857142857142858 0.01619047619047619
0 0.265 0.1457142857142857 0.012857142857142857 0.030476190476190476
0 0.2282142857142857 0.3304761904761905 0.015 0.02857142857142857
0 0.3557142857142857 0.5033333333333333 0.011428571428571429 0.02
0 0.3414285714285714 0.28476190476190477 0.011428571428571429 0.03428571428571429
0 0.33 0.1719047619047619 0.01 0.03333333333333333
0 0.32107142857142856 0.02 0.010714285714285714 0.026666666666666665
0 0.31607142857142856 0.13476190476190475 0.012142857142857143 0.029523809523809525
0 0.3167857142857143 0.1657142857142857 0.009285714285714286 0.03428571428571429
0 0.2292857142857143 0.36238095238095236 0.017142857142857144 0.03142857142857143
0 0.21142857142857144 0.35333333333333333 0.014285714285714285 0.03428571428571429
0 0.24607142857142858 0.06428571428571428 0.012142857142857143 0.025714285714285714
0 0.2392857142857143 0.06714285714285714 0.007142857142857143 0.014285714285714285
1 0.21357142857142858 0.09047619047619047 0.005714285714285714 0.009523809523809525
0 0.2082142857142857 0.07809523809523809 0.010714285714285714 0.022857142857142857
9 0.1742857142857143 0.08428571428571428 0.02857142857142857 0.021904761904761906
7 0.19321428571428573 0.11047619047619048 0.035 0.01904761904761905
0 0.31892857142857145 0.2042857142857143 0.009285714285714286 0.02761904761904762
0 0.3382142857142857 0.36095238095238097 0.012142857142857143 0.030476190476190476
0 0.28 0.23047619047619047 0.014285714285714285 0.030476190476190476
0 0.335 0.23857142857142857 0.01 0.029523809523809525
0 0.3335714285714286 0.21761904761904763 0.011428571428571429 0.02761904761904762
2 0.22321428571428573 0.5580952380952381 0.029285714285714286 0.015238095238095238
2 0.25142857142857145 0.6066666666666667 0.014285714285714285 0.047619047619047616
9 0.15214285714285714 0.5714285714285714 0.03428571428571429 0.01904761904761905
9 0.15214285714285714 0.5519047619047619 0.037142857142857144 0.018095238095238095
9 0.15714285714285714 0.5285714285714286 0.03857142857142857 0.03238095238095238
0 0.27714285714285714 0.729047619047619 0.017142857142857144 0.021904761904761906
0 0.3796428571428571 0.7504761904761905 0.016428571428571428 0.022857142857142857
0 0.26285714285714284 0.5938095238095238 0.015714285714285715 0.03142857142857143
0 0.2882142857142857 0.7161904761904762 0.019285714285714285 0.022857142857142857
1 0.33 0.8966666666666666 0.018571428571428572 0.029523809523809525
9 0.3317857142857143 0.8961904761904762 0.016428571428571428 0.05142857142857143
0 0.9467857142857142 0.28809523809523807 0.016428571428571428 0.025714285714285714
9 0.9553571428571429 0.3476190476190476 0.02642857142857143 0.03428571428571429
9 0.9185714285714286 0.43142857142857144 0.02 0.030476190476190476
9 0.9175 0.2866666666666667 0.017857142857142856 0.02857142857142857
1 0.9285714285714286 0.42952380952380953 0.014285714285714285 0.017142857142857144
1 0.9185714285714286 0.4261904761904762 0.017142857142857144 0.018095238095238095
