3 0.4810714285714286 0.4685714285714286 0.019285714285714285 0.05142857142857143
3 0.5217857142857143 0.30714285714285716 0.03214285714285714 0.02
3 0.47535714285714287 0.21095238095238095 0.010714285714285714 0.025714285714285714
3 0.45035714285714284 0.0380952380952381 0.007857142857142858 0.015238095238095238
3 0.4825 0.0719047619047619 0.009285714285714286 0.014285714285714285
3 0.51 0.21 0.011428571428571429 0.018095238095238095
3 0.4521428571428571 0.06666666666666667 0.01 0.015238095238095238
3 0.48892857142857143 0.0380952380952381 0.009285714285714286 0.013333333333333332
3 0.4714285714285714 0.016666666666666666 0.007142857142857143 0.012380952380952381
3 0.4860714285714286 0.017142857142857144 0.009285714285714286 0.011428571428571429
3 0.48678571428571427 0.026666666666666665 0.007857142857142858 0.013333333333333332
4 0.4739285714285714 0.03571428571428571 0.009285714285714286 0.014285714285714285
4 0.4525 0.09142857142857143 0.007857142857142858 0.01904761904761905
4 0.4514285714285714 0.07809523809523809 0.008571428571428572 0.017142857142857144
4 0.45035714285714284 0.007142857142857143 0.007857142857142858 0.014285714285714285
4 0.3917857142857143 0.3180952380952381 0.03214285714285714 0.02857142857142857
3 0.4525 0.3514285714285714 0.029285714285714286 0.030476190476190476
3 0.45285714285714285 0.22047619047619046 0.011428571428571429 0.02
5 0.4539285714285714 0.17238095238095238 0.017857142857142856 0.049523809523809526
5 0.4517857142857143 0.05285714285714286 0.009285714285714286 0.01619047619047619
9 0.4007142857142857 0.2866666666666667 0.014285714285714285 0.011428571428571429
9 0.37464285714285717 0.2876190476190476 0.013571428571428571 0.009523809523809525
9 0.5507142857142857 0.29285714285714287 0.011428571428571429 0.006666666666666666
9 0.4707142857142857 0.2509523809523809 0.004285714285714286 0.012380952380952381
9 0.5153571428571428 0.24857142857142858 0.0064285714285714285 0.017142857142857144
9 0.5121428571428571 0.22952380952380952 0.004285714285714286 0.007619047619047619
9 0.48857142857142855 0.1657142857142857 0.004285714285714286 0.011428571428571429
9 0.4692857142857143 0.1219047619047619 0.004285714285714286 0.009523809523809525
9 0.4860714285714286 0.054285714285714284 0.0064285714285714285 0.007619047619047619
9 0.4857142857142857 0.10285714285714286 0.002857142857142857 0.007619047619047619
9 0.485 0.11476190476190476 0.004285714285714286 0.010476190476190476
9 0.45107142857142857 0.2733333333333333 0.007857142857142858 0.017142857142857144
9 0.45964285714285713 0.4038095238095238 0.0064285714285714285 0.01904761904761905
9 0.5239285714285714 0.38904761904761903 0.0064285714285714285 0.01619047619047619
9 0.48678571428571427 0.08666666666666667 0.0035714285714285713 0.009523809523809525
9 0.49464285714285716 0.08190476190476191 0.007857142857142858 0.007619047619047619
9 0.49607142857142855 0.10095238095238095 0.005 0.009523809523809525
9 0.4975 0.09619047619047619 0.007857142857142858 0.007619047619047619
7 0.4942857142857143 0.06714285714285714 0.005714285714285714 0.01619047619047619
0 0.5657142857142857 0.5033333333333333 0.004285714285714286 0.014285714285714285
0 0.5689285714285715 0.5009523809523809 0.0035714285714285713 0.015238095238095238
0 0.5739285714285715 0.5042857142857143 0.005 0.01619047619047619
0 0.3942857142857143 0.4057142857142857 0.007142857142857143 0.017142857142857144
0 0.38642857142857145 0.3323809523809524 0.005714285714285714 0.011428571428571429
0 0.5007142857142857 0.11238095238095239 0.002857142857142857 0.011428571428571429
0 0.5053571428571428 0.13095238095238096 0.0035714285714285713 0.012380952380952381
0 0.5096428571428572 0.13142857142857142 0.002142857142857143 0.013333333333333332
0 0.5121428571428571 0.13523809523809524 0.002857142857142857 0.007619047619047619
2 0.4625 0.2823809523809524 0.005 0.008571428571428572
1 0.46214285714285713 0.2761904761904762 0.004285714285714286 0.011428571428571429
1 0.37107142857142855 0.28476190476190477 0.002142857142857143 0.009523809523809525
1 0.37392857142857144 0.2833333333333333 0.005 0.008571428571428572
1 0.4017857142857143 0.28523809523809524 0.005 0.008571428571428572
1 0.3989285714285714 0.28523809523809524 0.005 0.010476190476190476
1 0.4707142857142857 0.24619047619047618 0.004285714285714286 0.010476190476190476
1 0.5517857142857143 0.28904761904761905 0.005 0.010476190476190476
1 0.5546428571428571 0.2895238095238095 0.0035714285714285713 0.009523809523809525
1 0.5117857142857143 0.22238095238095237 0.0035714285714285713 0.010476190476190476
1 0.48857142857142855 0.1619047619047619 0.004285714285714286 0.007619047619047619
1 0.4860714285714286 0.1 0.002142857142857143 0.007619047619047619
0 0.4742857142857143 0.07333333333333333 0.002857142857142857 0.011428571428571429
0 0.45607142857142857 0.23095238095238096 0.005 0.014285714285714285
2 0.12142857142857143 0.29285714285714287 0.012857142857142857 0.006666666666666666
7 0.45571428571428574 0.12095238095238095 0.01 0.017142857142857144
7 0.45285714285714285 0.1357142857142857 0.01 0.014285714285714285
