3 0.4025 0.7476190476190476 0.030714285714285715 0.09142857142857143
4 0.33714285714285713 0.770952380952381 0.027142857142857142 0.07333333333333333
3 0.3439285714285714 0.6733333333333333 0.03214285714285714 0.09333333333333334
3 0.4042857142857143 0.6290476190476191 0.032857142857142856 0.1
3 0.35428571428571426 0.5628571428571428 0.032857142857142856 0.08761904761904762
5 0.425 0.4219047619047619 0.037142857142857144 0.08571428571428572
5 0.48428571428571426 0.590952380952381 0.03571428571428571 0.11142857142857143
5 0.4975 0.4757142857142857 0.03642857142857143 0.09238095238095238
3 0.5010714285714286 0.37761904761904763 0.02642857142857143 0.07523809523809524
3 0.3757142857142857 0.34476190476190477 0.03 0.08190476190476191
3 0.4367857142857143 0.30904761904761907 0.030714285714285715 0.08095238095238096
3 0.44642857142857145 0.20238095238095238 0.03 0.08476190476190476
3 0.3875 0.23238095238095238 0.03214285714285714 0.08571428571428572
5 0.5210714285714285 0.2357142857142857 0.04642857142857143 0.13428571428571429
3 0.535 0.08619047619047619 0.03428571428571429 0.08476190476190476
3 0.4592857142857143 0.11095238095238096 0.03142857142857143 0.08095238095238096
3 0.4017857142857143 0.12666666666666668 0.03785714285714286 0.0838095238095238
3 0.41214285714285714 0.027142857142857142 0.02857142857142857 0.054285714285714284
4 0.31357142857142856 0.06666666666666667 0.054285714285714284 0.07809523809523809
3 0.30857142857142855 0.13047619047619047 0.05714285714285714 0.07428571428571429
3 0.3 0.18428571428571427 0.054285714285714284 0.07523809523809524
3 0.2907142857142857 0.24571428571428572 0.054285714285714284 0.07809523809523809
3 0.28714285714285714 0.3109523809523809 0.05285714285714286 0.07714285714285714
3 0.28285714285714286 0.38476190476190475 0.055714285714285716 0.0761904761904762
3 0.2710714285714286 0.44142857142857145 0.05357142857142857 0.08095238095238096
3 0.26821428571428574 0.5042857142857143 0.047857142857142855 0.06571428571428571
3 0.25107142857142856 0.5552380952380952 0.055 0.07238095238095238
3 0.24535714285714286 0.6219047619047618 0.05928571428571429 0.08190476190476191
3 0.2425 0.6847619047619048 0.04928571428571429 0.0838095238095238
3 0.23214285714285715 0.7628571428571429 0.06142857142857143 0.0761904761904762
3 0.2332142857142857 0.8238095238095238 0.065 0.06476190476190476
3 0.23285714285714285 0.8752380952380953 0.06428571428571428 0.05904761904761905
3 0.21678571428571428 0.9204761904761904 0.065 0.06380952380952382
3 0.21142857142857144 0.9780952380952381 0.06714285714285714 0.04380952380952381
3 0.16642857142857143 0.43523809523809526 0.07 0.05333333333333333
3 0.17 0.38857142857142857 0.06857142857142857 0.049523809523809526
3 0.18214285714285713 0.30142857142857143 0.06714285714285714 0.04666666666666667
3 0.1957142857142857 0.21047619047619048 0.06571428571428571 0.04380952380952381
3 0.20107142857142857 0.12142857142857143 0.07214285714285715 0.05047619047619047
3 0.2007142857142857 0.07476190476190477 0.06428571428571428 0.04476190476190476
