3 0.4075 0.6833333333333333 0.045 0.09238095238095238
3 0.445 0.6166666666666667 0.03857142857142857 0.06571428571428571
3 0.5146428571428572 0.5485714285714286 0.04071428571428572 0.04380952380952381
3 0.4657142857142857 0.5385714285714286 0.037142857142857144 0.04857142857142857
3 0.36392857142857143 0.5157142857142857 0.02642857142857143 0.04476190476190476
3 0.3989285714285714 0.49476190476190474 0.030714285714285715 0.039047619047619046
3 0.44107142857142856 0.49333333333333335 0.03214285714285714 0.04
3 0.4542857142857143 0.44904761904761903 0.027142857142857142 0.029523809523809525
3 0.4232142857142857 0.46285714285714286 0.030714285714285715 0.0380952380952381
3 0.4089285714285714 0.44142857142857145 0.02642857142857143 0.02761904761904762
8 0.38857142857142857 0.40190476190476193 0.041428571428571426 0.05904761904761905
3 0.3417857142857143 0.43047619047619046 0.017857142857142856 0.02857142857142857
3 0.335 0.39714285714285713 0.015714285714285715 0.02857142857142857
3 0.8692857142857143 0.5533333333333333 0.08 0.047619047619047616
3 0.9089285714285714 0.5042857142857143 0.055 0.037142857142857144
3 0.9303571428571429 0.5195238095238095 0.065 0.03333333333333333
3 0.9603571428571429 0.5333333333333333 0.062142857142857146 0.03238095238095238
3 0.9757142857142858 0.5466666666666666 0.04857142857142857 0.03619047619047619
0 0.9042857142857142 0.690952380952381 0.018571428571428572 0.04476190476190476
0 0.08857142857142856 0.9080952380952381 0.027142857142857142 0.054285714285714284
0 0.07285714285714286 0.9076190476190477 0.027142857142857142 0.05523809523809524
1 0.05071428571428571 0.8295238095238096 0.024285714285714285 0.03238095238095238
1 0.3342857142857143 0.8038095238095239 0.018571428571428572 0.04
0 0.3425 0.7585714285714286 0.010714285714285714 0.03142857142857143
9 0.05392857142857143 0.8371428571428572 0.027857142857142858 0.04380952380952381
2 0.33464285714285713 0.8128571428571428 0.016428571428571428 0.04476190476190476
3 0.7785714285714286 0.9719047619047619 0.08 0.05619047619047619
1 0.7225 0.669047619047619 0.013571428571428571 0.03142857142857143
1 0.6860714285714286 0.6238095238095238 0.013571428571428571 0.03238095238095238
9 0.7207142857142858 0.6785714285714286 0.024285714285714285 0.025714285714285714
2 0.6853571428571429 0.6357142857142857 0.017857142857142856 0.025714285714285714
0 0.645 0.539047619047619 0.01 0.02857142857142857
4 0.7185714285714285 0.5014285714285714 0.047142857142857146 0.054285714285714284
0 0.6692857142857143 0.5795238095238096 0.008571428571428572 0.029523809523809525
2 0.6660714285714285 0.5804761904761905 0.02642857142857143 0.018095238095238095
3 0.2125 0.43523809523809526 0.04214285714285714 0.04
3 0.21071428571428572 0.5557142857142857 0.055714285714285716 0.06761904761904762
9 0.8482142857142857 0.6009523809523809 0.029285714285714286 0.02095238095238095
1 0.8575 0.5904761904761905 0.009285714285714286 0.01904761904761905
1 0.8503571428571428 0.5885714285714285 0.009285714285714286 0.01904761904761905
