3 0.27035714285714285 0.6228571428571429 0.165 0.18476190476190477
3 0.43964285714285717 0.39571428571428574 0.07785714285714286 0.12095238095238095
3 0.48892857142857143 0.28285714285714286 0.06357142857142857 0.0838095238095238
3 0.7757142857142857 0.3057142857142857 0.06142857142857143 0.0761904761904762
3 0.7810714285714285 0.38476190476190475 0.065 0.08952380952380952
3 0.7985714285714286 0.5066666666666667 0.08571428571428572 0.1295238095238095
5 0.8492857142857143 0.7204761904761905 0.15571428571428572 0.3057142857142857
0 0.6760714285714285 0.42333333333333334 0.019285714285714285 0.06761904761904762
0 0.6925 0.4276190476190476 0.023571428571428573 0.05714285714285714
1 0.7142857142857143 0.430952380952381 0.03 0.058095238095238096
9 0.7178571428571429 0.44761904761904764 0.03142857142857143 0.06285714285714286
3 0.5167857142857143 0.22333333333333333 0.047857142857142855 0.06761904761904762
3 0.5464285714285714 0.18571428571428572 0.037142857142857144 0.05714285714285714
3 0.57 0.1461904761904762 0.041428571428571426 0.05047619047619047
4 0.7592857142857142 0.23095238095238096 0.05 0.07333333333333333
3 0.7667857142857143 0.18666666666666668 0.047857142857142855 0.05714285714285714
4 0.7642857142857142 0.13952380952380952 0.07285714285714286 0.058095238095238096
3 0.5953571428571428 0.11523809523809524 0.03785714285714286 0.0380952380952381
3 0.6103571428571428 0.09238095238095238 0.03642857142857143 0.047619047619047616
3 0.7664285714285715 0.10047619047619048 0.03571428571428571 0.04666666666666667
3 0.7592857142857142 0.06190476190476191 0.055714285714285716 0.026666666666666665
3 0.6328571428571429 0.07142857142857142 0.03142857142857143 0.03428571428571429
3 0.6178571428571429 0.05857142857142857 0.04 0.029523809523809525
3 0.6253571428571428 0.034761904761904765 0.04642857142857143 0.02761904761904762
3 0.6485714285714286 0.029047619047619048 0.04 0.023809523809523808
3 0.8264285714285714 0.06523809523809523 0.05142857142857143 0.035238095238095235
3 0.7903571428571429 0.02619047619047619 0.023571428571428573 0.025714285714285714
3 0.8096428571428571 0.0419047619047619 0.045 0.026666666666666665
3 0.7842857142857143 0.012857142857142857 0.024285714285714285 0.02
3 0.6889285714285714 0.02238095238095238 0.03357142857142857 0.01619047619047619
3 0.68 0.024761904761904763 0.037142857142857144 0.022857142857142857
3 0.6935714285714286 0.015714285714285715 0.03 0.018095238095238095
