3 0.2025 0.47208121827411165 0.020714285714285713 0.02030456852791878
8 0.25607142857142856 0.3965736040609137 0.062142857142857146 0.04695431472081218
3 0.365 0.391497461928934 0.025714285714285714 0.021573604060913704
3 0.4639285714285714 0.440989847715736 0.023571428571428573 0.03680203045685279
8 0.48678571428571427 0.3413705583756345 0.056428571428571425 0.050761421319796954
4 0.4925 0.5019035532994923 0.015 0.04187817258883248
3 0.505 0.6167512690355329 0.01 0.04314720812182741
3 0.46785714285714286 0.6288071065989848 0.014285714285714285 0.04695431472081218
3 0.4742857142857143 0.6916243654822335 0.014285714285714285 0.048223350253807105
3 0.48178571428571426 0.7506345177664974 0.015 0.04695431472081218
3 0.48964285714285716 0.8128172588832486 0.016428571428571428 0.052030456852791875
8 0.48428571428571426 0.6510152284263959 0.018571428571428572 0.06091370558375634
8 0.49107142857142855 0.7106598984771573 0.02214285714285714 0.06598984771573603
3 0.5214285714285715 0.8280456852791878 0.017142857142857144 0.05710659898477157
5 0.5346428571428572 0.7677664974619288 0.027857142857142858 0.11167512690355329
5 0.5528571428571428 0.9238578680203045 0.018571428571428572 0.07614213197969542
3 0.023571428571428573 0.19670050761421318 0.01 0.03045685279187817
3 0.04178571428571429 0.18908629441624364 0.012142857142857143 0.032994923857868015
3 0.06321428571428571 0.15355329949238578 0.017857142857142856 0.02030456852791878
3 0.02 0.14022842639593908 0.011428571428571429 0.03426395939086294
3 0.030357142857142857 0.13705583756345177 0.010714285714285714 0.035532994923857864
3 0.03142857142857143 0.10913705583756345 0.011428571428571429 0.027918781725888322
3 0.02035714285714286 0.11230964467005075 0.009285714285714286 0.026649746192893398
3 0.06321428571428571 0.12880710659898476 0.019285714285714285 0.021573604060913704
3 0.06392857142857143 0.11230964467005075 0.020714285714285713 0.024111675126903553
3 0.06392857142857143 0.10279187817258882 0.019285714285714285 0.02284263959390863
3 0.06535714285714286 0.0881979695431472 0.019285714285714285 0.019035532994923856
3 0.06464285714285714 0.07931472081218273 0.019285714285714285 0.016497461928934008
3 0.06357142857142857 0.06979695431472081 0.02 0.02030456852791878
