4 0.6338726513569937 0.7954545454545454 0.08298538622129435 0.16975881261595546
4 0.8637787056367431 0.9294990723562152 0.10855949895615866 0.1391465677179963
9 0.7907098121085594 0.87847866419295 0.05323590814196242 0.08348794063079777
6 0.8256784968684759 0.8696660482374768 0.09081419624217119 0.09369202226345083
3 0.760438413361169 0.7453617810760668 0.0824634655532359 0.1345083487940631
3 0.6975469728601252 0.5357142857142857 0.04749478079331941 0.08998144712430427
3 0.40683716075156573 0.6382189239332097 0.10386221294363256 0.11317254174397032
4 0.2794885177453027 0.6312615955473099 0.10386221294363256 0.09554730983302412
4 0.284446764091858 0.5904452690166976 0.08872651356993735 0.08256029684601113
4 0.3799582463465553 0.5853432282003711 0.09081419624217119 0.09461966604823747
4 0.6367432150313151 0.3738404452690167 0.027139874739039664 0.06307977736549165
3 0.6064718162839248 0.29730983302411873 0.025052192066805843 0.045454545454545456
3 0.48590814196242166 0.3098330241187384 0.04801670146137787 0.03710575139146568
3 0.43658663883089766 0.287569573283859 0.050626304801670144 0.03153988868274583
9 0.24399791231732773 0.9086270871985158 0.05375782881002087 0.09369202226345083
9 0.2528705636743215 0.5774582560296846 0.04540709812108559 0.041743970315398886
9 0.26670146137787054 0.5194805194805195 0.030271398747390394 0.0352504638218924
9 0.27635699373695194 0.5227272727272727 0.0360125260960334 0.03432282003710575
0 0.31706680584551145 0.4109461966604824 0.012004175365344467 0.05009276437847866
0 0.5203549060542797 0.25742115027829315 0.006263048016701461 0.026901669758812616
0 0.5334029227557411 0.2592764378478664 0.0073068893528183704 0.02319109461966605
9 0.40605427974947805 0.28617810760667906 0.006263048016701461 0.021335807050092765
9 0.5422755741127349 0.5264378478664193 0.012526096033402922 0.049165120593692026
9 0.5294885177453027 0.3070500927643785 0.007828810020876827 0.022263450834879406
9 0.5446242171189979 0.17857142857142858 0.004697286012526096 0.012059369202226345
9 0.5545407098121085 0.17810760667903525 0.0036534446764091852 0.00927643784786642
9 0.5686325678496867 0.23562152133580705 0.006784968684759916 0.016697588126159554
9 0.5641962421711899 0.17393320964749537 0.005219206680584551 0.010204081632653062
9 0.5762004175365344 0.17207792207792208 0.0031315240083507304 0.010204081632653062
9 0.565501043841336 0.14795918367346939 0.0026096033402922755 0.006493506493506494
1 0.565501043841336 0.1461038961038961 0.0026096033402922755 0.006493506493506494
1 0.5759394572025052 0.16883116883116883 0.0036534446764091852 0.00927643784786642
1 0.5639352818371607 0.17115027829313545 0.0036534446764091852 0.012059369202226345
1 0.5545407098121085 0.1743970315398887 0.0036534446764091852 0.00927643784786642
1 0.5451461377870563 0.17578849721706866 0.004697286012526096 0.012059369202226345
1 0.5683716075156575 0.23191094619666047 0.006263048016701461 0.01855287569573284
1 0.528705636743215 0.30241187384044527 0.008350730688935281 0.020408163265306124
9 0.37108559498956156 0.3362708719851577 0.015657620041753653 0.02319109461966605
1 0.5420146137787056 0.5148423005565863 0.014091858037578286 0.0463821892393321
5 0.615866388308977 0.49211502782931354 0.07411273486430062 0.15306122448979592
3 0.45093945720250517 0.2722634508348794 0.044885177453027135 0.03246753246753247
4 0.45511482254697283 0.25788497217068646 0.04279749478079332 0.03896103896103896
3 0.4545929018789144 0.2504638218923933 0.03444676409185803 0.03339517625231911
7 0.45093945720250517 0.2430426716141002 0.022964509394572022 0.027829313543599257
7 0.4525052192066805 0.2017625231910946 0.020876826722338204 0.021335807050092765
7 0.47703549060542794 0.20640074211502782 0.010438413361169102 0.02504638218923933
7 0.46711899791231726 0.2012987012987013 0.011482254697286011 0.020408163265306124
7 0.4825156576200417 0.19805194805194806 0.016179540709812108 0.021335807050092765
7 0.4598121085594989 0.19434137291280149 0.014613778705636741 0.01948051948051948
7 0.4634655532359081 0.18460111317254174 0.011482254697286011 0.016697588126159554
7 0.4937369519832985 0.17810760667903525 0.015657620041753653 0.020408163265306124
7 0.48355949895615863 0.1614100185528757 0.009916492693110646 0.016697588126159554
6 0.5882045929018789 0.23933209647495363 0.014613778705636741 0.025974025974025976
7 0.5441022964509394 0.1614100185528757 0.014091858037578286 0.014842300556586271
3 0.4937369519832985 0.20686456400742115 0.018789144050104383 0.022263450834879406
3 0.5060020876826722 0.19155844155844157 0.02453027139874739 0.015769944341372914
3 0.4872129436325678 0.18645640074211503 0.023486430062630476 0.016697588126159554
4 0.4778183716075156 0.18181818181818182 0.025574112734864297 0.020408163265306124
4 0.48121085594989554 0.17346938775510204 0.01774530271398747 0.01855287569573284
4 0.5020876826722338 0.16233766233766234 0.016701461377870562 0.016697588126159554
3 0.5208768267223381 0.16558441558441558 0.019832985386221292 0.013914656771799629
3 0.5174843423799582 0.1614100185528757 0.016179540709812108 0.014842300556586271
6 0.597599164926931 0.26855287569573283 0.012526096033402922 0.026901669758812616
5 0.5845511482254697 0.22634508348794063 0.016701461377870562 0.0463821892393321
1 0.4712943632567849 0.20408163265306123 0.005219206680584551 0.011131725417439703
0 0.48147181628392477 0.20222634508348794 0.004697286012526096 0.020408163265306124
1 0.4600730688935281 0.1790352504638219 0.004697286012526096 0.00927643784786642
0 0.4632045929018789 0.17857142857142858 0.0036534446764091852 0.013914656771799629
9 0.48695198329853856 0.163265306122449 0.0073068893528183704 0.00927643784786642
9 0.4926931106471816 0.16651205936920224 0.0073068893528183704 0.013914656771799629
0 0.5274008350730688 0.163265306122449 0.0026096033402922755 0.016697588126159554
4 0.5430584551148225 0.1567717996289425 0.014091858037578286 0.016697588126159554
7 0.5644572025052191 0.163265306122449 0.006784968684759916 0.014842300556586271
7 0.5751565762004175 0.16558441558441558 0.006263048016701461 0.015769944341372914
6 0.583768267223382 0.16558441558441558 0.004697286012526096 0.012059369202226345
1 0.5835073068893527 0.15862708719851576 0.0031315240083507304 0.00927643784786642
0 0.5626304801670146 0.15445269016697588 0.0020876826722338203 0.008348794063079777
0 0.5665448851774529 0.1549165120593692 0.0026096033402922755 0.011131725417439703
0 0.5641962421711899 0.1549165120593692 0.0031315240083507304 0.012987012987012988
1 0.5652400835073068 0.14007421150278293 0.0020876826722338203 0.0074211502782931356
9 0.5649791231732776 0.14192949907235622 0.0026096033402922755 0.0055658627087198514
3 0.5701983298538622 0.1414656771799629 0.006784968684759916 0.008348794063079777
7 0.5696764091858038 0.13543599257884972 0.007828810020876827 0.00927643784786642
5 0.5798538622129435 0.11734693877551021 0.010438413361169102 0.02319109461966605
