5 0.3028571428571429 0.6719047619047619 0.03571428571428571 0.023809523809523808
5 0.11357142857142857 0.7638095238095238 0.02857142857142857 0.05523809523809524
5 0.09464285714285714 0.7228571428571429 0.027857142857142858 0.06095238095238095
5 0.15571428571428572 0.6238095238095238 0.03857142857142857 0.022857142857142857
5 0.12107142857142857 0.6047619047619047 0.02214285714285714 0.0419047619047619
5 0.0625 0.7138095238095238 0.027857142857142858 0.04666666666666667
5 0.04107142857142857 0.7119047619047619 0.02642857142857143 0.04857142857142857
5 0.023928571428571428 0.7014285714285714 0.02214285714285714 0.04666666666666667
5 0.03535714285714286 0.5380952380952381 0.02642857142857143 0.045714285714285714
5 0.04428571428571428 0.58 0.03 0.07047619047619047
5 0.07285714285714286 0.5780952380952381 0.024285714285714285 0.045714285714285714
5 0.09321428571428571 0.59 0.020714285714285713 0.04666666666666667
3 0.3192857142857143 0.9004761904761904 0.027142857142857142 0.023809523809523808
3 0.32071428571428573 0.8461904761904762 0.027142857142857142 0.021904761904761906
3 0.4546428571428571 0.9057142857142857 0.012142857142857143 0.0380952380952381
3 0.45821428571428574 0.9638095238095238 0.012142857142857143 0.03238095238095238
3 0.4564285714285714 0.991904761904762 0.011428571428571429 0.01619047619047619
9 0.44392857142857145 0.9576190476190476 0.005 0.018095238095238095
9 0.6496428571428572 0.6942857142857143 0.010714285714285714 0.01904761904761905
9 0.42 0.24333333333333335 0.005714285714285714 0.014285714285714285
9 0.40285714285714286 0.18095238095238095 0.005714285714285714 0.017142857142857144
4 0.36178571428571427 0.7071428571428572 0.03642857142857143 0.02
0 0.14607142857142857 0.7771428571428571 0.007857142857142858 0.009523809523809525
0 0.4175 0.13285714285714287 0.0035714285714285713 0.008571428571428572
0 0.41964285714285715 0.1280952380952381 0.005 0.010476190476190476
0 0.5192857142857142 0.09238095238095238 0.004285714285714286 0.009523809523809525
0 0.5335714285714286 0.1 0.004285714285714286 0.009523809523809525
0 0.5235714285714286 0.08285714285714285 0.005714285714285714 0.007619047619047619
0 0.5242857142857142 0.08047619047619048 0.002857142857142857 0.008571428571428572
9 0.6142857142857143 0.07142857142857142 0.005714285714285714 0.017142857142857144
3 0.9178571428571428 0.24666666666666667 0.027142857142857142 0.017142857142857144
3 0.9457142857142857 0.015714285714285715 0.03 0.025714285714285714
4 0.9060714285714285 0.005714285714285714 0.027857142857142858 0.011428571428571429
4 0.9489285714285715 0.2538095238095238 0.029285714285714286 0.018095238095238095
