3 0.49791231732776614 0.9633580705009277 0.039665970772442584 0.07142857142857142
5 0.4313674321503131 0.911873840445269 0.04853862212943632 0.1743970315398887
7 0.4504175365344467 0.6753246753246753 0.025052192066805843 0.09833024118738405
5 0.5143528183716075 0.6595547309833024 0.04123173277661795 0.17625231910946196
3 0.5193110647181628 0.462430426716141 0.030271398747390394 0.10667903525046382
1 0.5198329853862212 0.4679962894248609 0.006263048016701461 0.015769944341372914
0 0.4624217118997912 0.25510204081632654 0.008350730688935281 0.03710575139146568
0 0.46972860125260957 0.16465677179962895 0.006263048016701461 0.03432282003710575
9 0.4864300626304801 0.12940630797773656 0.006263048016701461 0.03432282003710575
6 0.587160751565762 0.10435992578849722 0.012526096033402922 0.039888682745825604
3 0.6753653444676408 0.588126159554731 0.08455114822546972 0.059369202226345084
9 0.6826722338204593 0.4897959183673469 0.027139874739039664 0.02411873840445269
9 0.6659707724425886 0.4383116883116883 0.06680584551148225 0.05844155844155844
0 0.9091858037578288 0.400278293135436 0.027139874739039664 0.05287569573283859
6 0.7792275574112734 0.9717068645640075 0.06576200417536533 0.05473098330241188
0 0.46972860125260957 0.02319109461966605 0.006263048016701461 0.027829313543599257
2 0.47051148225469724 0.03200371057513915 0.0036534446764091852 0.03246753246753247
0 0.5026096033402923 0.01901669758812616 0.006263048016701461 0.030612244897959183
2 0.5039144050104384 0.02922077922077922 0.0057411273486430055 0.0287569573283859
9 0.5031315240083507 0.11873840445269017 0.0073068893528183704 0.03339517625231911
9 0.7189457202505218 0.6832096474953618 0.02974947807933194 0.026901669758812616
1 0.48564718162839243 0.11827458256029685 0.007828810020876827 0.026901669758812616
1 0.5026096033402923 0.10807050092764378 0.006263048016701461 0.026901669758812616
1 0.48016701461377864 0.511595547309833 0.011482254697286011 0.021335807050092765
6 0.4799060542797494 0.514378478664193 0.013048016701461376 0.06029684601113173
1 0.5866388308977035 0.9503710575139147 0.013569937369519832 0.0287569573283859
9 0.5863778705636743 0.9503710575139147 0.008872651356993735 0.0640074211502783
4 0.40240083507306884 0.016697588126159554 0.03653444676409186 0.03339517625231911
