0 0.10071428571428571 0.6233333333333333 0.017142857142857144 0.039047619047619046
0 0.125 0.6195238095238095 0.018571428571428572 0.037142857142857144
0 0.11857142857142858 0.6085714285714285 0.011428571428571429 0.03238095238095238
0 0.165 0.6180952380952381 0.02142857142857143 0.03428571428571429
0 0.1575 0.6161904761904762 0.02214285714285714 0.03428571428571429
0 0.16428571428571428 0.599047619047619 0.014285714285714285 0.02857142857142857
0 0.15571428571428572 0.590952380952381 0.012857142857142857 0.029523809523809525
0 0.22107142857142856 0.5961904761904762 0.016428571428571428 0.03619047619047619
0 0.22607142857142856 0.590952380952381 0.020714285714285713 0.03333333333333333
0 0.2282142857142857 0.5823809523809523 0.017857142857142856 0.03333333333333333
0 0.27214285714285713 0.6009523809523809 0.015714285714285715 0.03238095238095238
0 0.2757142857142857 0.5928571428571429 0.012857142857142857 0.03333333333333333
0 0.44357142857142856 0.6028571428571429 0.01 0.03619047619047619
0 0.5792857142857143 0.6009523809523809 0.015714285714285715 0.030476190476190476
0 0.5625 0.59 0.015 0.03333333333333333
0 0.5953571428571428 0.5895238095238096 0.015 0.030476190476190476
0 0.6325 0.5761904761904761 0.013571428571428571 0.03428571428571429
0 0.6610714285714285 0.5447619047619048 0.009285714285714286 0.03619047619047619
0 0.6889285714285714 0.5123809523809524 0.010714285714285714 0.03428571428571429
0 0.6617857142857143 0.52 0.010714285714285714 0.030476190476190476
0 0.6535714285714286 0.4552380952380952 0.008571428571428572 0.02857142857142857
0 0.6571428571428571 0.43285714285714283 0.005714285714285714 0.02761904761904762
0 0.6632142857142858 0.43285714285714283 0.0064285714285714285 0.02761904761904762
0 0.6703571428571429 0.439047619047619 0.007857142857142858 0.02857142857142857
0 0.6796428571428571 0.4357142857142857 0.0064285714285714285 0.021904761904761906
0 0.695 0.44095238095238093 0.008571428571428572 0.024761904761904763
0 0.6692857142857143 0.37285714285714283 0.007142857142857143 0.023809523809523808
0 0.6785714285714286 0.3757142857142857 0.008571428571428572 0.025714285714285714
0 0.6885714285714286 0.37761904761904763 0.008571428571428572 0.025714285714285714
0 0.7639285714285714 0.5942857142857143 0.017857142857142856 0.0380952380952381
9 0.7785714285714286 0.5752380952380952 0.015714285714285715 0.03428571428571429
3 0.8121428571428572 0.7019047619047619 0.05857142857142857 0.0761904761904762
0 0.9060714285714285 0.4642857142857143 0.010714285714285714 0.023809523809523808
0 0.7310714285714286 0.41904761904761906 0.0064285714285714285 0.022857142857142857
0 0.7382142857142857 0.4204761904761905 0.007857142857142858 0.025714285714285714
0 0.7432142857142857 0.4185714285714286 0.0064285714285714285 0.025714285714285714
0 0.67 0.36095238095238097 0.008571428571428572 0.01904761904761905
0 0.6767857142857143 0.3619047619047619 0.0064285714285714285 0.017142857142857144
0 0.6817857142857143 0.3619047619047619 0.007857142857142858 0.01904761904761905
0 0.6910714285714286 0.34904761904761905 0.0064285714285714285 0.021904761904761906
0 0.6803571428571429 0.3504761904761905 0.0064285714285714285 0.02095238095238095
0 0.6828571428571428 0.3466666666666667 0.005714285714285714 0.02095238095238095
3 0.6817857142857143 0.3323809523809524 0.019285714285714285 0.02095238095238095
0 0.6553571428571429 0.3080952380952381 0.0064285714285714285 0.018095238095238095
0 0.6510714285714285 0.30952380952380953 0.0064285714285714285 0.017142857142857144
0 0.6475 0.2980952380952381 0.0035714285714285713 0.017142857142857144
0 0.6517857142857143 0.30238095238095236 0.0064285714285714285 0.02
0 0.6614285714285715 0.24333333333333335 0.005714285714285714 0.014285714285714285
0 0.7228571428571429 0.19285714285714287 0.004285714285714286 0.010476190476190476
0 0.96 0.3976190476190476 0.012857142857142857 0.02
0 0.9564285714285714 0.38285714285714284 0.008571428571428572 0.022857142857142857
0 0.9167857142857143 0.8557142857142858 0.02642857142857143 0.04666666666666667
0 0.8885714285714286 0.9152380952380952 0.02142857142857143 0.05142857142857143
2 0.8985714285714286 0.9233333333333333 0.02142857142857143 0.06
9 0.5771428571428572 0.9671428571428572 0.054285714285714284 0.04666666666666667
1 0.5775 0.9604761904761905 0.02214285714285714 0.04285714285714286
0 0.6139285714285714 0.7914285714285715 0.017857142857142856 0.0419047619047619
