3 0.04607142857142857 0.3585714285714286 0.07357142857142857 0.09047619047619047
3 0.35642857142857143 0.7557142857142857 0.09571428571428571 0.11714285714285715
3 0.5310714285714285 0.9071428571428571 0.065 0.1742857142857143
3 0.5367857142857143 0.5142857142857142 0.07357142857142857 0.08761904761904762
3 0.6007142857142858 0.5947619047619047 0.05857142857142857 0.11333333333333333
3 0.7453571428571428 0.46095238095238095 0.062142857142857146 0.09523809523809523
3 0.6428571428571429 0.39666666666666667 0.055714285714285716 0.08285714285714285
3 0.67 0.4523809523809524 0.06285714285714286 0.09333333333333334
3 0.8664285714285714 0.06619047619047619 0.06 0.08095238095238096
3 0.8360714285714286 0.30238095238095236 0.056428571428571425 0.08285714285714285
5 0.16642857142857143 0.9461904761904761 0.1442857142857143 0.10761904761904761
4 0.37035714285714283 0.027142857142857142 0.06785714285714285 0.05047619047619047
4 0.5053571428571428 0.01904761904761905 0.056428571428571425 0.03238095238095238
1 0.09571428571428571 0.22 0.007142857142857143 0.017142857142857144
1 0.08678571428571429 0.21333333333333332 0.007857142857142858 0.015238095238095238
9 0.095 0.22714285714285715 0.022857142857142857 0.03142857142857143
0 0.22392857142857142 0.38952380952380955 0.016428571428571428 0.026666666666666665
0 0.5496428571428571 0.32142857142857145 0.012142857142857143 0.029523809523809525
0 0.5557142857142857 0.31761904761904763 0.004285714285714286 0.023809523809523808
0 0.8882142857142857 0.9047619047619048 0.016428571428571428 0.026666666666666665
0 0.9014285714285715 0.9533333333333334 0.014285714285714285 0.022857142857142857
0 0.8510714285714286 0.9328571428571428 0.016428571428571428 0.023809523809523808
0 0.995 0.5985714285714285 0.008571428571428572 0.01619047619047619
0 0.9253571428571429 0.689047619047619 0.017857142857142856 0.018095238095238095
0 0.9414285714285714 0.6976190476190476 0.02142857142857143 0.025714285714285714
