3 0.36857142857142855 0.9416243654822334 0.03857142857142857 0.09137055837563451
3 0.33785714285714286 0.8623096446700507 0.03857142857142857 0.07994923857868019
3 0.20464285714285715 0.7398477157360406 0.04357142857142857 0.06598984771573603
3 0.4614285714285714 0.5647208121827411 0.02857142857142857 0.053299492385786795
3 0.5828571428571429 0.3711928934010152 0.018571428571428572 0.03680203045685279
3 0.5796428571428571 0.23984771573604058 0.016428571428571428 0.02284263959390863
4 0.5714285714285714 0.20558375634517764 0.017142857142857144 0.03045685279187817
3 0.6760714285714285 0.04758883248730964 0.012142857142857143 0.016497461928934008
3 0.7367857142857143 0.20939086294416243 0.013571428571428571 0.027918781725888322
3 0.7671428571428571 0.04187817258883248 0.012857142857142857 0.015228426395939085
