0 0.03428571428571429 0.3305837563451776 0.01 0.031725888324873094
1 0.03464285714285714 0.3236040609137056 0.007857142857142858 0.02030456852791878
0 0.016785714285714286 0.5520304568527918 0.017857142857142856 0.048223350253807105
0 0.005357142857142857 0.5571065989847716 0.010714285714285714 0.04060913705583756
9 0.023928571428571428 0.5038071065989848 0.023571428571428573 0.04568527918781726
9 0.008571428571428572 0.5323604060913705 0.017142857142857144 0.031725888324873094
0 0.0625 0.6859137055837563 0.010714285714285714 0.03934010152284264
0 0.09678571428571428 0.7499999999999999 0.009285714285714286 0.032994923857868015
0 0.10071428571428571 0.8730964467005076 0.011428571428571429 0.032994923857868015
0 0.10857142857142857 0.8749999999999999 0.008571428571428572 0.026649746192893398
0 0.115 0.8604060913705583 0.011428571428571429 0.032994923857868015
0 0.17607142857142857 0.956218274111675 0.012142857142857143 0.03934010152284264
0 0.1675 0.9746192893401014 0.012142857142857143 0.035532994923857864
9 0.036071428571428574 0.49809644670050757 0.023571428571428573 0.03680203045685279
9 0.04214285714285714 0.4898477157360406 0.027142857142857142 0.03807106598984771
9 0.054642857142857146 0.47906091370558374 0.025 0.03934010152284264
9 0.065 0.4695431472081218 0.024285714285714285 0.035532994923857864
9 0.07178571428571429 0.4631979695431472 0.02642857142857143 0.04060913705583756
9 0.07714285714285714 0.4606598984771573 0.025714285714285714 0.04060913705583756
9 0.08607142857142858 0.4511421319796954 0.029285714285714286 0.03426395939086294
9 0.09428571428571429 0.4416243654822335 0.024285714285714285 0.032994923857868015
9 0.10607142857142857 0.43718274111675126 0.017857142857142856 0.031725888324873094
9 0.11714285714285715 0.42195431472081213 0.017142857142857144 0.03934010152284264
0 0.30214285714285716 0.2760152284263959 0.007142857142857143 0.029187817258883246
0 0.30642857142857144 0.27411167512690354 0.007142857142857143 0.03045685279187817
4 0.30607142857142855 0.24873096446700504 0.04071428571428572 0.050761421319796954
4 0.3425 0.21700507614213196 0.035 0.048223350253807105
0 0.35035714285714287 0.13578680203045684 0.0064285714285714285 0.02030456852791878
0 0.36714285714285716 0.12944162436548223 0.004285714285714286 0.02030456852791878
0 0.4110714285714286 0.09961928934010152 0.0035714285714285713 0.019035532994923856
0 0.4160714285714286 0.10025380710659898 0.0035714285714285713 0.017766497461928932
3 0.4207142857142857 0.15862944162436546 0.024285714285714285 0.04060913705583756
3 0.37142857142857144 0.20431472081218272 0.03 0.04060913705583756
4 0.3992857142857143 0.17893401015228425 0.03 0.04314720812182741
4 0.4828571428571429 0.37309644670050757 0.06714285714285714 0.06598984771573603
4 0.4 0.44543147208121825 0.07571428571428572 0.08375634517766496
4 0.3871428571428571 0.49873096446700504 0.07714285714285714 0.09644670050761421
4 0.36678571428571427 0.5323604060913705 0.07928571428571428 0.10025380710659898
4 0.46964285714285714 0.43972081218274106 0.04928571428571429 0.10279187817258882
4 0.5771428571428572 0.36738578680203043 0.07 0.06472081218274112
3 0.3389285714285714 0.5736040609137055 0.04642857142857143 0.06598984771573603
4 0.65 0.391497461928934 0.05857142857142857 0.052030456852791875
4 0.7096428571428571 0.4048223350253807 0.05071428571428571 0.050761421319796954
5 0.7264285714285714 0.3642131979695431 0.03571428571428571 0.07614213197969542
4 0.76 0.3756345177664974 0.032857142857142856 0.07868020304568528
4 0.7853571428571429 0.39340101522842635 0.023571428571428573 0.055837563451776644
3 0.8246428571428571 0.5323604060913705 0.060714285714285714 0.04695431472081218
4 0.6196428571428572 0.4543147208121827 0.056428571428571425 0.053299492385786795
4 0.5532142857142857 0.6376903553299492 0.08071428571428571 0.08756345177664974
4 0.5803571428571429 0.5621827411167513 0.07357142857142857 0.07360406091370558
4 0.67 0.5203045685279187 0.07285714285714286 0.06852791878172589
3 0.6878571428571428 0.4752538071065989 0.06857142857142857 0.052030456852791875
3 0.6775 0.4961928934010152 0.055 0.053299492385786795
3 0.6682142857142858 0.5634517766497461 0.07357142857142857 0.06345177664974619
3 0.6614285714285715 0.5996192893401014 0.08142857142857143 0.06979695431472081
3 0.6467857142857143 0.6345177664974618 0.06785714285714285 0.06852791878172589
3 0.6364285714285715 0.6802030456852791 0.08571428571428572 0.08629441624365482
3 0.6057142857142858 0.7138324873096447 0.08142857142857143 0.08756345177664974
5 0.7667857142857143 0.7049492385786802 0.05071428571428571 0.1383248730964467
9 0.8353571428571429 0.9530456852791878 0.047857142857142855 0.06345177664974619
9 0.8021428571428572 0.9118020304568527 0.05 0.06218274111675126
9 0.8 0.8857868020304568 0.05142857142857143 0.05837563451776649
9 0.8078571428571428 0.8623096446700507 0.047142857142857146 0.06218274111675126
9 0.8103571428571429 0.840736040609137 0.04642857142857143 0.06472081218274112
