5 0.2575 0.947 0.226 0.106
3 0.28975 0.6886666666666666 0.0365 0.022666666666666665
4 0.3575 0.6563333333333333 0.023 0.024666666666666667
5 0.44225000000000003 0.6276666666666666 0.0335 0.028666666666666667
6 0.675 0.6506666666666666 0.009000000000000001 0.018666666666666665
3 0.669 0.9109999999999999 0.116 0.07933333333333333
4 0.63625 0.865 0.08650000000000001 0.06466666666666666
4 0.65625 0.8263333333333333 0.0855 0.06333333333333332
3 0.6465 0.7663333333333333 0.073 0.03266666666666666
3 0.638 0.8106666666666666 0.074 0.03866666666666667
3 0.63725 0.7923333333333333 0.0725 0.028666666666666667
3 0.635 0.7763333333333333 0.07100000000000001 0.03
3 0.648 0.7313333333333333 0.057 0.030666666666666665
3 0.636 0.721 0.054 0.026
3 0.63625 0.6976666666666667 0.0485 0.022
3 0.63975 0.6916666666666667 0.0495 0.018
4 0.63675 0.6826666666666666 0.0495 0.022666666666666665
4 0.633 0.6626666666666666 0.044 0.021333333333333333
3 0.629 0.6536666666666666 0.03 0.011333333333333332
3 0.63375 0.649 0.0345 0.007333333333333333
3 0.63075 0.6453333333333333 0.0285 0.010666666666666666
3 0.6315000000000001 0.6396666666666666 0.022 0.007333333333333333
3 0.62925 0.606 0.0245 0.048
3 0.649 0.6203333333333333 0.014 0.008666666666666666
3 0.65375 0.5953333333333333 0.0125 0.005333333333333333
3 0.647 0.5903333333333333 0.006 0.006
3 0.7095 0.6543333333333333 0.018000000000000002 0.016666666666666666
3 0.67975 0.6293333333333333 0.0245 0.012
3 0.7272500000000001 0.6856666666666666 0.0315 0.019333333333333334
3 0.72575 0.6749999999999999 0.029500000000000002 0.014
6 0.8 0.751 0.036000000000000004 0.03
9 0.81175 0.7583333333333333 0.0235 0.020666666666666667
9 0.8210000000000001 0.7633333333333333 0.016 0.021333333333333333
