0 0.8145 0.8366666666666667 0.017 0.028
3 0.7745 0.7949999999999999 0.048 0.122
9 0.76225 0.706 0.025500000000000002 0.028
3 0.7495 0.61 0.041 0.09333333333333332
3 0.6875 0.4393333333333333 0.033 0.06
3 0.6980000000000001 0.2813333333333333 0.034 0.06799999999999999
3 0.6725 0.15033333333333332 0.027 0.04733333333333333
4 0.72075 0.363 0.029500000000000002 0.07533333333333334
0 0.72775 0.25066666666666665 0.0105 0.030666666666666665
0 0.73575 0.252 0.0095 0.028
0 0.69925 0.093 0.0105 0.03
0 0.6265000000000001 0.08166666666666667 0.006 0.022
1 0.63775 0.08733333333333333 0.006500000000000001 0.012
2 0.6375000000000001 0.09533333333333333 0.006 0.02
2 0.636 0.064 0.006 0.02
1 0.63625 0.056 0.006500000000000001 0.017333333333333333
3 0.6605 0.08933333333333333 0.024 0.04666666666666666
3 0.656 0.034999999999999996 0.022 0.04066666666666666
3 0.6565 0.007333333333333333 0.015 0.012
3 0.1245 0.9433333333333334 0.062 0.11333333333333333
3 0.18975 0.6759999999999999 0.0535 0.11599999999999999
3 0.2275 0.5463333333333333 0.045 0.09533333333333333
3 0.25575000000000003 0.413 0.0405 0.06999999999999999
3 0.276 0.3333333333333333 0.035 0.06799999999999999
3 0.2965 0.2683333333333333 0.033 0.07133333333333333
3 0.37275 0.33599999999999997 0.035500000000000004 0.088
3 0.432 0.16999999999999998 0.033 0.06799999999999999
3 0.32825 0.12533333333333332 0.0275 0.04533333333333333
3 0.3415 0.07266666666666667 0.029 0.052
4 0.31025 0.18433333333333332 0.0335 0.082
1 0.16975 0.874 0.021500000000000002 0.030666666666666665
1 0.1975 0.867 0.024 0.024666666666666667
1 0.2495 0.744 0.025 0.026666666666666665
2 0.17500000000000002 0.8756666666666666 0.022 0.051333333333333335
2 0.199 0.868 0.019 0.044
2 0.2475 0.7473333333333333 0.015 0.05466666666666666
0 0.159 0.586 0.014 0.029333333333333333
