7 0.4885 0.8063333333333333 0.052000000000000005 0.13933333333333334
0 0.51925 0.8106666666666666 0.0145 0.04133333333333333
4 0.58225 0.6696666666666666 0.0675 0.186
0 0.45425 0.751 0.0145 0.041999999999999996
0 0.4355 0.745 0.016 0.04466666666666667
0 0.41225 0.7013333333333334 0.0225 0.04933333333333333
2 0.41175 0.654 0.0185 0.056
1 0.41175 0.6443333333333333 0.0185 0.03666666666666667
0 0.5265 0.509 0.013000000000000001 0.043333333333333335
5 0.65025 0.5513333333333333 0.1605 0.16799999999999998
3 0.6295000000000001 0.4693333333333333 0.085 0.048
6 0.646 0.42966666666666664 0.047 0.035333333333333335
1 0.653 0.422 0.015 0.029333333333333333
3 0.7515000000000001 0.45 0.111 0.06133333333333333
3 0.7765 0.3883333333333333 0.093 0.051333333333333335
3 0.71575 0.35766666666666663 0.0835 0.056666666666666664
4 0.9625 0.17566666666666667 0.052000000000000005 0.041999999999999996
3 0.846 0.16466666666666666 0.06 0.03333333333333333
3 0.8355 0.147 0.045 0.024666666666666667
6 0.90175 0.10033333333333333 0.0265 0.016666666666666666
6 0.8765000000000001 0.102 0.022 0.014666666666666666
6 0.8502500000000001 0.10033333333333333 0.0225 0.016666666666666666
3 0.5745 0.37966666666666665 0.084 0.048666666666666664
3 0.46175 0.35666666666666663 0.059500000000000004 0.05466666666666666
0 0.41075 0.30366666666666664 0.0095 0.033999999999999996
0 0.36675 0.2813333333333333 0.0095 0.032
0 0.35575 0.30033333333333334 0.0105 0.035333333333333335
0 0.32625 0.4136666666666666 0.0175 0.03666666666666667
2 0.332 0.42166666666666663 0.01 0.03666666666666667
3 0.29025 0.4523333333333333 0.0465 0.09
3 0.30925 0.36533333333333334 0.0365 0.06533333333333333
3 0.31575000000000003 0.28933333333333333 0.0315 0.05733333333333333
3 0.324 0.219 0.029 0.04733333333333333
0 0.3845 0.24666666666666665 0.008 0.030666666666666665
9 0.39675 0.25 0.0125 0.025333333333333333
0 0.418 0.23366666666666666 0.009000000000000001 0.018
0 0.40875 0.22599999999999998 0.0075 0.026666666666666665
1 0.4445 0.2843333333333333 0.009000000000000001 0.024666666666666667
1 0.45825 0.289 0.0175 0.02733333333333333
1 0.45375 0.2813333333333333 0.0125 0.021333333333333333
4 0.6205 0.3203333333333333 0.076 0.048666666666666664
4 0.601 0.23766666666666666 0.061 0.049999999999999996
3 0.8845000000000001 0.22866666666666666 0.065 0.034666666666666665
3 0.6765 0.24833333333333332 0.063 0.03
2 0.6577500000000001 0.19833333333333333 0.0135 0.026
6 0.6125 0.18366666666666667 0.018000000000000002 0.02733333333333333
2 0.60575 0.15233333333333332 0.0185 0.018
9 0.57825 0.159 0.0185 0.020666666666666667
3 0.5575 0.14733333333333332 0.049 0.028
3 0.556 0.13566666666666666 0.025 0.020666666666666667
9 0.5445 0.10933333333333332 0.015 0.016
2 0.556 0.102 0.007 0.02
2 0.55 0.09466666666666666 0.01 0.016
4 0.52625 0.092 0.0335 0.03333333333333333
3 0.58625 0.06466666666666666 0.0325 0.021333333333333333
0 0.51375 0.19933333333333333 0.0075 0.026666666666666665
0 0.52125 0.20333333333333334 0.006500000000000001 0.02
3 0.4925 0.192 0.03 0.04533333333333333
3 0.509 0.142 0.029 0.034666666666666665
0 0.52425 0.144 0.0075 0.028
9 0.5825 0.13 0.016 0.014666666666666666
6 0.47775 0.123 0.0145 0.022
0 0.47750000000000004 0.09233333333333334 0.006 0.026
3 0.506 0.075 0.042 0.02333333333333333
4 0.462 0.08299999999999999 0.016 0.03
3 0.46975 0.041 0.0165 0.020666666666666667
2 0.49825 0.03833333333333333 0.0055 0.015333333333333332
1 0.518 0.041999999999999996 0.004 0.013333333333333332
1 0.52275 0.041666666666666664 0.0045000000000000005 0.012666666666666666
1 0.527 0.051333333333333335 0.005 0.014666666666666666
2 0.5325 0.052 0.004 0.013333333333333332
4 0.35625 0.015333333333333332 0.0125 0.025333333333333333
0 0.398 0.039 0.003 0.011333333333333332
0 0.397 0.033999999999999996 0.004 0.016
0 0.41925 0.22 0.006500000000000001 0.025333333333333333
0 0.38125000000000003 0.23566666666666666 0.0095 0.03
1 0.385 0.20433333333333334 0.01 0.026
9 0.38475 0.20833333333333331 0.0085 0.02333333333333333
0 0.355 0.194 0.011 0.026666666666666665
0 0.357 0.18766666666666665 0.009000000000000001 0.02733333333333333
1 0.379 0.17833333333333332 0.007 0.014
1 0.377 0.17166666666666666 0.007 0.018
9 0.37825000000000003 0.179 0.0075 0.019333333333333334
0 0.39075 0.16033333333333333 0.0075 0.026
0 0.40125 0.16066666666666665 0.0075 0.028
1 0.328 0.176 0.009000000000000001 0.017333333333333333
0 0.34950000000000003 0.13233333333333333 0.007 0.024666666666666667
1 0.375 0.10666666666666666 0.007 0.02
2 0.37475 0.11299999999999999 0.006500000000000001 0.018
1 0.38975 0.13 0.0095 0.025333333333333333
2 0.38825 0.13433333333333333 0.0075 0.019333333333333334
0 0.39675 0.12666666666666665 0.006500000000000001 0.022666666666666665
0 0.39475 0.132 0.0045000000000000005 0.017333333333333333
0 0.396 0.10133333333333333 0.006 0.02
6 0.3325 0.14733333333333332 0.013000000000000001 0.025333333333333333
1 0.33175 0.13866666666666666 0.0075 0.016
0 0.33725 0.11233333333333333 0.0075 0.024666666666666667
0 0.34550000000000003 0.11299999999999999 0.009000000000000001 0.022
6 0.3565 0.108 0.01 0.021333333333333333
1 0.35525 0.104 0.0085 0.014666666666666666
2 0.34675 0.09466666666666666 0.0145 0.016
0 0.34725 0.089 0.0045000000000000005 0.014
0 0.37225 0.07066666666666667 0.006500000000000001 0.022666666666666665
0 0.395 0.07266666666666667 0.005 0.02
0 0.3905 0.07333333333333333 0.005 0.02
0 0.39525 0.11333333333333333 0.0045000000000000005 0.018666666666666665
0 0.34475 0.056 0.0055 0.021333333333333333
0 0.3565 0.043 0.006 0.019333333333333334
0 0.36225 0.041666666666666664 0.0055 0.020666666666666667
0 0.3565 0.028666666666666667 0.006 0.018666666666666665
9 0.367 0.033999999999999996 0.005 0.012
1 0.36675 0.029666666666666664 0.0055 0.016666666666666666
0 0.39825 0.06166666666666666 0.0045000000000000005 0.022
0 0.40325 0.064 0.0055 0.018666666666666665
0 0.2025 0.4726666666666666 0.02 0.042666666666666665
0 0.22725 0.49666666666666665 0.0185 0.044
