3 0.3267857142857143 0.9701776649746192 0.03214285714285714 0.05710659898477157
3 0.45321428571428574 0.964467005076142 0.025 0.06852791878172589
3 0.33071428571428574 0.7620558375634517 0.025714285714285714 0.0748730964467005
3 0.365 0.572969543147208 0.024285714285714285 0.05710659898477157
3 0.34785714285714286 0.4815989847715736 0.02 0.04695431472081218
3 0.6792857142857143 0.7538071065989848 0.04285714285714286 0.07614213197969542
3 0.3560714285714286 0.11230964467005075 0.013571428571428571 0.029187817258883246
3 0.37464285714285717 0.09454314720812182 0.012142857142857143 0.026649746192893398
3 0.4467857142857143 0.09835025380710659 0.010714285714285714 0.03426395939086294
3 0.3582142857142857 0.04885786802030456 0.010714285714285714 0.024111675126903553
3 0.37464285714285717 0.031725888324873094 0.009285714285714286 0.02284263959390863
3 0.3896428571428571 0.011421319796954314 0.009285714285714286 0.017766497461928932
3 0.30178571428571427 0.0666243654822335 0.012142857142857143 0.029187817258883246
3 0.2382142857142857 0.15355329949238578 0.016428571428571428 0.027918781725888322
0 0.15785714285714286 0.2918781725888325 0.007142857142857143 0.027918781725888322
8 0.3717857142857143 0.3546954314720812 0.025 0.07994923857868019
5 0.3892857142857143 0.17005076142131978 0.017142857142857144 0.055837563451776644
4 0.49857142857142855 0.48667512690355325 0.03142857142857143 0.08248730964467005
3 0.01 0.09961928934010152 0.02 0.031725888324873094
3 0.15321428571428572 0.12880710659898476 0.02642857142857143 0.031725888324873094
3 0.14142857142857143 0.21256345177664973 0.024285714285714285 0.029187817258883246
5 0.19 0.07741116751269035 0.037142857142857144 0.03807106598984771
3 0.22142857142857142 0.061548223350253804 0.024285714285714285 0.029187817258883246
4 0.24642857142857144 0.04441624365482233 0.022857142857142857 0.03045685279187817
3 0.14357142857142857 0.08692893401015228 0.017142857142857144 0.021573604060913704
3 0.15035714285714286 0.048223350253807105 0.016428571428571428 0.015228426395939085
3 0.18071428571428572 0.039974619289340096 0.017142857142857144 0.016497461928934008
3 0.19607142857142856 0.021573604060913704 0.015 0.015228426395939085
3 0.19892857142857143 0.031725888324873094 0.016428571428571428 0.017766497461928932
3 0.17607142857142857 0.03489847715736041 0.017857142857142856 0.021573604060913704
3 0.12571428571428572 0.06472081218274112 0.018571428571428572 0.02284263959390863
3 0.14642857142857144 0.06598984771573603 0.02 0.02030456852791878
3 0.20142857142857143 0.04885786802030456 0.017142857142857144 0.016497461928934008
3 0.23535714285714285 0.028553299492385786 0.016428571428571428 0.019035532994923856
3 0.24392857142857144 0.024746192893401013 0.020714285714285713 0.021573604060913704
3 0.15964285714285714 0.0748730964467005 0.017857142857142856 0.02030456852791878
3 0.16964285714285715 0.06472081218274112 0.016428571428571428 0.02030456852791878
0 0.2664285714285714 0.02347715736040609 0.005714285714285714 0.013959390862944161
