3 0.4357142857142857 0.8014285714285714 0.054285714285714284 0.16095238095238096
3 0.2257142857142857 0.819047619047619 0.06142857142857143 0.13714285714285715
3 0.2417857142857143 0.6209523809523809 0.05357142857142857 0.12761904761904763
3 0.2775 0.32571428571428573 0.039285714285714285 0.08571428571428572
3 0.285 0.24333333333333335 0.03571428571428571 0.06380952380952382
3 0.4253571428571429 0.439047619047619 0.03642857142857143 0.09714285714285714
3 0.4182142857142857 0.25666666666666665 0.03214285714285714 0.06571428571428571
3 0.9185714285714286 0.7409523809523809 0.08428571428571428 0.13523809523809524
3 0.8557142857142858 0.599047619047619 0.07142857142857142 0.11428571428571428
3 0.7982142857142858 0.43857142857142856 0.05071428571428571 0.07714285714285714
3 0.7339285714285714 0.27095238095238094 0.04357142857142857 0.06571428571428571
3 0.7117857142857142 0.2019047619047619 0.04357142857142857 0.06095238095238095
3 0.6828571428571428 0.1380952380952381 0.03428571428571429 0.05523809523809524
3 0.6517857142857143 0.05142857142857143 0.030714285714285715 0.045714285714285714
3 0.9446428571428571 0.23666666666666666 0.06928571428571428 0.04285714285714286
3 0.9071428571428571 0.18571428571428572 0.06714285714285714 0.0380952380952381
3 0.8785714285714286 0.13904761904761906 0.06428571428571428 0.03619047619047619
3 0.8296428571428571 0.055714285714285716 0.05357142857142857 0.03333333333333333
3 0.42714285714285716 0.34476190476190477 0.04 0.09142857142857143
3 0.37107142857142855 0.22285714285714286 0.05357142857142857 0.06666666666666667
3 0.2985714285714286 0.11238095238095239 0.027142857142857142 0.05142857142857143
4 0.41285714285714287 0.1280952380952381 0.02857142857142857 0.07142857142857142
3 0.4175 0.07809523809523809 0.02642857142857143 0.05142857142857143
3 0.41214285714285714 0.03428571428571429 0.02142857142857143 0.04380952380952381
3 0.8028571428571428 0.2833333333333333 0.07 0.054285714285714284
3 0.7635714285714286 0.3519047619047619 0.04857142857142857 0.07333333333333333
3 0.8489285714285715 0.3476190476190476 0.06642857142857143 0.05142857142857143
3 0.8678571428571429 0.3933333333333333 0.08 0.06476190476190476
3 0.9046428571428572 0.4576190476190476 0.095 0.06761904761904762
3 0.9342857142857143 0.5219047619047619 0.09857142857142857 0.07809523809523809
3 0.7835714285714286 0.23714285714285716 0.06571428571428571 0.05714285714285714
3 0.7728571428571429 0.1980952380952381 0.06571428571428571 0.05523809523809524
3 0.7675 0.16285714285714287 0.07785714285714286 0.047619047619047616
3 0.7267857142857143 0.1280952380952381 0.065 0.04666666666666667
3 0.735 0.10904761904761905 0.05857142857142857 0.04666666666666667
3 0.7135714285714285 0.07952380952380952 0.055714285714285716 0.03333333333333333
3 0.6710714285714285 0.09428571428571429 0.03642857142857143 0.05142857142857143
3 0.6975 0.04428571428571428 0.045 0.039047619047619046
3 0.6914285714285714 0.02142857142857143 0.04428571428571428 0.039047619047619046
3 0.775 0.014761904761904763 0.032857142857142856 0.029523809523809525
3 0.6310714285714286 0.012857142857142857 0.029285714285714286 0.025714285714285714
3 0.30892857142857144 0.020476190476190478 0.029285714285714286 0.040952380952380955
3 0.37464285714285717 0.0380952380952381 0.029285714285714286 0.06095238095238095
3 0.37285714285714283 0.35 0.054285714285714284 0.08666666666666667
3 0.3385714285714286 0.9342857142857143 0.07428571428571429 0.13142857142857142
3 0.9560714285714286 0.6333333333333333 0.08785714285714286 0.09523809523809523
3 0.9735714285714285 0.7214285714285714 0.05285714285714286 0.07142857142857142
3 0.9771428571428571 0.29428571428571426 0.045714285714285714 0.045714285714285714
4 0.8246428571428571 0.03428571428571429 0.047857142857142855 0.030476190476190476
4 0.4228571428571429 0.18571428571428572 0.02857142857142857 0.06857142857142857
4 0.29464285714285715 0.17333333333333334 0.035 0.07047619047619047
4 0.30428571428571427 0.05857142857142857 0.024285714285714285 0.054285714285714284
3 0.8078571428571428 0.014761904761904763 0.032857142857142856 0.029523809523809525
3 0.8357142857142857 0.010476190476190476 0.03 0.02095238095238095
3 0.9857142857142858 0.3357142857142857 0.02857142857142857 0.03142857142857143
