3 0.4421428571428571 0.7810913705583755 0.07142857142857142 0.10532994923857868
3 0.46964285714285714 0.7303299492385786 0.07214285714285715 0.10279187817258882
3 0.5678571428571428 0.9631979695431472 0.07714285714285714 0.07106598984771573
3 0.6585714285714286 0.9733502538071065 0.06857142857142857 0.050761421319796954
3 0.6892857142857143 0.9416243654822334 0.08142857142857143 0.10659898477157359
3 0.5896428571428571 0.9181472081218274 0.07928571428571428 0.11548223350253806
3 0.6071428571428571 0.8597715736040609 0.06714285714285714 0.11802030456852791
3 0.6228571428571429 0.8077411167512689 0.08285714285714285 0.133248730964467
3 0.7175 0.8934010152284263 0.07214285714285715 0.13705583756345177
3 0.395 0.39340101522842635 0.06285714285714286 0.10406091370558375
3 0.43714285714285717 0.31852791878172587 0.05 0.07868020304568528
3 0.4757142857142857 0.26776649746192893 0.04428571428571428 0.07360406091370558
3 0.5525 0.19225888324873094 0.045 0.08756345177664974
3 0.5246428571428572 0.17956852791878172 0.045 0.08502538071065989
3 0.5592857142857143 0.13578680203045684 0.037142857142857144 0.05837563451776649
3 0.5846428571428571 0.09327411167512689 0.04642857142857143 0.06725888324873096
0 0.5307142857142857 0.4498730964467005 0.011428571428571429 0.03680203045685279
0 0.5382142857142858 0.4511421319796954 0.012142857142857143 0.03426395939086294
3 0.12357142857142857 0.41180203045685276 0.05 0.07741116751269035
3 0.029642857142857144 0.37373096446700504 0.04642857142857143 0.06218274111675126
4 0.029642857142857144 0.2963197969543147 0.04928571428571429 0.06725888324873096
3 0.5775 0.032994923857868015 0.03785714285714286 0.04314720812182741
