5 0.6746428571428571 0.6661904761904762 0.07785714285714286 0.11904761904761904
4 0.5028571428571429 0.37714285714285717 0.03142857142857143 0.05333333333333333
4 0.36857142857142855 0.35523809523809524 0.025714285714285714 0.049523809523809526
4 0.4210714285714286 0.09380952380952381 0.012142857142857143 0.01619047619047619
3 0.41892857142857143 0.2519047619047619 0.016428571428571428 0.03142857142857143
3 0.37857142857142856 0.2947619047619048 0.024285714285714285 0.04285714285714286
3 0.35428571428571426 0.27666666666666667 0.027142857142857142 0.035238095238095235
3 0.3807142857142857 0.6523809523809524 0.047142857142857146 0.10285714285714286
3 0.5360714285714285 0.5238095238095238 0.03785714285714286 0.07428571428571429
3 0.3717857142857143 0.8538095238095238 0.065 0.16095238095238096
3 0.7475 0.5042857142857143 0.052142857142857144 0.08095238095238096
3 0.3271428571428571 0.579047619047619 0.05285714285714286 0.09904761904761905
3 0.39321428571428574 0.5466666666666666 0.04214285714285714 0.08571428571428572
3 0.25107142857142856 0.5752380952380952 0.055 0.10095238095238095
3 0.24464285714285713 0.93 0.08642857142857142 0.1361904761904762
3 0.42678571428571427 0.15523809523809523 0.017857142857142856 0.022857142857142857
3 0.41464285714285715 0.12 0.009285714285714286 0.015238095238095238
3 0.3960714285714286 0.14142857142857143 0.013571428571428571 0.02
4 0.3603571428571429 0.047142857142857146 0.016428571428571428 0.008571428571428572
4 0.3175 0.0838095238095238 0.02214285714285714 0.011428571428571429
4 0.32392857142857145 0.09619047619047619 0.02214285714285714 0.013333333333333332
4 0.32607142857142857 0.07571428571428572 0.019285714285714285 0.012380952380952381
4 0.3142857142857143 0.07523809523809524 0.018571428571428572 0.01904761904761905
4 0.3682142857142857 0.037142857142857144 0.016428571428571428 0.011428571428571429
4 0.49642857142857144 0.08476190476190476 0.011428571428571429 0.013333333333333332
0 0.135 0.45095238095238094 0.014285714285714285 0.03142857142857143
4 0.38857142857142857 0.19523809523809524 0.02 0.03619047619047619
3 0.39535714285714285 0.12285714285714286 0.012142857142857143 0.015238095238095238
3 0.4 0.11095238095238096 0.012857142857142857 0.02
3 0.4057142857142857 0.09333333333333334 0.008571428571428572 0.009523809523809525
8 0.3732142857142857 0.11952380952380952 0.023571428571428573 0.039047619047619046
3 0.4375 0.08619047619047619 0.010714285714285714 0.014285714285714285
3 0.5032142857142857 0.07476190476190477 0.010714285714285714 0.012380952380952381
3 0.4853571428571429 0.022857142857142857 0.0035714285714285713 0.009523809523809525
4 0.5807142857142857 0.15142857142857144 0.012857142857142857 0.022857142857142857
4 0.5696428571428571 0.13285714285714287 0.020714285714285713 0.02
4 0.5792857142857143 0.11238095238095239 0.03571428571428571 0.01904761904761905
4 0.5692857142857143 0.08238095238095237 0.03857142857142857 0.02
3 0.5767857142857142 0.10666666666666666 0.04214285714285714 0.015238095238095238
3 0.5735714285714286 0.1 0.03857142857142857 0.02095238095238095
1 0.9635714285714285 0.9676190476190476 0.032857142857142856 0.047619047619047616
1 0.6346428571428572 0.5371428571428571 0.012142857142857143 0.026666666666666665
1 0.7032142857142857 0.4033333333333333 0.007857142857142858 0.018095238095238095
1 0.6978571428571428 0.3995238095238095 0.007142857142857143 0.018095238095238095
1 0.6610714285714285 0.4804761904761905 0.013571428571428571 0.02
1 0.6557142857142857 0.48 0.01 0.022857142857142857
1 0.7517857142857143 0.44142857142857145 0.010714285714285714 0.021904761904761906
1 0.6328571428571429 0.40714285714285714 0.011428571428571429 0.023809523809523808
1 0.6175 0.4114285714285714 0.012142857142857143 0.024761904761904763
1 0.5814285714285714 0.3304761904761905 0.011428571428571429 0.017142857142857144
1 0.54 0.2719047619047619 0.008571428571428572 0.018095238095238095
1 0.6560714285714285 0.3223809523809524 0.009285714285714286 0.018095238095238095
1 0.5707142857142857 0.15904761904761905 0.004285714285714286 0.009523809523809525
1 0.5285714285714286 0.18 0.005714285714285714 0.007619047619047619
1 0.5189285714285714 0.18095238095238095 0.0064285714285714285 0.011428571428571429
1 0.5253571428571429 0.13 0.0035714285714285713 0.008571428571428572
1 0.5275 0.16428571428571428 0.007857142857142858 0.012380952380952381
2 0.5292857142857142 0.18523809523809523 0.01 0.02
2 0.5196428571428572 0.18619047619047618 0.0064285714285714285 0.018095238095238095
2 0.5814285714285714 0.3404761904761905 0.011428571428571429 0.025714285714285714
2 0.5703571428571429 0.1619047619047619 0.009285714285714286 0.011428571428571429
2 0.5253571428571429 0.13428571428571429 0.007857142857142858 0.015238095238095238
2 0.9582142857142857 0.9719047619047619 0.04071428571428572 0.05047619047619047
9 0.635 0.5480952380952381 0.011428571428571429 0.037142857142857144
9 0.6575 0.48904761904761906 0.012142857142857143 0.03333333333333333
9 0.6171428571428571 0.4185714285714286 0.012857142857142857 0.035238095238095235
9 0.635 0.41333333333333333 0.012857142857142857 0.026666666666666665
9 0.7021428571428572 0.41619047619047617 0.012857142857142857 0.03238095238095238
9 0.7496428571428572 0.4504761904761905 0.015 0.026666666666666665
0 0.6975 0.3461904761904762 0.007857142857142858 0.029523809523809525
0 0.6892857142857143 0.34476190476190477 0.01 0.03238095238095238
0 0.6732142857142858 0.3219047619047619 0.007857142857142858 0.022857142857142857
0 0.6667857142857143 0.2938095238095238 0.007857142857142858 0.021904761904761906
0 0.6675 0.37714285714285717 0.013571428571428571 0.030476190476190476
0 0.6382142857142857 0.3238095238095238 0.009285714285714286 0.030476190476190476
0 0.6378571428571429 0.31 0.01 0.029523809523809525
0 0.6885714285714286 0.3314285714285714 0.008571428571428572 0.03428571428571429
0 0.9021428571428571 0.18666666666666668 0.007142857142857143 0.015238095238095238
0 0.985 0.21571428571428572 0.007142857142857143 0.02761904761904762
0 0.9785714285714285 0.17857142857142858 0.011428571428571429 0.02
3 0.9089285714285714 0.16857142857142857 0.03642857142857143 0.02095238095238095
3 0.7960714285714285 0.17761904761904762 0.02642857142857143 0.02
3 0.6814285714285714 0.17142857142857143 0.025714285714285714 0.02095238095238095
3 0.6578571428571428 0.14809523809523809 0.018571428571428572 0.018095238095238095
3 0.6425 0.13523809523809524 0.016428571428571428 0.022857142857142857
3 0.6357142857142857 0.12571428571428572 0.014285714285714285 0.013333333333333332
3 0.6314285714285715 0.11142857142857143 0.014285714285714285 0.02095238095238095
3 0.5896428571428571 0.06666666666666667 0.007857142857142858 0.015238095238095238
9 0.54 0.2780952380952381 0.007142857142857143 0.02095238095238095
9 0.6571428571428571 0.3323809523809524 0.012857142857142857 0.01904761904761905
