3 0.4639285714285714 0.8769035532994923 0.04642857142857143 0.11167512690355329
3 0.36964285714285716 0.8090101522842639 0.035 0.07994923857868019
3 0.5421428571428571 0.9454314720812182 0.05857142857142857 0.10659898477157359
3 0.5039285714285714 0.6890862944162436 0.025 0.048223350253807105
3 0.4317857142857143 0.6224619289340101 0.03214285714285714 0.06725888324873096
3 0.37392857142857144 0.5691624365482233 0.02642857142857143 0.06218274111675126
3 0.2546428571428571 0.4092639593908629 0.023571428571428573 0.04695431472081218
3 0.3360714285714286 0.3426395939086294 0.02214285714285714 0.03807106598984771
3 0.31642857142857145 0.28870558375634514 0.02 0.04441624365482233
3 0.2975 0.2969543147208122 0.017857142857142856 0.04314720812182741
3 0.2767857142857143 0.24238578680203043 0.016428571428571428 0.025380710659898477
3 0.21785714285714286 0.2182741116751269 0.014285714285714285 0.025380710659898477
5 0.20107142857142857 0.14213197969543145 0.017857142857142856 0.04060913705583756
3 0.25357142857142856 0.14593908629441624 0.012857142857142857 0.027918781725888322
3 0.23464285714285715 0.08121827411167512 0.010714285714285714 0.02284263959390863
3 0.20785714285714285 0.09390862944162436 0.012857142857142857 0.02284263959390863
3 0.19107142857142856 0.05964467005076142 0.010714285714285714 0.017766497461928932
8 0.5214285714285715 0.5095177664974619 0.037142857142857144 0.11294416243654821
8 0.48892857142857143 0.48540609137055835 0.03642857142857143 0.09010152284263959
8 0.4132142857142857 0.47208121827411165 0.03785714285714286 0.11675126903553298
8 0.48928571428571427 0.41307106598984766 0.03857142857142857 0.09010152284263959
8 0.4614285714285714 0.4168781725888325 0.03571428571428571 0.08756345177664974
8 0.40785714285714286 0.38705583756345174 0.04285714285714286 0.08883248730964466
8 0.4367857142857143 0.3508883248730964 0.035 0.07994923857868019
8 0.4614285714285714 0.3508883248730964 0.04 0.0748730964467005
8 0.4117857142857143 0.30203045685279184 0.03642857142857143 0.07614213197969542
8 0.4007142857142857 0.3210659898477157 0.03 0.05837563451776649
8 0.3628571428571429 0.2715736040609137 0.02142857142857143 0.04060913705583756
8 0.3707142857142857 0.24936548223350252 0.018571428571428572 0.04695431472081218
4 0.38392857142857145 0.28553299492385786 0.013571428571428571 0.035532994923857864
5 0.40535714285714286 0.1751269035532995 0.03642857142857143 0.032994923857868015
3 0.17214285714285715 0.08248730964467005 0.015714285714285715 0.015228426395939085
3 0.21321428571428572 0.3711928934010152 0.013571428571428571 0.026649746192893398
3 0.21714285714285714 0.39911167512690354 0.015714285714285715 0.029187817258883246
3 0.22142857142857142 0.4282994923857868 0.014285714285714285 0.029187817258883246
3 0.22678571428571428 0.45685279187817257 0.013571428571428571 0.025380710659898477
0 0.2257142857142857 0.6840101522842639 0.008571428571428572 0.027918781725888322
0 0.21678571428571428 0.7373096446700507 0.007857142857142858 0.025380710659898477
0 0.2125 0.7284263959390862 0.0064285714285714285 0.02030456852791878
0 0.24107142857142858 0.7950507614213197 0.007857142857142858 0.021573604060913704
0 0.23464285714285715 0.7988578680203045 0.007857142857142858 0.026649746192893398
4 0.2735714285714286 0.9777918781725887 0.054285714285714284 0.04187817258883248
3 0.5178571428571429 0.7506345177664974 0.024285714285714285 0.05964467005076142
0 0.45964285714285713 0.31408629441624364 0.0064285714285714285 0.013959390862944161
8 0.39357142857142857 0.25380710659898476 0.02857142857142857 0.06091370558375634
0 0.38 0.18654822335025378 0.005714285714285714 0.015228426395939085
0 0.35535714285714287 0.19098984771573602 0.007857142857142858 0.016497461928934008
0 0.3607142857142857 0.24175126903553298 0.005714285714285714 0.016497461928934008
0 0.3796428571428571 0.23667512690355327 0.005 0.016497461928934008
0 0.3482142857142857 0.26205583756345174 0.0064285714285714285 0.016497461928934008
0 0.3417857142857143 0.24999999999999997 0.0064285714285714285 0.02284263959390863
0 0.3514285714285714 0.2519035532994924 0.008571428571428572 0.019035532994923856
