9 0.42178571428571426 0.06380952380952382 0.0035714285714285713 0.013333333333333332
9 0.4275 0.06380952380952382 0.005 0.011428571428571429
9 0.4325 0.06476190476190476 0.0035714285714285713 0.011428571428571429
9 0.43964285714285717 0.06523809523809523 0.007857142857142858 0.012380952380952381
9 0.5260714285714285 0.058095238095238096 0.007857142857142858 0.011428571428571429
0 0.5403571428571429 0.05047619047619047 0.0035714285714285713 0.013333333333333332
1 0.4725 0.07761904761904762 0.0035714285714285713 0.010476190476190476
9 0.4714285714285714 0.08095238095238096 0.011428571428571429 0.009523809523809525
2 0.4660714285714286 0.06476190476190476 0.0035714285714285713 0.011428571428571429
1 0.5242857142857142 0.1061904761904762 0.005714285714285714 0.012380952380952381
7 0.5189285714285714 0.11 0.02214285714285714 0.014285714285714285
3 0.5564285714285714 0.1280952380952381 0.02142857142857143 0.018095238095238095
3 0.5310714285714285 0.13714285714285715 0.030714285714285715 0.015238095238095238
3 0.45071428571428573 0.14142857142857143 0.03 0.01619047619047619
3 0.5321428571428571 0.14809523809523809 0.03142857142857143 0.02
3 0.45571428571428574 0.1523809523809524 0.03 0.01904761904761905
3 0.45607142857142857 0.16142857142857142 0.02642857142857143 0.02
3 0.44607142857142856 0.1757142857142857 0.03357142857142857 0.023809523809523808
3 0.4539285714285714 0.1880952380952381 0.03214285714285714 0.023809523809523808
3 0.455 0.2019047619047619 0.032857142857142856 0.024761904761904763
3 0.4496428571428571 0.21904761904761905 0.03357142857142857 0.02095238095238095
3 0.44642857142857145 0.2338095238095238 0.037142857142857144 0.021904761904761906
3 0.45607142857142857 0.24666666666666667 0.03785714285714286 0.022857142857142857
3 0.4832142857142857 0.2357142857142857 0.019285714285714285 0.029523809523809525
5 0.515 0.2642857142857143 0.017142857142857144 0.02761904761904762
3 0.45607142857142857 0.26285714285714284 0.03785714285714286 0.022857142857142857
9 0.4210714285714286 0.21761904761904763 0.012142857142857143 0.010476190476190476
9 0.41928571428571426 0.22428571428571428 0.01 0.012380952380952381
9 0.4207142857142857 0.25333333333333335 0.007142857142857143 0.02095238095238095
3 0.45035714285714284 0.2795238095238095 0.03785714285714286 0.02
3 0.45035714285714284 0.29333333333333333 0.04071428571428572 0.026666666666666665
3 0.4467857142857143 0.31333333333333335 0.04071428571428572 0.02095238095238095
3 0.45285714285714285 0.33 0.04 0.021904761904761906
3 0.45357142857142857 0.34476190476190477 0.041428571428571426 0.024761904761904763
5 0.44607142857142856 0.36047619047619045 0.047857142857142855 0.023809523809523808
5 0.44821428571428573 0.37857142857142856 0.04928571428571429 0.035238095238095235
3 0.485 0.35428571428571426 0.02 0.04380952380952381
9 0.4332142857142857 0.3980952380952381 0.019285714285714285 0.013333333333333332
9 0.4764285714285714 0.39476190476190476 0.014285714285714285 0.014285714285714285
9 0.4564285714285714 0.40285714285714286 0.017142857142857144 0.011428571428571429
9 0.4617857142857143 0.4080952380952381 0.017857142857142856 0.014285714285714285
9 0.4614285714285714 0.41523809523809524 0.017142857142857144 0.015238095238095238
9 0.47785714285714287 0.40476190476190477 0.015714285714285715 0.011428571428571429
9 0.4789285714285714 0.4104761904761905 0.016428571428571428 0.009523809523809525
9 0.47964285714285715 0.41619047619047617 0.019285714285714285 0.009523809523809525
7 0.43392857142857144 0.41714285714285715 0.03357142857142857 0.024761904761904763
0 0.4125 0.41095238095238096 0.0064285714285714285 0.018095238095238095
7 0.4446428571428571 0.43523809523809526 0.03785714285714286 0.01904761904761905
0 0.42714285714285716 0.4257142857142857 0.005714285714285714 0.01904761904761905
9 0.3975 0.43476190476190474 0.017857142857142856 0.010476190476190476
9 0.42964285714285716 0.47523809523809524 0.017857142857142856 0.02095238095238095
4 0.455 0.4552380952380952 0.041428571428571426 0.030476190476190476
3 0.4567857142857143 0.4847619047619048 0.04928571428571429 0.02857142857142857
3 0.45285714285714285 0.5114285714285715 0.05 0.02857142857142857
3 0.45964285714285713 0.5347619047619048 0.047857142857142855 0.029523809523809525
3 0.49464285714285716 0.4976190476190476 0.02214285714285714 0.054285714285714284
3 0.4982142857142857 0.5771428571428572 0.023571428571428573 0.05904761904761905
3 0.5310714285714285 0.5919047619047619 0.02642857142857143 0.06190476190476191
5 0.44857142857142857 0.5647619047619048 0.055714285714285716 0.03619047619047619
9 0.4282142857142857 0.5523809523809524 0.019285714285714285 0.015238095238095238
4 0.43607142857142855 0.5980952380952381 0.056428571428571425 0.03619047619047619
0 0.39357142857142857 0.5280952380952381 0.007142857142857143 0.023809523809523808
0 0.5646428571428571 0.6819047619047619 0.005 0.017142857142857144
3 0.505 0.6452380952380953 0.02857142857142857 0.06952380952380953
3 0.4567857142857143 0.6295238095238095 0.05785714285714286 0.03428571428571429
3 0.4585714285714286 0.6642857142857143 0.06142857142857143 0.040952380952380955
3 0.42964285714285716 0.6514285714285715 0.027857142857142858 0.01904761904761905
3 0.46214285714285713 0.7 0.06142857142857143 0.04
4 0.47035714285714286 0.729047619047619 0.056428571428571425 0.054285714285714284
3 0.4617857142857143 0.7780952380952381 0.06785714285714285 0.04380952380952381
3 0.4664285714285714 0.8271428571428572 0.06714285714285714 0.040952380952380955
3 0.46214285714285713 0.8742857142857143 0.07142857142857142 0.047619047619047616
3 0.5253571428571429 0.8990476190476191 0.030714285714285715 0.09714285714285714
3 0.4625 0.930952380952381 0.075 0.054285714285714284
3 0.4810714285714286 0.9909523809523809 0.08071428571428571 0.018095238095238095
3 0.6332142857142857 0.950952380952381 0.039285714285714285 0.0980952380952381
3 0.6253571428571428 0.849047619047619 0.07071428571428572 0.040952380952380955
3 0.6203571428571428 0.7880952380952381 0.07357142857142857 0.04476190476190476
9 0.5785714285714286 0.7566666666666667 0.008571428571428572 0.037142857142857144
9 0.5857142857142857 0.6804761904761905 0.022857142857142857 0.021904761904761906
3 0.5839285714285715 0.6514285714285715 0.047857142857142855 0.03428571428571429
3 0.5889285714285715 0.6195238095238095 0.06785714285714285 0.035238095238095235
3 0.5703571428571429 0.5290476190476191 0.052142857142857144 0.035238095238095235
3 0.5696428571428571 0.4990476190476191 0.055 0.03428571428571429
5 0.565 0.4580952380952381 0.06142857142857143 0.03428571428571429
4 0.5664285714285714 0.4342857142857143 0.04857142857142857 0.03238095238095238
4 0.5625 0.41285714285714287 0.047857142857142855 0.02761904761904762
3 0.5639285714285714 0.39571428571428574 0.04642857142857143 0.025714285714285714
9 0.5396428571428571 0.3761904761904762 0.016428571428571428 0.015238095238095238
9 0.5610714285714286 0.37857142857142856 0.016428571428571428 0.012380952380952381
9 0.5439285714285714 0.37 0.017857142857142856 0.014285714285714285
9 0.5592857142857143 0.3647619047619048 0.017142857142857144 0.015238095238095238
9 0.5571428571428572 0.37 0.017142857142857144 0.012380952380952381
9 0.5539285714285714 0.35095238095238096 0.017857142857142856 0.014285714285714285
9 0.5225 0.3361904761904762 0.009285714285714286 0.022857142857142857
7 0.5421428571428571 0.32285714285714284 0.03142857142857143 0.02095238095238095
5 0.5521428571428572 0.2938095238095238 0.06428571428571428 0.040952380952380955
9 0.5471428571428572 0.27285714285714285 0.015714285714285715 0.012380952380952381
9 0.5475 0.25761904761904764 0.015 0.01619047619047619
9 0.5489285714285714 0.24428571428571427 0.013571428571428571 0.012380952380952381
9 0.5460714285714285 0.2195238095238095 0.013571428571428571 0.014285714285714285
9 0.5428571428571428 0.21142857142857144 0.015714285714285715 0.015238095238095238
7 0.5439285714285714 0.1980952380952381 0.019285714285714285 0.013333333333333332
9 0.5428571428571428 0.1895238095238095 0.012857142857142857 0.009523809523809525
9 0.5328571428571428 0.1661904761904762 0.012857142857142857 0.010476190476190476
4 0.495 0.060476190476190475 0.022857142857142857 0.018095238095238095
9 0.5082142857142857 0.05714285714285714 0.0035714285714285713 0.013333333333333332
