3 0.02214285714285714 0.2309644670050761 0.017142857142857144 0.035532994923857864
3 0.13642857142857143 0.5678934010152283 0.03428571428571429 0.05710659898477157
3 0.16964285714285715 0.6541878172588832 0.030714285714285715 0.05964467005076142
3 0.16428571428571428 0.899746192893401 0.03 0.08121827411167512
3 0.5328571428571428 0.6967005076142131 0.02142857142857143 0.08375634517766496
3 0.4725 0.4555837563451776 0.019285714285714285 0.04568527918781726
3 0.45035714285714284 0.39847715736040606 0.017857142857142856 0.04568527918781726
0 0.8582142857142857 0.4486040609137055 0.010714285714285714 0.03426395939086294
3 0.455 0.07868020304568528 0.014285714285714285 0.02030456852791878
5 0.4357142857142857 0.07741116751269035 0.02142857142857143 0.050761421319796954
3 0.47535714285714287 0.04505076142131979 0.013571428571428571 0.031725888324873094
9 0.455 0.633248730964467 0.01 0.03045685279187817
1 0.4546428571428571 0.6300761421319796 0.007857142857142858 0.021573604060913704
0 0.9385714285714286 0.31852791878172587 0.007142857142857143 0.025380710659898477
0 0.9410714285714286 0.3172588832487309 0.005 0.027918781725888322
