3 0.42 0.9180952380952381 0.014285714285714285 0.0380952380952381
4 0.5021428571428571 0.6038095238095238 0.012857142857142857 0.04
5 0.44392857142857145 0.6052380952380952 0.013571428571428571 0.04476190476190476
3 0.5 0.2838095238095238 0.012857142857142857 0.0380952380952381
3 0.4082142857142857 0.2795238095238095 0.013571428571428571 0.039047619047619046
3 0.49392857142857144 0.04 0.013571428571428571 0.0419047619047619
6 0.41892857142857143 0.6628571428571428 0.015 0.02857142857142857
9 0.405 0.9285714285714286 0.011428571428571429 0.013333333333333332
9 0.4010714285714286 0.719047619047619 0.013571428571428571 0.011428571428571429
9 0.47714285714285715 0.36142857142857143 0.005714285714285714 0.01619047619047619
4 0.3992857142857143 0.058095238095238096 0.027142857142857142 0.024761904761904763
3 0.7846428571428572 0.15476190476190477 0.027857142857142858 0.02
3 0.7967857142857143 0.21666666666666667 0.025 0.018095238095238095
3 0.7985714285714286 0.24047619047619048 0.02857142857142857 0.018095238095238095
3 0.7996428571428571 0.25857142857142856 0.02214285714285714 0.018095238095238095
3 0.7335714285714285 0.3157142857142857 0.017142857142857144 0.037142857142857144
4 0.7921428571428571 0.3142857142857143 0.02857142857142857 0.017142857142857144
4 0.6028571428571429 0.25523809523809526 0.012857142857142857 0.03619047619047619
3 0.6053571428571428 0.33714285714285713 0.012142857142857143 0.03428571428571429
3 0.8039285714285714 0.45095238095238094 0.027857142857142858 0.01619047619047619
3 0.84 0.44952380952380955 0.02857142857142857 0.017142857142857144
3 0.8703571428571428 0.45 0.029285714285714286 0.02
4 0.9871428571428571 0.44952380952380955 0.025714285714285714 0.02095238095238095
3 0.6025 0.5604761904761905 0.012142857142857143 0.037142857142857144
3 0.6725 0.5923809523809523 0.027857142857142858 0.022857142857142857
3 0.6632142857142858 0.679047619047619 0.027857142857142858 0.017142857142857144
3 0.6625 0.7033333333333334 0.027857142857142858 0.018095238095238095
3 0.6628571428571428 0.7233333333333334 0.02857142857142857 0.018095238095238095
3 0.6725 0.7576190476190476 0.029285714285714286 0.02
3 0.6671428571428571 0.7790476190476191 0.025714285714285714 0.01904761904761905
3 0.6692857142857143 0.9342857142857143 0.027142857142857142 0.01904761904761905
4 0.6075 0.7380952380952381 0.013571428571428571 0.047619047619047616
5 0.6203571428571428 0.960952380952381 0.019285714285714285 0.07809523809523809
9 0.7042857142857143 0.8233333333333334 0.01 0.008571428571428572
9 0.705 0.8333333333333334 0.01 0.011428571428571429
3 0.6021428571428571 0.017619047619047618 0.011428571428571429 0.035238095238095235
