0 0.22357142857142856 0.2112944162436548 0.004285714285714286 0.008883248730964466
0 0.3067857142857143 0.10088832487309644 0.0035714285714285713 0.0038071065989847713
3 0.2985714285714286 0.2017766497461929 0.015714285714285715 0.012690355329949238
3 0.2882142857142857 0.21700507614213196 0.015 0.015228426395939085
3 0.2789285714285714 0.2309644670050761 0.017857142857142856 0.015228426395939085
3 0.16357142857142856 0.3229695431472081 0.015714285714285715 0.024111675126903553
3 0.16035714285714286 0.39403553299492383 0.019285714285714285 0.016497461928934008
3 0.14857142857142858 0.4098984771573604 0.017142857142857144 0.015228426395939085
3 0.27 0.2442893401015228 0.017142857142857144 0.013959390862944161
3 0.225 0.30203045685279184 0.017142857142857144 0.012690355329949238
3 0.1825 0.36167512690355325 0.020714285714285713 0.012690355329949238
3 0.14 0.424492385786802 0.018571428571428572 0.013959390862944161
4 0.11678571428571428 0.4562182741116751 0.02214285714285714 0.016497461928934008
4 0.09214285714285714 0.4892131979695431 0.024285714285714285 0.016497461928934008
4 0.11071428571428571 0.7925126903553299 0.02 0.029187817258883246
4 0.12571428571428572 0.648477157360406 0.014285714285714285 0.027918781725888322
4 0.1375 0.5723350253807106 0.016428571428571428 0.015228426395939085
4 0.18178571428571427 0.5050761421319797 0.016428571428571428 0.015228426395939085
4 0.1732142857142857 0.5222081218274112 0.016428571428571428 0.016497461928934008
3 0.16392857142857142 0.5368020304568527 0.013571428571428571 0.015228426395939085
3 0.2357142857142857 0.42703045685279184 0.02 0.013959390862944161
3 0.2567857142857143 0.3959390862944162 0.017857142857142856 0.012690355329949238
3 0.2985714285714286 0.33502538071065985 0.018571428571428572 0.012690355329949238
3 0.3296428571428571 0.2931472081218274 0.016428571428571428 0.017766497461928932
3 0.4017857142857143 0.383248730964467 0.015 0.027918781725888322
3 0.4157142857142857 0.35977157360406087 0.012857142857142857 0.021573604060913704
3 0.4303571428571429 0.3413705583756345 0.015 0.027918781725888322
3 0.4357142857142857 0.3248730964467005 0.01 0.015228426395939085
3 0.4492857142857143 0.3052030456852792 0.015714285714285715 0.026649746192893398
4 0.4614285714285714 0.282994923857868 0.015714285714285715 0.025380710659898477
4 0.4685714285714286 0.2715736040609137 0.014285714285714285 0.025380710659898477
4 0.4757142857142857 0.25888324873096447 0.015714285714285715 0.027918781725888322
3 0.5321428571428571 0.1681472081218274 0.011428571428571429 0.019035532994923856
3 0.5278571428571428 0.17893401015228425 0.014285714285714285 0.025380710659898477
3 0.5203571428571429 0.1878172588832487 0.015 0.025380710659898477
3 0.5139285714285714 0.1979695431472081 0.015 0.02284263959390863
3 0.5014285714285714 0.22081218274111675 0.015714285714285715 0.027918781725888322
3 0.4942857142857143 0.22906091370558374 0.014285714285714285 0.024111675126903553
3 0.4875 0.23984771573604058 0.015 0.03045685279187817
3 0.48214285714285715 0.2506345177664974 0.014285714285714285 0.026649746192893398
4 0.5067857142857143 0.2081218274111675 0.015 0.02284263959390863
3 0.4739285714285714 0.3515228426395939 0.010714285714285714 0.025380710659898477
4 0.5128571428571429 0.35913705583756345 0.012857142857142857 0.02284263959390863
3 0.5210714285714285 0.36738578680203043 0.015 0.024111675126903553
3 0.5242857142857142 0.4295685279187817 0.015714285714285715 0.029187817258883246
3 0.5210714285714285 0.5342639593908629 0.015 0.02284263959390863
3 0.5032142857142857 0.5647208121827411 0.016428571428571428 0.025380710659898477
4 0.4614285714285714 0.5958121827411167 0.018571428571428572 0.031725888324873094
3 0.44892857142857145 0.5666243654822335 0.013571428571428571 0.026649746192893398
3 0.44 0.5571065989847716 0.012857142857142857 0.02284263959390863
3 0.4875 0.5393401015228426 0.015 0.025380710659898477
3 0.4957142857142857 0.5507614213197969 0.014285714285714285 0.03045685279187817
4 0.47464285714285714 0.5139593908629442 0.013571428571428571 0.027918781725888322
4 0.4667857142857143 0.5025380710659898 0.012142857142857143 0.02284263959390863
4 0.45321428571428574 0.47842639593908626 0.013571428571428571 0.027918781725888322
3 0.4610714285714286 0.49238578680203043 0.016428571428571428 0.02284263959390863
3 0.475 0.46573604060913704 0.011428571428571429 0.02284263959390863
3 0.46214285714285713 0.4416243654822335 0.014285714285714285 0.02284263959390863
3 0.4325 0.4460659898477157 0.016428571428571428 0.026649746192893398
3 0.42642857142857143 0.43718274111675126 0.012857142857142857 0.029187817258883246
3 0.44892857142857145 0.42068527918781723 0.016428571428571428 0.029187817258883246
3 0.44107142857142856 0.40862944162436543 0.016428571428571428 0.027918781725888322
3 0.45571428571428574 0.4314720812182741 0.014285714285714285 0.02284263959390863
4 0.5028571428571429 0.5126903553299492 0.015714285714285715 0.027918781725888322
4 0.4975 0.49809644670050757 0.016428571428571428 0.024111675126903553
4 0.48857142857142855 0.4885786802030456 0.015714285714285715 0.025380710659898477
3 0.545 0.4631979695431472 0.015714285714285715 0.027918781725888322
3 0.5514285714285714 0.4777918781725888 0.014285714285714285 0.026649746192893398
3 0.555 0.424492385786802 0.014285714285714285 0.026649746192893398
3 0.5335714285714286 0.3902284263959391 0.017142857142857144 0.026649746192893398
3 0.5410714285714285 0.4010152284263959 0.013571428571428571 0.025380710659898477
3 0.5482142857142858 0.4143401015228426 0.013571428571428571 0.021573604060913704
4 0.5046428571428572 0.3965736040609137 0.015 0.024111675126903553
4 0.49785714285714283 0.3826142131979695 0.015714285714285715 0.026649746192893398
4 0.4903571428571429 0.3711928934010152 0.016428571428571428 0.029187817258883246
3 0.48178571428571426 0.3642131979695431 0.015 0.027918781725888322
9 0.5760714285714286 0.8711928934010151 0.007857142857142858 0.008883248730964466
9 0.5682142857142857 0.8559644670050761 0.009285714285714286 0.006345177664974619
9 0.5553571428571429 0.8286802030456852 0.0035714285714285713 0.015228426395939085
9 0.5457142857142857 0.8147208121827411 0.002857142857142857 0.015228426395939085
9 0.5207142857142857 0.7684010152284263 0.004285714285714286 0.013959390862944161
9 0.5117857142857143 0.7557106598984771 0.002142857142857143 0.013959390862944161
9 0.5157142857142857 0.7563451776649746 0.004285714285714286 0.015228426395939085
4 0.46964285714285714 0.8178934010152283 0.017857142857142856 0.029187817258883246
3 0.49357142857142855 0.8026649746192893 0.018571428571428572 0.029187817258883246
3 0.49964285714285717 0.815989847715736 0.016428571428571428 0.03045685279187817
3 0.525 0.8616751269035532 0.017142857142857144 0.027918781725888322
3 0.5596428571428571 0.9447969543147208 0.016428571428571428 0.03680203045685279
0 0.48857142857142855 0.7982233502538071 0.0014285714285714286 0.0076142131979695426
0 0.49214285714285716 0.7906091370558375 0.002857142857142857 0.01015228426395939
0 0.6185714285714285 0.8635786802030456 0.004285714285714286 0.006345177664974619
0 0.6178571428571429 0.8585025380710659 0.002857142857142857 0.008883248730964466
0 0.6185714285714285 0.8705583756345177 0.002857142857142857 0.005076142131979695
3 0.3989285714285714 0.7925126903553299 0.015 0.026649746192893398
4 0.4042857142857143 0.8128172588832486 0.015714285714285715 0.03426395939086294
4 0.4139285714285714 0.8401015228426395 0.016428571428571428 0.032994923857868015
4 0.4210714285714286 0.8546954314720812 0.017857142857142856 0.031725888324873094
3 0.42714285714285716 0.8705583756345177 0.015714285714285715 0.027918781725888322
3 0.435 0.8857868020304568 0.02 0.035532994923857864
4 0.45107142857142857 0.9124365482233502 0.016428571428571428 0.032994923857868015
3 0.4575 0.9276649746192893 0.019285714285714285 0.032994923857868015
4 0.4657142857142857 0.9416243654822334 0.017142857142857144 0.03045685279187817
4 0.47285714285714286 0.9581218274111675 0.014285714285714285 0.027918781725888322
4 0.48142857142857143 0.9701776649746192 0.018571428571428572 0.03426395939086294
3 0.7010714285714286 0.22652284263959388 0.013571428571428571 0.026649746192893398
3 0.7021428571428572 0.3109137055837563 0.017142857142857144 0.025380710659898477
3 0.7092857142857143 0.30012690355329946 0.015714285714285715 0.024111675126903553
3 0.7192857142857143 0.28236040609137053 0.017142857142857144 0.026649746192893398
3 0.6939285714285715 0.2144670050761421 0.015 0.025380710659898477
3 0.7085714285714285 0.23730964467005075 0.014285714285714285 0.025380710659898477
3 0.6857142857142857 0.20431472081218272 0.012857142857142857 0.02284263959390863
3 0.6975 0.32170050761421315 0.015 0.024111675126903553
3 0.9592857142857143 0.08375634517766496 0.008571428571428572 0.027918781725888322
3 0.9371428571428572 0.1681472081218274 0.01 0.026649746192893398
3 0.9957142857142857 0.18654822335025378 0.008571428571428572 0.027918781725888322
3 0.9753571428571428 0.3210659898477157 0.010714285714285714 0.03045685279187817
3 0.9857142857142858 0.39974619289340096 0.012857142857142857 0.032994923857868015
3 0.9685714285714285 0.524746192893401 0.011428571428571429 0.031725888324873094
4 0.9571428571428572 0.6135786802030456 0.011428571428571429 0.031725888324873094
4 0.9339285714285714 0.7696700507614213 0.013571428571428571 0.03426395939086294
3 0.88 0.8426395939086294 0.012857142857142857 0.03807106598984771
4 0.7360714285714286 0.6104060913705583 0.016428571428571428 0.03045685279187817
3 0.7303571428571428 0.5951776649746192 0.013571428571428571 0.03045685279187817
3 0.6839285714285714 0.6903553299492385 0.019285714285714285 0.035532994923857864
4 0.7046428571428571 0.6757614213197969 0.017857142857142856 0.031725888324873094
0 0.6864285714285714 0.7639593908629441 0.002857142857142857 0.005076142131979695
3 0.7296428571428571 0.7049492385786802 0.016428571428571428 0.031725888324873094
3 0.7385714285714285 0.715736040609137 0.017142857142857144 0.027918781725888322
3 0.73 0.7614213197969543 0.017142857142857144 0.027918781725888322
3 0.7403571428571428 0.7741116751269035 0.013571428571428571 0.027918781725888322
4 0.7639285714285714 0.7576142131979695 0.016428571428571428 0.027918781725888322
4 0.7135714285714285 0.7354060913705583 0.014285714285714285 0.026649746192893398
4 0.7235714285714285 0.7461928934010151 0.017142857142857144 0.032994923857868015
4 0.7796428571428572 0.7836294416243654 0.015 0.026649746192893398
4 0.7810714285714285 0.8458121827411167 0.017857142857142856 0.03426395939086294
4 0.7742857142857142 0.8280456852791878 0.02 0.031725888324873094
3 0.7642857142857142 0.8191624365482233 0.015714285714285715 0.031725888324873094
3 0.755 0.8032994923857867 0.015714285714285715 0.032994923857868015
4 0.7471428571428571 0.7309644670050761 0.018571428571428572 0.03045685279187817
4 0.7475 0.7893401015228426 0.017857142857142856 0.032994923857868015
4 0.9178571428571428 0.9682741116751268 0.015714285714285715 0.04060913705583756
4 0.9660714285714286 0.8927664974619288 0.016428571428571428 0.04187817258883248
9 0.6475 0.8267766497461928 0.0064285714285714285 0.013959390862944161
9 0.6514285714285715 0.8204314720812182 0.007142857142857143 0.011421319796954314
9 0.6578571428571428 0.8058375634517766 0.01 0.012690355329949238
9 0.6603571428571429 0.7874365482233502 0.0064285714285714285 0.016497461928934008
9 0.6539285714285714 0.8147208121827411 0.009285714285714286 0.015228426395939085
4 0.6878571428571428 0.8807106598984771 0.015714285714285715 0.025380710659898477
3 0.6946428571428571 0.8940355329949238 0.017857142857142856 0.031725888324873094
3 0.7125 0.8616751269035532 0.016428571428571428 0.035532994923857864
3 0.7046428571428571 0.8502538071065989 0.016428571428571428 0.032994923857868015
4 0.695 0.8356598984771573 0.014285714285714285 0.029187817258883246
4 0.6882142857142857 0.8217005076142131 0.016428571428571428 0.031725888324873094
4 0.6764285714285714 0.8096446700507614 0.015714285714285715 0.03045685279187817
3 0.67 0.7944162436548222 0.018571428571428572 0.035532994923857864
4 0.7375 0.9054568527918782 0.017857142857142856 0.031725888324873094
3 0.7467857142857143 0.9194162436548222 0.016428571428571428 0.031725888324873094
3 0.7642857142857142 0.9498730964467005 0.018571428571428572 0.031725888324873094
3 0.7535714285714286 0.9397208121827411 0.014285714285714285 0.029187817258883246
5 0.9917857142857143 0.8464467005076142 0.016428571428571428 0.06345177664974619
