3 0.5189285714285714 0.5875634517766497 0.010714285714285714 0.032994923857868015
3 0.5585714285714286 0.5450507614213198 0.011428571428571429 0.029187817258883246
3 0.4642857142857143 0.6465736040609137 0.012857142857142857 0.031725888324873094
3 0.5382142857142858 0.48350253807106597 0.010714285714285714 0.025380710659898477
3 0.5189285714285714 0.43527918781725883 0.010714285714285714 0.02030456852791878
3 0.5460714285714285 0.40164974619289334 0.007857142857142858 0.021573604060913704
3 0.5285714285714286 0.26015228426395937 0.007142857142857143 0.012690355329949238
3 0.5192857142857142 0.2512690355329949 0.005714285714285714 0.015228426395939085
3 0.4942857142857143 0.2728426395939086 0.005714285714285714 0.012690355329949238
3 0.5260714285714285 0.23730964467005075 0.007857142857142858 0.015228426395939085
3 0.5185714285714286 0.22208121827411165 0.005714285714285714 0.017766497461928932
3 0.515 0.19670050761421318 0.004285714285714286 0.01015228426395939
3 0.5146428571428572 0.18274111675126903 0.005 0.01015228426395939
3 0.5228571428571429 0.19289340101522842 0.007142857142857143 0.015228426395939085
3 0.5317857142857143 0.17956852791878172 0.005 0.011421319796954314
3 0.5021428571428571 0.17576142131979694 0.004285714285714286 0.008883248730964466
3 0.5160714285714286 0.16560913705583755 0.0035714285714285713 0.011421319796954314
3 0.5225 0.1630710659898477 0.005 0.011421319796954314
3 0.5021428571428571 0.16053299492385786 0.004285714285714286 0.008883248730964466
3 0.49464285714285716 0.15355329949238578 0.0035714285714285713 0.0076142131979695426
3 0.5021428571428571 0.149746192893401 0.005714285714285714 0.01015228426395939
3 0.49464285714285716 0.1446700507614213 0.0035714285714285713 0.01015228426395939
3 0.5121428571428571 0.09390862944162436 0.002857142857142857 0.0076142131979695426
3 0.5128571428571429 0.10152284263959391 0.002857142857142857 0.005076142131979695
3 0.5142857142857142 0.11992385786802029 0.004285714285714286 0.013959390862944161
3 0.5139285714285714 0.13261421319796954 0.005 0.013959390862944161
3 0.5032142857142857 0.11865482233502538 0.0035714285714285713 0.008883248730964466
3 0.5039285714285714 0.10659898477157359 0.0035714285714285713 0.01015228426395939
3 0.49785714285714283 0.10406091370558375 0.004285714285714286 0.0076142131979695426
8 0.5182142857142857 0.08375634517766496 0.005 0.012690355329949238
5 0.4992857142857143 0.08883248730964466 0.004285714285714286 0.015228426395939085
5 0.49892857142857144 0.07296954314720812 0.0064285714285714285 0.011421319796954314
4 0.5185714285714286 0.09835025380710659 0.004285714285714286 0.011421319796954314
5 0.49107142857142855 0.11611675126903552 0.005 0.016497461928934008
3 0.4903571428571429 0.12690355329949238 0.0035714285714285713 0.0076142131979695426
3 0.49714285714285716 0.12944162436548223 0.004285714285714286 0.01015228426395939
4 0.49892857142857144 0.20939086294416243 0.005 0.012690355329949238
4 0.5253571428571429 0.2798223350253807 0.0064285714285714285 0.019035532994923856
4 0.53 0.35532994923857864 0.008571428571428572 0.025380710659898477
3 0.5082142857142857 0.33883248730964466 0.007857142857142858 0.015228426395939085
3 0.5103571428571428 0.32741116751269034 0.0064285714285714285 0.015228426395939085
4 0.5096428571428572 0.2963197969543147 0.007857142857142858 0.021573604060913704
5 0.4732142857142857 0.45685279187817257 0.013571428571428571 0.04060913705583756
4 0.5417857142857143 0.5501269035532994 0.012142857142857143 0.03680203045685279
4 0.5428571428571428 0.7271573604060914 0.014285714285714285 0.053299492385786795
4 0.4860714285714286 0.7525380710659898 0.015 0.050761421319796954
4 0.5585714285714286 0.9022842639593908 0.015714285714285715 0.06598984771573603
3 0.4492857142857143 0.9809644670050761 0.02 0.035532994923857864
8 0.5678571428571428 0.6560913705583756 0.027142857142857142 0.12690355329949238
4 0.5371428571428571 0.42005076142131975 0.01 0.025380710659898477
3 0.46464285714285714 0.38007614213197966 0.007857142857142858 0.019035532994923856
9 0.5096428571428572 0.25888324873096447 0.0035714285714285713 0.015228426395939085
0 0.5096428571428572 0.2563451776649746 0.005 0.015228426395939085
3 0.5142857142857142 0.15545685279187815 0.004285714285714286 0.011421319796954314
3 0.5210714285714285 0.15038071065989847 0.005 0.013959390862944161
3 0.6742857142857143 0.40862944162436543 0.025714285714285714 0.02284263959390863
