3 0.06714285714285714 0.3032994923857868 0.024285714285714285 0.025380710659898477
3 0.07678571428571429 0.3223350253807106 0.019285714285714285 0.02284263959390863
3 0.08428571428571428 0.3343908629441624 0.02142857142857143 0.029187817258883246
0 0.27 0.2899746192893401 0.005714285714285714 0.011421319796954314
0 0.25035714285714283 0.2696700507614213 0.0035714285714285713 0.006345177664974619
0 0.225 0.25380710659898476 0.002857142857142857 0.01015228426395939
0 0.2910714285714286 0.2626903553299492 0.005 0.012690355329949238
0 0.2807142857142857 0.2652284263959391 0.004285714285714286 0.015228426395939085
0 0.27214285714285713 0.28553299492385786 0.004285714285714286 0.01015228426395939
0 0.26071428571428573 0.2760152284263959 0.004285714285714286 0.013959390862944161
0 0.25642857142857145 0.26015228426395937 0.004285714285714286 0.012690355329949238
0 0.26035714285714284 0.2614213197969543 0.0035714285714285713 0.012690355329949238
0 0.33535714285714285 0.32550761421319796 0.005 0.013959390862944161
0 0.3517857142857143 0.315989847715736 0.0035714285714285713 0.012690355329949238
0 0.3417857142857143 0.3546954314720812 0.0035714285714285713 0.013959390862944161
0 0.36178571428571427 0.34708121827411165 0.005 0.013959390862944161
0 0.3807142857142857 0.324238578680203 0.004285714285714286 0.013959390862944161
4 0.008928571428571428 0.7189086294416243 0.017857142857142856 0.04187817258883248
3 0.017857142857142856 0.9073604060913705 0.03428571428571429 0.053299492385786795
4 0.07607142857142857 0.8769035532994923 0.045 0.055837563451776644
4 0.4235714285714286 0.8280456852791878 0.03571428571428571 0.04695431472081218
3 0.4278571428571429 0.424492385786802 0.02857142857142857 0.031725888324873094
3 0.4714285714285714 0.2214467005076142 0.02 0.021573604060913704
3 0.49392857142857144 0.2569796954314721 0.02214285714285714 0.019035532994923856
5 0.5353571428571429 0.2519035532994924 0.030714285714285715 0.03426395939086294
4 0.42678571428571427 0.16053299492385786 0.023571428571428573 0.029187817258883246
3 0.3992857142857143 0.174492385786802 0.02142857142857143 0.024111675126903553
3 0.59 0.2519035532994924 0.02142857142857143 0.021573604060913704
5 0.5521428571428572 0.3508883248730964 0.05 0.05710659898477157
4 0.6117857142857143 0.29568527918781723 0.023571428571428573 0.025380710659898477
4 0.6475 0.27411167512690354 0.025 0.02284263959390863
3 0.6732142857142858 0.2696700507614213 0.023571428571428573 0.021573604060913704
3 0.9853571428571428 0.6446700507614213 0.029285714285714286 0.035532994923857864
4 0.9164285714285715 0.2379441624365482 0.027142857142857142 0.024111675126903553
4 0.8417857142857142 0.2563451776649746 0.027857142857142858 0.025380710659898477
0 0.9464285714285714 0.15862944162436546 0.002857142857142857 0.012690355329949238
0 0.9635714285714285 0.1713197969543147 0.004285714285714286 0.012690355329949238
0 0.9671428571428572 0.19225888324873094 0.002857142857142857 0.008883248730964466
0 0.9617857142857142 0.1916243654822335 0.002142857142857143 0.0076142131979695426
0 0.9539285714285715 0.19543147208121825 0.0035714285714285713 0.0076142131979695426
0 0.96 0.15926395939086294 0.005714285714285714 0.011421319796954314
0 0.9767857142857143 0.14720812182741116 0.0035714285714285713 0.01015228426395939
0 0.9782142857142857 0.157994923857868 0.0064285714285714285 0.013959390862944161
0 0.9889285714285714 0.17576142131979694 0.0035714285714285713 0.011421319796954314
0 0.9364285714285714 0.133248730964467 0.004285714285714286 0.012690355329949238
0 0.9314285714285714 0.18210659898477155 0.0014285714285714286 0.008883248730964466
0 0.7332142857142857 0.06979695431472081 0.0035714285714285713 0.012690355329949238
5 0.33071428571428574 0.11357868020304568 0.08142857142857143 0.06725888324873096
