3 0.5325 0.6190476190476191 0.062142857142857146 0.06095238095238095
3 0.5257142857142857 0.46 0.055714285714285716 0.03428571428571429
3 0.6064285714285714 0.42 0.055714285714285716 0.03428571428571429
3 0.6264285714285714 0.37142857142857144 0.04857142857142857 0.030476190476190476
3 0.5885714285714285 0.3580952380952381 0.04857142857142857 0.030476190476190476
3 0.08214285714285714 0.38904761904761903 0.03428571428571429 0.037142857142857144
3 0.05071428571428571 0.40523809523809523 0.037142857142857144 0.037142857142857144
3 0.02214285714285714 0.37952380952380954 0.03142857142857143 0.03142857142857143
3 0.02107142857142857 0.34 0.035 0.03238095238095238
3 0.05607142857142857 0.36666666666666664 0.030714285714285715 0.026666666666666665
3 0.6842857142857143 0.36142857142857143 0.04285714285714286 0.02761904761904762
3 0.7475 0.3557142857142857 0.045 0.029523809523809525
3 0.8246428571428571 0.3433333333333333 0.045 0.029523809523809525
3 0.8771428571428571 0.3357142857142857 0.04285714285714286 0.023809523809523808
3 0.9707142857142858 0.32476190476190475 0.047142857142857146 0.02857142857142857
3 0.9335714285714286 0.30857142857142855 0.04 0.030476190476190476
3 0.8721428571428571 0.31857142857142856 0.045714285714285714 0.029523809523809525
3 0.82 0.32666666666666666 0.04428571428571428 0.02857142857142857
3 0.7728571428571429 0.3323809523809524 0.04285714285714286 0.030476190476190476
3 0.7085714285714285 0.3380952380952381 0.04428571428571428 0.02857142857142857
3 0.6464285714285715 0.3485714285714286 0.041428571428571426 0.026666666666666665
3 0.7925 0.8561904761904762 0.09785714285714285 0.09904761904761905
3 0.8192857142857143 0.8166666666666667 0.1 0.09619047619047619
3 0.9546428571428571 0.9161904761904762 0.085 0.10476190476190476
3 0.9457142857142857 0.9638095238095238 0.09 0.07238095238095238
3 0.7471428571428571 0.40714285714285714 0.04 0.035238095238095235
4 0.9821428571428571 0.3047619047619048 0.03571428571428571 0.030476190476190476
9 0.7928571428571428 0.6728571428571428 0.032857142857142856 0.029523809523809525
9 0.7132142857142857 0.6614285714285715 0.030714285714285715 0.025714285714285714
9 0.8517857142857143 0.6719047619047619 0.030714285714285715 0.02761904761904762
9 0.8357142857142857 0.6376190476190476 0.025714285714285714 0.025714285714285714
9 0.8807142857142857 0.7852380952380953 0.03571428571428571 0.040952380952380955
1 0.7203571428571428 0.6533333333333333 0.013571428571428571 0.026666666666666665
1 0.7946428571428571 0.6628571428571428 0.016428571428571428 0.03238095238095238
1 0.8410714285714286 0.6290476190476191 0.016428571428571428 0.025714285714285714
1 0.8557142857142858 0.6619047619047619 0.012857142857142857 0.024761904761904763
1 0.8614285714285714 0.6671428571428571 0.015714285714285715 0.029523809523809525
1 0.8867857142857143 0.7757142857142857 0.019285714285714285 0.04285714285714286
3 0.22071428571428572 0.27095238095238094 0.03571428571428571 0.02761904761904762
3 0.18285714285714286 0.21523809523809523 0.03571428571428571 0.03238095238095238
