3 0.0875 0.9252380952380952 0.085 0.14761904761904762
3 0.11464285714285714 0.7223809523809523 0.08071428571428571 0.1742857142857143
3 0.12892857142857142 0.5338095238095238 0.06642857142857143 0.11714285714285715
3 0.37107142857142855 0.22904761904761906 0.05357142857142857 0.1380952380952381
3 0.455 0.24952380952380954 0.047142857142857146 0.12380952380952381
3 0.21107142857142858 0.07952380952380952 0.056428571428571425 0.11714285714285715
3 0.031785714285714285 0.03333333333333333 0.06357142857142857 0.06476190476190476
3 0.16714285714285715 0.04857142857142857 0.06142857142857143 0.09714285714285714
3 0.10821428571428571 0.28809523809523807 0.07357142857142857 0.1419047619047619
4 0.15714285714285714 0.3547619047619048 0.07428571428571429 0.16666666666666666
1 0.2596428571428571 0.26904761904761904 0.023571428571428573 0.03142857142857143
7 0.26321428571428573 0.28285714285714286 0.025 0.05904761904761905
3 0.5325 0.11476190476190476 0.04357142857142857 0.11904761904761904
3 0.6457142857142857 0.2857142857142857 0.05142857142857143 0.13714285714285715
3 0.6453571428571429 0.4504761904761905 0.05071428571428571 0.13523809523809524
3 0.6478571428571429 0.6414285714285715 0.055714285714285716 0.16285714285714287
3 0.6528571428571428 0.8709523809523809 0.05285714285714286 0.1457142857142857
3 0.9317857142857143 0.8114285714285714 0.13642857142857143 0.0838095238095238
3 0.9121428571428571 0.7114285714285714 0.13142857142857142 0.0761904761904762
3 0.8996428571428572 0.6276190476190476 0.12928571428571428 0.07238095238095238
3 0.8978571428571429 0.5471428571428572 0.12571428571428572 0.07523809523809524
3 0.8735714285714286 0.31476190476190474 0.10142857142857142 0.06952380952380953
3 0.7067857142857142 0.3161904761904762 0.052142857142857144 0.14095238095238094
3 0.7246428571428571 0.5009523809523809 0.05357142857142857 0.13714285714285715
3 0.8667857142857143 0.11285714285714285 0.10928571428571429 0.07333333333333333
0 0.8078571428571428 0.03238095238095238 0.022857142857142857 0.04380952380952381
0 0.8389285714285715 0.025238095238095237 0.02642857142857143 0.04285714285714286
0 0.7364285714285714 0.23904761904761904 0.02 0.04
0 0.7632142857142857 0.47714285714285715 0.02214285714285714 0.02857142857142857
9 0.9589285714285715 0.11904761904761904 0.029285714285714286 0.049523809523809526
