8 0.57825 0.8713333333333333 0.1405 0.24
4 0.454 0.7316666666666667 0.034 0.066
3 0.39275 0.6623333333333333 0.0285 0.046
3 0.47275 0.641 0.0335 0.041999999999999996
3 0.42275 0.6096666666666667 0.029500000000000002 0.03933333333333333
3 0.38275000000000003 0.6263333333333333 0.0285 0.041999999999999996
3 0.43875000000000003 0.5763333333333334 0.0275 0.03266666666666666
3 0.59 0.5866666666666667 0.036000000000000004 0.03333333333333333
3 0.54975 0.5406666666666666 0.0265 0.024
3 0.38825 0.5499999999999999 0.0245 0.030666666666666665
3 0.447 0.5253333333333333 0.038 0.022666666666666665
3 0.438 0.5166666666666666 0.039 0.024
3 0.4285 0.49866666666666665 0.037 0.02
3 0.4225 0.491 0.038 0.018
3 0.38925 0.48133333333333334 0.0175 0.022666666666666665
3 0.3795 0.4683333333333333 0.018000000000000002 0.020666666666666667
3 0.50025 0.488 0.0225 0.02
3 0.46875 0.45699999999999996 0.021500000000000002 0.016666666666666666
3 0.43125 0.46699999999999997 0.0205 0.018
3 0.418 0.45166666666666666 0.016 0.016666666666666666
3 0.429 0.42066666666666663 0.016 0.016
3 0.4045 0.43766666666666665 0.015 0.015333333333333332
3 0.339 0.45199999999999996 0.015 0.018666666666666665
3 0.3125 0.441 0.014 0.016666666666666666
5 0.33125 0.4056666666666667 0.0185 0.018
4 0.31975000000000003 0.39466666666666667 0.0165 0.016
3 0.318 0.415 0.02 0.018
3 0.2315 0.7713333333333333 0.078 0.048
3 0.26675 0.7246666666666667 0.035500000000000004 0.052
3 0.22425 0.7253333333333333 0.035500000000000004 0.050666666666666665
3 0.221 0.46099999999999997 0.033 0.018
3 0.2205 0.45166666666666666 0.034 0.016666666666666666
3 0.224 0.4323333333333333 0.031 0.014
3 0.22525 0.429 0.025500000000000002 0.015333333333333332
3 0.22625 0.42433333333333334 0.0285 0.016666666666666666
3 0.20025 0.41466666666666663 0.0125 0.016
2 0.20875 0.6776666666666666 0.0135 0.018
