3 0.01107142857142857 0.32761904761904764 0.02214285714285714 0.03619047619047619
9 0.013214285714285715 0.24428571428571427 0.023571428571428573 0.01619047619047619
9 0.065 0.32047619047619047 0.02 0.010476190476190476
0 0.4282142857142857 0.41619047619047617 0.007857142857142858 0.011428571428571429
3 0.43535714285714283 0.49047619047619045 0.02214285714285714 0.06095238095238095
3 0.3914285714285714 0.5219047619047619 0.04428571428571428 0.03619047619047619
3 0.3842857142857143 0.4957142857142857 0.05 0.035238095238095235
5 0.38821428571428573 0.45714285714285713 0.05785714285714286 0.0380952380952381
3 0.3821428571428571 0.42714285714285716 0.045714285714285714 0.037142857142857144
3 0.3742857142857143 0.4004761904761905 0.041428571428571426 0.03142857142857143
3 0.3732142857142857 0.3514285714285714 0.045 0.02857142857142857
4 0.37357142857142855 0.319047619047619 0.04285714285714286 0.026666666666666665
3 0.37785714285714284 0.28809523809523807 0.04857142857142857 0.02761904761904762
3 0.3846428571428571 0.2561904761904762 0.047857142857142855 0.02857142857142857
4 0.31857142857142856 0.2257142857142857 0.022857142857142857 0.06857142857142857
4 0.3482142857142857 0.20761904761904762 0.023571428571428573 0.05904761904761905
3 0.37 0.2019047619047619 0.022857142857142857 0.05904761904761905
9 0.29428571428571426 0.1823809523809524 0.014285714285714285 0.023809523809523808
0 0.3482142857142857 0.1461904761904762 0.009285714285714286 0.014285714285714285
6 0.3389285714285714 0.012857142857142857 0.015 0.025714285714285714
0 0.38107142857142856 0.014761904761904763 0.007857142857142858 0.01619047619047619
7 0.3867857142857143 0.04857142857142857 0.035 0.03428571428571429
3 0.4342857142857143 0.037142857142857144 0.04285714285714286 0.05333333333333333
3 0.48964285714285716 0.029047619047619048 0.02214285714285714 0.058095238095238096
3 0.4407142857142857 0.1 0.022857142857142857 0.06857142857142857
4 0.48142857142857143 0.23476190476190475 0.02 0.06190476190476191
6 0.5335714285714286 0.030952380952380953 0.015714285714285715 0.035238095238095235
1 0.5357142857142857 0.020476190476190478 0.011428571428571429 0.014285714285714285
6 0.5407142857142857 0.09428571428571429 0.014285714285714285 0.0380952380952381
1 0.5414285714285715 0.08428571428571428 0.007142857142857143 0.01619047619047619
9 0.5567857142857143 0.13 0.013571428571428571 0.02
1 0.5557142857142857 0.12666666666666668 0.008571428571428572 0.011428571428571429
9 0.5275 0.2257142857142857 0.009285714285714286 0.022857142857142857
5 0.5232142857142857 0.3819047619047619 0.020714285714285713 0.06476190476190476
3 0.4992857142857143 0.4861904761904762 0.022857142857142857 0.06380952380952382
4 0.5314285714285715 0.5123809523809524 0.02142857142857143 0.05904761904761905
6 0.5657142857142857 0.6152380952380953 0.011428571428571429 0.03428571428571429
1 0.565 0.6076190476190476 0.008571428571428572 0.015238095238095238
9 0.5714285714285714 0.7080952380952381 0.008571428571428572 0.025714285714285714
1 0.5714285714285714 0.7085714285714285 0.007142857142857143 0.015238095238095238
9 0.49107142857142855 0.6538095238095238 0.013571428571428571 0.02761904761904762
3 0.5164285714285715 0.7228571428571429 0.022857142857142857 0.06285714285714286
3 0.5496428571428571 0.9023809523809524 0.025 0.06571428571428571
4 0.5760714285714286 0.8633333333333333 0.029285714285714286 0.07142857142857142
3 0.6107142857142858 0.8480952380952381 0.02 0.06
3 0.655 0.8633333333333333 0.045714285714285714 0.029523809523809525
4 0.6882142857142857 0.7961904761904762 0.04357142857142857 0.026666666666666665
3 0.6942857142857143 0.8314285714285714 0.04428571428571428 0.030476190476190476
3 0.7103571428571429 0.8976190476190476 0.045 0.037142857142857144
3 0.7146428571428571 0.9295238095238095 0.047857142857142855 0.03619047619047619
3 0.7178571428571429 0.9638095238095238 0.045714285714285714 0.03619047619047619
3 0.7264285714285714 0.99 0.04857142857142857 0.02
9 0.8042857142857143 0.8452380952380952 0.018571428571428572 0.012380952380952381
9 0.8025 0.8328571428571429 0.020714285714285713 0.012380952380952381
6 0.7157142857142857 0.7642857142857142 0.018571428571428572 0.035238095238095235
3 0.7842857142857143 0.789047619047619 0.047142857142857146 0.04476190476190476
3 0.6767857142857143 0.660952380952381 0.04357142857142857 0.03619047619047619
9 0.7457142857142857 0.5833333333333334 0.012857142857142857 0.008571428571428572
4 0.6617857142857143 0.5676190476190476 0.045 0.03238095238095238
6 0.7396428571428572 0.5385714285714286 0.013571428571428571 0.037142857142857144
3 0.6571428571428571 0.5404761904761904 0.047142857142857146 0.035238095238095235
3 0.6517857142857143 0.5076190476190476 0.04357142857142857 0.03238095238095238
3 0.6489285714285714 0.47619047619047616 0.04357142857142857 0.02857142857142857
3 0.6485714285714286 0.4461904761904762 0.03857142857142857 0.029523809523809525
3 0.6489285714285714 0.41714285714285715 0.045 0.03238095238095238
9 0.7328571428571429 0.5109523809523809 0.01 0.02
1 0.7332142857142857 0.5114285714285715 0.0064285714285714285 0.009523809523809525
9 0.7317857142857143 0.4614285714285714 0.017857142857142856 0.012380952380952381
9 0.7475 0.45904761904761904 0.019285714285714285 0.013333333333333332
9 0.7314285714285714 0.4066666666666667 0.018571428571428572 0.013333333333333332
9 0.7335714285714285 0.39666666666666667 0.02 0.010476190476190476
9 0.7260714285714286 0.37142857142857144 0.023571428571428573 0.009523809523809525
6 0.7257142857142858 0.3580952380952381 0.02142857142857143 0.02095238095238095
0 0.6817857142857143 0.31523809523809526 0.005 0.011428571428571429
3 0.6375 0.25857142857142856 0.04357142857142857 0.03142857142857143
3 0.6321428571428571 0.23238095238095238 0.04285714285714286 0.030476190476190476
0 0.6725 0.19142857142857142 0.0064285714285714285 0.015238095238095238
9 0.7021428571428572 0.2342857142857143 0.011428571428571429 0.02095238095238095
9 0.7135714285714285 0.20809523809523808 0.017142857142857144 0.014285714285714285
3 0.7260714285714286 0.12428571428571429 0.03214285714285714 0.06
0 0.7089285714285715 0.07333333333333333 0.009285714285714286 0.01904761904761905
0 0.6882142857142857 0.06428571428571428 0.0064285714285714285 0.012380952380952381
9 0.175 0.14476190476190476 0.014285714285714285 0.03238095238095238
9 0.18571428571428572 0.14238095238095239 0.014285714285714285 0.023809523809523808
9 0.19142857142857142 0.1376190476190476 0.018571428571428572 0.021904761904761906
9 0.20607142857142857 0.13047619047619047 0.013571428571428571 0.022857142857142857
9 0.21821428571428572 0.12523809523809523 0.016428571428571428 0.02761904761904762
9 0.23035714285714284 0.11761904761904762 0.016428571428571428 0.025714285714285714
9 0.18357142857142858 0.06523809523809523 0.014285714285714285 0.02761904761904762
9 0.19678571428571429 0.05523809523809524 0.016428571428571428 0.022857142857142857
9 0.17642857142857143 0.08333333333333333 0.018571428571428572 0.03142857142857143
0 0.21142857142857144 0.0838095238095238 0.014285714285714285 0.015238095238095238
