3 0.35 0.8965736040609137 0.02 0.06725888324873096
8 0.33214285714285713 0.8267766497461928 0.04285714285714286 0.1713197969543147
4 0.36607142857142855 0.7315989847715736 0.020714285714285713 0.06725888324873096
3 0.39035714285714285 0.697969543147208 0.017857142857142856 0.053299492385786795
8 0.41035714285714286 0.7125634517766497 0.03785714285714286 0.16624365482233502
3 0.3578571428571429 0.5717005076142132 0.017142857142857144 0.05456852791878172
3 0.3807142857142857 0.5488578680203046 0.018571428571428572 0.06725888324873096
3 0.3082142857142857 0.5323604060913705 0.030714285714285715 0.05964467005076142
3 0.41928571428571426 0.3096446700507614 0.017142857142857144 0.06345177664974619
3 0.4617857142857143 0.2182741116751269 0.016428571428571428 0.053299492385786795
9 0.4828571428571429 0.2144670050761421 0.008571428571428572 0.032994923857868015
9 0.495 0.2151015228426396 0.008571428571428572 0.031725888324873094
9 0.4907142857142857 0.2531725888324873 0.008571428571428572 0.03426395939086294
9 0.49857142857142855 0.25571065989847713 0.008571428571428572 0.03426395939086294
