3 0.4375 0.015238095238095238 0.010714285714285714 0.022857142857142857
0 0.41892857142857143 0.013333333333333332 0.0035714285714285713 0.013333333333333332
4 0.4992857142857143 0.026666666666666665 0.011428571428571429 0.024761904761904763
3 0.4982142857142857 0.05 0.010714285714285714 0.021904761904761906
4 0.435 0.03619047619047619 0.01 0.024761904761904763
4 0.43392857142857144 0.062380952380952384 0.012142857142857143 0.029523809523809525
3 0.49857142857142855 0.07333333333333333 0.011428571428571429 0.022857142857142857
3 0.5 0.09904761904761905 0.012857142857142857 0.024761904761904763
5 0.5064285714285715 0.12285714285714286 0.03 0.02095238095238095
3 0.4332142857142857 0.11142857142857143 0.012142857142857143 0.026666666666666665
3 0.43107142857142855 0.13904761904761906 0.015 0.030476190476190476
3 0.42964285714285716 0.16952380952380952 0.013571428571428571 0.030476190476190476
3 0.49964285714285717 0.17333333333333334 0.015 0.026666666666666665
9 0.5007142857142857 0.1919047619047619 0.012857142857142857 0.012380952380952381
9 0.5014285714285714 0.2119047619047619 0.012857142857142857 0.012380952380952381
9 0.4007142857142857 0.22523809523809524 0.004285714285714286 0.014285714285714285
9 0.5025 0.2571428571428571 0.013571428571428571 0.011428571428571429
9 0.5042857142857143 0.26571428571428574 0.012857142857142857 0.009523809523809525
9 0.5025 0.2733333333333333 0.016428571428571428 0.011428571428571429
9 0.5032142857142857 0.2838095238095238 0.015 0.015238095238095238
3 0.4992857142857143 0.23857142857142857 0.014285714285714285 0.029523809523809525
3 0.4253571428571429 0.24095238095238095 0.016428571428571428 0.03619047619047619
0 0.4342857142857143 0.27 0.004285714285714286 0.014285714285714285
1 0.44357142857142856 0.3233333333333333 0.004285714285714286 0.010476190476190476
0 0.4932142857142857 0.36142857142857143 0.005 0.01619047619047619
9 0.4432142857142857 0.3261904761904762 0.005 0.021904761904761906
9 0.5021428571428571 0.3504761904761905 0.014285714285714285 0.013333333333333332
9 0.5217857142857143 0.39714285714285713 0.007857142857142858 0.02095238095238095
9 0.5628571428571428 0.4523809523809524 0.01 0.01904761904761905
9 0.5696428571428571 0.46 0.012142857142857143 0.017142857142857144
9 0.58 0.46190476190476193 0.01 0.02095238095238095
7 0.4725 0.32666666666666666 0.010714285714285714 0.03238095238095238
3 0.5 0.30857142857142855 0.015714285714285715 0.03619047619047619
3 0.42392857142857143 0.2804761904761905 0.015 0.037142857142857144
3 0.4232142857142857 0.3657142857142857 0.016428571428571428 0.04
3 0.5042857142857143 0.3823809523809524 0.015714285714285715 0.037142857142857144
3 0.4210714285714286 0.4080952380952381 0.016428571428571428 0.04857142857142857
3 0.4203571428571429 0.31857142857142856 0.016428571428571428 0.040952380952380955
3 0.42 0.46190476190476193 0.017142857142857144 0.049523809523809526
3 0.4160714285714286 0.5147619047619048 0.017857142857142856 0.05047619047619047
4 0.4139285714285714 0.5757142857142857 0.017857142857142856 0.05238095238095238
3 0.41535714285714287 0.6419047619047619 0.016428571428571428 0.047619047619047616
3 0.5235714285714286 0.6747619047619048 0.018571428571428572 0.054285714285714284
3 0.5328571428571428 0.840952380952381 0.024285714285714285 0.07238095238095238
1 0.42857142857142855 0.9838095238095238 0.008571428571428572 0.013333333333333332
9 0.4282142857142857 0.9861904761904762 0.009285714285714286 0.02761904761904762
9 0.6585714285714286 0.45714285714285713 0.005714285714285714 0.01904761904761905
3 0.6121428571428571 0.4685714285714286 0.04 0.024761904761904763
3 0.7128571428571429 0.4866666666666667 0.04428571428571428 0.02095238095238095
