5 0.0064285714285714285 0.416243654822335 0.012857142857142857 0.11675126903553298
3 0.07571428571428572 0.5926395939086294 0.03857142857142857 0.032994923857868015
4 0.16 0.6326142131979695 0.045714285714285714 0.03426395939086294
3 0.19464285714285715 0.5780456852791878 0.04357142857142857 0.031725888324873094
9 0.24857142857142858 0.6364213197969543 0.017142857142857144 0.016497461928934008
1 0.24607142857142858 0.6376903553299492 0.009285714285714286 0.011421319796954314
3 0.4125 0.7081218274111675 0.04642857142857143 0.04314720812182741
3 0.4614285714285714 0.7036802030456852 0.047142857142857146 0.04695431472081218
3 0.3653571428571429 0.6104060913705583 0.045 0.032994923857868015
4 0.39464285714285713 0.5558375634517766 0.03785714285714286 0.035532994923857864
4 0.49142857142857144 0.5418781725888324 0.04285714285714286 0.032994923857868015
3 0.5271428571428571 0.5920050761421319 0.04285714285714286 0.031725888324873094
4 0.58 0.5304568527918782 0.045714285714285714 0.03807106598984771
5 0.5253571428571429 0.7290609137055837 0.07642857142857143 0.05456852791878172
5 0.5982142857142857 0.8083756345177664 0.12785714285714286 0.07106598984771573
5 0.625 0.7461928934010151 0.10714285714285714 0.07360406091370558
5 0.6353571428571428 0.6833756345177664 0.08357142857142857 0.04695431472081218
3 0.7507142857142857 0.6878172588832486 0.022857142857142857 0.07360406091370558
3 0.7796428571428572 0.6884517766497461 0.020714285714285713 0.08248730964467005
3 0.8064285714285714 0.6916243654822335 0.025714285714285714 0.08883248730964466
3 0.8607142857142858 0.6878172588832486 0.024285714285714285 0.08883248730964466
3 0.8896428571428572 0.6770304568527918 0.025 0.05964467005076142
4 0.9446428571428571 0.6922588832487309 0.029285714285714286 0.09263959390862943
3 0.9717857142857143 0.6928934010152283 0.02642857142857143 0.08629441624365482
3 0.9928571428571429 0.6947969543147208 0.014285714285714285 0.08756345177664974
8 0.9603571428571429 0.5609137055837563 0.07928571428571428 0.050761421319796954
4 0.6539285714285714 0.5253807106598984 0.04071428571428572 0.032994923857868015
4 0.6817857142857143 0.5780456852791878 0.052142857142857144 0.03426395939086294
4 0.7353571428571428 0.5190355329949238 0.04214285714285714 0.03807106598984771
4 0.8007142857142857 0.5704314720812182 0.05285714285714286 0.03426395939086294
3 0.8928571428571429 0.5031725888324873 0.04857142857142857 0.03934010152284264
3 0.9632142857142857 0.48032994923857864 0.052142857142857144 0.03680203045685279
8 0.9778571428571429 0.21383248730964466 0.04428571428571428 0.06218274111675126
4 0.7889285714285714 0.282994923857868 0.04928571428571429 0.04314720812182741
3 0.6 0.3610406091370558 0.047142857142857146 0.03680203045685279
