0 0.07642857142857143 0.1838095238095238 0.014285714285714285 0.024761904761904763
0 0.07071428571428572 0.1880952380952381 0.007142857142857143 0.014285714285714285
0 0.06392857142857143 0.18142857142857144 0.012142857142857143 0.023809523809523808
1 0.2982142857142857 0.18857142857142858 0.007857142857142858 0.01904761904761905
1 0.35035714285714287 0.17666666666666667 0.005 0.012380952380952381
1 0.3482142857142857 0.17761904761904762 0.009285714285714286 0.021904761904761906
0 0.3914285714285714 0.1219047619047619 0.01 0.024761904761904763
0 0.4057142857142857 0.12666666666666668 0.008571428571428572 0.024761904761904763
2 0.43392857142857144 0.12285714285714286 0.017857142857142856 0.02095238095238095
0 0.5603571428571429 0.12095238095238095 0.0064285714285714285 0.024761904761904763
0 0.555 0.4876190476190476 0.012857142857142857 0.02095238095238095
9 0.5332142857142858 0.4980952380952381 0.02214285714285714 0.024761904761904763
9 0.5257142857142857 0.4819047619047619 0.024285714285714285 0.024761904761904763
9 0.5207142857142857 0.46714285714285714 0.02857142857142857 0.021904761904761906
1 0.6032142857142857 0.46 0.010714285714285714 0.015238095238095238
9 0.6035714285714285 0.4661904761904762 0.012857142857142857 0.04476190476190476
9 0.5932142857142857 0.42095238095238097 0.020714285714285713 0.030476190476190476
9 0.6042857142857143 0.4123809523809524 0.02 0.030476190476190476
9 0.6175 0.4066666666666667 0.020714285714285713 0.030476190476190476
9 0.5735714285714286 0.5157142857142857 0.018571428571428572 0.037142857142857144
9 0.5889285714285715 0.5076190476190476 0.016428571428571428 0.03619047619047619
9 0.6014285714285714 0.5004761904761905 0.018571428571428572 0.035238095238095235
2 0.6092857142857143 0.4980952380952381 0.014285714285714285 0.026666666666666665
9 0.6235714285714286 0.44904761904761903 0.024285714285714285 0.021904761904761906
9 0.6285714285714286 0.46190476190476193 0.024285714285714285 0.022857142857142857
9 0.6339285714285714 0.4742857142857143 0.029285714285714286 0.02857142857142857
9 0.6435714285714286 0.4880952380952381 0.024285714285714285 0.023809523809523808
9 0.6492857142857142 0.5004761904761905 0.025714285714285714 0.03142857142857143
2 0.6514285714285715 0.5119047619047619 0.02 0.012380952380952381
9 0.6625 0.5195238095238095 0.02642857142857143 0.02
2 0.6678571428571428 0.5285714285714286 0.015714285714285715 0.01904761904761905
9 0.6728571428571428 0.5371428571428571 0.025714285714285714 0.02095238095238095
9 0.6828571428571428 0.549047619047619 0.025714285714285714 0.023809523809523808
9 0.6942857142857143 0.5633333333333334 0.03 0.025714285714285714
9 0.7014285714285714 0.5842857142857143 0.02857142857142857 0.02761904761904762
9 0.7189285714285715 0.5933333333333334 0.027857142857142858 0.0380952380952381
9 0.76 0.6552380952380953 0.022857142857142857 0.0380952380952381
9 0.74 0.4023809523809524 0.018571428571428572 0.029523809523809525
0 0.7378571428571429 0.3961904761904762 0.011428571428571429 0.02857142857142857
9 0.6953571428571429 0.35285714285714287 0.017857142857142856 0.02761904761904762
9 0.705 0.3457142857142857 0.015714285714285715 0.026666666666666665
9 0.7171428571428572 0.3419047619047619 0.017142857142857144 0.02857142857142857
9 0.7392857142857143 0.3271428571428571 0.018571428571428572 0.035238095238095235
9 0.7528571428571429 0.32476190476190475 0.018571428571428572 0.02857142857142857
9 0.7685714285714286 0.3219047619047619 0.018571428571428572 0.030476190476190476
9 0.7817857142857143 0.3233333333333333 0.020714285714285713 0.02761904761904762
9 0.795 0.3219047619047619 0.022857142857142857 0.030476190476190476
9 0.8042857142857143 0.32 0.017142857142857144 0.030476190476190476
9 0.8139285714285714 0.31761904761904763 0.020714285714285713 0.025714285714285714
9 0.8932142857142857 0.16047619047619047 0.023571428571428573 0.021904761904761906
9 0.9046428571428572 0.2038095238095238 0.027857142857142858 0.02857142857142857
9 0.8964285714285715 0.2123809523809524 0.02142857142857143 0.026666666666666665
9 0.8942857142857142 0.2342857142857143 0.024285714285714285 0.022857142857142857
9 0.8853571428571428 0.2580952380952381 0.02214285714285714 0.03238095238095238
9 0.8757142857142857 0.27 0.015714285714285715 0.02761904761904762
1 0.8192857142857143 0.8761904761904762 0.015714285714285715 0.022857142857142857
9 0.82 0.8742857142857143 0.02857142857142857 0.03428571428571429
3 0.8103571428571429 0.9695238095238096 0.09357142857142857 0.06095238095238095
1 0.9282142857142857 0.5142857142857142 0.007857142857142858 0.01904761904761905
9 0.9246428571428571 0.5109523809523809 0.03214285714285714 0.035238095238095235
9 0.8232142857142857 0.47095238095238096 0.02214285714285714 0.040952380952380955
3 0.8442857142857143 0.4280952380952381 0.06 0.07714285714285714
3 0.8985714285714286 0.37047619047619046 0.06714285714285714 0.07047619047619047
3 0.9432142857142857 0.3619047619047619 0.06785714285714285 0.07047619047619047
3 0.9775 0.3252380952380952 0.045 0.07142857142857142
3 0.9325 0.16380952380952382 0.05071428571428571 0.05523809523809524
3 0.9821428571428571 0.13523809523809524 0.03571428571428571 0.0419047619047619
