0 0.10250000000000001 0.16066666666666665 0.06 0.06133333333333333
0 0.1945 0.12666666666666665 0.047 0.072
1 0.1795 0.11599999999999999 0.029 0.036
0 0.2225 0.10933333333333332 0.044 0.06133333333333333
0 0.42625 0.20166666666666666 0.0305 0.06466666666666666
0 0.18075 0.39599999999999996 0.0325 0.024
4 0.58925 0.24566666666666667 0.1305 0.282
0 0.6900000000000001 0.08 0.047 0.06533333333333333
0 0.68325 0.020999999999999998 0.0335 0.041999999999999996
0 0.24875 0.5453333333333333 0.0555 0.032
0 0.3055 0.5193333333333333 0.019 0.017333333333333333
0 0.34 0.5283333333333333 0.042 0.03933333333333333
0 0.34375 0.47833333333333333 0.0335 0.03933333333333333
0 0.375 0.497 0.024 0.022
9 0.39225 0.48166666666666663 0.051500000000000004 0.062
9 0.38075000000000003 0.5396666666666666 0.0575 0.07533333333333334
9 0.4585 0.5686666666666667 0.031 0.08266666666666667
0 0.38025000000000003 0.6306666666666666 0.0285 0.029333333333333333
9 0.06825 0.9023333333333333 0.0575 0.086
9 0.0415 0.9139999999999999 0.053 0.08666666666666667
0 0.58675 0.862 0.029500000000000002 0.064
0 0.5650000000000001 0.8733333333333333 0.03 0.07066666666666667
0 0.5575 0.77 0.027 0.056
0 0.47850000000000004 0.7423333333333333 0.022 0.046
0 0.52575 0.6866666666666666 0.0275 0.050666666666666665
0 0.483 0.6793333333333333 0.025 0.04933333333333333
0 0.6637500000000001 0.645 0.0325 0.04733333333333333
3 0.7045 0.7956666666666666 0.121 0.2806666666666667
1 0.41250000000000003 0.8346666666666667 0.037 0.04933333333333333
0 0.725 0.48 0.035 0.029333333333333333
