4 0.06714285714285714 0.32476190476190475 0.03142857142857143 0.04380952380952381
9 0.30964285714285716 0.4104761904761905 0.007857142857142858 0.01904761904761905
9 0.31607142857142856 0.4085714285714286 0.0064285714285714285 0.01904761904761905
9 0.9453571428571429 0.6019047619047619 0.010714285714285714 0.017142857142857144
9 0.9553571428571429 0.5961904761904762 0.012142857142857143 0.017142857142857144
9 0.8089285714285714 0.5852380952380952 0.012142857142857143 0.008571428571428572
9 0.8064285714285714 0.07904761904761905 0.02 0.011428571428571429
9 0.7953571428571429 0.09142857142857143 0.010714285714285714 0.013333333333333332
9 0.8089285714285714 0.09333333333333334 0.015 0.015238095238095238
3 0.64 0.9371428571428572 0.017142857142857144 0.045714285714285714
3 0.5803571428571429 0.6523809523809524 0.015 0.04380952380952381
3 0.6121428571428571 0.4828571428571429 0.017142857142857144 0.04
3 0.5925 0.3433333333333333 0.016428571428571428 0.04666666666666667
3 0.6939285714285715 0.579047619047619 0.03357142857142857 0.022857142857142857
3 0.8378571428571429 0.6661904761904762 0.03857142857142857 0.02761904761904762
3 0.9760714285714286 0.6714285714285714 0.03357142857142857 0.02095238095238095
4 0.5989285714285715 0.4014285714285714 0.016428571428571428 0.039047619047619046
5 0.5625 0.4147619047619048 0.017857142857142856 0.04285714285714286
0 0.5967857142857143 0.19380952380952382 0.005 0.008571428571428572
0 0.5928571428571429 0.1538095238095238 0.004285714285714286 0.014285714285714285
0 0.5982142857142857 0.15428571428571428 0.005 0.013333333333333332
0 0.5885714285714285 0.14952380952380953 0.004285714285714286 0.013333333333333332
0 0.595 0.14333333333333334 0.004285714285714286 0.008571428571428572
0 0.5917857142857142 0.11666666666666667 0.0035714285714285713 0.010476190476190476
0 0.5953571428571428 0.11666666666666667 0.005 0.012380952380952381
0 0.5853571428571429 0.05047619047619047 0.005 0.015238095238095238
0 0.5832142857142857 0.013333333333333332 0.005 0.017142857142857144
3 0.8792857142857143 0.06619047619047619 0.037142857142857144 0.02761904761904762
4 0.9075 0.1180952380952381 0.023571428571428573 0.05333333333333333
9 0.22071428571428572 0.15285714285714286 0.008571428571428572 0.023809523809523808
0 0.021785714285714287 0.05619047619047619 0.010714285714285714 0.013333333333333332
0 0.01892857142857143 0.05523809523809524 0.009285714285714286 0.013333333333333332
0 0.08071428571428571 0.9133333333333333 0.012857142857142857 0.013333333333333332
0 0.05857142857142857 0.9771428571428571 0.014285714285714285 0.015238095238095238
0 0.06464285714285714 0.979047619047619 0.010714285714285714 0.013333333333333332
0 0.025 0.9161904761904762 0.014285714285714285 0.013333333333333332
0 0.0425 0.8552380952380952 0.012142857142857143 0.011428571428571429
0 0.035 0.88 0.012857142857142857 0.011428571428571429
0 0.029285714285714286 0.8657142857142857 0.012857142857142857 0.009523809523809525
0 0.004285714285714286 0.7014285714285714 0.004285714285714286 0.008571428571428572
0 0.0075 0.8 0.013571428571428571 0.009523809523809525
0 0.010357142857142856 0.7876190476190477 0.015 0.007619047619047619
0 0.0075 0.7757142857142857 0.012142857142857143 0.006666666666666666
0 0.007142857142857143 0.7676190476190476 0.012857142857142857 0.007619047619047619
0 0.007142857142857143 0.7595238095238095 0.011428571428571429 0.010476190476190476
0 0.015357142857142857 0.719047619047619 0.009285714285714286 0.007619047619047619
0 0.013214285714285715 0.7123809523809523 0.009285714285714286 0.007619047619047619
0 0.014642857142857143 0.7061904761904761 0.009285714285714286 0.008571428571428572
0 0.0125 0.6671428571428571 0.007857142857142858 0.006666666666666666
