3 0.42432150313152395 0.9294990723562152 0.024008350730688934 0.09461966604823747
3 0.6049060542797494 0.950834879406308 0.03653444676409186 0.09647495361781076
3 0.46503131524008345 0.963821892393321 0.027139874739039664 0.0705009276437848
3 0.6200417536534446 0.7866419294990724 0.026096033402922752 0.07235621521335807
3 0.8747390396659707 0.8186456400742115 0.06263048016701461 0.05102040816326531
3 0.4284968684759916 0.7305194805194806 0.024008350730688934 0.07328385899814471
3 0.42667014613778703 0.5807050092764379 0.017223382045929016 0.059369202226345084
3 0.4556367432150313 0.5913729128014842 0.018789144050104383 0.05287569573283859
3 0.519572025052192 0.563543599257885 0.020354906054279746 0.041743970315398886
3 0.4986951983298538 0.45454545454545453 0.01826722338204593 0.03710575139146568
3 0.4261482254697286 0.42439703153988867 0.013048016701461376 0.041743970315398886
3 0.4577244258872651 0.3534322820037106 0.011482254697286011 0.029684601113172542
3 0.4728601252609603 0.274582560296846 0.010438413361169102 0.020408163265306124
3 0.4963465553235908 0.2727272727272727 0.012526096033402922 0.022263450834879406
3 0.47520876826722336 0.20083487940630798 0.010960334029227557 0.0176252319109462
5 0.4556367432150313 0.1660482374768089 0.010438413361169102 0.022263450834879406
3 0.4692066805845511 0.163265306122449 0.008350730688935281 0.016697588126159554
3 0.42223382045929014 0.0927643784786642 0.0073068893528183704 0.012987012987012988
3 0.4569415448851774 0.10018552875695733 0.006784968684759916 0.012987012987012988
4 0.4514613778705636 0.07699443413729128 0.0073068893528183704 0.012987012987012988
3 0.44206680584551145 0.04406307977736549 0.006263048016701461 0.010204081632653062
8 0.40266179540709807 0.03942486085343228 0.008872651356993735 0.02504638218923933
3 0.41910229645093944 0.020408163265306124 0.006263048016701461 0.011131725417439703
0 0.15005219206680584 0.19341372912801486 0.0036534446764091852 0.012059369202226345
3 0.44859081419624214 0.029684601113172542 0.006784968684759916 0.011131725417439703
4 0.49791231732776614 0.08441558441558442 0.006263048016701461 0.014842300556586271
3 0.5378392484342379 0.22912801484230055 0.010960334029227557 0.01855287569573284
3 0.6046450939457202 0.34415584415584416 0.03183716075156576 0.022263450834879406
4 0.6030793319415448 0.32142857142857145 0.022442588726513567 0.021335807050092765
4 0.5892484342379958 0.2829313543599258 0.030271398747390394 0.02411873840445269
4 0.5775052192066805 0.2606679035250464 0.02139874739039666 0.020408163265306124
3 0.5751565762004175 0.24582560296846012 0.022964509394572022 0.014842300556586271
3 0.551670146137787 0.19851576994434136 0.022964509394572022 0.014842300556586271
3 0.5506263048016701 0.18738404452690166 0.021920668058455113 0.012987012987012988
3 0.5441022964509394 0.1614100185528757 0.016179540709812108 0.014842300556586271
4 0.5495824634655532 0.16465677179962895 0.015657620041753653 0.015769944341372914
4 0.5456680584551148 0.1813543599257885 0.017223382045929016 0.013914656771799629
3 0.5190501043841336 0.1507421150278293 0.008872651356993735 0.013914656771799629
3 0.5334029227557411 0.1331168831168831 0.015657620041753653 0.010204081632653062
3 0.5323590814196242 0.12940630797773656 0.016701461377870562 0.010204081632653062
3 0.5255741127348642 0.11781076066790352 0.016701461377870562 0.011131725417439703
3 0.5443632567849687 0.11781076066790352 0.016701461377870562 0.012987012987012988
4 0.5093945720250521 0.07699443413729128 0.013569937369519832 0.011131725417439703
4 0.6821503131524008 0.462430426716141 0.031315240083507306 0.026901669758812616
3 0.6529227557411272 0.39192949907235625 0.029227557411273482 0.02504638218923933
0 0.6453549060542797 0.43692022263450836 0.0057411273486430055 0.01855287569573284
1 0.6646659707724425 0.6034322820037106 0.004697286012526096 0.0176252319109462
1 0.6336116910229644 0.5347866419294991 0.0041753653444676405 0.015769944341372914
1 0.5848121085594989 0.4225417439703154 0.004697286012526096 0.012059369202226345
1 0.5532359081419623 0.33534322820037105 0.0020876826722338203 0.010204081632653062
3 0.48355949895615863 0.024582560296846013 0.0057411273486430055 0.010204081632653062
3 0.4765135699373695 0.004174397031539889 0.005219206680584551 0.008348794063079777
1 0.5031315240083507 0.1437847866419295 0.0020876826722338203 0.0074211502782931356
9 0.5026096033402923 0.14888682745825604 0.0020876826722338203 0.00463821892393321
9 0.49243215031315235 0.07792207792207792 0.0015657620041753652 0.0055658627087198514
1 0.4919102296450939 0.07328385899814471 0.0015657620041753652 0.0055658627087198514
0 0.48695198329853856 0.0705009276437848 0.0020876826722338203 0.00927643784786642
1 0.5425365344467641 0.4220779220779221 0.0036534446764091852 0.012987012987012988
2 0.5414926931106472 0.42996289424860856 0.004697286012526096 0.015769944341372914
2 0.5845511482254697 0.43042671614100186 0.0041753653444676405 0.011131725417439703
9 0.5994258872651357 0.44155844155844154 0.0057411273486430055 0.022263450834879406
9 0.6325678496868475 0.5431354359925789 0.008350730688935281 0.013914656771799629
9 0.5686325678496867 0.15352504638218925 0.007828810020876827 0.010204081632653062
1 0.2899269311064718 0.8724489795918368 0.006784968684759916 0.02319109461966605
1 0.30401878914405006 0.911873840445269 0.010960334029227557 0.025974025974025976
1 0.3285490605427975 0.550556586270872 0.0057411273486430055 0.010204081632653062
1 0.3590814196242171 0.5357142857142857 0.0073068893528183704 0.021335807050092765
1 0.36821503131524 0.5403525046382189 0.006784968684759916 0.02319109461966605
9 0.3288100208768267 0.5612244897959183 0.0073068893528183704 0.014842300556586271
9 0.3580375782881002 0.5422077922077922 0.005219206680584551 0.0176252319109462
9 0.3676931106471816 0.5473098330241187 0.0057411273486430055 0.012987012987012988
9 0.2888830897703549 0.8896103896103896 0.008872651356993735 0.027829313543599257
9 0.3024530271398747 0.9336734693877551 0.009916492693110646 0.030612244897959183
3 0.0842901878914405 0.9842300556586271 0.07150313152400835 0.029684601113172542
1 0.36221294363256784 0.29313543599257885 0.0031315240083507304 0.011131725417439703
1 0.3802192066805845 0.12894248608534323 0.0026096033402922755 0.0074211502782931356
1 0.38256784968684754 0.12523191094619665 0.0020876826722338203 0.0055658627087198514
9 0.3823068893528183 0.13079777365491652 0.0026096033402922755 0.0074211502782931356
9 0.37969728601252606 0.13358070500927643 0.0026096033402922755 0.0055658627087198514
9 0.36195198329853856 0.3014842300556586 0.0036534446764091852 0.00927643784786642
1 0.7904488517745302 0.6614100185528757 0.0057411273486430055 0.011131725417439703
1 0.8546450939457202 0.6641929499072357 0.006784968684759916 0.022263450834879406
9 0.8541231732776617 0.6706864564007421 0.015135699373695197 0.020408163265306124
9 0.7881002087682671 0.6702226345083488 0.01774530271398747 0.015769944341372914
1 0.8220250521920667 0.6641929499072357 0.005219206680584551 0.01855287569573284
9 0.8194154488517744 0.6711502782931354 0.01774530271398747 0.013914656771799629
