8 0.49464285714285716 0.23285714285714285 0.0064285714285714285 0.02
8 0.46785714285714286 0.29619047619047617 0.011428571428571429 0.030476190476190476
5 0.4860714285714286 0.15047619047619049 0.0064285714285714285 0.017142857142857144
5 0.5025 0.20761904761904762 0.0064285714285714285 0.01904761904761905
5 0.47928571428571426 0.23476190476190475 0.005714285714285714 0.014285714285714285
5 0.5025 0.14666666666666667 0.005 0.011428571428571429
5 0.4785714285714286 0.18476190476190477 0.005714285714285714 0.013333333333333332
5 0.4810714285714286 0.16714285714285715 0.005 0.012380952380952381
3 0.5417857142857143 0.21428571428571427 0.010714285714285714 0.007619047619047619
3 0.49 0.12857142857142856 0.002857142857142857 0.0038095238095238095
3 0.48464285714285715 0.17904761904761904 0.0035714285714285713 0.005714285714285714
3 0.5017857142857143 0.1880952380952381 0.0035714285714285713 0.006666666666666666
3 0.5003571428571428 0.19380952380952382 0.0035714285714285713 0.006666666666666666
5 0.485 0.1380952380952381 0.005714285714285714 0.009523809523809525
0 0.5235714285714286 0.15904761904761905 0.0014285714285714286 0.007619047619047619
3 0.5260714285714285 0.16095238095238096 0.0035714285714285713 0.005714285714285714
3 0.4925 0.22 0.005 0.007619047619047619
3 0.4975 0.25857142857142856 0.005 0.008571428571428572
3 0.5307142857142857 0.30857142857142855 0.015714285714285715 0.009523809523809525
3 0.47285714285714286 0.26476190476190475 0.005714285714285714 0.009523809523809525
3 0.5478571428571428 0.2357142857142857 0.012857142857142857 0.006666666666666666
3 0.5492857142857143 0.23952380952380953 0.011428571428571429 0.006666666666666666
3 0.55 0.24333333333333335 0.011428571428571429 0.006666666666666666
3 0.5496428571428571 0.2480952380952381 0.012142857142857143 0.008571428571428572
3 0.5510714285714285 0.2519047619047619 0.012142857142857143 0.006666666666666666
3 0.5289285714285714 0.3 0.016428571428571428 0.009523809523809525
3 0.5357142857142857 0.33904761904761904 0.017142857142857144 0.013333333333333332
4 0.4907142857142857 0.3109523809523809 0.007142857142857143 0.01619047619047619
4 0.4932142857142857 0.3395238095238095 0.009285714285714286 0.018095238095238095
5 0.4617857142857143 0.35285714285714287 0.016428571428571428 0.058095238095238096
5 0.48392857142857143 0.42238095238095236 0.013571428571428571 0.029523809523809525
5 0.5246428571428572 0.4142857142857143 0.009285714285714286 0.022857142857142857
0 0.5425 0.43285714285714283 0.0035714285714285713 0.010476190476190476
3 0.5564285714285714 0.4471428571428571 0.022857142857142857 0.012380952380952381
3 0.56 0.4552380952380952 0.02142857142857143 0.009523809523809525
3 0.4710714285714286 0.5638095238095238 0.013571428571428571 0.02857142857142857
3 0.4675 0.6938095238095238 0.017857142857142856 0.040952380952380955
8 0.4125 0.7676190476190476 0.03357142857142857 0.10666666666666666
5 0.455 0.8814285714285715 0.03 0.09619047619047619
5 0.02107142857142857 0.6914285714285714 0.04214285714285714 0.13142857142857142
3 0.022857142857142857 0.6271428571428571 0.04 0.021904761904761906
3 0.10392857142857143 0.5290476190476191 0.03357142857142857 0.01619047619047619
3 0.24357142857142858 0.4061904761904762 0.015714285714285715 0.018095238095238095
3 0.3167857142857143 0.36857142857142855 0.013571428571428571 0.01904761904761905
3 0.1925 0.4357142857142857 0.017857142857142856 0.02
3 0.14035714285714285 0.5161904761904762 0.03214285714285714 0.017142857142857144
3 0.09642857142857143 0.5466666666666666 0.032857142857142856 0.02095238095238095
0 0.16964285714285715 0.5157142857142857 0.005 0.014285714285714285
5 0.30857142857142855 0.43 0.024285714285714285 0.03142857142857143
9 0.19214285714285714 0.4219047619047619 0.01 0.009523809523809525
0 0.32 0.3376190476190476 0.002857142857142857 0.008571428571428572
5 0.25142857142857145 0.23095238095238096 0.01 0.012380952380952381
5 0.29928571428571427 0.28523809523809524 0.02857142857142857 0.029523809523809525
4 0.2932142857142857 0.30952380952380953 0.009285714285714286 0.015238095238095238
4 0.30107142857142855 0.3109523809523809 0.007857142857142858 0.014285714285714285
4 0.3142857142857143 0.2642857142857143 0.01 0.010476190476190476
4 0.33714285714285713 0.22952380952380952 0.01 0.007619047619047619
3 0.35428571428571426 0.24047619047619048 0.007142857142857143 0.008571428571428572
3 0.325 0.2557142857142857 0.011428571428571429 0.006666666666666666
3 0.3192857142857143 0.2623809523809524 0.01 0.008571428571428572
3 0.3117857142857143 0.2714285714285714 0.013571428571428571 0.009523809523809525
5 0.23892857142857143 0.22666666666666666 0.012142857142857143 0.017142857142857144
5 0.24535714285714286 0.22904761904761906 0.009285714285714286 0.014285714285714285
5 0.21142857142857144 0.23142857142857143 0.025714285714285714 0.01904761904761905
5 0.2007142857142857 0.23476190476190475 0.022857142857142857 0.018095238095238095
3 0.6389285714285714 0.4714285714285714 0.025 0.015238095238095238
5 0.4307142857142857 0.13523809523809524 0.022857142857142857 0.011428571428571429
5 0.4957142857142857 0.1519047619047619 0.005714285714285714 0.012380952380952381
3 0.5028571428571429 0.15619047619047619 0.004285714285714286 0.005714285714285714
