3 0.075 0.1681472081218274 0.055714285714285716 0.10025380710659898
1 0.23964285714285713 0.8838832487309644 0.010714285714285714 0.024111675126903553
1 0.24714285714285714 0.8718274111675126 0.014285714285714285 0.02284263959390863
1 0.23392857142857143 0.8515228426395939 0.012142857142857143 0.025380710659898477
1 0.2525 0.8527918781725887 0.012142857142857143 0.02284263959390863
1 0.25642857142857145 0.833756345177665 0.01 0.02284263959390863
1 0.3632142857142857 0.7563451776649746 0.023571428571428573 0.02284263959390863
0 0.3867857142857143 0.6199238578680203 0.009285714285714286 0.029187817258883246
1 0.2832142857142857 0.7043147208121827 0.013571428571428571 0.02284263959390863
1 0.27285714285714285 0.6954314720812182 0.012857142857142857 0.02284263959390863
0 0.4253571428571429 0.5158629441624365 0.013571428571428571 0.04187817258883248
0 0.39571428571428574 0.4695431472081218 0.008571428571428572 0.035532994923857864
0 0.40285714285714286 0.4708121827411167 0.007142857142857143 0.032994923857868015
0 0.3082142857142857 0.4143401015228426 0.010714285714285714 0.031725888324873094
0 0.3082142857142857 0.40862944162436543 0.010714285714285714 0.03045685279187817
0 0.49857142857142855 0.2626903553299492 0.008571428571428572 0.035532994923857864
0 0.5182142857142857 0.274746192893401 0.007857142857142858 0.03426395939086294
1 0.5110714285714286 0.38578680203045684 0.017857142857142856 0.02030456852791878
1 0.5078571428571429 0.3965736040609137 0.01 0.024111675126903553
1 0.3964285714285714 0.23350253807106597 0.01 0.02284263959390863
0 0.47214285714285714 0.25888324873096447 0.008571428571428572 0.03045685279187817
0 0.4567857142857143 0.28870558375634514 0.009285714285714286 0.03426395939086294
0 0.36857142857142855 0.25444162436548223 0.008571428571428572 0.029187817258883246
1 0.4807142857142857 0.07170050761421319 0.01 0.026649746192893398
1 0.4689285714285714 0.274746192893401 0.012142857142857143 0.024111675126903553
1 0.3539285714285714 0.1763959390862944 0.009285714285714286 0.017766497461928932
1 0.3525 0.1713197969543147 0.009285714285714286 0.02030456852791878
0 0.43392857142857144 0.44352791878172587 0.010714285714285714 0.03680203045685279
1 0.24321428571428572 0.8343908629441624 0.012142857142857143 0.026649746192893398
1 0.48214285714285715 0.07106598984771573 0.011428571428571429 0.025380710659898477
1 0.38392857142857145 0.04314720812182741 0.009285714285714286 0.02030456852791878
