3 0.7846428571428572 0.8219047619047619 0.09785714285714285 0.1980952380952381
4 0.5575 0.789047619047619 0.11928571428571429 0.09619047619047619
3 0.5139285714285714 0.62 0.05928571428571429 0.14476190476190476
3 0.7075 0.48904761904761906 0.06785714285714285 0.12285714285714286
0 0.5467857142857143 0.5423809523809524 0.019285714285714285 0.05047619047619047
3 0.6610714285714285 0.3 0.05071428571428571 0.0838095238095238
3 0.6417857142857143 0.2261904761904762 0.04357142857142857 0.06761904761904762
3 0.6317857142857143 0.16523809523809524 0.039285714285714285 0.07142857142857142
3 0.4982142857142857 0.3295238095238095 0.039285714285714285 0.08190476190476191
3 0.49464285714285716 0.19523809523809524 0.035 0.0838095238095238
3 0.5932142857142857 0.015238095238095238 0.029285714285714286 0.02857142857142857
0 0.4725 0.1823809523809524 0.009285714285714286 0.03333333333333333
0 0.4060714285714286 0.14761904761904762 0.015 0.04
0 0.3921428571428571 0.1457142857142857 0.014285714285714285 0.04
0 0.44357142857142856 0.1280952380952381 0.01 0.039047619047619046
6 0.45285714285714285 0.10476190476190476 0.03 0.049523809523809526
3 0.42714285714285716 0.0761904761904762 0.06285714285714286 0.04
3 0.4039285714285714 0.03619047619047619 0.065 0.0380952380952381
3 0.41928571428571426 0.015714285714285715 0.05714285714285714 0.03142857142857143
9 0.3325 0.08761904761904762 0.012142857142857143 0.03428571428571429
9 0.3507142857142857 0.10285714285714286 0.011428571428571429 0.030476190476190476
0 0.31357142857142856 0.1961904761904762 0.011428571428571429 0.0419047619047619
0 0.3057142857142857 0.2042857142857143 0.012857142857142857 0.04285714285714286
0 0.2982142857142857 0.1919047619047619 0.009285714285714286 0.035238095238095235
9 0.3482142857142857 0.1719047619047619 0.027857142857142858 0.025714285714285714
9 0.34535714285714286 0.1619047619047619 0.029285714285714286 0.026666666666666665
9 0.32035714285714284 0.3019047619047619 0.03357142857142857 0.03238095238095238
9 0.3225 0.2885714285714286 0.03214285714285714 0.030476190476190476
2 0.23357142857142857 0.5019047619047619 0.04428571428571428 0.024761904761904763
0 0.35892857142857143 0.46714285714285714 0.016428571428571428 0.04285714285714286
3 0.40464285714285714 0.731904761904762 0.05928571428571429 0.16476190476190475
3 0.40035714285714286 0.570952380952381 0.055 0.13428571428571429
9 0.24571428571428572 0.7219047619047619 0.055714285714285716 0.03428571428571429
9 0.2532142857142857 0.6942857142857143 0.05785714285714286 0.047619047619047616
2 0.1725 0.7247619047619047 0.025 0.05333333333333333
1 0.24 0.8047619047619048 0.025714285714285714 0.03619047619047619
