8 0.015357142857142857 0.8515228426395939 0.030714285714285715 0.11928934010152284
8 0.02857142857142857 0.8591370558375634 0.03428571428571429 0.11167512690355329
8 0.03892857142857143 0.9092639593908629 0.025 0.07741116751269035
1 0.054642857142857146 0.26713197969543145 0.007857142857142858 0.008883248730964466
1 0.008214285714285714 0.30583756345177665 0.007857142857142858 0.0076142131979695426
0 0.056428571428571425 0.5222081218274112 0.007142857142857143 0.006345177664974619
0 0.055714285714285716 0.5348984771573604 0.005714285714285714 0.006345177664974619
0 0.05392857142857143 0.5406091370558376 0.005 0.005076142131979695
4 0.11285714285714285 0.6421319796954315 0.012857142857142857 0.035532994923857864
4 0.10535714285714286 0.6954314720812182 0.013571428571428571 0.04060913705583756
3 0.0975 0.7411167512690354 0.015 0.03807106598984771
3 0.3271428571428571 0.7163705583756345 0.012857142857142857 0.03934010152284264
5 0.30714285714285716 0.699238578680203 0.017142857142857144 0.048223350253807105
4 0.35428571428571426 0.6687817258883249 0.022857142857142857 0.02030456852791878
3 0.29428571428571426 0.5291878172588832 0.011428571428571429 0.03807106598984771
0 0.2875 0.5697969543147208 0.005 0.0076142131979695426
3 0.31892857142857145 0.48477157360406087 0.012142857142857143 0.04060913705583756
4 0.3457142857142857 0.5050761421319797 0.014285714285714285 0.04060913705583756
4 0.3335714285714286 0.4974619289340101 0.014285714285714285 0.04060913705583756
5 0.33 0.3515228426395939 0.027142857142857142 0.10406091370558375
5 0.34464285714285714 0.24555837563451774 0.02214285714285714 0.0748730964467005
4 0.36642857142857144 0.3908629441624365 0.017142857142857144 0.03807106598984771
4 0.3707142857142857 0.3642131979695431 0.017142857142857144 0.04060913705583756
4 0.3725 0.3305837563451776 0.017857142857142856 0.04441624365482233
4 0.37642857142857145 0.3013959390862944 0.014285714285714285 0.03680203045685279
3 0.38107142857142856 0.2760152284263959 0.016428571428571428 0.03934010152284264
4 0.38357142857142856 0.24238578680203043 0.018571428571428572 0.04060913705583756
3 0.40214285714285714 0.14340101522842638 0.02 0.017766497461928932
3 0.40285714285714286 0.12246192893401014 0.02 0.016497461928934008
4 0.4039285714285714 0.10152284263959391 0.02214285714285714 0.017766497461928932
3 0.4092857142857143 0.06345177664974619 0.015714285714285715 0.017766497461928932
3 0.40714285714285714 0.04187817258883248 0.02142857142857143 0.017766497461928932
3 0.4067857142857143 0.005076142131979695 0.020714285714285713 0.01015228426395939
4 0.455 0.014593908629441623 0.008571428571428572 0.029187817258883246
4 0.44 0.032994923857868015 0.008571428571428572 0.032994923857868015
3 0.52 0.09581218274111675 0.008571428571428572 0.03680203045685279
3 0.45571428571428574 0.1148477157360406 0.008571428571428572 0.03680203045685279
4 0.4375 0.1364213197969543 0.009285714285714286 0.031725888324873094
4 0.4585714285714286 0.19670050761421318 0.008571428571428572 0.03807106598984771
4 0.6160714285714286 0.06725888324873096 0.010714285714285714 0.04060913705583756
3 0.6439285714285714 0.04568527918781726 0.010714285714285714 0.04568527918781726
0 0.7603571428571428 0.2309644670050761 0.0035714285714285713 0.01015228426395939
4 0.6610714285714285 0.3280456852791878 0.012142857142857143 0.04187817258883248
4 0.43392857142857144 0.22715736040609136 0.010714285714285714 0.04314720812182741
3 0.5417857142857143 0.32043147208121825 0.012142857142857143 0.04187817258883248
3 0.4317857142857143 0.3756345177664974 0.009285714285714286 0.035532994923857864
4 0.4617857142857143 0.3248730964467005 0.009285714285714286 0.04060913705583756
3 0.4664285714285714 0.4365482233502538 0.01 0.04060913705583756
4 0.43392857142857144 0.47969543147208116 0.010714285714285714 0.04060913705583756
4 0.455 0.5184010152284264 0.008571428571428572 0.03934010152284264
4 0.47035714285714286 0.5456852791878172 0.009285714285714286 0.04060913705583756
9 0.5503571428571429 0.5558375634517766 0.005 0.02030456852791878
0 0.5503571428571429 0.5583756345177665 0.0035714285714285713 0.01015228426395939
3 0.5860714285714286 0.6618020304568527 0.012142857142857143 0.04441624365482233
4 0.5207142857142857 0.7455583756345177 0.01 0.04695431472081218
4 0.47464285714285714 0.8223350253807106 0.010714285714285714 0.04060913705583756
4 0.47285714285714286 0.982233502538071 0.011428571428571429 0.032994923857868015
3 0.5203571428571429 0.8540609137055837 0.009285714285714286 0.04060913705583756
3 0.45964285714285713 0.9143401015228426 0.009285714285714286 0.04187817258883248
3 0.4375 0.9670050761421319 0.012142857142857143 0.04314720812182741
5 0.5742857142857143 0.9765228426395939 0.015714285714285715 0.04441624365482233
3 0.8378571428571429 0.9879441624365481 0.014285714285714285 0.021573604060913704
4 0.8139285714285714 0.8921319796954315 0.020714285714285713 0.04314720812182741
4 0.7871428571428571 0.8381979695431472 0.017142857142857144 0.03680203045685279
8 0.7707142857142857 0.7848984771573604 0.027142857142857142 0.06979695431472081
3 0.7282142857142857 0.7969543147208121 0.013571428571428571 0.04060913705583756
3 0.7517857142857143 0.7201776649746192 0.016428571428571428 0.04441624365482233
3 0.7364285714285714 0.6554568527918782 0.015714285714285715 0.04441624365482233
4 0.7235714285714285 0.598984771573604 0.015714285714285715 0.04314720812182741
8 0.7107142857142857 0.524746192893401 0.022857142857142857 0.06725888324873096
0 0.7257142857142858 0.46002538071065985 0.004285714285714286 0.006345177664974619
0 0.9432142857142857 0.6053299492385786 0.0064285714285714285 0.005076142131979695
0 0.9407142857142857 0.6376903553299492 0.007142857142857143 0.006345177664974619
0 0.9492857142857143 0.6192893401015228 0.007142857142857143 0.005076142131979695
0 0.9489285714285715 0.6427664974619289 0.005 0.0038071065989847713
0 0.9503571428571429 0.6478426395939085 0.005 0.0038071065989847713
0 0.9592857142857143 0.6427664974619289 0.005714285714285714 0.006345177664974619
0 0.9646428571428571 0.6383248730964467 0.0064285714285714285 0.005076142131979695
0 0.9685714285714285 0.5964467005076142 0.005714285714285714 0.0076142131979695426
0 0.9742857142857143 0.4416243654822335 0.005714285714285714 0.005076142131979695
0 0.9728571428571429 0.4149746192893401 0.007142857142857143 0.005076142131979695
0 0.9925 0.42195431472081213 0.007857142857142858 0.006345177664974619
0 0.9857142857142858 0.40545685279187815 0.007142857142857143 0.006345177664974619
0 0.9885714285714285 0.4029187817258883 0.007142857142857143 0.006345177664974619
1 0.9264285714285714 0.42068527918781723 0.007142857142857143 0.008883248730964466
1 0.9271428571428572 0.41243654822335024 0.004285714285714286 0.005076142131979695
1 0.9307142857142857 0.4175126903553299 0.004285714285714286 0.0076142131979695426
1 0.9321428571428572 0.42512690355329946 0.005714285714285714 0.0076142131979695426
9 0.8303571428571429 0.4619289340101522 0.009285714285714286 0.012690355329949238
9 0.7953571428571429 0.5057106598984771 0.007857142857142858 0.011421319796954314
