3 0.028214285714285713 0.5290476190476191 0.016428571428571428 0.03333333333333333
3 0.07214285714285715 0.5290476190476191 0.015714285714285715 0.03333333333333333
4 0.08535714285714285 0.5261904761904762 0.020714285714285713 0.037142857142857144
3 0.008571428571428572 0.6004761904761905 0.017142857142857144 0.03333333333333333
3 0.05142857142857143 0.5947619047619047 0.02142857142857143 0.035238095238095235
4 0.07571428571428572 0.8352380952380952 0.045714285714285714 0.02095238095238095
3 0.012142857142857143 0.8828571428571429 0.024285714285714285 0.017142857142857144
3 0.03892857142857143 0.8823809523809524 0.03214285714285714 0.02
3 0.07678571428571429 0.88 0.035 0.01904761904761905
3 0.11285714285714285 0.88 0.024285714285714285 0.01904761904761905
5 0.14642857142857144 0.8757142857142857 0.04428571428571428 0.021904761904761906
3 0.18642857142857142 0.8728571428571429 0.02857142857142857 0.018095238095238095
3 0.22392857142857142 0.87 0.029285714285714286 0.02
3 0.25785714285714284 0.8685714285714285 0.03 0.017142857142857144
3 0.195 0.830952380952381 0.032857142857142856 0.02
3 0.2957142857142857 0.8671428571428571 0.027142857142857142 0.018095238095238095
0 0.5892857142857143 0.7309523809523809 0.004285714285714286 0.004761904761904762
0 0.5414285714285715 0.7466666666666667 0.005714285714285714 0.0038095238095238095
3 0.5771428571428572 0.8247619047619048 0.03 0.017142857142857144
3 0.7910714285714285 0.9528571428571428 0.019285714285714285 0.04285714285714286
3 0.9042857142857142 0.48523809523809525 0.02857142857142857 0.014285714285714285
3 0.9160714285714285 0.550952380952381 0.03214285714285714 0.02
3 0.8946428571428572 0.43714285714285717 0.025 0.015238095238095238
3 0.8925 0.42333333333333334 0.02642857142857143 0.014285714285714285
3 0.8782142857142857 0.36047619047619045 0.023571428571428573 0.012380952380952381
3 0.8692857142857143 0.30238095238095236 0.02142857142857143 0.012380952380952381
9 0.9685714285714285 0.5185714285714286 0.004285714285714286 0.014285714285714285
9 0.9385714285714286 0.5371428571428571 0.01 0.005714285714285714
2 0.9728571428571429 0.5176190476190476 0.002857142857142857 0.006666666666666666
3 0.8817857142857143 0.2571428571428571 0.025 0.013333333333333332
3 0.8967857142857143 0.10714285714285714 0.017857142857142856 0.010476190476190476
3 0.5928571428571429 0.047142857142857146 0.008571428571428572 0.02
3 0.5821428571428572 0.048095238095238094 0.008571428571428572 0.02
0 0.35714285714285715 0.13952380952380952 0.004285714285714286 0.008571428571428572
9 0.34285714285714286 0.19142857142857142 0.007142857142857143 0.005714285714285714
9 0.3460714285714286 0.19666666666666666 0.0064285714285714285 0.006666666666666666
9 0.3485714285714286 0.19952380952380952 0.005714285714285714 0.004761904761904762
9 0.3510714285714286 0.20142857142857143 0.007857142857142858 0.006666666666666666
0 0.32285714285714284 0.2861904761904762 0.004285714285714286 0.006666666666666666
0 0.31892857142857145 0.28523809523809524 0.005 0.006666666666666666
0 0.18464285714285714 0.3952380952380952 0.0064285714285714285 0.005714285714285714
0 0.19214285714285714 0.37714285714285717 0.004285714285714286 0.009523809523809525
0 0.11035714285714286 0.42333333333333334 0.0064285714285714285 0.006666666666666666
6 0.6103571428571428 0.38142857142857145 0.013571428571428571 0.010476190476190476
6 0.6264285714285714 0.3976190476190476 0.005714285714285714 0.010476190476190476
6 0.6032142857142857 0.34095238095238095 0.005 0.0038095238095238095
6 0.6046428571428571 0.36714285714285716 0.0064285714285714285 0.004761904761904762
6 0.6014285714285714 0.3252380952380952 0.005714285714285714 0.004761904761904762
6 0.6035714285714285 0.33714285714285713 0.005714285714285714 0.0038095238095238095
3 0.4 0.9761904761904762 0.03142857142857143 0.01904761904761905
3 0.43392857142857144 0.959047619047619 0.015 0.0419047619047619
3 0.45535714285714285 0.9714285714285714 0.030714285714285715 0.02095238095238095
3 0.4585714285714286 0.991904761904762 0.032857142857142856 0.01619047619047619
3 0.16178571428571428 0.9780952380952381 0.015 0.0380952380952381
3 0.12928571428571428 0.9904761904761905 0.017142857142857144 0.01904761904761905
3 0.8364285714285714 0.3280952380952381 0.012857142857142857 0.025714285714285714
3 0.8421428571428572 0.3657142857142857 0.014285714285714285 0.030476190476190476
3 0.8489285714285715 0.4042857142857143 0.015 0.029523809523809525
4 0.8560714285714286 0.439047619047619 0.012142857142857143 0.024761904761904763
3 0.8214285714285714 0.4533333333333333 0.012857142857142857 0.026666666666666665
3 0.8157142857142857 0.4147619047619048 0.014285714285714285 0.03142857142857143
