3 0.6675 0.5126903553299492 0.045 0.12436548223350252
3 0.5167857142857143 0.7125634517766497 0.039285714285714285 0.11548223350253806
3 0.3842857142857143 0.21065989847715735 0.05285714285714286 0.04314720812182741
4 0.5467857142857143 0.9352791878172588 0.035 0.11928934010152284
4 0.5910714285714286 0.8724619289340101 0.039285714285714285 0.1281725888324873
3 0.31357142857142856 0.4479695431472081 0.06428571428571428 0.053299492385786795
3 0.5039285714285714 0.5107868020304568 0.047857142857142855 0.08502538071065989
3 0.6435714285714286 0.03807106598984771 0.037142857142857144 0.07614213197969542
4 0.9246428571428571 0.7601522842639593 0.06928571428571428 0.07106598984771573
0 0.8842857142857142 0.5374365482233502 0.011428571428571429 0.031725888324873094
0 0.8614285714285714 0.4511421319796954 0.01 0.029187817258883246
0 0.7664285714285715 0.10850253807106598 0.008571428571428572 0.026649746192893398
