3 0.5753571428571429 0.9156091370558375 0.017857142857142856 0.06979695431472081
4 0.4392857142857143 0.6085025380710659 0.037142857142857144 0.049492385786802026
3 0.4475 0.5894670050761421 0.030714285714285715 0.03680203045685279
3 0.4564285714285714 0.5685279187817258 0.03428571428571429 0.03807106598984771
3 0.4614285714285714 0.5463197969543147 0.03571428571428571 0.04441624365482233
3 0.4689285714285714 0.5266497461928934 0.03357142857142857 0.03807106598984771
3 0.4764285714285714 0.5031725888324873 0.02857142857142857 0.03934010152284264
3 0.4782142857142857 0.4809644670050761 0.029285714285714286 0.035532994923857864
4 0.4832142857142857 0.4612944162436548 0.03357142857142857 0.04441624365482233
3 0.4928571428571429 0.44670050761421315 0.03571428571428571 0.04060913705583756
3 0.495 0.424492385786802 0.03 0.03680203045685279
4 0.5010714285714286 0.40736040609137053 0.03214285714285714 0.04060913705583756
4 0.5078571428571429 0.3895939086294416 0.03142857142857143 0.03807106598984771
3 0.5117857142857143 0.3756345177664974 0.030714285714285715 0.032994923857868015
3 0.5132142857142857 0.3559644670050761 0.03214285714285714 0.03426395939086294
4 0.5189285714285714 0.3362944162436548 0.03214285714285714 0.035532994923857864
3 0.5260714285714285 0.32677664974619286 0.029285714285714286 0.031725888324873094
3 0.5285714285714286 0.3096446700507614 0.03 0.03045685279187817
3 0.5321428571428571 0.2918781725888325 0.027142857142857142 0.03045685279187817
3 0.5375 0.27918781725888325 0.025 0.03045685279187817
4 0.5485714285714286 0.3381979695431472 0.02 0.04695431472081218
0 0.5557142857142857 0.1916243654822335 0.004285714285714286 0.017766497461928932
5 0.37035714285714283 0.141497461928934 0.027857142857142858 0.05456852791878172
3 0.07535714285714286 0.8458121827411167 0.03214285714285714 0.052030456852791875
3 0.24928571428571428 0.4225888324873096 0.022857142857142857 0.03807106598984771
0 0.2225 0.45304568527918776 0.007857142857142858 0.02030456852791878
3 0.9785714285714285 0.5704314720812182 0.02857142857142857 0.031725888324873094
3 0.8757142857142857 0.299492385786802 0.027142857142857142 0.027918781725888322
3 0.8660714285714286 0.08756345177664974 0.029285714285714286 0.02284263959390863
3 0.8628571428571429 0.07233502538071065 0.02857142857142857 0.02030456852791878
3 0.8757142857142857 0.05393401015228426 0.027142857142857142 0.021573604060913704
3 0.8682142857142857 0.038705583756345176 0.029285714285714286 0.019035532994923856
