3 0.5414285714285715 0.09835025380710659 0.015714285714285715 0.03680203045685279
3 0.5142857142857142 0.12499999999999999 0.014285714285714285 0.04187817258883248
3 0.48642857142857143 0.2081218274111675 0.02 0.048223350253807105
3 0.45107142857142857 0.19606598984771573 0.015 0.04187817258883248
3 0.42464285714285716 0.2728426395939086 0.017857142857142856 0.04060913705583756
3 0.3867857142857143 0.9003807106598984 0.03214285714285714 0.10279187817258882
3 0.5442857142857143 0.4314720812182741 0.018571428571428572 0.053299492385786795
4 0.5410714285714285 0.028553299492385786 0.013571428571428571 0.04441624365482233
4 0.39785714285714285 0.45685279187817257 0.022857142857142857 0.06598984771573603
8 0.5653571428571429 0.2081218274111675 0.027857142857142858 0.14720812182741116
