3 0.15428571428571428 0.9219047619047619 0.11142857142857143 0.15619047619047619
3 0.3939285714285714 0.8395238095238096 0.08071428571428571 0.20285714285714285
4 0.4789285714285714 0.7214285714285714 0.07071428571428572 0.16095238095238096
4 0.4757142857142857 0.5714285714285714 0.04857142857142857 0.09904761904761905
4 0.6017857142857143 0.6919047619047619 0.07357142857142857 0.14
4 0.9060714285714285 0.9166666666666666 0.16642857142857143 0.16666666666666666
3 0.9589285714285715 0.910952380952381 0.07785714285714286 0.17809523809523808
3 0.6957142857142857 0.7042857142857143 0.09571428571428571 0.14
3 0.9714285714285714 0.659047619047619 0.05714285714285714 0.12
0 0.9292857142857143 0.68 0.02857142857142857 0.06476190476190476
4 0.8992857142857142 0.6157142857142857 0.08285714285714285 0.11142857142857143
3 0.8292857142857143 0.5819047619047619 0.07714285714285714 0.11047619047619048
2 0.7803571428571429 0.5966666666666667 0.017857142857142856 0.054285714285714284
9 0.7810714285714285 0.5452380952380952 0.02642857142857143 0.05047619047619047
3 0.7257142857142858 0.4723809523809524 0.06285714285714286 0.06476190476190476
0 0.6642857142857143 0.47904761904761906 0.017142857142857144 0.05142857142857143
0 0.6289285714285714 0.4342857142857143 0.015 0.0380952380952381
0 0.5885714285714285 0.3576190476190476 0.014285714285714285 0.04476190476190476
0 0.5721428571428572 0.2985714285714286 0.007142857142857143 0.029523809523809525
0 0.5785714285714286 0.2966666666666667 0.007142857142857143 0.02761904761904762
0 0.5839285714285715 0.2957142857142857 0.0064285714285714285 0.02761904761904762
0 0.4342857142857143 0.3157142857142857 0.008571428571428572 0.03142857142857143
0 0.4139285714285714 0.32285714285714284 0.010714285714285714 0.03238095238095238
8 0.3264285714285714 0.18333333333333332 0.05285714285714286 0.05047619047619047
5 0.08678571428571429 0.49523809523809526 0.17357142857142857 0.21714285714285714
3 0.22392857142857142 0.4438095238095238 0.05785714285714286 0.07428571428571429
3 0.31857142857142856 0.41904761904761906 0.04857142857142857 0.05904761904761905
4 0.38535714285714284 0.44333333333333336 0.045 0.06
4 0.4682142857142857 0.46 0.03642857142857143 0.06285714285714286
4 0.4625 0.40476190476190477 0.03357142857142857 0.05142857142857143
4 0.4589285714285714 0.3661904761904762 0.03214285714285714 0.04285714285714286
4 0.5771428571428572 0.5671428571428572 0.06 0.09428571428571429
4 0.5703571428571429 0.47285714285714286 0.04642857142857143 0.07904761904761905
3 0.5710714285714286 0.4114285714285714 0.04642857142857143 0.05714285714285714
4 0.5525 0.3619047619047619 0.03785714285714286 0.045714285714285714
3 0.5335714285714286 0.29285714285714287 0.03 0.03333333333333333
3 0.5442857142857143 0.32761904761904764 0.03142857142857143 0.03428571428571429
0 0.305 0.30095238095238097 0.012857142857142857 0.03428571428571429
2 0.2775 0.2966666666666667 0.009285714285714286 0.037142857142857144
4 0.6642857142857143 0.3466666666666667 0.04857142857142857 0.045714285714285714
0 0.6517857142857143 0.31952380952380954 0.009285714285714286 0.029523809523809525
4 0.5692857142857143 0.23904761904761904 0.024285714285714285 0.02857142857142857
4 0.5560714285714285 0.21333333333333332 0.019285714285714285 0.022857142857142857
3 0.5467857142857143 0.20285714285714285 0.016428571428571428 0.017142857142857144
3 0.5235714285714286 0.1580952380952381 0.012857142857142857 0.02095238095238095
3 0.48464285714285715 0.1442857142857143 0.010714285714285714 0.018095238095238095
3 0.03142857142857143 0.36666666666666664 0.06 0.05714285714285714
3 0.065 0.33 0.04428571428571428 0.04476190476190476
3 0.1442857142857143 0.2752380952380952 0.054285714285714284 0.03619047619047619
3 0.23857142857142857 0.2361904761904762 0.037142857142857144 0.02857142857142857
3 0.2571428571428571 0.22047619047619046 0.025714285714285714 0.02761904761904762
3 0.2764285714285714 0.1976190476190476 0.022857142857142857 0.021904761904761906
0 0.2725 0.2180952380952381 0.0064285714285714285 0.017142857142857144
3 0.29 0.18571428571428572 0.02 0.02095238095238095
3 0.19642857142857142 0.22047619047619046 0.03 0.037142857142857144
3 0.21642857142857141 0.2019047619047619 0.024285714285714285 0.026666666666666665
0 0.14642857142857144 0.19857142857142857 0.007142857142857143 0.021904761904761906
3 0.40535714285714286 0.1976190476190476 0.016428571428571428 0.021904761904761906
3 0.3846428571428571 0.18904761904761905 0.016428571428571428 0.02
3 0.39535714285714285 0.1657142857142857 0.013571428571428571 0.015238095238095238
3 0.4325 0.18523809523809523 0.013571428571428571 0.018095238095238095
4 0.4342857142857143 0.16476190476190475 0.011428571428571429 0.017142857142857144
3 0.39714285714285713 0.14809523809523809 0.025714285714285714 0.014285714285714285
3 0.43714285714285717 0.12476190476190477 0.008571428571428572 0.011428571428571429
3 0.40785714285714286 0.12238095238095238 0.008571428571428572 0.010476190476190476
8 0.41535714285714287 0.10904761904761905 0.012142857142857143 0.023809523809523808
3 0.43785714285714283 0.10952380952380952 0.008571428571428572 0.011428571428571429
4 0.33464285714285713 0.13380952380952382 0.013571428571428571 0.018095238095238095
4 0.2953571428571429 0.1738095238095238 0.017857142857142856 0.021904761904761906
3 0.3182142857142857 0.15333333333333332 0.013571428571428571 0.017142857142857144
5 0.3585714285714286 0.1261904761904762 0.012857142857142857 0.01619047619047619
3 0.36964285714285716 0.10238095238095238 0.0064285714285714285 0.008571428571428572
0 0.4407142857142857 0.5280952380952381 0.015714285714285715 0.05047619047619047
0 0.013571428571428571 0.2866666666666667 0.02 0.03238095238095238
1 0.27785714285714286 0.2919047619047619 0.008571428571428572 0.025714285714285714
1 0.7978571428571428 0.319047619047619 0.011428571428571429 0.030476190476190476
1 0.7703571428571429 0.42523809523809525 0.012142857142857143 0.03142857142857143
0 0.7860714285714285 0.4257142857142857 0.009285714285714286 0.03619047619047619
0 0.8507142857142858 0.4857142857142857 0.02142857142857143 0.045714285714285714
0 0.8657142857142857 0.49476190476190474 0.02142857142857143 0.04857142857142857
1 0.8764285714285714 0.5119047619047619 0.012857142857142857 0.03333333333333333
1 0.8735714285714286 0.5171428571428571 0.014285714285714285 0.030476190476190476
1 0.9285714285714286 0.5361904761904762 0.02 0.03619047619047619
1 0.9860714285714286 0.5557142857142857 0.020714285714285713 0.035238095238095235
1 0.9539285714285715 0.5423809523809524 0.015 0.037142857142857144
0 0.8775 0.3466666666666667 0.016428571428571428 0.05333333333333333
1 0.9271428571428572 0.38476190476190475 0.015714285714285715 0.03619047619047619
1 0.93 0.37952380952380954 0.014285714285714285 0.040952380952380955
1 0.9625 0.39285714285714285 0.02214285714285714 0.04476190476190476
1 0.9907142857142857 0.3995238095238095 0.018571428571428572 0.04666666666666667
0 0.9821428571428571 0.37761904761904763 0.02 0.058095238095238096
0 0.9939285714285714 0.5061904761904762 0.012142857142857143 0.04857142857142857
1 0.935 0.5047619047619047 0.011428571428571429 0.026666666666666665
1 0.9096428571428572 0.49523809523809526 0.010714285714285714 0.026666666666666665
1 0.9442857142857143 0.5038095238095238 0.011428571428571429 0.02857142857142857
1 0.9446428571428571 0.5028571428571429 0.010714285714285714 0.0380952380952381
1 0.8678571428571429 0.4614285714285714 0.014285714285714285 0.02761904761904762
0 0.8757142857142857 0.4704761904761905 0.015714285714285715 0.047619047619047616
1 0.8896428571428572 0.4704761904761905 0.015 0.03428571428571429
1 0.915 0.4714285714285714 0.017142857142857144 0.0380952380952381
