5 0.38107142857142856 0.7709390862944162 0.09642857142857143 0.10025380710659898
3 0.5110714285714286 0.7645939086294415 0.04357142857142857 0.06218274111675126
3 0.5867857142857142 0.6662436548223349 0.030714285714285715 0.055837563451776644
3 0.6257142857142857 0.6085025380710659 0.03571428571428571 0.05964467005076142
3 0.7028571428571428 0.5780456852791878 0.03428571428571429 0.05456852791878172
3 0.6821428571428572 0.5266497461928934 0.037142857142857144 0.06091370558375634
3 0.7528571428571429 0.4359137055837563 0.03428571428571429 0.049492385786802026
3 0.98 0.15355329949238578 0.02857142857142857 0.04314720812182741
8 0.30392857142857144 0.47969543147208116 0.04214285714285714 0.07868020304568528
3 0.3339285714285714 0.48032994923857864 0.030714285714285715 0.05456852791878172
3 0.30857142857142855 0.4314720812182741 0.02857142857142857 0.048223350253807105
8 0.26535714285714285 0.4010152284263959 0.039285714285714285 0.07614213197969542
3 0.28035714285714286 0.3769035532994924 0.029285714285714286 0.050761421319796954
3 0.25642857142857145 0.3229695431472081 0.03 0.049492385786802026
3 0.24107142857142858 0.348984771573604 0.025 0.04568527918781726
3 0.2342857142857143 0.28172588832487305 0.027142857142857142 0.048223350253807105
3 0.2082142857142857 0.23286802030456852 0.02642857142857143 0.04695431472081218
3 0.1632142857142857 0.14720812182741116 0.02642857142857143 0.04314720812182741
5 0.21142857142857144 0.3394670050761421 0.06142857142857143 0.14086294416243653
5 0.19714285714285715 0.38642131979695427 0.04428571428571428 0.09010152284263959
