0 0.35464285714285715 0.7271428571428571 0.019285714285714285 0.04857142857142857
0 0.1957142857142857 0.6057142857142858 0.022857142857142857 0.047619047619047616
0 0.6510714285714285 0.6619047619047619 0.02214285714285714 0.05714285714285714
0 0.6028571428571429 0.590952380952381 0.018571428571428572 0.04666666666666667
0 0.5053571428571428 0.5619047619047619 0.013571428571428571 0.04
0 0.4832142857142857 0.5352380952380953 0.010714285714285714 0.04380952380952381
0 0.4742857142857143 0.5214285714285715 0.01 0.040952380952380955
1 0.4742857142857143 0.5023809523809524 0.01 0.029523809523809525
1 0.4714285714285714 0.49857142857142855 0.01 0.02761904761904762
9 0.4742857142857143 0.5061904761904762 0.025714285714285714 0.02761904761904762
2 0.3507142857142857 0.4595238095238095 0.022857142857142857 0.018095238095238095
9 0.32607142857142857 0.43666666666666665 0.023571428571428573 0.023809523809523808
9 0.2757142857142857 0.43714285714285717 0.02857142857142857 0.02095238095238095
1 0.2742857142857143 0.43 0.011428571428571429 0.023809523809523808
1 0.32392857142857145 0.43285714285714283 0.010714285714285714 0.029523809523809525
1 0.3467857142857143 0.45 0.010714285714285714 0.02761904761904762
0 0.29642857142857143 0.42666666666666664 0.011428571428571429 0.02857142857142857
0 0.3417857142857143 0.4419047619047619 0.0064285714285714285 0.02857142857142857
0 0.34535714285714286 0.4461904761904762 0.007857142857142858 0.02761904761904762
0 0.3464285714285714 0.4442857142857143 0.005714285714285714 0.035238095238095235
1 0.3475 0.3547619047619048 0.007857142857142858 0.021904761904761906
9 0.3492857142857143 0.35904761904761906 0.022857142857142857 0.015238095238095238
2 0.22714285714285715 0.38857142857142857 0.015714285714285715 0.011428571428571429
0 0.15892857142857142 0.4919047619047619 0.013571428571428571 0.03333333333333333
0 0.1125 0.48904761904761906 0.016428571428571428 0.040952380952380955
1 0.115 0.48238095238095235 0.008571428571428572 0.01619047619047619
0 0.12785714285714286 0.4828571428571429 0.012857142857142857 0.03619047619047619
0 0.054285714285714284 0.46 0.015714285714285715 0.03238095238095238
1 0.013571428571428571 0.44 0.011428571428571429 0.017142857142857144
0 0.08964285714285715 0.4657142857142857 0.010714285714285714 0.0380952380952381
0 0.07928571428571428 0.4633333333333333 0.011428571428571429 0.039047619047619046
4 0.31214285714285717 0.30952380952380953 0.04 0.022857142857142857
4 0.03892857142857143 0.2680952380952381 0.020714285714285713 0.023809523809523808
3 0.09035714285714286 0.2966666666666667 0.029285714285714286 0.025714285714285714
3 0.1792857142857143 0.29428571428571426 0.027142857142857142 0.02095238095238095
3 0.1357142857142857 0.27666666666666667 0.027142857142857142 0.023809523809523808
4 0.11392857142857143 0.26761904761904765 0.020714285714285713 0.02095238095238095
3 0.07357142857142857 0.2680952380952381 0.02142857142857143 0.021904761904761906
5 0.08607142857142858 0.25142857142857145 0.029285714285714286 0.03238095238095238
3 0.06714285714285714 0.24904761904761905 0.018571428571428572 0.018095238095238095
3 0.04321428571428571 0.24095238095238095 0.013571428571428571 0.017142857142857144
3 0.018571428571428572 0.2480952380952381 0.017142857142857144 0.018095238095238095
3 0.013571428571428571 0.2061904761904762 0.012857142857142857 0.012380952380952381
3 0.026071428571428572 0.2057142857142857 0.012142857142857143 0.009523809523809525
3 0.010357142857142856 0.18904761904761905 0.009285714285714286 0.008571428571428572
3 0.008571428571428572 0.18476190476190477 0.007142857142857143 0.009523809523809525
3 0.025714285714285714 0.19904761904761906 0.007142857142857143 0.007619047619047619
3 0.023214285714285715 0.1961904761904762 0.007857142857142858 0.009523809523809525
3 0.029642857142857144 0.19285714285714287 0.009285714285714286 0.010476190476190476
3 0.026785714285714284 0.18095238095238095 0.007857142857142858 0.007619047619047619
3 0.03642857142857143 0.20142857142857143 0.008571428571428572 0.010476190476190476
3 0.046785714285714285 0.20285714285714285 0.012142857142857143 0.009523809523809525
0 0.03142857142857143 0.18714285714285714 0.002857142857142857 0.008571428571428572
5 0.045714285714285714 0.19095238095238096 0.018571428571428572 0.01619047619047619
8 0.03964285714285714 0.18619047619047618 0.010714285714285714 0.012380952380952381
3 0.0175 0.18857142857142858 0.0064285714285714285 0.007619047619047619
3 0.052142857142857144 0.19714285714285715 0.008571428571428572 0.007619047619047619
4 0.06035714285714286 0.19857142857142857 0.010714285714285714 0.008571428571428572
4 0.07035714285714285 0.20333333333333334 0.012142857142857143 0.010476190476190476
4 0.06285714285714286 0.20952380952380953 0.012857142857142857 0.009523809523809525
3 0.055714285714285716 0.21428571428571427 0.011428571428571429 0.011428571428571429
4 0.06464285714285714 0.2195238095238095 0.012142857142857143 0.012380952380952381
3 0.07357142857142857 0.21619047619047618 0.011428571428571429 0.011428571428571429
3 0.08464285714285714 0.22238095238095237 0.012142857142857143 0.010476190476190476
3 0.08285714285714285 0.20904761904761904 0.01 0.008571428571428572
3 0.09107142857142857 0.2138095238095238 0.012142857142857143 0.010476190476190476
3 0.08928571428571429 0.2019047619047619 0.01 0.009523809523809525
3 0.0775 0.23238095238095238 0.013571428571428571 0.011428571428571429
3 0.09821428571428571 0.23142857142857143 0.015 0.013333333333333332
3 0.13107142857142856 0.21761904761904763 0.010714285714285714 0.010476190476190476
3 0.1442857142857143 0.25142857142857145 0.017142857142857144 0.013333333333333332
3 0.16142857142857142 0.2509523809523809 0.015714285714285715 0.012380952380952381
3 0.17892857142857144 0.26285714285714284 0.016428571428571428 0.013333333333333332
3 0.2007142857142857 0.2719047619047619 0.024285714285714285 0.01619047619047619
3 0.22285714285714286 0.2776190476190476 0.022857142857142857 0.01619047619047619
3 0.20857142857142857 0.2642857142857143 0.02 0.01619047619047619
3 0.1775 0.2538095238095238 0.016428571428571428 0.01619047619047619
3 0.1332142857142857 0.23857142857142857 0.016428571428571428 0.012380952380952381
3 0.11821428571428572 0.23095238095238096 0.016428571428571428 0.010476190476190476
4 0.1575 0.2419047619047619 0.019285714285714285 0.017142857142857144
3 0.13714285714285715 0.22952380952380952 0.017142857142857144 0.013333333333333332
4 0.11357142857142857 0.22428571428571428 0.017142857142857144 0.014285714285714285
3 0.105 0.21714285714285714 0.011428571428571429 0.011428571428571429
8 0.18928571428571428 0.24571428571428572 0.047142857142857146 0.03619047619047619
8 0.2517857142857143 0.2680952380952381 0.05071428571428571 0.039047619047619046
3 0.2542857142857143 0.28523809523809524 0.027142857142857142 0.02
3 0.29464285714285715 0.28904761904761905 0.030714285714285715 0.02
5 0.3053571428571429 0.2776190476190476 0.04071428571428572 0.029523809523809525
3 0.3435714285714286 0.3038095238095238 0.03428571428571429 0.01904761904761905
3 0.3782142857142857 0.3038095238095238 0.03357142857142857 0.017142857142857144
3 0.36678571428571427 0.2919047619047619 0.005 0.01619047619047619
0 0.3925 0.2904761904761905 0.005 0.017142857142857144
4 0.38285714285714284 0.26904761904761904 0.027142857142857142 0.025714285714285714
3 0.39464285714285713 0.27714285714285714 0.020714285714285713 0.01904761904761905
0 0.3921428571428571 0.2795238095238095 0.004285714285714286 0.014285714285714285
3 0.4085714285714286 0.27666666666666667 0.024285714285714285 0.018095238095238095
3 0.43607142857142855 0.30857142857142855 0.03357142857142857 0.01904761904761905
3 0.43607142857142855 0.2938095238095238 0.023571428571428573 0.01619047619047619
0 0.45 0.2957142857142857 0.004285714285714286 0.01619047619047619
3 0.45321428571428574 0.29285714285714287 0.025 0.023809523809523808
3 0.42 0.2785714285714286 0.022857142857142857 0.01619047619047619
3 0.43535714285714283 0.2842857142857143 0.02214285714285714 0.01619047619047619
3 0.2596428571428571 0.24714285714285714 0.023571428571428573 0.01619047619047619
3 0.2546428571428571 0.24571428571428572 0.029285714285714286 0.017142857142857144
3 0.4667857142857143 0.2895238095238095 0.023571428571428573 0.01904761904761905
0 0.4732142857142857 0.2923809523809524 0.005 0.015238095238095238
3 0.48 0.2861904761904762 0.017142857142857144 0.018095238095238095
3 0.49392857142857144 0.2876190476190476 0.017857142857142856 0.01904761904761905
3 0.5082142857142857 0.27714285714285714 0.020714285714285713 0.02095238095238095
0 0.48964285714285716 0.2752380952380952 0.005 0.013333333333333332
3 0.5103571428571428 0.28285714285714286 0.02214285714285714 0.02095238095238095
3 0.48928571428571427 0.3076190476190476 0.032857142857142856 0.017142857142857144
3 0.5242857142857142 0.2785714285714286 0.018571428571428572 0.018095238095238095
0 0.49357142857142855 0.30047619047619045 0.004285714285714286 0.012380952380952381
3 0.535 0.2761904761904762 0.022857142857142857 0.01904761904761905
3 0.5475 0.27476190476190476 0.016428571428571428 0.014285714285714285
3 0.5582142857142857 0.27285714285714285 0.02214285714285714 0.014285714285714285
3 0.5685714285714286 0.2714285714285714 0.022857142857142857 0.017142857142857144
4 0.5792857142857143 0.26666666666666666 0.015714285714285715 0.017142857142857144
3 0.5810714285714286 0.28476190476190477 0.025 0.013333333333333332
3 0.5907142857142857 0.2733333333333333 0.012857142857142857 0.011428571428571429
3 0.6014285714285714 0.28095238095238095 0.017142857142857144 0.011428571428571429
3 0.5796428571428571 0.2985714285714286 0.027857142857142858 0.012380952380952381
1 0.5428571428571428 0.2919047619047619 0.005714285714285714 0.012380952380952381
4 0.6178571428571429 0.2752380952380952 0.024285714285714285 0.017142857142857144
5 0.6339285714285714 0.27714285714285714 0.035 0.02857142857142857
5 0.6621428571428571 0.2680952380952381 0.03 0.02761904761904762
5 0.6835714285714286 0.26285714285714284 0.03 0.030476190476190476
4 0.7007142857142857 0.2642857142857143 0.015714285714285715 0.01619047619047619
4 0.6964285714285714 0.2761904761904762 0.015714285714285715 0.01904761904761905
3 0.5614285714285714 0.3180952380952381 0.03428571428571429 0.022857142857142857
3 0.6 0.30333333333333334 0.027142857142857142 0.014285714285714285
9 0.6042857142857143 0.29285714285714287 0.01 0.006666666666666666
1 0.6035714285714285 0.2904761904761905 0.004285714285714286 0.009523809523809525
3 0.6075 0.3223809523809524 0.027857142857142858 0.018095238095238095
3 0.6332142857142857 0.2947619047619048 0.027857142857142858 0.014285714285714285
1 0.6342857142857142 0.29714285714285715 0.004285714285714286 0.011428571428571429
3 0.6446428571428572 0.3038095238095238 0.027857142857142858 0.017142857142857144
3 0.6760714285714285 0.27714285714285714 0.02214285714285714 0.017142857142857144
3 0.6714285714285714 0.2876190476190476 0.025714285714285714 0.015238095238095238
3 0.6675 0.2914285714285714 0.02214285714285714 0.015238095238095238
5 0.6642857142857143 0.32047619047619047 0.04857142857142857 0.035238095238095235
4 0.6925 0.3138095238095238 0.025 0.023809523809523808
4 0.6996428571428571 0.3238095238095238 0.029285714285714286 0.026666666666666665
4 0.6907142857142857 0.3357142857142857 0.025714285714285714 0.021904761904761906
3 0.6689285714285714 0.34714285714285714 0.039285714285714285 0.02
3 0.695 0.28904761904761905 0.02142857142857143 0.014285714285714285
3 0.6842857142857143 0.2980952380952381 0.025714285714285714 0.015238095238095238
3 0.7085714285714285 0.3047619047619048 0.024285714285714285 0.01904761904761905
3 0.7167857142857142 0.2866666666666667 0.02642857142857143 0.01904761904761905
3 0.7242857142857143 0.28 0.022857142857142857 0.015238095238095238
3 0.73 0.27285714285714285 0.02142857142857143 0.014285714285714285
3 0.7478571428571429 0.2804761904761905 0.02 0.01619047619047619
3 0.7492857142857143 0.2695238095238095 0.018571428571428572 0.013333333333333332
3 0.7635714285714286 0.26571428571428574 0.017142857142857144 0.013333333333333332
4 0.775 0.27 0.02142857142857143 0.014285714285714285
3 0.8 0.3738095238095238 0.027142857142857142 0.035238095238095235
3 0.7785714285714286 0.35714285714285715 0.03 0.03238095238095238
3 0.8271428571428572 0.37714285714285717 0.032857142857142856 0.03619047619047619
3 0.86 0.3819047619047619 0.03 0.026666666666666665
3 0.8907142857142857 0.3842857142857143 0.027142857142857142 0.039047619047619046
3 0.9257142857142857 0.38666666666666666 0.02857142857142857 0.03428571428571429
0 0.9239285714285714 0.3976190476190476 0.009285714285714286 0.029523809523809525
0 0.9617857142857142 0.4085714285714286 0.007857142857142858 0.024761904761904763
3 0.9835714285714285 0.40714285714285714 0.024285714285714285 0.040952380952380955
1 0.8810714285714286 0.4247619047619048 0.009285714285714286 0.01904761904761905
9 0.8817857142857143 0.42952380952380953 0.02642857142857143 0.02095238095238095
3 0.9328571428571428 0.44952380952380955 0.06285714285714286 0.03619047619047619
4 0.9396428571428571 0.46190476190476193 0.07928571428571428 0.0419047619047619
3 0.9317857142857143 0.47904761904761906 0.06785714285714285 0.0419047619047619
3 0.8510714285714286 0.44476190476190475 0.065 0.03619047619047619
3 0.835 0.4542857142857143 0.06857142857142857 0.03238095238095238
3 0.8667857142857143 0.4704761904761905 0.07928571428571428 0.05142857142857143
3 0.8842857142857142 0.5004761904761905 0.07428571428571429 0.04857142857142857
3 0.9621428571428572 0.5095238095238095 0.07571428571428572 0.04380952380952381
3 0.795 0.4776190476190476 0.07142857142857142 0.040952380952380955
3 0.8753571428571428 0.580952380952381 0.07928571428571428 0.06666666666666667
8 0.785 0.39666666666666667 0.14142857142857143 0.08285714285714285
5 0.7746428571428572 0.4176190476190476 0.05928571428571429 0.040952380952380955
3 0.7532142857142857 0.4276190476190476 0.05785714285714286 0.030476190476190476
3 0.765 0.4504761904761905 0.06714285714285714 0.0380952380952381
3 0.6925 0.4438095238095238 0.062142857142857146 0.04
4 0.6928571428571428 0.4228571428571429 0.06571428571428571 0.0419047619047619
5 0.6807142857142857 0.39285714285714285 0.07285714285714286 0.05047619047619047
3 0.7071428571428572 0.40285714285714286 0.045714285714285714 0.03238095238095238
3 0.6389285714285714 0.3838095238095238 0.04357142857142857 0.022857142857142857
3 0.6303571428571428 0.40714285714285714 0.05071428571428571 0.029523809523809525
3 0.6171428571428571 0.42142857142857143 0.055714285714285716 0.03142857142857143
3 0.5796428571428571 0.38047619047619047 0.04928571428571429 0.02761904761904762
3 0.6025 0.4980952380952381 0.06357142857142857 0.05142857142857143
8 0.7375 0.5823809523809523 0.25642857142857145 0.19142857142857142
0 0.7007142857142857 0.3638095238095238 0.008571428571428572 0.024761904761904763
3 0.4928571428571429 0.43 0.055714285714285716 0.037142857142857144
3 0.40535714285714286 0.3423809523809524 0.04214285714285714 0.025714285714285714
1 0.6525 0.3519047619047619 0.0064285714285714285 0.01619047619047619
1 0.6410714285714286 0.3461904761904762 0.0064285714285714285 0.018095238095238095
1 0.6139285714285714 0.36095238095238097 0.0064285714285714285 0.02095238095238095
1 0.5328571428571428 0.34285714285714286 0.005714285714285714 0.017142857142857144
2 0.6521428571428571 0.35714285714285715 0.014285714285714285 0.013333333333333332
2 0.64 0.3504761904761905 0.015714285714285715 0.013333333333333332
9 0.6132142857142857 0.36428571428571427 0.013571428571428571 0.01619047619047619
2 0.6135714285714285 0.3376190476190476 0.012857142857142857 0.014285714285714285
0 0.6107142857142858 0.3342857142857143 0.005714285714285714 0.02095238095238095
9 0.5328571428571428 0.3485714285714286 0.01 0.015238095238095238
