8 0.6565762004175365 0.8038033395176253 0.11586638830897703 0.24025974025974026
8 0.5117432150313151 0.949443413729128 0.10177453027139874 0.09925788497217068
3 0.44311064718162835 0.7555658627087198 0.057411273486430055 0.07699443413729128
3 0.5615866388308977 0.6099257884972171 0.04070981210855949 0.0640074211502783
4 0.5010438413361169 0.6781076066790352 0.039665970772442584 0.07421150278293136
9 0.4063152400835073 0.7323747680890538 0.020354906054279746 0.030612244897959183
9 0.5260960334029227 0.6089981447124304 0.010438413361169102 0.026901669758812616
9 0.5874217118997912 0.5398886827458256 0.020354906054279746 0.02411873840445269
9 0.580375782881002 0.525974025974026 0.010438413361169102 0.029684601113172542
9 0.5717640918580376 0.5556586270871985 0.013048016701461376 0.025974025974025976
2 0.4642484342379958 0.6813543599257885 0.013048016701461376 0.026901669758812616
0 0.38256784968684754 0.738404452690167 0.011482254697286011 0.02411873840445269
0 0.5075678496868475 0.6275510204081632 0.006784968684759916 0.026901669758812616
0 0.514874739039666 0.6405380333951762 0.007828810020876827 0.02319109461966605
8 0.8924843423799581 0.29916512059369205 0.038622129436325675 0.06586270871985157
4 0.8144572025052191 0.31910946196660483 0.016179540709812108 0.03710575139146568
3 0.8348121085594988 0.2532467532467533 0.02139874739039666 0.020408163265306124
3 0.832724425887265 0.25185528756957326 0.023486430062630476 0.02504638218923933
3 0.8460334029227556 0.237012987012987 0.020876826722338204 0.01948051948051948
3 0.8718684759916492 0.20037105751391465 0.02453027139874739 0.03153988868274583
3 0.8875260960334028 0.2230983302411874 0.015135699373695197 0.01948051948051948
0 0.7899269311064717 0.3339517625231911 0.004697286012526096 0.020408163265306124
0 0.7956680584551148 0.31307977736549164 0.006784968684759916 0.02504638218923933
1 0.8066283924843423 0.3529684601113173 0.0026096033402922755 0.013914656771799629
2 0.8042797494780792 0.35946196660482377 0.0041753653444676405 0.01948051948051948
1 0.4699895615866388 0.6131725417439703 0.0057411273486430055 0.011131725417439703
9 0.4712943632567849 0.62847866419295 0.013569937369519832 0.015769944341372914
2 0.6484864300626304 0.4536178107606679 0.013048016701461376 0.016697588126159554
0 0.6205636743215031 0.4401669758812616 0.0041753653444676405 0.01948051948051948
0 0.6153444676409185 0.4397031539888683 0.0041753653444676405 0.022263450834879406
9 0.6599686847599164 0.4383116883116883 0.013048016701461376 0.008348794063079777
1 0.6826722338204593 0.5106679035250464 0.0041753653444676405 0.010204081632653062
9 0.68241127348643 0.524582560296846 0.009916492693110646 0.015769944341372914
0 0.45172233820459284 0.6150278293135436 0.0057411273486430055 0.011131725417439703
0 0.5292275574112735 0.5454545454545454 0.010438413361169102 0.014842300556586271
9 0.4822546972860125 0.648886827458256 0.013569937369519832 0.026901669758812616
