0 0.018214285714285714 0.6173857868020304 0.010714285714285714 0.03426395939086294
0 0.006071428571428571 0.6300761421319796 0.009285714285714286 0.029187817258883246
0 0.05857142857142857 0.20939086294416243 0.005714285714285714 0.017766497461928932
3 0.10964285714285714 0.12944162436548223 0.017857142857142856 0.027918781725888322
3 0.12107142857142857 0.1548223350253807 0.016428571428571428 0.03045685279187817
4 0.12 0.1884517766497462 0.018571428571428572 0.03680203045685279
3 0.11892857142857143 0.23604060913705582 0.017857142857142856 0.035532994923857864
3 0.12071428571428572 0.28870558375634514 0.02 0.03680203045685279
8 0.10321428571428572 0.3546954314720812 0.047857142857142855 0.133248730964467
3 0.08357142857142857 0.4860406091370558 0.027142857142857142 0.05837563451776649
3 0.22178571428571428 0.028553299492385786 0.017857142857142856 0.021573604060913704
8 0.34214285714285714 0.22842639593908629 0.03142857142857143 0.12944162436548223
3 0.3678571428571429 0.5272842639593909 0.022857142857142857 0.05964467005076142
4 0.5807142857142857 0.897208121827411 0.02857142857142857 0.12182741116751268
4 0.5614285714285714 0.7163705583756345 0.022857142857142857 0.09771573604060912
8 0.6471428571428571 0.8565989847715736 0.03857142857142857 0.1979695431472081
3 0.8232142857142857 0.9517766497461928 0.05071428571428571 0.09390862944162436
4 0.8239285714285715 0.8883248730964466 0.05357142857142857 0.09644670050761421
5 0.9332142857142857 0.7785532994923857 0.05071428571428571 0.2296954314720812
4 0.8253571428571429 0.8121827411167513 0.05357142857142857 0.10152284263959391
4 0.8178571428571428 0.7430203045685279 0.05142857142857143 0.08756345177664974
4 0.8192857142857143 0.6890862944162436 0.05285714285714286 0.07868020304568528
3 0.8964285714285715 0.5532994923857868 0.025714285714285714 0.06091370558375634
4 0.8610714285714286 0.5285532994923857 0.025 0.05710659898477157
4 0.8310714285714286 0.5139593908629442 0.025 0.06852791878172589
0 0.9742857142857143 0.1846446700507614 0.007142857142857143 0.019035532994923856
1 0.9707142857142858 0.23350253807106597 0.004285714285714286 0.015228426395939085
0 0.9767857142857143 0.2277918781725888 0.0064285714285714285 0.021573604060913704
5 0.8503571428571428 0.30901015228426393 0.025 0.06725888324873096
3 0.8096428571428571 0.299492385786802 0.019285714285714285 0.04314720812182741
4 0.7082142857142857 0.08883248730964466 0.016428571428571428 0.04314720812182741
3 0.5814285714285714 0.013959390862944161 0.014285714285714285 0.025380710659898477
3 0.5475 0.041243654822335024 0.015 0.024111675126903553
4 0.53 0.1611675126903553 0.017142857142857144 0.04060913705583756
3 0.5221428571428571 0.2906091370558375 0.017142857142857144 0.04060913705583756
3 0.6325 0.2449238578680203 0.016428571428571428 0.04568527918781726
4 0.5232142857142857 0.02284263959390863 0.015 0.027918781725888322
4 0.5992857142857143 0.3096446700507614 0.017142857142857144 0.050761421319796954
3 0.56 0.34200507614213194 0.017142857142857144 0.052030456852791875
4 0.5935714285714285 0.39340101522842635 0.02 0.053299492385786795
3 0.51 0.4676395939086294 0.02142857142857143 0.05710659898477157
3 0.5692857142857143 0.5241116751269035 0.02142857142857143 0.06852791878172589
3 0.6264285714285714 0.6459390862944162 0.022857142857142857 0.07868020304568528
5 0.9535714285714286 0.021573604060913704 0.02 0.04060913705583756
