3 0.8114285714285714 0.7280952380952381 0.08714285714285715 0.09428571428571429
5 0.5739285714285715 0.8214285714285714 0.060714285714285714 0.054285714285714284
3 0.5117857142857143 0.7866666666666666 0.04642857142857143 0.045714285714285714
0 0.5946428571428571 0.680952380952381 0.013571428571428571 0.015238095238095238
0 0.5271428571428571 0.6714285714285714 0.015714285714285715 0.01904761904761905
0 0.5153571428571428 0.6680952380952381 0.012142857142857143 0.014285714285714285
0 0.5928571428571429 0.67 0.014285714285714285 0.018095238095238095
3 0.6346428571428572 0.6333333333333333 0.052142857142857144 0.04
3 0.5692857142857143 0.7066666666666667 0.047142857142857146 0.04
3 0.46285714285714286 0.6347619047619047 0.02857142857142857 0.023809523809523808
3 0.3775 0.6104761904761905 0.016428571428571428 0.017142857142857144
1 0.29642857142857143 0.7428571428571429 0.004285714285714286 0.005714285714285714
9 0.2978571428571429 0.7452380952380953 0.01 0.010476190476190476
1 0.4278571428571429 0.550952380952381 0.005714285714285714 0.008571428571428572
9 0.42964285714285716 0.5547619047619048 0.007857142857142858 0.006666666666666666
0 0.43107142857142855 0.5304761904761904 0.009285714285714286 0.009523809523809525
0 0.3692857142857143 0.5461904761904762 0.007142857142857143 0.008571428571428572
3 0.3410714285714286 0.6138095238095238 0.010714285714285714 0.014285714285714285
3 0.3364285714285714 0.599047619047619 0.012857142857142857 0.013333333333333332
3 0.2982142857142857 0.6138095238095238 0.010714285714285714 0.012380952380952381
3 0.2807142857142857 0.6104761904761905 0.008571428571428572 0.011428571428571429
0 0.2317857142857143 0.63 0.005 0.006666666666666666
9 0.21785714285714286 0.6328571428571429 0.004285714285714286 0.004761904761904762
1 0.2175 0.6319047619047619 0.002142857142857143 0.0009523809523809524
3 0.21642857142857141 0.6114285714285714 0.002857142857142857 0.0038095238095238095
3 0.21821428571428572 0.6047619047619047 0.0035714285714285713 0.0038095238095238095
9 0.22785714285714287 0.5971428571428572 0.002857142857142857 0.0038095238095238095
3 0.19285714285714287 0.6376190476190476 0.002857142857142857 0.002857142857142857
3 0.9410714285714286 0.2623809523809524 0.05357142857142857 0.07904761904761905
0 0.9521428571428572 0.07857142857142857 0.014285714285714285 0.02761904761904762
3 0.9292857142857143 0.1261904761904762 0.037142857142857144 0.058095238095238096
3 0.8925 0.15 0.03214285714285714 0.058095238095238096
3 0.8542857142857143 0.17 0.03142857142857143 0.05047619047619047
3 0.8207142857142857 0.1895238095238095 0.032857142857142856 0.049523809523809526
7 0.7939285714285714 0.20285714285714285 0.023571428571428573 0.04
3 0.8253571428571429 0.31142857142857144 0.03214285714285714 0.06095238095238095
3 0.7932142857142858 0.32761904761904764 0.035 0.05904761904761905
3 0.7660714285714286 0.34285714285714286 0.03214285714285714 0.05714285714285714
2 0.6739285714285714 0.44476190476190475 0.013571428571428571 0.02095238095238095
0 0.4764285714285714 0.39666666666666667 0.007142857142857143 0.008571428571428572
0 0.4732142857142857 0.3976190476190476 0.007857142857142858 0.010476190476190476
3 0.6207142857142857 0.3219047619047619 0.02142857142857143 0.03619047619047619
3 0.6078571428571429 0.32476190476190475 0.018571428571428572 0.03238095238095238
3 0.5942857142857143 0.3333333333333333 0.02 0.03428571428571429
3 0.5814285714285714 0.3442857142857143 0.02142857142857143 0.03142857142857143
3 0.5492857142857143 0.37 0.018571428571428572 0.02761904761904762
3 0.535 0.3738095238095238 0.018571428571428572 0.025714285714285714
3 0.5225 0.38666666666666666 0.016428571428571428 0.030476190476190476
3 0.5121428571428571 0.39 0.015714285714285715 0.025714285714285714
3 0.5096428571428572 0.45380952380952383 0.015 0.025714285714285714
3 0.5010714285714286 0.4580952380952381 0.012142857142857143 0.022857142857142857
3 0.48678571428571427 0.4657142857142857 0.019285714285714285 0.02857142857142857
3 0.4775 0.46904761904761905 0.016428571428571428 0.025714285714285714
3 0.4657142857142857 0.4747619047619048 0.015714285714285715 0.02761904761904762
3 0.4714285714285714 0.42238095238095236 0.012857142857142857 0.021904761904761906
