0 0.5314285714285715 0.8276190476190476 0.025714285714285714 0.06666666666666667
0 0.5728571428571428 0.8576190476190476 0.015714285714285715 0.037142857142857144
1 0.5753571428571429 0.8076190476190476 0.02214285714285714 0.047619047619047616
1 0.5596428571428571 0.7052380952380952 0.025 0.05047619047619047
0 0.83 0.47714285714285715 0.03 0.06095238095238095
0 0.6842857142857143 0.5495238095238095 0.02 0.06095238095238095
0 0.6346428571428572 0.5204761904761904 0.015 0.04857142857142857
0 0.7375 0.38476190476190475 0.02214285714285714 0.06095238095238095
0 0.7414285714285714 0.35523809523809524 0.014285714285714285 0.03428571428571429
0 0.7485714285714286 0.17809523809523808 0.012857142857142857 0.049523809523809526
0 0.9307142857142857 0.31952380952380954 0.024285714285714285 0.05047619047619047
0 0.9107142857142857 0.3242857142857143 0.017142857142857144 0.035238095238095235
0 0.5735714285714286 0.41714285714285715 0.018571428571428572 0.05523809523809524
0 0.345 0.4585714285714286 0.018571428571428572 0.05619047619047619
0 0.35535714285714287 0.45095238095238094 0.015 0.04285714285714286
0 0.2042857142857143 0.3680952380952381 0.02857142857142857 0.058095238095238096
0 0.21928571428571428 0.3628571428571429 0.02142857142857143 0.0419047619047619
0 0.23357142857142857 0.33666666666666667 0.02857142857142857 0.05238095238095238
0 0.425 0.42904761904761907 0.022857142857142857 0.054285714285714284
0 0.4382142857142857 0.4004761904761905 0.015 0.039047619047619046
0 0.4392857142857143 0.38142857142857145 0.018571428571428572 0.05619047619047619
3 0.09142857142857143 0.25952380952380955 0.09714285714285714 0.06952380952380953
3 0.4667857142857143 0.35 0.11642857142857142 0.08857142857142856
3 0.605 0.36714285714285716 0.10714285714285714 0.07714285714285714
3 0.6214285714285714 0.14285714285714285 0.08285714285714285 0.05523809523809524
0 0.03428571428571429 0.11333333333333333 0.02 0.04380952380952381
0 0.545 0.12238095238095238 0.014285714285714285 0.04476190476190476
