0 0.17857142857142858 0.6938095238095238 0.02142857142857143 0.058095238095238096
0 0.10928571428571429 0.9704761904761905 0.03428571428571429 0.05904761904761905
0 0.37392857142857144 0.4604761904761905 0.009285714285714286 0.025714285714285714
0 0.3732142857142857 0.6533333333333333 0.015 0.049523809523809526
0 0.3707142857142857 0.6442857142857142 0.014285714285714285 0.054285714285714284
1 0.5764285714285714 0.4723809523809524 0.008571428571428572 0.017142857142857144
1 0.6457142857142857 0.4342857142857143 0.007142857142857143 0.013333333333333332
1 0.7046428571428571 0.4280952380952381 0.0064285714285714285 0.010476190476190476
1 0.7653571428571428 0.4114285714285714 0.005 0.009523809523809525
1 0.7696428571428572 0.4095238095238095 0.0035714285714285713 0.009523809523809525
0 0.5967857142857143 0.36047619047619045 0.0035714285714285713 0.008571428571428572
0 0.5907142857142857 0.36666666666666664 0.002857142857142857 0.007619047619047619
0 0.5882142857142857 0.3661904761904762 0.0035714285714285713 0.010476190476190476
1 0.4667857142857143 0.3995238095238095 0.005 0.010476190476190476
0 0.485 0.39904761904761904 0.004285714285714286 0.011428571428571429
0 0.4957142857142857 0.3985714285714286 0.005714285714285714 0.014285714285714285
0 0.4760714285714286 0.41904761904761906 0.0064285714285714285 0.017142857142857144
0 0.48464285714285715 0.41904761904761906 0.005 0.017142857142857144
0 0.5032142857142857 0.4076190476190476 0.0064285714285714285 0.015238095238095238
1 0.5035714285714286 0.4061904761904762 0.004285714285714286 0.008571428571428572
0 0.5185714285714286 0.4014285714285714 0.004285714285714286 0.014285714285714285
0 0.5328571428571428 0.4 0.005714285714285714 0.015238095238095238
0 0.5378571428571428 0.40095238095238095 0.004285714285714286 0.015238095238095238
0 0.5114285714285715 0.39904761904761904 0.004285714285714286 0.011428571428571429
0 0.5460714285714285 0.4023809523809524 0.0035714285714285713 0.010476190476190476
0 0.5482142857142858 0.3942857142857143 0.0035714285714285713 0.015238095238095238
0 0.5521428571428572 0.39476190476190476 0.005714285714285714 0.014285714285714285
0 0.5503571428571429 0.4057142857142857 0.002142857142857143 0.007619047619047619
0 0.5628571428571428 0.3923809523809524 0.004285714285714286 0.013333333333333332
0 0.5614285714285714 0.3861904761904762 0.004285714285714286 0.012380952380952381
1 0.5446428571428571 0.37857142857142856 0.0035714285714285713 0.008571428571428572
1 0.5078571428571429 0.3980952380952381 0.004285714285714286 0.013333333333333332
0 0.6717857142857143 0.4119047619047619 0.005 0.01619047619047619
