0 0.02035714285714286 0.1442857142857143 0.017857142857142856 0.023809523809523808
0 0.04928571428571429 0.37761904761904763 0.017142857142857144 0.014285714285714285
0 0.4032142857142857 0.07523809523809524 0.007857142857142858 0.022857142857142857
4 0.47785714285714287 0.030952380952380953 0.018571428571428572 0.06190476190476191
5 0.4717857142857143 0.10333333333333333 0.02642857142857143 0.12095238095238095
3 0.5996428571428571 0.04428571428571428 0.025 0.06952380952380953
3 0.5985714285714285 0.1280952380952381 0.024285714285714285 0.058095238095238096
3 0.43714285714285717 0.2123809523809524 0.03142857142857143 0.07809523809523809
3 0.4660714285714286 0.4261904761904762 0.02214285714285714 0.07714285714285714
3 0.5135714285714286 0.4361904761904762 0.03 0.09333333333333334
0 0.4060714285714286 0.35619047619047617 0.010714285714285714 0.02095238095238095
0 0.39357142857142857 0.44761904761904764 0.012857142857142857 0.01904761904761905
0 0.38392857142857145 0.4533333333333333 0.009285714285714286 0.02095238095238095
0 0.37285714285714283 0.4523809523809524 0.008571428571428572 0.015238095238095238
0 0.3585714285714286 0.44761904761904764 0.011428571428571429 0.017142857142857144
0 0.33107142857142857 0.4819047619047619 0.010714285714285714 0.015238095238095238
0 0.3053571428571429 0.4 0.015 0.017142857142857144
0 0.30107142857142855 0.4195238095238095 0.015 0.01619047619047619
0 0.4207142857142857 0.4480952380952381 0.012857142857142857 0.01619047619047619
9 0.5614285714285714 0.44142857142857145 0.008571428571428572 0.03333333333333333
1 0.5625 0.43523809523809526 0.007857142857142858 0.017142857142857144
3 0.6075 0.4471428571428571 0.027857142857142858 0.08095238095238096
3 0.6089285714285714 0.5466666666666666 0.030714285714285715 0.09142857142857143
9 0.5785714285714286 0.5376190476190477 0.008571428571428572 0.029523809523809525
1 0.5789285714285715 0.5385714285714286 0.007857142857142858 0.012380952380952381
3 0.4610714285714286 0.6385714285714286 0.030714285714285715 0.07523809523809524
4 0.33035714285714285 0.6461904761904762 0.07214285714285715 0.03333333333333333
3 0.3225 0.75 0.07785714285714286 0.04666666666666667
3 0.3175 0.8561904761904762 0.07785714285714286 0.0419047619047619
3 0.3175 0.9704761904761905 0.07785714285714286 0.045714285714285714
0 0.3682142857142857 0.9419047619047619 0.012142857142857143 0.013333333333333332
0 0.38857142857142857 0.9580952380952381 0.01 0.02095238095238095
0 0.3992857142857143 0.96 0.012857142857142857 0.024761904761904763
3 0.6142857142857143 0.9157142857142857 0.03571428571428571 0.11333333333333333
