4 0.4832985386221294 0.039888682745825604 0.05532359081419624 0.059369202226345084
3 0.48669102296450933 0.09740259740259741 0.05480167014613778 0.05380333951762523
3 0.48173277661795405 0.24257884972170687 0.05532359081419624 0.05473098330241188
3 0.5720250521920668 0.06818181818181818 0.024008350730688934 0.08998144712430427
3 0.4799060542797494 0.1924860853432282 0.05897703549060542 0.049165120593692026
3 0.4767745302713987 0.14888682745825604 0.056889352818371604 0.049165120593692026
9 0.5981210855949896 0.12523191094619665 0.016701461377870562 0.03339517625231911
9 0.6020354906054279 0.18692022263450836 0.02661795407098121 0.026901669758812616
9 0.6304801670146137 0.18181818181818182 0.019832985386221292 0.03153988868274583
9 0.4832985386221294 0.29313543599257885 0.027139874739039664 0.029684601113172542
9 0.598643006263048 0.31586270871985156 0.016701461377870562 0.043599257884972174
7 0.6231732776617953 0.3302411873840445 0.03444676409185803 0.04452690166975881
9 0.6208246346555323 0.3042671614100186 0.023486430062630476 0.01855287569573284
3 0.5764613778705636 0.2476808905380334 0.02974947807933194 0.10575139146567718
3 0.6398747390396659 0.24582560296846012 0.033402922755741124 0.09461966604823747
3 0.4744258872651356 0.349721706864564 0.06263048016701461 0.05194805194805195
3 0.4775574112734864 0.4090909090909091 0.06576200417536533 0.05194805194805195
3 0.47494780793319413 0.4675324675324675 0.06576200417536533 0.05009276437847866
3 0.4775574112734864 0.5296846011131725 0.06367432150313151 0.05194805194805195
3 0.47259916492693105 0.5927643784786643 0.0673277661795407 0.06307977736549165
6 0.5874217118997912 0.42810760667903525 0.014091858037578286 0.0640074211502783
3 0.6419624217118998 0.4387755102040816 0.03444676409185803 0.11317254174397032
3 0.6959812108559498 0.33719851576994436 0.03079331941544885 0.10667903525046382
9 0.6119519832985386 0.5009276437847866 0.03079331941544885 0.029684601113172542
3 0.583768267223382 0.6563079777365491 0.028705636743215027 0.11966604823747681
5 0.6524008350730688 0.661873840445269 0.033402922755741124 0.15120593692022263
4 0.4624217118997912 0.6609461966604824 0.056367432150313146 0.05287569573283859
3 0.4665970772442588 0.7305194805194806 0.0720250521920668 0.06215213358070501
3 0.4676409185803757 0.8102968460111317 0.07306889352818371 0.05658627087198516
3 0.46581419624217113 0.8928571428571429 0.07150313152400835 0.05844155844155844
3 0.4723382045929018 0.9730983302411874 0.0720250521920668 0.05194805194805195
3 0.5892484342379958 0.9304267161410019 0.03444676409185803 0.137291280148423
3 0.6633611691022964 0.9304267161410019 0.029227557411273482 0.13543599257884972
9 0.7640918580375782 0.43042671614100186 0.020876826722338204 0.04267161410018553
9 0.7935803757828809 0.5185528756957328 0.012004175365344467 0.05009276437847866
9 0.7541753653444676 0.3761595547309833 0.026096033402922752 0.02504638218923933
2 0.758089770354906 0.3557513914656772 0.019311064718162838 0.013914656771799629
9 0.7541753653444676 0.34369202226345086 0.022964509394572022 0.021335807050092765
9 0.755741127348643 0.32421150278293137 0.019832985386221292 0.02504638218923933
9 0.7419102296450939 0.33116883116883117 0.01826722338204593 0.01855287569573284
9 0.7771398747390396 0.3228200371057514 0.010438413361169102 0.03710575139146568
2 0.7515657620041752 0.3070500927643785 0.022964509394572022 0.012987012987012988
2 0.7492171189979122 0.30009276437847865 0.02139874739039666 0.013914656771799629
9 0.7484342379958245 0.29081632653061223 0.025052192066805843 0.021335807050092765
9 0.7473903966597076 0.2727272727272727 0.020876826722338204 0.02411873840445269
9 0.7406054279749478 0.26113172541743973 0.026096033402922752 0.0176252319109462
9 0.7382567849686846 0.2430426716141002 0.02661795407098121 0.020408163265306124
9 0.7458246346555323 0.22031539888682747 0.019832985386221292 0.026901669758812616
9 0.7395615866388309 0.20686456400742115 0.024008350730688934 0.025974025974025976
9 0.7442588726513569 0.1901669758812616 0.020876826722338204 0.020408163265306124
9 0.7413883089770354 0.1808905380333952 0.019311064718162838 0.020408163265306124
9 0.7361691022964508 0.16883116883116883 0.022442588726513567 0.020408163265306124
9 0.7667014613778705 0.1794990723562152 0.010438413361169102 0.02504638218923933
4 0.6325678496868475 0.08024118738404452 0.026096033402922752 0.09183673469387756
