3 0.5196428571428572 0.8191624365482233 0.017857142857142856 0.05710659898477157
3 0.3982142857142857 0.8965736040609137 0.019285714285714285 0.049492385786802026
3 0.5064285714285715 0.49682741116751267 0.012857142857142857 0.024111675126903553
3 0.4382142857142857 0.5114213197969543 0.010714285714285714 0.02284263959390863
3 0.45035714285714284 0.416243654822335 0.009285714285714286 0.017766497461928932
3 0.47785714285714287 0.482233502538071 0.01 0.027918781725888322
3 0.5096428571428572 0.38007614213197966 0.0064285714285714285 0.019035532994923856
3 0.48428571428571426 0.3762690355329949 0.007142857142857143 0.013959390862944161
3 0.49357142857142855 0.34073604060913704 0.007142857142857143 0.016497461928934008
3 0.5035714285714286 0.31345177664974616 0.007142857142857143 0.012690355329949238
3 0.49107142857142855 0.28172588832487305 0.005 0.012690355329949238
3 0.49392857142857144 0.5348984771573604 0.009285714285714286 0.029187817258883246
3 0.4667857142857143 0.2779187817258883 0.005 0.012690355329949238
3 0.4928571428571429 0.21763959390862941 0.005714285714285714 0.011421319796954314
3 0.4725 0.23540609137055835 0.0064285714285714285 0.013959390862944161
3 0.4732142857142857 0.21573604060913704 0.005 0.0076142131979695426
3 0.47964285714285715 0.19987309644670048 0.0035714285714285713 0.011421319796954314
3 0.4825 0.1846446700507614 0.0035714285714285713 0.008883248730964466
3 0.4767857142857143 0.17385786802030456 0.005 0.0076142131979695426
3 0.4835714285714286 0.174492385786802 0.005714285714285714 0.011421319796954314
3 0.47714285714285715 0.16624365482233502 0.004285714285714286 0.0076142131979695426
3 0.48392857142857143 0.16560913705583755 0.0064285714285714285 0.011421319796954314
3 0.48428571428571426 0.1548223350253807 0.002857142857142857 0.01015228426395939
3 0.4925 0.18401015228426396 0.0064285714285714285 0.015228426395939085
3 0.49464285714285716 0.16941624365482233 0.007857142857142858 0.013959390862944161
3 0.4760714285714286 0.15418781725888323 0.0035714285714285713 0.0038071065989847713
3 0.4925 0.25253807106598986 0.005 0.015228426395939085
3 0.5010714285714286 0.28236040609137053 0.007857142857142858 0.013959390862944161
3 0.49964285714285717 0.266497461928934 0.005 0.012690355329949238
3 0.5003571428571428 0.24746192893401014 0.005 0.012690355329949238
3 0.5078571428571429 0.6192893401015228 0.014285714285714285 0.04314720812182741
3 0.48928571428571427 0.6034263959390862 0.012857142857142857 0.03680203045685279
3 0.46785714285714286 0.6123096446700507 0.012857142857142857 0.03426395939086294
3 0.4742857142857143 0.5862944162436547 0.01 0.027918781725888322
3 0.4757142857142857 0.5513959390862944 0.01 0.026649746192893398
3 0.7389285714285714 0.8077411167512689 0.039285714285714285 0.026649746192893398
3 0.7903571428571429 0.8039340101522842 0.03642857142857143 0.029187817258883246
3 0.755 0.83248730964467 0.03571428571428571 0.032994923857868015
8 0.6589285714285714 0.8248730964467005 0.10785714285714286 0.06598984771573603
4 0.5035714285714286 0.9010152284263959 0.02 0.06852791878172589
4 0.4585714285714286 0.45368020304568524 0.008571428571428572 0.029187817258883246
4 0.5021428571428571 0.4473350253807106 0.008571428571428572 0.021573604060913704
4 0.4757142857142857 0.5171319796954315 0.011428571428571429 0.03426395939086294
3 0.4514285714285714 0.549492385786802 0.01 0.025380710659898477
4 0.45535714285714285 0.3032994923857868 0.0064285714285714285 0.015228426395939085
4 0.49535714285714283 0.2982233502538071 0.0064285714285714285 0.012690355329949238
3 0.5121428571428571 0.3026649746192893 0.007142857142857143 0.011421319796954314
5 0.45714285714285713 0.350253807106599 0.01 0.027918781725888322
4 0.6228571428571429 0.8115482233502538 0.05 0.03426395939086294
9 0.49 0.4365482233502538 0.004285714285714286 0.012690355329949238
0 0.48928571428571427 0.43337563451776645 0.004285714285714286 0.006345177664974619
3 0.7475 0.2918781725888325 0.010714285714285714 0.012690355329949238
8 0.7953571428571429 0.3546954314720812 0.02214285714285714 0.03680203045685279
4 0.9225 0.5310913705583756 0.016428571428571428 0.024111675126903553
3 0.9867857142857143 0.6446700507614213 0.02642857142857143 0.03045685279187817
