5 0.5532142857142857 0.5033333333333333 0.04071428571428572 0.08476190476190476
8 0.7546428571428572 0.9538095238095238 0.08214285714285714 0.09238095238095238
8 0.5364285714285715 0.39380952380952383 0.027142857142857142 0.05238095238095238
3 0.21714285714285714 0.5371428571428571 0.02142857142857143 0.0380952380952381
4 0.15071428571428572 0.659047619047619 0.02857142857142857 0.06285714285714286
3 0.27785714285714286 0.3961904761904762 0.018571428571428572 0.02095238095238095
3 0.08535714285714285 0.430952380952381 0.025 0.023809523809523808
5 0.1357142857142857 0.3842857142857143 0.04857142857142857 0.023809523809523808
3 0.9 0.5128571428571429 0.03142857142857143 0.03333333333333333
3 0.8314285714285714 0.5261904761904762 0.045714285714285714 0.021904761904761906
3 0.7864285714285715 0.42238095238095236 0.03 0.01619047619047619
3 0.7707142857142857 0.4104761904761905 0.02142857142857143 0.013333333333333332
3 0.7510714285714286 0.4261904761904762 0.030714285714285715 0.01619047619047619
3 0.7403571428571428 0.4138095238095238 0.025 0.01619047619047619
3 0.7260714285714286 0.40190476190476193 0.027857142857142858 0.017142857142857144
4 0.4160714285714286 0.29428571428571426 0.012142857142857143 0.015238095238095238
8 0.4342857142857143 0.27666666666666667 0.015714285714285715 0.02761904761904762
3 0.44142857142857145 0.2623809523809524 0.005714285714285714 0.008571428571428572
3 0.4610714285714286 0.24 0.005 0.007619047619047619
8 0.43392857142857144 0.24714285714285714 0.007857142857142858 0.012380952380952381
5 0.495 0.34714285714285714 0.015714285714285715 0.02761904761904762
1 0.4992857142857143 0.2985714285714286 0.002857142857142857 0.004761904761904762
9 0.4992857142857143 0.3019047619047619 0.002857142857142857 0.005714285714285714
3 0.44 0.22523809523809524 0.004285714285714286 0.006666666666666666
5 0.4375 0.21285714285714286 0.0064285714285714285 0.012380952380952381
3 0.4342857142857143 0.2057142857142857 0.002857142857142857 0.005714285714285714
3 0.4514285714285714 0.19523809523809524 0.004285714285714286 0.0038095238095238095
5 0.43785714285714283 0.19523809523809524 0.005714285714285714 0.011428571428571429
3 0.44142857142857145 0.18714285714285714 0.004285714285714286 0.004761904761904762
8 0.47714285714285715 0.1719047619047619 0.005714285714285714 0.008571428571428572
4 0.5278571428571428 0.20761904761904762 0.008571428571428572 0.005714285714285714
3 0.5221428571428571 0.20142857142857143 0.005714285714285714 0.002857142857142857
3 0.5292857142857142 0.21047619047619048 0.007142857142857143 0.005714285714285714
4 0.29464285714285715 0.21714285714285714 0.0064285714285714285 0.007619047619047619
5 0.29714285714285715 0.22523809523809524 0.017142857142857144 0.008571428571428572
