3 0.5378571428571428 0.5785714285714286 0.002857142857142857 0.002857142857142857
3 0.5546428571428571 0.5785714285714286 0.0035714285714285713 0.002857142857142857
0 0.5571428571428572 0.5885714285714285 0.002857142857142857 0.0019047619047619048
3 0.5389285714285714 0.6009523809523809 0.002142857142857143 0.0038095238095238095
3 0.5360714285714285 0.5933333333333334 0.0035714285714285713 0.0019047619047619048
4 0.57 0.5885714285714285 0.004285714285714286 0.0038095238095238095
3 0.5660714285714286 0.5971428571428572 0.002142857142857143 0.0038095238095238095
3 0.5685714285714286 0.5985714285714285 0.002857142857142857 0.004761904761904762
3 0.5714285714285714 0.6038095238095238 0.002857142857142857 0.005714285714285714
5 0.5771428571428572 0.5971428571428572 0.004285714285714286 0.005714285714285714
3 0.5832142857142857 0.5919047619047619 0.005 0.004761904761904762
3 0.5928571428571429 0.6252380952380953 0.005714285714285714 0.008571428571428572
3 0.6210714285714286 0.6338095238095238 0.0064285714285714285 0.008571428571428572
3 0.5871428571428572 0.6385714285714286 0.007142857142857143 0.008571428571428572
3 0.6103571428571428 0.6547619047619048 0.007857142857142858 0.010476190476190476
3 0.6192857142857143 0.6723809523809524 0.008571428571428572 0.013333333333333332
4 0.6246428571428572 0.6938095238095238 0.009285714285714286 0.014285714285714285
3 0.6417857142857143 0.7228571428571429 0.012142857142857143 0.01904761904761905
4 0.58 0.6904761904761905 0.008571428571428572 0.011428571428571429
3 0.5703571428571429 0.6557142857142857 0.005 0.008571428571428572
3 0.5625 0.6538095238095238 0.005 0.010476190476190476
3 0.5517857142857143 0.6704761904761904 0.005 0.007619047619047619
3 0.56 0.6704761904761904 0.005714285714285714 0.009523809523809525
5 0.6232142857142857 0.7871428571428571 0.023571428571428573 0.039047619047619046
