3 0.11743215031315239 0.3107606679035251 0.024008350730688934 0.04081632653061225
3 0.12630480167014613 0.2717996289424861 0.018789144050104383 0.04081632653061225
6 0.21607515657620038 0.426252319109462 0.014613778705636741 0.05102040816326531
5 0.23434237995824633 0.44109461966604824 0.016701461377870562 0.05473098330241188
3 0.2643528183716075 0.426252319109462 0.020354906054279746 0.05844155844155844
6 0.32072025052192066 0.40166975881261596 0.019311064718162838 0.05380333951762523
5 0.3410751565762004 0.39053803339517623 0.022442588726513567 0.05380333951762523
6 0.3637787056367432 0.3965677179962894 0.016701461377870562 0.05473098330241188
3 0.3896137787056367 0.4137291280148423 0.020354906054279746 0.05194805194805195
3 0.48486430062630476 0.3738404452690167 0.020876826722338204 0.05380333951762523
3 0.5070459290187891 0.36363636363636365 0.022442588726513567 0.05380333951762523
9 0.4822546972860125 0.44712430426716143 0.01774530271398747 0.016697588126159554
1 0.48121085594989554 0.44294990723562155 0.0073068893528183704 0.0176252319109462
3 0.548277661795407 0.3520408163265306 0.022442588726513567 0.05287569573283859
3 0.38178496868475986 0.5793135435992579 0.020354906054279746 0.0640074211502783
3 0.5083507306889352 0.5241187384044527 0.022964509394572022 0.055658627087198514
3 0.5357515657620041 0.5236549165120594 0.023486430062630476 0.06215213358070501
3 0.5634133611691022 0.5208719851576995 0.025574112734864297 0.06215213358070501
3 0.6385699373695197 0.5 0.02766179540709812 0.055658627087198514
3 0.664144050104384 0.5018552875695733 0.02766179540709812 0.061224489795918366
3 0.7171189979123173 0.4865491651205937 0.022964509394572022 0.05473098330241188
3 0.6184759916492693 0.3330241187384045 0.026096033402922752 0.05194805194805195
3 0.2706158663883089 0.6076066790352505 0.022442588726513567 0.061224489795918366
3 0.24191022964509393 0.6168831168831169 0.02661795407098121 0.07235621521335807
