4 0.43241127348643 0.7328385899814471 0.025574112734864297 0.07977736549165121
4 0.8181106471816283 0.8872912801484231 0.055845511482254695 0.05473098330241188
4 0.6189979123173277 0.3654916512059369 0.013569937369519832 0.029684601113172542
4 0.6403966597077244 0.3432282003710575 0.025052192066805843 0.03153988868274583
3 0.47494780793319413 0.3232838589981447 0.013569937369519832 0.026901669758812616
3 0.4692066805845511 0.2694805194805195 0.012526096033402922 0.030612244897959183
3 0.502348643006263 0.2277365491651206 0.012004175365344467 0.026901669758812616
3 0.5161795407098121 0.21985157699443414 0.010438413361169102 0.01855287569573284
3 0.512787056367432 0.14239332096474955 0.008872651356993735 0.01948051948051948
3 0.5112212943632567 0.09925788497217068 0.006784968684759916 0.012987012987012988
3 0.5044363256784968 0.06215213358070501 0.007828810020876827 0.016697588126159554
3 0.5117432150313151 0.05241187384044527 0.006784968684759916 0.012059369202226345
3 0.7974947807933194 0.8418367346938775 0.06054279749478079 0.05473098330241188
3 0.7058977035490605 0.7435064935064936 0.02974947807933194 0.06586270871985157
3 0.6471816283924843 0.6080705009276438 0.024008350730688934 0.05287569573283859
3 0.7272964509394572 0.6210575139146568 0.04853862212943632 0.039888682745825604
3 0.7220772442588725 0.5987940630797773 0.04853862212943632 0.03246753246753247
3 0.6965031315240083 0.5269016697588126 0.04018789144050104 0.04081632653061225
3 0.7424321503131524 0.5264378478664193 0.04540709812108559 0.036178107606679034
3 0.8201983298538621 0.9833024118738405 0.07463465553235907 0.03153988868274583
8 0.5715031315240083 0.39285714285714285 0.026096033402922752 0.08812615955473098
8 0.43449895615866385 0.323747680890538 0.019311064718162838 0.07606679035250465
9 0.6769311064718162 0.4179035250463822 0.013569937369519832 0.013914656771799629
9 0.6419624217118998 0.37569573283859 0.010438413361169102 0.020408163265306124
3 0.5790709812108559 0.17161410018552875 0.009916492693110646 0.016697588126159554
4 0.5748956158663883 0.15306122448979592 0.008872651356993735 0.016697588126159554
3 0.5720250521920668 0.1461038961038961 0.009394572025052192 0.013914656771799629
3 0.5657620041753653 0.11734693877551021 0.008350730688935281 0.013914656771799629
3 0.5641962421711899 0.10807050092764378 0.011482254697286011 0.010204081632653062
4 0.5621085594989561 0.09925788497217068 0.0073068893528183704 0.011131725417439703
1 0.534446764091858 0.15352504638218925 0.0031315240083507304 0.008348794063079777
3 0.5067849686847599 0.026437847866419294 0.005219206680584551 0.008348794063079777
0 0.3953549060542797 0.25974025974025977 0.0036534446764091852 0.014842300556586271
0 0.41257828810020875 0.19155844155844157 0.0026096033402922755 0.008348794063079777
0 0.41570981210855945 0.1730055658627087 0.0026096033402922755 0.006493506493506494
9 0.4159707724425887 0.17996289424860853 0.0031315240083507304 0.0074211502782931356
9 0.41283924843423797 0.19758812615955473 0.0031315240083507304 0.011131725417439703
9 0.3950939457202505 0.2634508348794063 0.0041753653444676405 0.0074211502782931356
1 0.5900313152400835 0.29035250463821893 0.0036534446764091852 0.00927643784786642
9 0.589509394572025 0.29730983302411873 0.0036534446764091852 0.010204081632653062
9 0.7967118997912317 0.5811688311688312 0.01826722338204593 0.02319109461966605
9 0.7948851774530271 0.6590909090909091 0.011482254697286011 0.03432282003710575
9 0.8569937369519832 0.7731910946196661 0.018789144050104383 0.026901669758812616
9 0.8846555323590813 0.8608534322820037 0.022964509394572022 0.025974025974025976
0 0.7301670146137786 0.7727272727272727 0.005219206680584551 0.025974025974025976
0 0.7379958246346554 0.7736549165120594 0.006263048016701461 0.029684601113172542
9 0.6203027139874738 0.21753246753246755 0.006784968684759916 0.008348794063079777
9 0.5884655532359081 0.15352504638218925 0.006784968684759916 0.008348794063079777
1 0.443893528183716 0.0705009276437848 0.0015657620041753652 0.0055658627087198514
9 0.44415448851774525 0.07467532467532467 0.0020876826722338203 0.00463821892393321
