5 0.3442857142857143 0.9257614213197969 0.11571428571428571 0.14593908629441624
3 0.42428571428571427 0.8128172588832486 0.05714285714285714 0.10786802030456852
5 0.47 0.7036802030456852 0.06857142857142857 0.12309644670050761
3 0.5025 0.567258883248731 0.03214285714285714 0.07868020304568528
3 0.43464285714285716 0.4828680203045685 0.05928571428571429 0.08502538071065989
3 0.35642857142857143 0.41180203045685276 0.06285714285714286 0.07994923857868019
3 0.5496428571428571 0.4175126903553299 0.05071428571428571 0.05837563451776649
3 0.585 0.3623096446700507 0.03 0.08756345177664974
3 0.5571428571428572 0.3578680203045685 0.03142857142857143 0.08883248730964466
3 0.5921428571428572 0.26840101522842635 0.024285714285714285 0.06979695431472081
3 0.3289285714285714 0.2861675126903553 0.04071428571428572 0.049492385786802026
3 0.39 0.16243654822335024 0.03 0.06852791878172589
