1 0.43125 0.607 0.0125 0.04733333333333333
2 0.43025 0.6223333333333333 0.0135 0.038
3 0.41275 0.528 0.0485 0.06799999999999999
3 0.4375 0.45499999999999996 0.036000000000000004 0.056666666666666664
3 0.60825 0.602 0.0475 0.08266666666666667
4 0.601 0.516 0.04 0.06133333333333333
4 0.5962500000000001 0.412 0.0325 0.042666666666666665
5 0.50525 0.29666666666666663 0.0375 0.04
3 0.6165 0.183 0.023 0.019333333333333334
3 0.93525 0.33366666666666667 0.0375 0.03666666666666667
4 0.7475 0.246 0.043000000000000003 0.032
