5 0.4832142857142857 0.6247619047619047 0.075 0.06476190476190476
5 0.7046428571428571 0.7576190476190476 0.07214285714285715 0.06380952380952382
5 0.20964285714285713 0.4638095238095238 0.07214285714285715 0.06666666666666667
5 0.2910714285714286 0.5366666666666666 0.07214285714285715 0.06
7 0.6367857142857143 0.7157142857142857 0.03785714285714286 0.039047619047619046
3 0.5703571428571429 0.6166666666666667 0.03785714285714286 0.03333333333333333
3 0.5271428571428571 0.589047619047619 0.025714285714285714 0.037142857142857144
5 0.4342857142857143 0.5014285714285714 0.03142857142857143 0.025714285714285714
9 0.4857142857142857 0.5561904761904762 0.007142857142857143 0.017142857142857144
9 0.49178571428571427 0.56 0.005 0.017142857142857144
9 0.5271428571428571 0.5414285714285715 0.012857142857142857 0.012380952380952381
9 0.4392857142857143 0.5547619047619048 0.004285714285714286 0.014285714285714285
9 0.4907142857142857 0.5276190476190477 0.011428571428571429 0.009523809523809525
9 0.5310714285714285 0.6419047619047619 0.016428571428571428 0.013333333333333332
1 0.5310714285714285 0.6428571428571429 0.005 0.017142857142857144
0 0.48 0.5361904761904762 0.005714285714285714 0.011428571428571429
4 0.3392857142857143 0.430952380952381 0.02 0.02
3 0.2764285714285714 0.5033333333333333 0.027142857142857142 0.021904761904761906
3 0.42214285714285715 0.5985714285714285 0.032857142857142856 0.02761904761904762
3 0.3825 0.5723809523809524 0.03214285714285714 0.030476190476190476
3 0.3432142857142857 0.549047619047619 0.030714285714285715 0.03142857142857143
3 0.3117857142857143 0.5247619047619048 0.027857142857142858 0.022857142857142857
8 0.5657142857142857 0.6747619047619048 0.06142857142857143 0.058095238095238096
6 0.8432142857142857 0.8142857142857143 0.04928571428571429 0.03619047619047619
1 0.835 0.8033333333333333 0.01 0.018095238095238095
1 0.9342857142857143 0.8376190476190476 0.012857142857142857 0.018095238095238095
3 0.23035714285714284 0.2704761904761905 0.017857142857142856 0.013333333333333332
3 0.13035714285714287 0.4080952380952381 0.02214285714285714 0.01619047619047619
3 0.15071428571428572 0.26666666666666666 0.01 0.015238095238095238
3 0.1625 0.2623809523809524 0.009285714285714286 0.014285714285714285
3 0.1742857142857143 0.2619047619047619 0.011428571428571429 0.011428571428571429
3 0.20107142857142857 0.25285714285714284 0.012142857142857143 0.010476190476190476
3 0.13785714285714284 0.27095238095238094 0.008571428571428572 0.012380952380952381
3 0.12428571428571429 0.2742857142857143 0.008571428571428572 0.013333333333333332
3 0.18821428571428572 0.27 0.019285714285714285 0.01619047619047619
4 0.13535714285714287 0.31476190476190474 0.017857142857142856 0.01619047619047619
3 0.1225 0.3142857142857143 0.017857142857142856 0.017142857142857144
6 0.25035714285714283 0.2671428571428571 0.010714285714285714 0.012380952380952381
5 0.19857142857142857 0.2866666666666667 0.02142857142857143 0.022857142857142857
5 0.1875 0.28285714285714286 0.025 0.017142857142857144
8 0.1632142857142857 0.30428571428571427 0.03642857142857143 0.03333333333333333
3 0.21214285714285713 0.24761904761904763 0.008571428571428572 0.015238095238095238
4 0.18714285714285714 0.23714285714285716 0.012857142857142857 0.011428571428571429
4 0.1925 0.23142857142857143 0.013571428571428571 0.011428571428571429
3 0.15107142857142858 0.2523809523809524 0.015 0.013333333333333332
3 0.16035714285714286 0.24952380952380954 0.015 0.011428571428571429
3 0.17035714285714285 0.24523809523809523 0.015 0.010476190476190476
3 0.17857142857142858 0.24 0.014285714285714285 0.009523809523809525
3 0.20607142857142857 0.23095238095238096 0.013571428571428571 0.010476190476190476
0 0.07857142857142857 0.3661904761904762 0.007142857142857143 0.010476190476190476
0 0.09142857142857143 0.32047619047619047 0.005714285714285714 0.010476190476190476
2 0.14714285714285713 0.35523809523809524 0.008571428571428572 0.007619047619047619
1 0.1457142857142857 0.35095238095238096 0.007142857142857143 0.006666666666666666
1 0.0525 0.3466666666666667 0.0035714285714285713 0.009523809523809525
9 0.053214285714285714 0.34809523809523807 0.010714285714285714 0.006666666666666666
0 0.037142857142857144 0.3495238095238095 0.007142857142857143 0.011428571428571429
3 0.04 0.30047619047619045 0.025714285714285714 0.012380952380952381
3 0.06035714285714286 0.2833333333333333 0.016428571428571428 0.012380952380952381
3 0.8396428571428571 0.8428571428571429 0.062142857142857146 0.049523809523809526
3 0.9267857142857143 0.9019047619047619 0.06642857142857143 0.05142857142857143
3 0.7732142857142857 0.780952380952381 0.052142857142857144 0.04
4 0.8239285714285715 0.7457142857142857 0.039285714285714285 0.04380952380952381
0 0.9367857142857143 0.770952380952381 0.009285714285714286 0.01619047619047619
0 0.7510714285714286 0.6785714285714286 0.007857142857142858 0.012380952380952381
1 0.645 0.6147619047619047 0.007142857142857143 0.010476190476190476
1 0.7353571428571428 0.6576190476190477 0.005 0.014285714285714285
2 0.7339285714285714 0.6595238095238095 0.015 0.014285714285714285
7 0.645 0.6123809523809524 0.017142857142857144 0.02095238095238095
9 0.6364285714285715 0.5971428571428572 0.015714285714285715 0.01904761904761905
3 0.7242857142857143 0.5004761904761905 0.018571428571428572 0.03142857142857143
3 0.7328571428571429 0.5723809523809524 0.02 0.030476190476190476
3 0.7225 0.6023809523809524 0.017857142857142856 0.03142857142857143
0 0.09571428571428571 0.6257142857142857 0.011428571428571429 0.017142857142857144
0 0.04928571428571429 0.6409523809523809 0.008571428571428572 0.013333333333333332
1 0.04071428571428572 0.6438095238095238 0.005714285714285714 0.011428571428571429
