3 0.05071428571428571 0.3376190476190476 0.05285714285714286 0.037142857142857144
3 0.12 0.32 0.07142857142857142 0.03428571428571429
3 0.21821428571428572 0.2904761904761905 0.055 0.03238095238095238
3 0.30214285714285716 0.26857142857142857 0.04428571428571428 0.030476190476190476
0 0.2982142857142857 0.2719047619047619 0.012142857142857143 0.023809523809523808
3 0.3425 0.2519047619047619 0.04214285714285714 0.03142857142857143
3 0.36964285714285716 0.24619047619047618 0.03785714285714286 0.025714285714285714
3 0.38392857142857145 0.23952380952380953 0.03214285714285714 0.023809523809523808
0 0.3585714285714286 0.22428571428571428 0.007142857142857143 0.023809523809523808
0 0.4132142857142857 0.23142857142857143 0.0064285714285714285 0.024761904761904763
0 0.4014285714285714 0.21523809523809523 0.005714285714285714 0.01904761904761905
0 0.40285714285714286 0.2123809523809524 0.005714285714285714 0.02095238095238095
3 0.43785714285714283 0.22523809523809524 0.03571428571428571 0.023809523809523808
3 0.48214285714285715 0.2119047619047619 0.03428571428571429 0.02
3 0.5035714285714286 0.20476190476190476 0.03142857142857143 0.02095238095238095
3 0.5196428571428572 0.20238095238095238 0.029285714285714286 0.02
0 0.4882142857142857 0.19476190476190477 0.0064285714285714285 0.018095238095238095
3 0.5467857142857143 0.19333333333333333 0.03214285714285714 0.01904761904761905
3 0.5571428571428572 0.19142857142857142 0.03142857142857143 0.02095238095238095
3 0.5775 0.18523809523809523 0.029285714285714286 0.018095238095238095
3 0.5892857142857143 0.1819047619047619 0.025714285714285714 0.017142857142857144
3 0.5971428571428572 0.17952380952380953 0.024285714285714285 0.018095238095238095
0 0.5978571428571429 0.18666666666666668 0.005714285714285714 0.017142857142857144
3 0.6060714285714286 0.17714285714285713 0.025 0.017142857142857144
3 0.6167857142857143 0.17476190476190476 0.025 0.018095238095238095
3 0.6332142857142857 0.17 0.025 0.01619047619047619
0 0.6335714285714286 0.17952380952380953 0.004285714285714286 0.01619047619047619
0 0.6342857142857142 0.1580952380952381 0.004285714285714286 0.011428571428571429
3 0.6478571428571429 0.16523809523809524 0.022857142857142857 0.014285714285714285
3 0.6610714285714285 0.16 0.023571428571428573 0.015238095238095238
3 0.6767857142857143 0.16904761904761906 0.020714285714285713 0.014285714285714285
3 0.6939285714285715 0.16285714285714287 0.016428571428571428 0.015238095238095238
3 0.6696428571428571 0.15857142857142856 0.019285714285714285 0.014285714285714285
3 0.6753571428571429 0.16047619047619047 0.019285714285714285 0.014285714285714285
3 0.6814285714285714 0.15714285714285714 0.018571428571428572 0.015238095238095238
3 0.6835714285714286 0.1538095238095238 0.02142857142857143 0.014285714285714285
3 0.6992857142857143 0.1538095238095238 0.024285714285714285 0.012380952380952381
3 0.6939285714285715 0.15095238095238095 0.016428571428571428 0.014285714285714285
3 0.7017857142857142 0.1538095238095238 0.019285714285714285 0.014285714285714285
3 0.7060714285714286 0.14809523809523809 0.017857142857142856 0.01619047619047619
3 0.7103571428571429 0.1461904761904762 0.019285714285714285 0.01619047619047619
3 0.715 0.1457142857142857 0.018571428571428572 0.011428571428571429
3 0.7232142857142857 0.1457142857142857 0.020714285714285713 0.013333333333333332
3 0.7421428571428571 0.14333333333333334 0.022857142857142857 0.014285714285714285
3 0.7442857142857143 0.14904761904761904 0.02142857142857143 0.014285714285714285
1 0.7696428571428572 0.14666666666666667 0.005 0.013333333333333332
9 0.7696428571428572 0.14857142857142858 0.010714285714285714 0.009523809523809525
3 0.8528571428571429 0.12238095238095238 0.02142857142857143 0.010476190476190476
3 0.8782142857142857 0.11476190476190476 0.017857142857142856 0.010476190476190476
3 0.8839285714285714 0.11333333333333333 0.015 0.011428571428571429
3 0.8885714285714286 0.11142857142857143 0.015714285714285715 0.009523809523809525
3 0.8917857142857143 0.11095238095238096 0.013571428571428571 0.008571428571428572
4 0.8928571428571429 0.10952380952380952 0.014285714285714285 0.009523809523809525
3 0.9003571428571429 0.10809523809523809 0.015 0.010476190476190476
3 0.9046428571428572 0.10714285714285714 0.012142857142857143 0.008571428571428572
3 0.9060714285714285 0.10714285714285714 0.015 0.008571428571428572
3 0.9117857142857143 0.1061904761904762 0.012142857142857143 0.008571428571428572
4 0.9135714285714286 0.10476190476190476 0.012857142857142857 0.009523809523809525
0 0.9185714285714286 0.11142857142857143 0.002857142857142857 0.007619047619047619
3 0.8717857142857143 0.1295238095238095 0.010714285714285714 0.013333333333333332
3 0.8614285714285714 0.1361904761904762 0.015714285714285715 0.011428571428571429
3 0.8264285714285714 0.15142857142857144 0.02 0.013333333333333332
3 0.8307142857142857 0.1461904761904762 0.015714285714285715 0.012380952380952381
0 0.9942857142857143 0.15095238095238095 0.005714285714285714 0.014285714285714285
0 0.9528571428571428 0.1661904761904762 0.007142857142857143 0.018095238095238095
3 0.9603571428571429 0.13904761904761906 0.02214285714285714 0.026666666666666665
3 0.87 0.17523809523809525 0.02 0.022857142857142857
3 0.8542857142857143 0.1580952380952381 0.014285714285714285 0.013333333333333332
3 0.8410714285714286 0.16476190476190475 0.019285714285714285 0.02095238095238095
3 0.8410714285714286 0.17714285714285713 0.02214285714285714 0.01904761904761905
3 0.8260714285714286 0.17142857142857143 0.016428571428571428 0.015238095238095238
3 0.8153571428571429 0.17761904761904762 0.017857142857142856 0.01619047619047619
4 0.7978571428571428 0.18 0.022857142857142857 0.024761904761904763
4 0.7810714285714285 0.18857142857142858 0.020714285714285713 0.01904761904761905
3 0.7632142857142857 0.19857142857142857 0.025 0.023809523809523808
3 0.7271428571428571 0.21571428571428572 0.02857142857142857 0.021904761904761906
3 0.7285714285714285 0.17285714285714285 0.02142857142857143 0.01619047619047619
3 0.7271428571428571 0.25523809523809526 0.04 0.024761904761904763
3 0.745 0.22428571428571428 0.03 0.021904761904761906
3 0.8207142857142857 0.21619047619047618 0.027142857142857142 0.022857142857142857
3 0.8175 0.26666666666666666 0.035 0.030476190476190476
3 0.8360714285714286 0.29714285714285715 0.027857142857142858 0.04
3 0.7403571428571428 0.1919047619047619 0.023571428571428573 0.023809523809523808
3 0.6960714285714286 0.19142857142857142 0.025 0.02095238095238095
3 0.7007142857142857 0.21 0.027142857142857142 0.023809523809523808
3 0.6757142857142857 0.22285714285714286 0.03571428571428571 0.026666666666666665
1 0.8446428571428571 0.22476190476190477 0.0064285714285714285 0.015238095238095238
2 0.8453571428571428 0.2319047619047619 0.009285714285714286 0.014285714285714285
0 0.7946428571428571 0.28809523809523807 0.009285714285714286 0.037142857142857144
2 0.81 0.30952380952380953 0.014285714285714285 0.026666666666666665
2 0.7992857142857143 0.319047619047619 0.012857142857142857 0.02095238095238095
3 0.7960714285714285 0.35285714285714287 0.04642857142857143 0.05238095238095238
3 0.6410714285714286 0.2361904761904762 0.03357142857142857 0.02857142857142857
8 0.7714285714285715 0.17238095238095238 0.04857142857142857 0.04
8 0.5878571428571429 0.24285714285714285 0.07428571428571429 0.06476190476190476
3 0.5382142857142858 0.28 0.04357142857142857 0.03428571428571429
3 0.6178571428571429 0.3038095238095238 0.041428571428571426 0.03619047619047619
3 0.6482142857142857 0.3238095238095238 0.04642857142857143 0.0419047619047619
3 0.4832142857142857 0.3028571428571429 0.05071428571428571 0.0380952380952381
3 0.42642857142857143 0.32857142857142857 0.06 0.04
3 0.36464285714285716 0.3580952380952381 0.06928571428571428 0.047619047619047616
3 0.33785714285714286 0.3280952380952381 0.055714285714285716 0.037142857142857144
8 0.4085714285714286 0.2895238095238095 0.1457142857142857 0.10666666666666666
3 0.2735714285714286 0.3952380952380952 0.08285714285714285 0.05523809523809524
1 0.10785714285714286 0.3657142857142857 0.014285714285714285 0.03238095238095238
2 0.10785714285714286 0.37666666666666665 0.032857142857142856 0.02761904761904762
8 0.2839285714285714 0.5876190476190476 0.3792857142857143 0.29523809523809524
0 0.2960714285714286 0.7938095238095239 0.029285714285714286 0.08095238095238096
2 0.47464285714285714 0.6566666666666666 0.04071428571428572 0.06380952380952382
0 0.6467857142857143 0.7052380952380952 0.027857142857142858 0.08285714285714285
0 0.7221428571428572 0.5676190476190476 0.018571428571428572 0.06666666666666667
0 0.7425 0.5680952380952381 0.02214285714285714 0.058095238095238096
0 0.7560714285714286 0.5728571428571428 0.019285714285714285 0.06190476190476191
0 0.7571428571428571 0.549047619047619 0.02 0.058095238095238096
0 0.7585714285714286 0.5290476190476191 0.02 0.06
0 0.7128571428571429 0.38 0.011428571428571429 0.047619047619047616
1 0.5732142857142857 0.6947619047619048 0.045 0.06380952380952382
1 0.7271428571428571 0.5214285714285715 0.018571428571428572 0.05047619047619047
1 0.7764285714285715 0.45095238095238094 0.02 0.05047619047619047
2 0.7760714285714285 0.4614285714285714 0.019285714285714285 0.04476190476190476
2 0.7257142857142858 0.5285714285714286 0.02142857142857143 0.045714285714285714
9 0.5710714285714286 0.6976190476190476 0.05071428571428571 0.09619047619047619
3 0.7046428571428571 0.4623809523809524 0.085 0.06952380952380953
3 0.6457142857142857 0.5304761904761904 0.08285714285714285 0.0838095238095238
3 0.555 0.63 0.11428571428571428 0.11333333333333333
0 0.7021428571428572 0.9433333333333334 0.02857142857142857 0.09428571428571429
3 0.8657142857142857 0.5566666666666666 0.18714285714285714 0.1
3 0.6064285714285714 0.9476190476190476 0.2042857142857143 0.10476190476190476
0 0.06821428571428571 0.9438095238095238 0.04071428571428572 0.08761904761904762
0 0.12428571428571429 0.9619047619047619 0.03857142857142857 0.0761904761904762
0 0.09035714285714286 0.9695238095238096 0.04357142857142857 0.05904761904761905
1 0.21857142857142858 0.9723809523809523 0.05 0.05523809523809524
