3 0.3217857142857143 0.024285714285714285 0.015 0.03142857142857143
3 0.3025 0.06952380952380953 0.02214285714285714 0.02095238095238095
4 0.3525 0.0980952380952381 0.012142857142857143 0.024761904761904763
3 0.33285714285714285 0.016666666666666666 0.015714285714285715 0.03142857142857143
3 0.345 0.013333333333333332 0.014285714285714285 0.026666666666666665
3 0.35714285714285715 0.008571428571428572 0.01 0.017142857142857144
3 0.4025 0.06333333333333334 0.010714285714285714 0.029523809523809525
3 0.4342857142857143 0.14333333333333334 0.01 0.035238095238095235
5 0.38821428571428573 0.10714285714285714 0.013571428571428571 0.04666666666666667
3 0.44035714285714284 0.2638095238095238 0.010714285714285714 0.030476190476190476
3 0.4707142857142857 0.8676190476190476 0.011428571428571429 0.030476190476190476
3 0.485 0.8552380952380952 0.01 0.030476190476190476
5 0.4828571428571429 0.9666666666666667 0.012857142857142857 0.06666666666666667
5 0.57 0.9271428571428572 0.011428571428571429 0.037142857142857144
9 0.5860714285714286 0.9180952380952381 0.0064285714285714285 0.015238095238095238
3 0.5614285714285714 0.6071428571428571 0.011428571428571429 0.03142857142857143
3 0.8096428571428571 0.6276190476190476 0.010714285714285714 0.030476190476190476
4 0.7925 0.5157142857142857 0.020714285714285713 0.012380952380952381
4 0.9285714285714286 0.06571428571428571 0.012857142857142857 0.026666666666666665
3 0.9385714285714286 0.07142857142857142 0.011428571428571429 0.026666666666666665
4 0.95 0.07523809523809524 0.012857142857142857 0.024761904761904763
5 0.7978571428571428 0.44571428571428573 0.04285714285714286 0.02095238095238095
5 0.7175 0.08095238095238096 0.03642857142857143 0.09142857142857143
5 0.8210714285714286 0.05047619047619047 0.02214285714285714 0.07809523809523809
5 0.7742857142857142 0.36904761904761907 0.06428571428571428 0.035238095238095235
3 0.9917857142857143 0.23285714285714285 0.016428571428571428 0.02
5 0.43214285714285716 0.025714285714285714 0.015714285714285715 0.04380952380952381
5 0.42964285714285716 0.07809523809523809 0.012142857142857143 0.047619047619047616
