1 0.25357142857142856 0.559047619047619 0.02142857142857143 0.04380952380952381
1 0.2639285714285714 0.5623809523809524 0.02214285714285714 0.040952380952380955
1 0.17357142857142857 0.4990476190476191 0.015714285714285715 0.03619047619047619
1 0.16464285714285715 0.5176190476190476 0.015 0.029523809523809525
1 0.14357142857142857 0.5052380952380953 0.012857142857142857 0.03333333333333333
1 0.15178571428571427 0.5104761904761905 0.019285714285714285 0.030476190476190476
1 0.8035714285714286 0.7142857142857143 0.03142857142857143 0.05523809523809524
1 0.735 0.7 0.024285714285714285 0.05142857142857143
1 0.7553571428571428 0.6614285714285715 0.016428571428571428 0.037142857142857144
1 0.6560714285714285 0.6038095238095238 0.019285714285714285 0.03619047619047619
1 0.6560714285714285 0.6271428571428571 0.025 0.039047619047619046
1 0.675 0.6357142857142857 0.018571428571428572 0.035238095238095235
1 0.7 0.6552380952380953 0.025714285714285714 0.047619047619047616
0 0.6721428571428572 0.6680952380952381 0.015714285714285715 0.058095238095238096
0 0.655 0.66 0.015714285714285715 0.05142857142857143
1 0.9839285714285714 0.6019047619047619 0.029285714285714286 0.047619047619047616
1 0.9317857142857143 0.5928571428571429 0.017857142857142856 0.05238095238095238
1 0.9492857142857143 0.5980952380952381 0.024285714285714285 0.05333333333333333
1 0.8142857142857143 0.5357142857142857 0.025714285714285714 0.04666666666666667
1 0.835 0.5423809523809524 0.02142857142857143 0.03333333333333333
1 0.8485714285714285 0.5328571428571428 0.018571428571428572 0.03333333333333333
1 0.8725 0.5685714285714286 0.023571428571428573 0.045714285714285714
1 0.8964285714285715 0.5766666666666667 0.03 0.05619047619047619
1 0.915 0.5704761904761905 0.02 0.0380952380952381
1 0.8821428571428571 0.5714285714285714 0.027142857142857142 0.05333333333333333
1 0.7453571428571428 0.40285714285714286 0.015 0.02857142857142857
1 0.7710714285714285 0.41523809523809524 0.017857142857142856 0.0380952380952381
1 0.7596428571428572 0.4033333333333333 0.017857142857142856 0.035238095238095235
