3 0.18 0.30142857142857143 0.02 0.04285714285714286
3 0.5757142857142857 0.379047619047619 0.03571428571428571 0.03428571428571429
3 0.5907142857142857 0.3961904761904762 0.03428571428571429 0.0380952380952381
3 0.4785714285714286 0.6138095238095238 0.04857142857142857 0.04285714285714286
3 0.6032142857142857 0.41714285714285715 0.035 0.0419047619047619
3 0.62 0.4361904761904762 0.037142857142857144 0.0419047619047619
3 0.6382142857142857 0.4576190476190476 0.03357142857142857 0.037142857142857144
3 0.6596428571428572 0.47523809523809524 0.030714285714285715 0.0380952380952381
3 0.6735714285714286 0.4957142857142857 0.032857142857142856 0.04285714285714286
3 0.6914285714285714 0.5252380952380953 0.037142857142857144 0.04857142857142857
4 0.605 0.7904761904761904 0.05142857142857143 0.07809523809523809
3 0.5821428571428572 0.8314285714285714 0.04285714285714286 0.07238095238095238
3 0.5621428571428572 0.8628571428571429 0.05142857142857143 0.07047619047619047
3 0.41964285714285715 0.8585714285714285 0.03785714285714286 0.08857142857142856
3 0.44821428571428573 0.9676190476190476 0.03642857142857143 0.06476190476190476
3 0.7110714285714286 0.5514285714285714 0.039285714285714285 0.049523809523809526
3 0.5785714285714286 0.3157142857142857 0.032857142857142856 0.039047619047619046
3 0.4546428571428571 0.3595238095238095 0.03357142857142857 0.023809523809523808
3 0.46464285714285714 0.4247619047619048 0.027857142857142858 0.02095238095238095
3 0.46964285714285714 0.44904761904761903 0.03357142857142857 0.02
3 0.4739285714285714 0.47904761904761906 0.03642857142857143 0.02857142857142857
3 0.46464285714285714 0.4042857142857143 0.03214285714285714 0.023809523809523808
3 0.4592857142857143 0.38 0.03857142857142857 0.026666666666666665
5 0.5746428571428571 0.24761904761904763 0.03785714285714286 0.047619047619047616
9 0.23142857142857143 0.38047619047619047 0.008571428571428572 0.021904761904761906
1 0.23035714285714284 0.37761904761904763 0.007857142857142858 0.014285714285714285
