3 0.3632142857142857 0.7542857142857143 0.04928571428571429 0.0419047619047619
3 0.23214285714285715 0.7114285714285714 0.05142857142857143 0.0380952380952381
3 0.14035714285714285 0.6838095238095238 0.05071428571428571 0.0380952380952381
3 0.024285714285714285 0.6480952380952381 0.04857142857142857 0.037142857142857144
3 0.6189285714285714 0.8957142857142857 0.025 0.07904761904761905
3 0.7607142857142857 0.8823809523809524 0.06 0.04476190476190476
3 0.8003571428571429 0.8466666666666667 0.060714285714285714 0.04380952380952381
3 0.6071428571428571 0.5671428571428572 0.015714285714285715 0.04666666666666667
3 0.6207142857142857 0.4228571428571429 0.014285714285714285 0.0380952380952381
3 0.6332142857142857 0.23761904761904762 0.012142857142857143 0.025714285714285714
3 0.6346428571428572 0.1838095238095238 0.010714285714285714 0.024761904761904763
3 0.6885714285714286 0.1919047619047619 0.011428571428571429 0.02
3 0.6857142857142857 0.17238095238095238 0.01 0.02095238095238095
3 0.6860714285714286 0.15428571428571428 0.010714285714285714 0.02095238095238095
3 0.6392857142857142 0.16523809523809524 0.01 0.021904761904761906
3 0.6392857142857142 0.1519047619047619 0.01 0.01619047619047619
3 0.6978571428571428 0.5647619047619048 0.018571428571428572 0.045714285714285714
4 0.6289285714285714 0.28714285714285714 0.013571428571428571 0.03142857142857143
4 0.6307142857142857 0.25952380952380955 0.011428571428571429 0.02761904761904762
4 0.6407142857142857 0.13095238095238096 0.01 0.023809523809523808
4 0.6421428571428571 0.10904761904761905 0.01 0.021904761904761906
4 0.7257142857142858 0.2119047619047619 0.02857142857142857 0.018095238095238095
4 0.3075 0.7323809523809524 0.04642857142857143 0.0380952380952381
5 0.6175 0.4747619047619048 0.027857142857142858 0.07523809523809524
5 0.6332142857142857 0.21 0.012142857142857143 0.023809523809523808
6 0.6925 0.25 0.009285714285714286 0.021904761904761906
6 0.6285714285714286 0.34904761904761905 0.012857142857142857 0.025714285714285714
6 0.6225 0.3761904761904762 0.015 0.024761904761904763
6 0.7025 0.6657142857142857 0.012142857142857143 0.030476190476190476
9 0.695 0.5119047619047619 0.015714285714285715 0.01619047619047619
9 0.6975 0.5271428571428571 0.015 0.014285714285714285
9 0.6703571428571429 0.4938095238095238 0.007857142857142858 0.02
9 0.6703571428571429 0.5352380952380953 0.007857142857142858 0.02095238095238095
9 0.6667857142857143 0.5771428571428572 0.007857142857142858 0.01904761904761905
9 0.6975 0.6071428571428571 0.012142857142857143 0.02
9 0.67 0.7266666666666667 0.008571428571428572 0.026666666666666665
9 0.6042857142857143 0.7271428571428571 0.01 0.03142857142857143
9 0.735 0.8280952380952381 0.02142857142857143 0.01619047619047619
9 0.765 0.8076190476190476 0.025714285714285714 0.02095238095238095
9 0.7360714285714286 0.7038095238095238 0.012142857142857143 0.02857142857142857
9 0.5725 0.8219047619047619 0.02214285714285714 0.013333333333333332
9 0.44642857142857145 0.8095238095238095 0.02142857142857143 0.01904761904761905
9 0.4567857142857143 0.7171428571428572 0.020714285714285713 0.013333333333333332
9 0.2542857142857143 0.6838095238095238 0.02142857142857143 0.015238095238095238
2 0.5603571428571429 0.7438095238095238 0.017857142857142856 0.013333333333333332
2 0.5128571428571429 0.7161904761904762 0.015714285714285715 0.011428571428571429
2 0.5753571428571429 0.7371428571428571 0.019285714285714285 0.011428571428571429
2 0.6346428571428572 0.5371428571428571 0.005 0.02095238095238095
9 0.6907142857142857 0.3161904761904762 0.005714285714285714 0.015238095238095238
9 0.6928571428571428 0.30095238095238097 0.012857142857142857 0.015238095238095238
9 0.6914285714285714 0.27904761904761904 0.008571428571428572 0.013333333333333332
9 0.6921428571428572 0.2733333333333333 0.01 0.011428571428571429
0 0.6667857142857143 0.20476190476190476 0.005 0.015238095238095238
0 0.6971428571428572 0.20142857142857143 0.004285714285714286 0.012380952380952381
0 0.7 0.20476190476190476 0.005714285714285714 0.011428571428571429
0 0.6407142857142857 0.3109523809523809 0.004285714285714286 0.014285714285714285
0 0.6867857142857143 0.47619047619047616 0.0064285714285714285 0.015238095238095238
0 0.7171428571428572 0.5123809523809524 0.005714285714285714 0.015238095238095238
0 0.7303571428571428 0.9061904761904762 0.013571428571428571 0.01619047619047619
0 0.5575 0.8352380952380952 0.010714285714285714 0.015238095238095238
9 0.12964285714285714 0.7138095238095238 0.025 0.014285714285714285
9 0.6492857142857142 0.8980952380952381 0.007142857142857143 0.03619047619047619
2 0.24964285714285714 0.6471428571428571 0.016428571428571428 0.012380952380952381
3 0.6689285714285714 0.04523809523809524 0.010714285714285714 0.014285714285714285
3 0.6646428571428571 0.030476190476190476 0.009285714285714286 0.015238095238095238
3 0.6460714285714285 0.04 0.009285714285714286 0.01904761904761905
3 0.6842857142857143 0.047142857142857146 0.008571428571428572 0.01619047619047619
1 0.5682142857142857 0.8195238095238095 0.005 0.014285714285714285
1 0.5735714285714286 0.8214285714285714 0.007142857142857143 0.014285714285714285
1 0.6042857142857143 0.7238095238095238 0.007142857142857143 0.007619047619047619
1 0.6064285714285714 0.7180952380952381 0.007142857142857143 0.009523809523809525
1 0.5592857142857143 0.74 0.008571428571428572 0.015238095238095238
1 0.5121428571428571 0.7119047619047619 0.008571428571428572 0.01619047619047619
1 0.5760714285714286 0.7333333333333333 0.007857142857142858 0.015238095238095238
1 0.65 0.8957142857142857 0.008571428571428572 0.014285714285714285
1 0.7371428571428571 0.8271428571428572 0.012857142857142857 0.01619047619047619
1 0.7671428571428571 0.8071428571428572 0.011428571428571429 0.014285714285714285
1 0.25285714285714284 0.6819047619047619 0.011428571428571429 0.013333333333333332
1 0.2507142857142857 0.6452380952380953 0.01 0.014285714285714285
0 0.16892857142857143 0.5823809523809523 0.013571428571428571 0.01619047619047619
1 0.6696428571428571 0.7223809523809523 0.009285714285714286 0.01619047619047619
1 0.6982142857142857 0.6052380952380952 0.010714285714285714 0.014285714285714285
1 0.6671428571428571 0.5757142857142857 0.005714285714285714 0.012380952380952381
1 0.67 0.5328571428571428 0.005714285714285714 0.014285714285714285
5 0.6453571428571429 0.06142857142857143 0.009285714285714286 0.021904761904761906
5 0.6442857142857142 0.0761904761904762 0.011428571428571429 0.026666666666666665
