0 0.055357142857142855 0.3080952380952381 0.019285714285714285 0.029523809523809525
0 0.05964285714285714 0.30095238095238097 0.02214285714285714 0.03238095238095238
0 0.1425 0.24285714285714285 0.017857142857142856 0.026666666666666665
0 0.1732142857142857 0.3319047619047619 0.015 0.02761904761904762
0 0.20642857142857143 0.3871428571428571 0.012857142857142857 0.025714285714285714
2 0.047142857142857146 0.4580952380952381 0.014285714285714285 0.03428571428571429
2 0.15321428571428572 0.44857142857142857 0.012142857142857143 0.022857142857142857
2 0.13785714285714284 0.45 0.011428571428571429 0.029523809523809525
2 0.11607142857142858 0.4442857142857143 0.015 0.03142857142857143
2 0.10892857142857143 0.4695238095238095 0.03214285714285714 0.01904761904761905
2 0.075 0.4533333333333333 0.022857142857142857 0.026666666666666665
0 0.5782142857142857 0.7452380952380953 0.009285714285714286 0.018095238095238095
4 0.47535714285714287 0.6142857142857143 0.03785714285714286 0.12380952380952381
9 0.7285714285714285 0.9909523809523809 0.012857142857142857 0.014285714285714285
2 0.7264285714285714 0.9252380952380952 0.007142857142857143 0.021904761904761906
2 0.7371428571428571 0.9466666666666667 0.014285714285714285 0.013333333333333332
0 0.7325 0.5885714285714285 0.015 0.022857142857142857
0 0.49535714285714283 0.4719047619047619 0.009285714285714286 0.02
0 0.5182142857142857 0.46523809523809523 0.009285714285714286 0.02761904761904762
0 0.5260714285714285 0.4623809523809524 0.007857142857142858 0.025714285714285714
0 0.6267857142857143 0.7590476190476191 0.009285714285714286 0.02095238095238095
0 0.6453571428571429 0.7842857142857143 0.017857142857142856 0.010476190476190476
0 0.6014285714285714 0.7214285714285714 0.01 0.02
0 0.6989285714285715 0.9442857142857143 0.0064285714285714285 0.02
0 0.6678571428571428 0.9419047619047619 0.007142857142857143 0.01904761904761905
0 0.5060714285714286 0.06761904761904762 0.0064285714285714285 0.02857142857142857
0 0.5107142857142857 0.0680952380952381 0.005714285714285714 0.029523809523809525
0 0.5164285714285715 0.06571428571428571 0.005714285714285714 0.026666666666666665
4 0.5410714285714285 0.19095238095238096 0.039285714285714285 0.10952380952380952
3 0.3732142857142857 0.18285714285714286 0.062142857142857146 0.045714285714285714
