5 0.7592857142857142 0.8267766497461928 0.11 0.3439086294416243
4 0.8475 0.9232233502538071 0.07071428571428572 0.15101522842639592
4 0.135 0.5317258883248731 0.045714285714285714 0.06598984771573603
5 0.17214285714285715 0.4225888324873096 0.06714285714285714 0.12944162436548223
5 0.215 0.3223350253807106 0.05857142857142857 0.08629441624365482
5 0.5135714285714286 0.14276649746192893 0.032857142857142856 0.09263959390862943
5 0.6607142857142857 0.1148477157360406 0.03857142857142857 0.09010152284263959
4 0.48678571428571427 0.09073604060913705 0.019285714285714285 0.04441624365482233
3 0.62 0.03743654822335025 0.017142857142857144 0.03680203045685279
3 0.5978571428571429 0.14276649746192893 0.02142857142857143 0.04695431472081218
3 0.6417857142857143 0.22271573604060912 0.02642857142857143 0.06725888324873096
3 0.6089285714285714 0.2709390862944162 0.02642857142857143 0.0748730964467005
1 0.8478571428571429 0.6262690355329948 0.007142857142857143 0.021573604060913704
0 0.8396428571428571 0.6173857868020304 0.005 0.006345177664974619
0 0.8885714285714286 0.6129441624365481 0.011428571428571429 0.025380710659898477
1 0.8835714285714286 0.6554568527918782 0.008571428571428572 0.016497461928934008
1 0.8771428571428571 0.5685279187817258 0.007142857142857143 0.02284263959390863
1 0.8628571428571429 0.574238578680203 0.007142857142857143 0.026649746192893398
1 0.8696428571428572 0.5717005076142132 0.009285714285714286 0.031725888324873094
1 0.9439285714285715 0.825507614213198 0.009285714285714286 0.024111675126903553
1 0.9335714285714286 0.8058375634517766 0.008571428571428572 0.02030456852791878
1 0.9514285714285714 0.8071065989847716 0.008571428571428572 0.02284263959390863
0 0.9917857142857143 0.6211928934010151 0.009285714285714286 0.021573604060913704
0 0.8439285714285715 0.5951776649746192 0.009285714285714286 0.03045685279187817
0 0.9396428571428571 0.48032994923857864 0.010714285714285714 0.029187817258883246
1 0.8267857142857142 0.4619289340101522 0.0064285714285714285 0.025380710659898477
1 0.8203571428571429 0.4631979695431472 0.0064285714285714285 0.02030456852791878
1 0.8153571428571429 0.4644670050761421 0.005 0.02030456852791878
1 0.8085714285714286 0.4676395939086294 0.007142857142857143 0.021573604060913704
1 0.8110714285714286 0.4460659898477157 0.0064285714285714285 0.024111675126903553
0 0.8760714285714286 0.2626903553299492 0.007857142857142858 0.027918781725888322
0 0.9146428571428571 0.3527918781725888 0.0064285714285714285 0.017766497461928932
0 0.8267857142857142 0.3178934010152284 0.0064285714285714285 0.024111675126903553
0 0.8167857142857143 0.31218274111675126 0.007857142857142858 0.025380710659898477
0 0.7642857142857142 0.18020304568527917 0.007142857142857143 0.025380710659898477
0 0.76 0.22652284263959388 0.007142857142857143 0.021573604060913704
0 0.7342857142857143 0.09454314720812182 0.005714285714285714 0.013959390862944161
0 0.8196428571428571 0.14720812182741116 0.0064285714285714285 0.02030456852791878
0 0.7382142857142857 0.11802030456852791 0.0035714285714285713 0.015228426395939085
1 0.8321428571428572 0.25380710659898476 0.005714285714285714 0.017766497461928932
1 0.8082142857142857 0.45241116751269034 0.0064285714285714285 0.016497461928934008
