4 0.51375 0.04433333333333333 0.025500000000000002 0.016666666666666666
3 0.4925 0.086 0.027 0.016
3 0.5417500000000001 0.07866666666666666 0.0285 0.016
3 0.51175 0.10666666666666666 0.0305 0.017333333333333333
3 0.531 0.11433333333333333 0.03 0.019333333333333334
3 0.5705 0.12933333333333333 0.02 0.024
0 0.5505 0.12166666666666666 0.003 0.015333333333333332
0 0.5367500000000001 0.12033333333333333 0.0045000000000000005 0.018
1 0.54 0.12233333333333334 0.005 0.012666666666666666
4 0.57375 0.079 0.025500000000000002 0.020666666666666667
0 0.53025 0.06266666666666666 0.0045000000000000005 0.012
3 0.65 0.10066666666666667 0.028 0.018666666666666665
3 0.69025 0.091 0.0315 0.015333333333333332
3 0.6945 0.10533333333333333 0.031 0.018666666666666665
3 0.7312500000000001 0.14333333333333334 0.0375 0.017333333333333333
3 0.725 0.155 0.039 0.016666666666666666
4 0.73075 0.106 0.0305 0.021333333333333333
4 0.7262500000000001 0.09133333333333334 0.0275 0.021333333333333333
3 0.6725 0.134 0.014 0.024
9 0.71775 0.12866666666666665 0.0075 0.013333333333333332
1 0.71875 0.12466666666666666 0.006500000000000001 0.013333333333333332
3 0.81825 0.30433333333333334 0.0615 0.03266666666666666
3 0.74425 0.292 0.0535 0.032
3 0.68 0.28099999999999997 0.056 0.038
3 0.746 0.34833333333333333 0.026000000000000002 0.049999999999999996
3 0.6042500000000001 0.26866666666666666 0.0495 0.030666666666666665
3 0.62175 0.3293333333333333 0.0305 0.04133333333333333
3 0.512 0.25366666666666665 0.046 0.028666666666666667
2 0.523 0.23566666666666666 0.018000000000000002 0.016666666666666666
2 0.54725 0.2383333333333333 0.0155 0.016666666666666666
2 0.523 0.221 0.012 0.015333333333333332
1 0.56225 0.23199999999999998 0.0045000000000000005 0.008
1 0.47000000000000003 0.379 0.009000000000000001 0.014
1 0.4585 0.389 0.011 0.020666666666666667
1 0.44725000000000004 0.41333333333333333 0.0095 0.017333333333333333
1 0.4425 0.4046666666666667 0.008 0.018666666666666665
2 0.44325000000000003 0.3833333333333333 0.0235 0.021333333333333333
6 0.47950000000000004 0.4063333333333333 0.014 0.028666666666666667
9 0.7000000000000001 0.24433333333333332 0.016 0.019333333333333334
4 0.7165 0.3433333333333333 0.028 0.044
4 0.78075 0.35366666666666663 0.0265 0.046
4 0.65375 0.3203333333333333 0.0225 0.03933333333333333
4 0.74775 0.9349999999999999 0.0735 0.13
3 0.654 0.9336666666666666 0.059000000000000004 0.13266666666666665
3 0.406 0.8039999999999999 0.065 0.144
2 0.61325 0.7733333333333333 0.0315 0.022666666666666665
9 0.588 0.779 0.046 0.03
2 0.539 0.7866666666666666 0.032 0.029333333333333333
