3 0.8621428571428571 0.7885714285714286 0.1742857142857143 0.10666666666666666
3 0.6796428571428571 0.7519047619047619 0.16785714285714284 0.10761904761904761
3 0.49535714285714283 0.73 0.1407142857142857 0.09238095238095238
5 0.915 0.5780952380952381 0.08714285714285715 0.1295238095238095
0 0.12285714285714286 0.6361904761904762 0.03428571428571429 0.045714285714285714
0 0.1332142857142857 0.560952380952381 0.025 0.06095238095238095
0 0.24892857142857142 0.4747619047619048 0.016428571428571428 0.04285714285714286
1 0.25285714285714284 0.5014285714285714 0.011428571428571429 0.025714285714285714
3 0.09285714285714286 0.46714285714285714 0.10714285714285714 0.0980952380952381
8 0.36642857142857144 0.3238095238095238 0.13857142857142857 0.18285714285714286
8 0.4514285714285714 0.3061904761904762 0.12571428571428572 0.18
8 0.5067857142857143 0.32904761904761903 0.12071428571428572 0.21428571428571427
8 0.5592857142857143 0.3395238095238095 0.09285714285714286 0.2123809523809524
0 0.4157142857142857 0.6180952380952381 0.02 0.06095238095238095
2 0.4039285714285714 0.6352380952380953 0.019285714285714285 0.05714285714285714
2 0.4760714285714286 0.6519047619047619 0.04642857142857143 0.039047619047619046
1 0.4782142857142857 0.64 0.019285714285714285 0.05714285714285714
0 0.7057142857142857 0.8361904761904762 0.025714285714285714 0.05904761904761905
