3 0.8507142857142858 0.99 0.06285714285714286 0.02
3 0.7571428571428571 0.9685714285714285 0.06714285714285714 0.045714285714285714
3 0.8335714285714285 0.9552380952380952 0.06142857142857143 0.045714285714285714
3 0.7482142857142857 0.9147619047619048 0.05357142857142857 0.04285714285714286
3 0.7417857142857143 0.8719047619047618 0.05785714285714286 0.040952380952380955
3 0.7942857142857143 0.8257142857142857 0.055714285714285716 0.03619047619047619
4 0.7328571428571429 0.8342857142857143 0.05142857142857143 0.03619047619047619
3 0.7246428571428571 0.7942857142857143 0.05357142857142857 0.0380952380952381
3 0.7753571428571429 0.7647619047619048 0.047857142857142855 0.03428571428571429
3 0.7657142857142857 0.7285714285714285 0.047142857142857146 0.030476190476190476
3 0.7146428571428571 0.7566666666666667 0.04928571428571429 0.035238095238095235
3 0.7078571428571429 0.729047619047619 0.04857142857142857 0.03142857142857143
8 0.4303571428571429 0.8057142857142857 0.027857142857142858 0.10476190476190476
3 0.5007142857142857 0.2538095238095238 0.01 0.01619047619047619
4 0.5892857142857143 0.08761904761904762 0.012857142857142857 0.011428571428571429
3 0.5867857142857142 0.6542857142857142 0.04357142857142857 0.026666666666666665
3 0.6021428571428571 0.7695238095238095 0.04428571428571428 0.03428571428571429
3 0.6046428571428571 0.8171428571428572 0.04642857142857143 0.03238095238095238
3 0.6071428571428571 0.9204761904761904 0.05285714285714286 0.037142857142857144
5 0.32071428571428573 0.5466666666666666 0.04428571428571428 0.10476190476190476
5 0.2892857142857143 0.4504761904761905 0.047142857142857146 0.09523809523809523
5 0.28 0.43 0.047142857142857146 0.07523809523809524
5 0.3842857142857143 0.45571428571428574 0.07 0.08095238095238096
5 0.3985714285714286 0.4014285714285714 0.05285714285714286 0.08095238095238096
5 0.40035714285714286 0.36142857142857143 0.065 0.08857142857142856
5 0.3707142857142857 0.3438095238095238 0.027142857142857142 0.06857142857142857
2 0.4417857142857143 0.5961904761904762 0.007857142857142858 0.024761904761904763
2 0.5053571428571428 0.2195238095238095 0.0064285714285714285 0.010476190476190476
9 0.4614285714285714 0.3495238095238095 0.004285714285714286 0.013333333333333332
9 0.4675 0.31523809523809526 0.005 0.013333333333333332
9 0.49785714285714283 0.2280952380952381 0.004285714285714286 0.010476190476190476
9 0.5067857142857143 0.22523809523809524 0.0035714285714285713 0.010476190476190476
1 0.4417857142857143 0.5952380952380952 0.005 0.01904761904761905
1 0.4617857142857143 0.35 0.0035714285714285713 0.010476190476190476
1 0.4682142857142857 0.31333333333333335 0.0035714285714285713 0.007619047619047619
1 0.5067857142857143 0.22428571428571428 0.002142857142857143 0.006666666666666666
1 0.5053571428571428 0.21904761904761905 0.0035714285714285713 0.007619047619047619
1 0.4982142857142857 0.2276190476190476 0.002142857142857143 0.009523809523809525
9 0.7985714285714286 0.2123809523809524 0.007142857142857143 0.007619047619047619
1 0.7985714285714286 0.21095238095238095 0.004285714285714286 0.006666666666666666
