1 0.23142857142857143 0.02 0.007142857142857143 0.013333333333333332
1 0.3992857142857143 0.0919047619047619 0.008571428571428572 0.018095238095238095
1 0.40964285714285714 0.1895238095238095 0.007857142857142858 0.017142857142857144
0 0.27214285714285713 0.1019047619047619 0.01 0.013333333333333332
0 0.5025 0.17523809523809525 0.009285714285714286 0.024761904761904763
0 0.39285714285714285 0.2419047619047619 0.008571428571428572 0.015238095238095238
1 0.39535714285714285 0.2557142857142857 0.005 0.006666666666666666
0 0.4014285714285714 0.3485714285714286 0.008571428571428572 0.01904761904761905
0 0.39571428571428574 0.34 0.007142857142857143 0.017142857142857144
1 0.4660714285714286 0.4747619047619048 0.010714285714285714 0.02
0 0.6225 0.5123809523809524 0.0064285714285714285 0.015238095238095238
0 0.6296428571428572 0.5290476190476191 0.005 0.012380952380952381
0 0.6260714285714286 0.5347619047619048 0.005 0.014285714285714285
1 0.6203571428571428 0.9866666666666667 0.015 0.01904761904761905
0 0.4860714285714286 0.8928571428571429 0.010714285714285714 0.012380952380952381
0 0.4467857142857143 0.7395238095238095 0.007857142857142858 0.012380952380952381
0 0.505 0.9757142857142858 0.01 0.012380952380952381
0 0.5014285714285714 0.9947619047619047 0.007142857142857143 0.010476190476190476
9 0.5192857142857142 0.8952380952380953 0.027142857142857142 0.02095238095238095
9 0.5092857142857142 0.8809523809523809 0.025714285714285714 0.024761904761904763
9 0.5121428571428571 0.8647619047619047 0.02857142857142857 0.01904761904761905
9 0.4975 0.8476190476190476 0.023571428571428573 0.017142857142857144
9 0.4832142857142857 0.8261904761904761 0.025 0.02
9 0.44 0.6261904761904762 0.02857142857142857 0.01619047619047619
9 0.5214285714285715 0.6233333333333333 0.015714285714285715 0.039047619047619046
9 0.43714285714285717 0.6042857142857143 0.027142857142857142 0.02
9 0.42964285714285716 0.5742857142857143 0.023571428571428573 0.02095238095238095
9 0.4210714285714286 0.5542857142857143 0.02642857142857143 0.017142857142857144
9 0.46464285714285714 0.4780952380952381 0.013571428571428571 0.03619047619047619
7 0.3625 0.37047619047619046 0.04071428571428572 0.0380952380952381
9 0.3578571428571429 0.34285714285714286 0.025714285714285714 0.022857142857142857
9 0.3264285714285714 0.22476190476190477 0.024285714285714285 0.022857142857142857
9 0.41035714285714286 0.1919047619047619 0.009285714285714286 0.025714285714285714
9 0.3985714285714286 0.09666666666666666 0.011428571428571429 0.03142857142857143
9 0.2807142857142857 0.11333333333333333 0.03142857142857143 0.01904761904761905
3 0.3575 0.22142857142857142 0.03214285714285714 0.06952380952380953
3 0.3782142857142857 0.30095238095238097 0.03785714285714286 0.0761904761904762
3 0.4907142857142857 0.2680952380952381 0.037142857142857144 0.07142857142857142
3 0.5175 0.3476190476190476 0.04071428571428572 0.0761904761904762
3 0.5421428571428571 0.4280952380952381 0.03857142857142857 0.07523809523809524
9 0.5514285714285714 0.38285714285714284 0.011428571428571429 0.03238095238095238
9 0.5685714285714286 0.5133333333333333 0.041428571428571426 0.08
0 0.5860714285714286 0.5852380952380952 0.009285714285714286 0.012380952380952381
3 0.6282142857142857 0.7004761904761905 0.047857142857142855 0.09428571428571429
3 0.5125 0.7542857142857143 0.04357142857142857 0.09714285714285714
0 0.6953571428571429 0.7076190476190476 0.007857142857142858 0.013333333333333332
0 0.6964285714285714 0.7266666666666667 0.008571428571428572 0.009523809523809525
5 0.5453571428571429 0.8614285714285714 0.05071428571428571 0.11333333333333333
4 0.2571428571428571 0.4595238095238095 0.05857142857142857 0.054285714285714284
9 0.12714285714285714 0.5157142857142857 0.015714285714285715 0.03333333333333333
9 0.10285714285714286 0.5261904761904762 0.012857142857142857 0.03142857142857143
