3 0.8514285714285714 0.6808375634517766 0.03 0.04695431472081218
3 0.8246428571428571 0.6694162436548223 0.029285714285714286 0.029187817258883246
3 0.7878571428571428 0.6719543147208121 0.03142857142857143 0.029187817258883246
3 0.7664285714285715 0.6389593908629441 0.03142857142857143 0.024111675126903553
3 0.7146428571428571 0.6637055837563451 0.029285714285714286 0.027918781725888322
3 0.7210714285714286 0.590736040609137 0.03214285714285714 0.029187817258883246
8 0.8989285714285714 0.6142131979695431 0.047857142857142855 0.03045685279187817
5 0.4110714285714286 0.4498730964467005 0.05785714285714286 0.04187817258883248
3 0.4089285714285714 0.4149746192893401 0.027857142857142858 0.03045685279187817
3 0.37 0.40038071065989844 0.022857142857142857 0.029187817258883246
3 0.33785714285714286 0.38071065989847713 0.027142857142857142 0.027918781725888322
3 0.29928571428571427 0.36865482233502533 0.025714285714285714 0.026649746192893398
3 0.3117857142857143 0.424492385786802 0.027857142857142858 0.026649746192893398
3 0.2575 0.3559644670050761 0.029285714285714286 0.026649746192893398
3 0.2953571428571429 0.3343908629441624 0.03214285714285714 0.031725888324873094
3 0.26535714285714285 0.32868020304568524 0.029285714285714286 0.025380710659898477
3 0.17464285714285716 0.31979695431472077 0.029285714285714286 0.025380710659898477
3 0.1125 0.31916243654822335 0.030714285714285715 0.026649746192893398
4 0.1417857142857143 0.31916243654822335 0.029285714285714286 0.026649746192893398
3 0.07571428571428572 0.21763959390862941 0.014285714285714285 0.04187817258883248
3 0.20357142857142857 0.32043147208121825 0.02857142857142857 0.026649746192893398
3 0.23535714285714285 0.3236040609137056 0.027857142857142858 0.025380710659898477
