3 0.3939285714285714 0.37761904761904763 0.05071428571428571 0.06190476190476191
3 0.5367857142857143 0.42238095238095236 0.04928571428571429 0.07333333333333333
3 0.5082142857142857 0.5971428571428572 0.07214285714285715 0.12
3 0.6367857142857143 0.6266666666666667 0.056428571428571425 0.09714285714285714
3 0.8564285714285714 0.7257142857142858 0.11142857142857143 0.11428571428571428
3 0.7314285714285714 0.18857142857142858 0.03142857142857143 0.045714285714285714
3 0.8264285714285714 0.15333333333333332 0.02857142857142857 0.03619047619047619
3 0.04642857142857143 0.810952380952381 0.09285714285714286 0.14761904761904762
4 0.2646428571428571 0.20523809523809525 0.05071428571428571 0.040952380952380955
3 0.35535714285714287 0.20142857142857143 0.04071428571428572 0.025714285714285714
3 0.3964285714285714 0.16523809523809524 0.032857142857142856 0.02761904761904762
3 0.38 0.1761904761904762 0.024285714285714285 0.024761904761904763
3 0.39285714285714285 0.14714285714285713 0.027142857142857142 0.025714285714285714
3 0.5264285714285715 0.06714285714285714 0.03571428571428571 0.023809523809523808
3 0.5407142857142857 0.048095238095238094 0.03428571428571429 0.021904761904761906
3 0.5492857142857143 0.04047619047619048 0.027142857142857142 0.02
3 0.5571428571428572 0.03 0.022857142857142857 0.018095238095238095
3 0.5846428571428571 0.007619047619047619 0.017857142857142856 0.015238095238095238
3 0.5839285714285715 0.12333333333333334 0.04642857142857143 0.02761904761904762
5 0.6285714285714286 0.0919047619047619 0.024285714285714285 0.03333333333333333
9 0.6275 0.1361904761904762 0.009285714285714286 0.022857142857142857
1 0.6296428571428572 0.1295238095238095 0.0035714285714285713 0.007619047619047619
3 0.5489285714285714 0.1819047619047619 0.03357142857142857 0.04
3 0.5982142857142857 0.41285714285714287 0.047857142857142855 0.08476190476190476
8 0.10642857142857143 0.9019047619047619 0.17714285714285713 0.1961904761904762
3 0.5085714285714286 0.9666666666666667 0.07142857142857142 0.06666666666666667
3 0.6210714285714286 0.9357142857142857 0.08357142857142857 0.12857142857142856
3 0.6353571428571428 0.4423809523809524 0.05071428571428571 0.08666666666666667
3 0.6517857142857143 0.06428571428571428 0.023571428571428573 0.029523809523809525
3 0.6675 0.045714285714285714 0.019285714285714285 0.02857142857142857
3 0.6792857142857143 0.030476190476190476 0.015714285714285715 0.024761904761904763
0 0.6921428571428572 0.02857142857142857 0.005714285714285714 0.017142857142857144
3 0.7046428571428571 0.005714285714285714 0.013571428571428571 0.011428571428571429
8 0.7389285714285714 0.08428571428571428 0.039285714285714285 0.06190476190476191
3 0.8014285714285714 0.05047619047619047 0.018571428571428572 0.026666666666666665
3 0.8378571428571429 0.043333333333333335 0.02 0.021904761904761906
3 0.85 0.10714285714285714 0.024285714285714285 0.03333333333333333
3 0.9842857142857143 0.3161904761904762 0.027142857142857142 0.06285714285714286
3 0.9760714285714286 0.013333333333333332 0.023571428571428573 0.026666666666666665
0 0.9453571428571429 0.07571428571428572 0.0064285714285714285 0.02
9 0.9757142857142858 0.1280952380952381 0.007142857142857143 0.025714285714285714
