3 0.17575000000000002 0.8996666666666666 0.0655 0.126
3 0.23025 0.7343333333333333 0.051500000000000004 0.09533333333333333
3 0.51775 0.6103333333333333 0.0315 0.06333333333333332
3 0.58075 0.6 0.035500000000000004 0.058666666666666666
3 0.2805 0.5686666666666667 0.036000000000000004 0.06933333333333333
3 0.55175 0.476 0.025500000000000002 0.044
3 0.306 0.44666666666666666 0.026000000000000002 0.04533333333333333
3 0.3345 0.36033333333333334 0.042 0.028666666666666667
3 0.24025 0.31466666666666665 0.025500000000000002 0.029333333333333333
4 0.2595 0.28099999999999997 0.019 0.028666666666666667
4 0.24025 0.24066666666666667 0.0325 0.029333333333333333
4 0.27525 0.22699999999999998 0.0335 0.02733333333333333
3 0.32275 0.21566666666666667 0.0285 0.019333333333333334
4 0.357 0.20066666666666666 0.02 0.021333333333333333
4 0.668 0.3436666666666667 0.034 0.03133333333333333
3 0.62075 0.2363333333333333 0.0305 0.018
9 0.6042500000000001 0.247 0.0075 0.011333333333333332
2 0.5835 0.23299999999999998 0.009000000000000001 0.01
1 0.5835 0.22933333333333333 0.004 0.012
1 0.60375 0.24266666666666667 0.0035 0.012
3 0.59 0.22666666666666666 0.027 0.017333333333333333
3 0.56325 0.219 0.0285 0.016666666666666666
3 0.49925 0.206 0.0245 0.016
3 0.47200000000000003 0.18566666666666667 0.014 0.015333333333333332
3 0.467 0.17533333333333334 0.012 0.012
3 0.1155 0.151 0.015 0.016666666666666666
4 0.14400000000000002 0.129 0.015 0.015333333333333332
0 0.11800000000000001 0.134 0.004 0.013333333333333332
0 0.11275 0.135 0.0055 0.011333333333333332
0 0.10625 0.13533333333333333 0.0055 0.012
3 0.25925 0.14133333333333334 0.0095 0.013333333333333332
4 0.27275 0.13966666666666666 0.0095 0.014
4 0.06425 0.14066666666666666 0.0225 0.013333333333333332
0 0.035 0.17766666666666667 0.005 0.014
0 0.0375 0.17566666666666667 0.004 0.012666666666666666
0 0.07225 0.12066666666666666 0.0045000000000000005 0.010666666666666666
3 0.28825 0.07966666666666666 0.0085 0.008666666666666666
3 0.278 0.08366666666666667 0.009000000000000001 0.007333333333333333
6 0.666 0.7966666666666666 0.014 0.03733333333333333
6 0.65 0.7953333333333333 0.009000000000000001 0.04
6 0.6455 0.7773333333333333 0.016 0.034666666666666665
6 0.6435 0.7413333333333333 0.016 0.032
2 0.5825 0.5619999999999999 0.024 0.014666666666666666
2 0.58025 0.5443333333333333 0.0165 0.020666666666666667
2 0.58225 0.535 0.0235 0.016666666666666666
