3 0.5428571428571428 0.08142857142857143 0.017142857142857144 0.025714285714285714
0 0.8532142857142857 0.06428571428571428 0.007857142857142858 0.023809523809523808
0 0.8182142857142857 0.07 0.009285714285714286 0.021904761904761906
0 0.8139285714285714 0.06714285714285714 0.007857142857142858 0.023809523809523808
0 0.5564285714285714 0.10523809523809524 0.007142857142857143 0.02
0 0.5535714285714286 0.11714285714285715 0.005714285714285714 0.024761904761904763
0 0.5507142857142857 0.12666666666666668 0.008571428571428572 0.026666666666666665
0 0.8217857142857142 0.3019047619047619 0.017857142857142856 0.0419047619047619
0 0.5539285714285714 0.18761904761904763 0.007857142857142858 0.02857142857142857
0 0.5178571428571429 0.19952380952380952 0.007142857142857143 0.02761904761904762
0 0.4775 0.23285714285714285 0.009285714285714286 0.03333333333333333
0 0.5053571428571428 0.25285714285714284 0.009285714285714286 0.03142857142857143
0 0.5342857142857143 0.24714285714285714 0.007142857142857143 0.03142857142857143
0 0.5310714285714285 0.3047619047619048 0.009285714285714286 0.03619047619047619
0 0.5225 0.30238095238095236 0.009285714285714286 0.035238095238095235
0 0.5121428571428571 0.2866666666666667 0.011428571428571429 0.03428571428571429
0 0.48142857142857143 0.31285714285714283 0.01 0.035238095238095235
0 0.4975 0.32571428571428573 0.009285714285714286 0.03428571428571429
0 0.5078571428571429 0.32285714285714284 0.008571428571428572 0.0380952380952381
0 0.4692857142857143 0.37333333333333335 0.01 0.0419047619047619
0 0.48214285714285715 0.3819047619047619 0.011428571428571429 0.0380952380952381
0 0.49964285714285717 0.3914285714285714 0.010714285714285714 0.03428571428571429
0 0.47714285714285715 0.4204761904761905 0.012857142857142857 0.040952380952380955
0 0.5332142857142858 0.19714285714285715 0.009285714285714286 0.030476190476190476
0 0.5221428571428571 0.25523809523809526 0.01 0.030476190476190476
0 0.5246428571428572 0.27095238095238094 0.007857142857142858 0.035238095238095235
0 0.49642857142857144 0.2719047619047619 0.01 0.03142857142857143
0 0.4967857142857143 0.29428571428571426 0.010714285714285714 0.02857142857142857
0 0.5028571428571429 0.3028571428571429 0.01 0.03238095238095238
0 0.49785714285714283 0.37857142857142856 0.01 0.037142857142857144
0 0.4442857142857143 0.4147619047619048 0.012857142857142857 0.04285714285714286
0 0.5117857142857143 0.6142857142857143 0.012142857142857143 0.04380952380952381
0 0.34464285714285714 0.5323809523809524 0.015 0.0380952380952381
0 0.37285714285714283 0.5647619047619048 0.02 0.0380952380952381
0 0.2889285714285714 0.5519047619047619 0.015 0.04285714285714286
0 0.21785714285714286 0.6685714285714286 0.015714285714285715 0.0419047619047619
0 0.19392857142857142 0.7042857142857143 0.016428571428571428 0.04476190476190476
0 0.3807142857142857 0.7595238095238095 0.017142857142857144 0.04476190476190476
0 0.35214285714285715 0.8085714285714286 0.02142857142857143 0.045714285714285714
0 0.34714285714285714 0.6938095238095238 0.03 0.04476190476190476
0 0.38607142857142857 0.6828571428571428 0.02214285714285714 0.05714285714285714
0 0.41964285714285715 0.6847619047619048 0.013571428571428571 0.04
0 0.4010714285714286 0.6552380952380953 0.017857142857142856 0.0419047619047619
0 0.41964285714285715 0.5638095238095238 0.017857142857142856 0.045714285714285714
0 0.4589285714285714 0.5385714285714286 0.016428571428571428 0.040952380952380955
0 0.4303571428571429 0.5019047619047619 0.016428571428571428 0.049523809523809526
0 0.45535714285714285 0.4714285714285714 0.015 0.04380952380952381
0 0.4782142857142857 0.4595238095238095 0.013571428571428571 0.04476190476190476
0 0.5196428571428572 0.6328571428571429 0.012142857142857143 0.05238095238095238
8 0.4225 0.33904761904761904 0.08928571428571429 0.15047619047619049
8 0.21535714285714286 0.7757142857142857 0.2864285714285714 0.44857142857142857
0 0.3489285714285714 0.5452380952380952 0.016428571428571428 0.04476190476190476
