0 0.04178571428571429 0.09581218274111675 0.0035714285714285713 0.008883248730964466
0 0.039285714285714285 0.09898477157360405 0.004285714285714286 0.0076142131979695426
0 0.03642857142857143 0.09644670050761421 0.002857142857142857 0.0076142131979695426
3 0.0725 0.07233502538071065 0.017857142857142856 0.02284263959390863
3 0.07535714285714286 0.05456852791878172 0.017857142857142856 0.02030456852791878
3 0.07607142857142857 0.032994923857868015 0.015 0.015228426395939085
3 0.016785714285714286 0.06472081218274112 0.017857142857142856 0.017766497461928932
3 0.01607142857142857 0.05456852791878172 0.017857142857142856 0.017766497461928932
3 0.013571428571428571 0.04441624365482233 0.018571428571428572 0.012690355329949238
3 0.07321428571428572 0.019035532994923856 0.015 0.015228426395939085
3 0.07464285714285715 0.01015228426395939 0.017857142857142856 0.015228426395939085
3 0.012857142857142857 0.03362944162436548 0.017142857142857144 0.013959390862944161
3 0.011428571428571429 0.025380710659898477 0.015714285714285715 0.015228426395939085
3 0.016785714285714286 0.07868020304568528 0.016428571428571428 0.015228426395939085
4 0.21964285714285714 0.25380710659898476 0.010714285714285714 0.03045685279187817
4 0.2257142857142857 0.2214467005076142 0.014285714285714285 0.03680203045685279
3 0.24392857142857144 0.6751269035532994 0.020714285714285713 0.017766497461928932
3 0.10357142857142858 0.7208121827411167 0.025714285714285714 0.02030456852791878
3 0.15 0.9137055837563451 0.024285714285714285 0.025380710659898477
3 0.3082142857142857 0.9397208121827411 0.02214285714285714 0.026649746192893398
3 0.38821428571428573 0.7994923857868019 0.023571428571428573 0.025380710659898477
5 0.37 0.8381979695431472 0.037142857142857144 0.03680203045685279
3 0.45571428571428574 0.6123096446700507 0.018571428571428572 0.016497461928934008
3 0.4592857142857143 0.7290609137055837 0.02142857142857143 0.021573604060913704
3 0.45321428571428574 0.7024111675126903 0.02214285714285714 0.019035532994923856
3 0.5921428571428572 0.5977157360406091 0.022857142857142857 0.02030456852791878
4 0.5282142857142857 0.7366751269035532 0.023571428571428573 0.026649746192893398
4 0.4807142857142857 0.631979695431472 0.02 0.017766497461928932
5 0.48892857142857143 0.7823604060913705 0.039285714285714285 0.03680203045685279
4 0.6082142857142857 0.9314720812182741 0.019285714285714285 0.017766497461928932
4 0.6067857142857143 0.9517766497461928 0.02214285714285714 0.02030456852791878
4 0.6078571428571429 0.9733502538071065 0.02142857142857143 0.02030456852791878
3 0.635 0.8946700507614213 0.02142857142857143 0.017766497461928932
3 0.6346428571428572 0.9137055837563451 0.02214285714285714 0.017766497461928932
3 0.6360714285714286 0.9352791878172588 0.020714285714285713 0.017766497461928932
3 0.635 0.9606598984771573 0.02142857142857143 0.017766497461928932
3 0.6335714285714286 0.9803299492385786 0.022857142857142857 0.019035532994923856
3 0.6964285714285714 0.990482233502538 0.024285714285714285 0.016497461928934008
3 0.6964285714285714 0.9263959390862944 0.022857142857142857 0.02030456852791878
3 0.6946428571428571 0.9048223350253807 0.02214285714285714 0.02030456852791878
3 0.6982142857142857 0.8807106598984771 0.019285714285714285 0.015228426395939085
3 0.6957142857142857 0.8635786802030456 0.022857142857142857 0.019035532994923856
9 0.6914285714285714 0.8375634517766497 0.01 0.0076142131979695426
4 0.6610714285714285 0.575507614213198 0.02214285714285714 0.019035532994923856
4 0.6792857142857143 0.6833756345177664 0.024285714285714285 0.024111675126903553
3 0.7603571428571428 0.5482233502538071 0.020714285714285713 0.017766497461928932
5 0.7114285714285714 0.6021573604060914 0.03428571428571429 0.029187817258883246
5 0.8178571428571428 0.6389593908629441 0.032857142857142856 0.029187817258883246
8 0.8267857142857142 0.6884517766497461 0.05785714285714286 0.03426395939086294
9 0.7225 0.848984771573604 0.009285714285714286 0.0076142131979695426
4 0.7246428571428571 0.8686548223350253 0.02214285714285714 0.016497461928934008
4 0.7242857142857143 0.8908629441624365 0.017142857142857144 0.017766497461928932
4 0.7221428571428572 0.9098984771573604 0.022857142857142857 0.02284263959390863
4 0.7539285714285714 0.9219543147208121 0.019285714285714285 0.03934010152284264
3 0.7242857142857143 0.9936548223350253 0.022857142857142857 0.01015228426395939
9 0.7617857142857143 0.8058375634517766 0.007857142857142858 0.005076142131979695
9 0.7921428571428571 0.7975888324873096 0.011428571428571429 0.006345177664974619
3 0.9775 0.515228426395939 0.023571428571428573 0.015228426395939085
3 0.9221428571428572 0.6719543147208121 0.02142857142857143 0.019035532994923856
5 0.9189285714285714 0.6453045685279187 0.045 0.026649746192893398
5 0.9467857142857142 0.6148477157360406 0.03785714285714286 0.026649746192893398
5 0.8489285714285715 0.4993654822335025 0.04642857142857143 0.03680203045685279
