5 0.3225 0.956218274111675 0.07928571428571428 0.05456852791878172
3 0.5317857142857143 0.7303299492385786 0.02214285714285714 0.06472081218274112
3 0.575 0.8959390862944162 0.037142857142857144 0.07106598984771573
3 0.71 0.982233502538071 0.04857142857142857 0.032994923857868015
3 0.7992857142857143 0.9390862944162436 0.045714285714285714 0.03807106598984771
3 0.47 0.5145939086294415 0.017142857142857144 0.05456852791878172
5 0.44285714285714284 0.4974619289340101 0.02857142857142857 0.11421319796954314
3 0.45071428571428573 0.2982233502538071 0.014285714285714285 0.04060913705583756
5 0.43 0.299492385786802 0.022857142857142857 0.06598984771573603
3 0.44857142857142857 0.23223350253807104 0.014285714285714285 0.035532994923857864
3 0.4382142857142857 0.10850253807106598 0.015 0.03680203045685279
5 0.41214285714285714 0.026649746192893398 0.02142857142857143 0.053299492385786795
0 0.4617857142857143 0.8343908629441624 0.010714285714285714 0.04441624365482233
