5 0.9757142857142858 0.7715736040609137 0.04857142857142857 0.09898477157360405
5 0.9096428571428572 0.8032994923857867 0.07214285714285715 0.12182741116751268
3 0.5817857142857142 0.9505076142131978 0.035 0.07106598984771573
5 0.6075 0.9187817258883249 0.060714285714285714 0.13197969543147206
3 0.5107142857142857 0.9282994923857867 0.03571428571428571 0.07233502538071065
3 0.5353571428571429 0.9143401015228426 0.03642857142857143 0.07233502538071065
5 0.5232142857142857 0.7893401015228426 0.06785714285714285 0.16243654822335024
8 0.49642857142857144 0.8172588832487309 0.04285714285714286 0.09390862944162436
3 0.4607142857142857 0.7360406091370558 0.032857142857142856 0.06091370558375634
8 0.46464285714285714 0.6687817258883249 0.04214285714285714 0.09137055837563451
3 0.43535714285714283 0.6662436548223349 0.030714285714285715 0.06091370558375634
3 0.4032142857142857 0.6046954314720812 0.030714285714285715 0.05710659898477157
8 0.4132142857142857 0.5399746192893401 0.060714285714285714 0.14593908629441624
3 0.2867857142857143 0.641497461928934 0.029285714285714286 0.05964467005076142
