5 0.2475 0.5771428571428572 0.235 0.1523809523809524
5 0.26071428571428573 0.3919047619047619 0.14714285714285713 0.11523809523809524
3 0.235 0.4776190476190476 0.19 0.0980952380952381
3 0.265 0.2723809523809524 0.13714285714285715 0.07238095238095238
3 0.2625 0.22857142857142856 0.12785714285714286 0.06476190476190476
3 0.2714285714285714 0.18714285714285714 0.12 0.06
3 0.25142857142857145 0.11047619047619048 0.10428571428571429 0.06857142857142857
3 0.5114285714285715 0.11428571428571428 0.09714285714285714 0.06095238095238095
3 0.2710714285714286 0.030952380952380953 0.08642857142857142 0.04476190476190476
3 0.5160714285714286 0.08095238095238096 0.09357142857142857 0.05904761904761905
3 0.49535714285714283 0.06571428571428571 0.08357142857142857 0.049523809523809526
3 0.4717857142857143 0.018095238095238095 0.07357142857142857 0.03619047619047619
0 0.4496428571428571 0.19714285714285715 0.017857142857142856 0.06476190476190476
0 0.4042857142857143 0.32904761904761903 0.02 0.06952380952380953
0 0.5992857142857143 0.25285714285714284 0.015714285714285715 0.06
3 0.7903571428571429 0.28523809523809524 0.10928571428571429 0.13047619047619047
3 0.7164285714285714 0.5766666666666667 0.2 0.1361904761904762
3 0.6632142857142858 0.48904761904761906 0.17785714285714285 0.11714285714285715
3 0.9607142857142857 0.5671428571428572 0.07857142857142857 0.15714285714285714
0 0.36428571428571427 0.02142857142857143 0.014285714285714285 0.04285714285714286
0 0.3432142857142857 0.011904761904761904 0.010714285714285714 0.023809523809523808
0 0.3242857142857143 0.01380952380952381 0.011428571428571429 0.02761904761904762
