3 0.09821428571428571 0.025238095238095237 0.009285714285714286 0.010476190476190476
3 0.10571428571428572 0.04 0.01 0.011428571428571429
3 0.09607142857142857 0.04904761904761905 0.009285714285714286 0.012380952380952381
3 0.11392857142857143 0.06761904761904762 0.010714285714285714 0.013333333333333332
3 0.10964285714285714 0.11047619047619048 0.013571428571428571 0.02095238095238095
3 0.14035714285714285 0.16238095238095238 0.015 0.021904761904761906
3 0.05142857142857143 0.04285714285714286 0.008571428571428572 0.013333333333333332
3 0.05285714285714286 0.02142857142857143 0.014285714285714285 0.010476190476190476
3 0.054642857142857146 0.030952380952380953 0.010714285714285714 0.008571428571428572
3 0.05285714285714286 0.07095238095238095 0.017142857142857144 0.012380952380952381
3 0.048928571428571425 0.09666666666666666 0.016428571428571428 0.010476190476190476
3 0.054642857142857146 0.12095238095238095 0.012142857142857143 0.01904761904761905
3 0.05607142857142857 0.14476190476190476 0.007857142857142858 0.011428571428571429
3 0.05821428571428571 0.16047619047619047 0.012142857142857143 0.01619047619047619
3 0.056428571428571425 0.17285714285714285 0.011428571428571429 0.018095238095238095
3 0.06 0.23476190476190475 0.018571428571428572 0.023809523809523808
3 0.061785714285714284 0.2638095238095238 0.019285714285714285 0.030476190476190476
3 0.16607142857142856 0.27666666666666667 0.019285714285714285 0.02761904761904762
3 0.17214285714285715 0.04 0.01 0.013333333333333332
3 0.18035714285714285 0.05333333333333333 0.009285714285714286 0.009523809523809525
3 0.18678571428571428 0.06619047619047619 0.007857142857142858 0.010476190476190476
3 0.20964285714285713 0.10238095238095238 0.012142857142857143 0.01619047619047619
3 0.2475 0.1676190476190476 0.015 0.01904761904761905
3 0.2542857142857143 0.18619047619047618 0.012857142857142857 0.018095238095238095
4 0.2807142857142857 0.22857142857142856 0.017142857142857144 0.026666666666666665
0 0.16857142857142857 0.10666666666666666 0.004285714285714286 0.013333333333333332
3 0.21035714285714285 0.45285714285714285 0.029285714285714286 0.05047619047619047
3 0.225 0.5128571428571429 0.03428571428571429 0.058095238095238096
3 0.24785714285714286 0.580952380952381 0.037142857142857144 0.06666666666666667
0 0.08607142857142858 0.46285714285714286 0.005 0.02095238095238095
0 0.07964285714285714 0.45714285714285713 0.0064285714285714285 0.01904761904761905
9 0.105 0.5576190476190476 0.012857142857142857 0.03333333333333333
2 0.23607142857142857 0.6476190476190476 0.013571428571428571 0.030476190476190476
3 0.1375 0.7876190476190477 0.08214285714285714 0.10285714285714286
3 0.4060714285714286 0.8961904761904762 0.10928571428571429 0.08571428571428572
9 0.6703571428571429 0.6390476190476191 0.023571428571428573 0.030476190476190476
9 0.6625 0.61 0.023571428571428573 0.025714285714285714
3 0.8278571428571428 0.7528571428571429 0.07714285714285714 0.07142857142857142
1 0.10392857142857143 0.5471428571428572 0.012142857142857143 0.021904761904761906
1 0.23464285714285715 0.6376190476190476 0.009285714285714286 0.025714285714285714
1 0.6610714285714285 0.6061904761904762 0.016428571428571428 0.021904761904761906
1 0.6703571428571429 0.6352380952380953 0.012142857142857143 0.017142857142857144
