8 0.19 0.36857142857142855 0.20142857142857143 0.32571428571428573
3 0.040357142857142855 0.540952380952381 0.08071428571428571 0.16
3 0.07642857142857143 0.3566666666666667 0.07428571428571429 0.10952380952380952
3 0.14035714285714285 0.2719047619047619 0.07071428571428572 0.09238095238095238
3 0.205 0.17523809523809525 0.05857142857142857 0.07238095238095238
3 0.24392857142857144 0.11952380952380952 0.04928571428571429 0.05238095238095238
0 0.1992857142857143 0.07809523809523809 0.017142857142857144 0.03619047619047619
5 0.285 0.043333333333333335 0.05 0.08666666666666667
3 0.19107142857142856 0.03761904761904762 0.06928571428571428 0.029523809523809525
3 0.20785714285714285 0.017142857142857144 0.06285714285714286 0.03428571428571429
3 0.3157142857142857 0.022857142857142857 0.025714285714285714 0.03619047619047619
0 0.43357142857142855 0.009047619047619047 0.01 0.018095238095238095
0 0.5342857142857143 0.010476190476190476 0.007142857142857143 0.02095238095238095
0 0.65 0.19714285714285715 0.012857142857142857 0.04380952380952381
3 0.4492857142857143 0.11142857142857143 0.037142857142857144 0.05523809523809524
3 0.5389285714285714 0.03190476190476191 0.025 0.039047619047619046
3 0.5689285714285715 0.022857142857142857 0.02642857142857143 0.03238095238095238
3 0.57 0.05142857142857143 0.03142857142857143 0.04
3 0.575 0.08761904761904762 0.03428571428571429 0.047619047619047616
3 0.5810714285714286 0.13047619047619047 0.03214285714285714 0.045714285714285714
3 0.6107142857142858 0.17 0.08857142857142856 0.05047619047619047
3 0.5460714285714285 0.24285714285714285 0.045 0.0761904761904762
3 0.6021428571428571 0.3647619047619048 0.05142857142857143 0.10285714285714286
3 0.5253571428571429 0.43666666666666665 0.05928571428571429 0.12285714285714286
3 0.6 0.5076190476190476 0.06571428571428571 0.13714285714285715
3 0.5242857142857142 0.5957142857142858 0.07428571428571429 0.1819047619047619
3 0.6060714285714286 0.7695238095238095 0.08214285714285714 0.2342857142857143
3 0.25821428571428573 0.8371428571428572 0.13214285714285715 0.2723809523809524
5 0.39071428571428574 0.8609523809523809 0.14142857142857143 0.2704761904761905
4 0.8310714285714286 0.9223809523809524 0.19357142857142856 0.15142857142857144
9 0.8746428571428572 0.7914285714285715 0.06785714285714285 0.045714285714285714
0 0.8839285714285714 0.7776190476190477 0.02214285714285714 0.054285714285714284
2 0.9757142857142858 0.86 0.045714285714285714 0.1180952380952381
9 0.8128571428571428 0.6514285714285715 0.07142857142857142 0.04380952380952381
2 0.8603571428571428 0.6376190476190476 0.047857142857142855 0.037142857142857144
9 0.8196428571428571 0.6085714285714285 0.04642857142857143 0.024761904761904763
9 0.82 0.5885714285714285 0.041428571428571426 0.03428571428571429
9 0.8235714285714286 0.5752380952380952 0.04428571428571428 0.024761904761904763
9 0.8121428571428572 0.5442857142857143 0.05 0.040952380952380955
0 0.7242857142857143 0.21285714285714286 0.011428571428571429 0.040952380952380955
9 0.6975 0.20476190476190476 0.03357142857142857 0.02857142857142857
0 0.7042857142857143 0.1461904761904762 0.007142857142857143 0.037142857142857144
0 0.6164285714285714 0.22 0.01 0.03619047619047619
9 0.6007142857142858 0.2823809523809524 0.027142857142857142 0.04857142857142857
