3 0.5028571428571429 0.6095238095238096 0.08142857142857143 0.11619047619047619
3 0.605 0.6442857142857142 0.09 0.13428571428571429
3 0.7660714285714286 0.900952380952381 0.13642857142857143 0.1961904761904762
3 0.08964285714285715 0.9428571428571428 0.17642857142857143 0.11428571428571428
3 0.0875 0.8695238095238095 0.1692857142857143 0.11619047619047619
0 0.07 0.770952380952381 0.03 0.039047619047619046
0 0.21928571428571428 0.6090476190476191 0.027142857142857142 0.04476190476190476
0 0.7675 0.4861904761904762 0.016428571428571428 0.04476190476190476
0 0.8914285714285715 0.41333333333333333 0.017142857142857144 0.04
0 0.03 0.23095238095238096 0.014285714285714285 0.025714285714285714
0 0.035 0.1376190476190476 0.01 0.014285714285714285
0 0.22285714285714286 0.030476190476190476 0.007142857142857143 0.017142857142857144
0 0.39571428571428574 0.10809523809523809 0.01 0.018095238095238095
0 0.7864285714285715 0.26 0.011428571428571429 0.02857142857142857
0 0.7235714285714285 0.20238095238095238 0.007142857142857143 0.02
0 0.7125 0.3357142857142857 0.016428571428571428 0.02761904761904762
0 0.38142857142857145 0.09714285714285714 0.007142857142857143 0.02095238095238095
1 0.37214285714285716 0.09095238095238095 0.005714285714285714 0.012380952380952381
0 0.35035714285714287 0.0719047619047619 0.0064285714285714285 0.01619047619047619
0 0.35535714285714287 0.07571428571428572 0.005 0.014285714285714285
0 0.36678571428571427 0.08333333333333333 0.005 0.01619047619047619
0 0.36464285714285716 0.08 0.0035714285714285713 0.013333333333333332
3 0.3692857142857143 0.2914285714285714 0.03428571428571429 0.045714285714285714
4 0.085 0.5866666666666667 0.11428571428571428 0.06666666666666667
0 0.8967857142857143 0.5338095238095238 0.013571428571428571 0.03142857142857143
0 0.9160714285714285 0.5271428571428571 0.012142857142857143 0.037142857142857144
0 0.925 0.5185714285714286 0.012857142857142857 0.035238095238095235
1 0.7867857142857143 0.14047619047619048 0.0064285714285714285 0.012380952380952381
2 0.7864285714285715 0.1461904761904762 0.012857142857142857 0.012380952380952381
0 0.7539285714285714 0.16857142857142857 0.0064285714285714285 0.01904761904761905
0 0.7517857142857143 0.19476190476190477 0.007857142857142858 0.01619047619047619
0 0.6992857142857143 0.18761904761904763 0.005714285714285714 0.024761904761904763
3 0.375 0.05238095238095238 0.02 0.022857142857142857
3 0.25214285714285717 0.05 0.018571428571428572 0.018095238095238095
3 0.24714285714285714 0.024761904761904763 0.015714285714285715 0.017142857142857144
3 0.2667857142857143 0.12095238095238095 0.023571428571428573 0.030476190476190476
3 0.22535714285714287 0.09571428571428571 0.02214285714285714 0.029523809523809525
3 0.24285714285714285 0.13952380952380952 0.024285714285714285 0.04476190476190476
3 0.08428571428571428 0.27666666666666667 0.06285714285714286 0.037142857142857144
3 0.07964285714285714 0.2633333333333333 0.055 0.02761904761904762
3 0.07964285714285714 0.25 0.05785714285714286 0.023809523809523808
3 0.07964285714285714 0.22476190476190477 0.060714285714285714 0.026666666666666665
4 0.07107142857142858 0.2 0.05785714285714286 0.03238095238095238
3 0.08357142857142857 0.1738095238095238 0.05142857142857143 0.02761904761904762
3 0.06785714285714285 0.1261904761904762 0.05142857142857143 0.02
3 0.07392857142857143 0.11333333333333333 0.05071428571428571 0.015238095238095238
3 0.07714285714285714 0.10476190476190476 0.05 0.015238095238095238
3 0.07642857142857143 0.10095238095238095 0.04428571428571428 0.017142857142857144
3 0.07464285714285715 0.08761904761904762 0.04214285714285714 0.017142857142857144
3 0.07321428571428572 0.07666666666666666 0.04214285714285714 0.01619047619047619
3 0.07321428571428572 0.06952380952380953 0.045 0.017142857142857144
3 0.07464285714285715 0.06523809523809523 0.039285714285714285 0.021904761904761906
3 0.0775 0.06190476190476191 0.04357142857142857 0.01904761904761905
3 0.07642857142857143 0.05523809523809524 0.04428571428571428 0.024761904761904763
3 0.04214285714285714 0.05333333333333333 0.015714285714285715 0.017142857142857144
3 0.036071428571428574 0.05476190476190476 0.013571428571428571 0.02
3 0.07321428571428572 0.026666666666666665 0.035 0.02095238095238095
3 0.044642857142857144 0.025238095238095237 0.016428571428571428 0.014285714285714285
3 0.025357142857142856 0.028095238095238097 0.017857142857142856 0.02
3 0.044642857142857144 0.012380952380952381 0.012142857142857143 0.011428571428571429
3 0.0725 0.014285714285714285 0.03214285714285714 0.009523809523809525
4 0.07142857142857142 0.008571428571428572 0.03571428571428571 0.013333333333333332
