3 0.4967857142857143 0.006345177664974619 0.007857142857142858 0.012690355329949238
3 0.48642857142857143 0.07614213197969542 0.008571428571428572 0.02030456852791878
3 0.5196428571428572 0.07868020304568528 0.009285714285714286 0.02030456852791878
3 0.48928571428571427 0.12246192893401014 0.011428571428571429 0.024111675126903553
0 0.5325 0.004441624365482233 0.002142857142857143 0.008883248730964466
0 0.5378571428571428 0.004441624365482233 0.002857142857142857 0.008883248730964466
0 0.5253571428571429 0.01967005076142132 0.002142857142857143 0.013959390862944161
0 0.5642857142857143 0.05710659898477157 0.002857142857142857 0.012690355329949238
0 0.5685714285714286 0.07043147208121826 0.002857142857142857 0.013959390862944161
0 0.5785714285714286 0.08756345177664974 0.002857142857142857 0.017766497461928932
0 0.5832142857142857 0.09263959390862943 0.0035714285714285713 0.017766497461928932
0 0.5828571428571429 0.07931472081218273 0.002857142857142857 0.016497461928934008
0 0.5717857142857142 0.06472081218274112 0.002142857142857143 0.012690355329949238
0 0.5725 0.05964467005076142 0.002142857142857143 0.017766497461928932
0 0.565 0.08248730964467005 0.004285714285714286 0.02030456852791878
0 0.5721428571428572 0.09390862944162436 0.004285714285714286 0.017766497461928932
0 0.5696428571428571 0.08883248730964466 0.002142857142857143 0.012690355329949238
0 0.5907142857142857 0.11548223350253806 0.004285714285714286 0.017766497461928932
0 0.5828571428571429 0.11040609137055837 0.002857142857142857 0.015228426395939085
0 0.5746428571428571 0.10532994923857868 0.002142857142857143 0.012690355329949238
0 0.5778571428571428 0.10152284263959391 0.002857142857142857 0.012690355329949238
0 0.6603571428571429 0.1630710659898477 0.0035714285714285713 0.019035532994923856
0 0.6667857142857143 0.16243654822335024 0.0035714285714285713 0.017766497461928932
8 0.7085714285714285 0.19670050761421318 0.08285714285714285 0.06345177664974619
8 0.7489285714285714 0.18527918781725886 0.075 0.06598984771573603
0 0.7264285714285714 0.32868020304568524 0.005714285714285714 0.02030456852791878
0 0.7703571428571429 0.5615482233502538 0.007857142857142858 0.03680203045685279
0 0.8407142857142857 0.6123096446700507 0.011428571428571429 0.031725888324873094
0 0.7607142857142857 0.6307106598984771 0.008571428571428572 0.035532994923857864
0 0.7667857142857143 0.6294416243654822 0.0064285714285714285 0.032994923857868015
2 0.7867857142857143 0.7360406091370558 0.017857142857142856 0.017766497461928932
0 0.30642857142857144 0.7417512690355329 0.008571428571428572 0.03426395939086294
0 0.3367857142857143 0.43845177664974616 0.005 0.021573604060913704
0 0.34214285714285714 0.4346446700507614 0.007142857142857143 0.029187817258883246
1 0.14285714285714285 0.6935279187817258 0.01 0.026649746192893398
1 0.18178571428571427 0.6694162436548223 0.009285714285714286 0.016497461928934008
1 0.18678571428571428 0.6560913705583756 0.009285714285714286 0.02030456852791878
1 0.16714285714285715 0.6681472081218274 0.01 0.021573604060913704
0 0.39 0.14593908629441624 0.004285714285714286 0.017766497461928932
0 0.39571428571428574 0.14530456852791876 0.004285714285714286 0.019035532994923856
0 0.3867857142857143 0.14720812182741116 0.0035714285714285713 0.02030456852791878
0 0.38142857142857145 0.15228426395939085 0.004285714285714286 0.017766497461928932
0 0.37785714285714284 0.1516497461928934 0.004285714285714286 0.019035532994923856
0 0.3692857142857143 0.15609137055837563 0.004285714285714286 0.015228426395939085
0 0.36 0.15609137055837563 0.005714285714285714 0.02030456852791878
0 0.35642857142857143 0.2569796954314721 0.004285714285714286 0.016497461928934008
0 0.3582142857142857 0.258248730964467 0.005 0.019035532994923856
0 0.3896428571428571 0.266497461928934 0.0035714285714285713 0.02030456852791878
0 0.42214285714285715 0.2639593908629441 0.004285714285714286 0.02030456852791878
0 0.4325 0.26776649746192893 0.0035714285714285713 0.02030456852791878
0 0.4392857142857143 0.2614213197969543 0.002857142857142857 0.02284263959390863
0 0.4425 0.2576142131979695 0.005 0.02030456852791878
0 0.4471428571428571 0.266497461928934 0.004285714285714286 0.017766497461928932
0 0.44785714285714284 0.26205583756345174 0.002857142857142857 0.019035532994923856
0 0.45035714285714284 0.2531725888324873 0.005 0.019035532994923856
0 0.4542857142857143 0.24555837563451774 0.004285714285714286 0.021573604060913704
0 0.4546428571428571 0.24936548223350252 0.005 0.019035532994923856
0 0.45357142857142857 0.2519035532994924 0.004285714285714286 0.016497461928934008
0 0.4567857142857143 0.2531725888324873 0.002142857142857143 0.011421319796954314
0 0.45821428571428574 0.25888324873096447 0.0035714285714285713 0.015228426395939085
0 0.4632142857142857 0.26205583756345174 0.0035714285714285713 0.013959390862944161
0 0.46535714285714286 0.24936548223350252 0.0064285714285714285 0.021573604060913704
0 0.47 0.25380710659898476 0.004285714285714286 0.02030456852791878
0 0.4735714285714286 0.2480964467005076 0.004285714285714286 0.019035532994923856
0 0.36464285714285716 0.21192893401015228 0.0035714285714285713 0.017766497461928932
0 0.36714285714285716 0.21002538071065988 0.004285714285714286 0.021573604060913704
1 0.36642857142857144 0.21573604060913704 0.002857142857142857 0.0076142131979695426
0 0.3725 0.21256345177664973 0.0035714285714285713 0.019035532994923856
0 0.37035714285714283 0.20558375634517764 0.005 0.017766497461928932
0 0.3914285714285714 0.19923857868020303 0.004285714285714286 0.02284263959390863
0 0.40285714285714286 0.22271573604060912 0.005714285714285714 0.021573604060913704
0 0.40214285714285714 0.22017766497461927 0.005714285714285714 0.021573604060913704
0 0.4107142857142857 0.19098984771573602 0.004285714285714286 0.021573604060913704
0 0.4992857142857143 0.2480964467005076 0.004285714285714286 0.021573604060913704
0 0.5046428571428572 0.2569796954314721 0.0035714285714285713 0.019035532994923856
0 0.43285714285714283 0.2081218274111675 0.004285714285714286 0.015228426395939085
0 0.43607142857142855 0.20431472081218272 0.005 0.017766497461928932
0 0.44107142857142856 0.17703045685279187 0.0035714285714285713 0.021573604060913704
0 0.4471428571428571 0.14911167512690354 0.004285714285714286 0.019035532994923856
0 0.44107142857142856 0.19352791878172587 0.0035714285714285713 0.019035532994923856
0 0.44357142857142856 0.19416243654822332 0.005714285714285714 0.017766497461928932
0 0.4492857142857143 0.20050761421319796 0.004285714285714286 0.02284263959390863
0 0.4496428571428571 0.20431472081218272 0.0064285714285714285 0.02030456852791878
0 0.45321428571428574 0.1947969543147208 0.0035714285714285713 0.019035532994923856
0 0.46714285714285714 0.19733502538071065 0.002857142857142857 0.021573604060913704
0 0.47785714285714287 0.19670050761421318 0.002857142857142857 0.02030456852791878
0 0.4853571428571429 0.21002538071065988 0.0064285714285714285 0.021573604060913704
0 0.4860714285714286 0.20748730964467005 0.005 0.021573604060913704
0 0.5210714285714285 0.2563451776649746 0.0035714285714285713 0.02284263959390863
0 0.5260714285714285 0.24936548223350252 0.0035714285714285713 0.019035532994923856
0 0.5425 0.25507614213197966 0.0035714285714285713 0.025380710659898477
0 0.5375 0.2614213197969543 0.0035714285714285713 0.02030456852791878
0 0.5425 0.2595177664974619 0.0035714285714285713 0.019035532994923856
0 0.5446428571428571 0.2011421319796954 0.0035714285714285713 0.019035532994923856
0 0.5525 0.20558375634517764 0.005 0.02030456852791878
0 0.49964285714285717 0.19606598984771573 0.0035714285714285713 0.019035532994923856
0 0.5232142857142857 0.1979695431472081 0.005 0.012690355329949238
0 0.5353571428571429 0.1884517766497462 0.005 0.021573604060913704
0 0.5475 0.18210659898477155 0.0035714285714285713 0.016497461928934008
0 0.505 0.17766497461928932 0.002857142857142857 0.02030456852791878
0 0.5510714285714285 0.15101522842639592 0.005 0.017766497461928932
1 0.5617857142857143 0.15672588832487308 0.0035714285714285713 0.013959390862944161
0 0.5403571428571429 0.15545685279187815 0.0035714285714285713 0.019035532994923856
0 0.5292857142857142 0.14784263959390861 0.004285714285714286 0.016497461928934008
1 0.5282142857142857 0.12055837563451775 0.005 0.017766497461928932
1 0.5121428571428571 0.12436548223350252 0.005714285714285714 0.017766497461928932
9 0.5117857142857143 0.12753807106598983 0.005 0.019035532994923856
9 0.5282142857142857 0.12182741116751268 0.0035714285714285713 0.017766497461928932
0 0.5089285714285714 0.11738578680203045 0.0035714285714285713 0.016497461928934008
0 0.5025 0.1351522842639594 0.005 0.016497461928934008
0 0.5521428571428572 0.12626903553299493 0.004285714285714286 0.016497461928934008
0 0.5542857142857143 0.12626903553299493 0.002857142857142857 0.019035532994923856
0 0.5107142857142857 0.16053299492385786 0.004285714285714286 0.019035532994923856
0 0.48178571428571426 0.1516497461928934 0.0035714285714285713 0.019035532994923856
0 0.4589285714285714 0.15291878172588833 0.005 0.019035532994923856
0 0.4585714285714286 0.14403553299492386 0.004285714285714286 0.016497461928934008
0 0.45964285714285713 0.13895939086294415 0.005 0.021573604060913704
0 0.46214285714285713 0.13769035532994922 0.005714285714285714 0.019035532994923856
0 0.4675 0.141497461928934 0.0035714285714285713 0.019035532994923856
0 0.4675 0.13388324873096447 0.0035714285714285713 0.016497461928934008
0 0.4735714285714286 0.141497461928934 0.004285714285714286 0.019035532994923856
0 0.4714285714285714 0.16941624365482233 0.004285714285714286 0.019035532994923856
0 0.47928571428571426 0.1763959390862944 0.002857142857142857 0.017766497461928932
0 0.4857142857142857 0.17956852791878172 0.004285714285714286 0.019035532994923856
0 0.49142857142857144 0.18401015228426396 0.005714285714285714 0.02030456852791878
0 0.4860714285714286 0.17385786802030456 0.005 0.02030456852791878
0 0.48714285714285716 0.15545685279187815 0.002857142857142857 0.019035532994923856
0 0.4860714285714286 0.14213197969543145 0.0035714285714285713 0.02030456852791878
0 0.4782142857142857 0.13959390862944163 0.0035714285714285713 0.017766497461928932
0 0.4828571428571429 0.14213197969543145 0.005714285714285714 0.017766497461928932
0 0.49 0.14276649746192893 0.005714285714285714 0.019035532994923856
0 0.4942857142857143 0.15609137055837563 0.007142857142857143 0.017766497461928932
0 0.4957142857142857 0.133248730964467 0.005714285714285714 0.02030456852791878
0 0.5178571428571429 0.13959390862944163 0.004285714285714286 0.02030456852791878
0 0.5596428571428571 0.12246192893401014 0.002142857142857143 0.016497461928934008
0 0.5107142857142857 0.14784263959390861 0.004285714285714286 0.016497461928934008
0 0.5160714285714286 0.1516497461928934 0.0035714285714285713 0.016497461928934008
0 0.5175 0.15609137055837563 0.0035714285714285713 0.015228426395939085
