0 0.5582142857142857 0.731904761904762 0.030714285714285715 0.09619047619047619
0 0.6214285714285714 0.689047619047619 0.03428571428571429 0.08285714285714285
0 0.6560714285714285 0.6371428571428571 0.029285714285714286 0.08190476190476191
0 0.6967857142857142 0.6047619047619047 0.02642857142857143 0.08571428571428572
0 0.63 0.570952380952381 0.022857142857142857 0.07714285714285714
0 0.5896428571428571 0.6114285714285714 0.025 0.07428571428571429
0 0.5389285714285714 0.6547619047619048 0.025 0.08476190476190476
0 0.4942857142857143 0.7057142857142857 0.032857142857142856 0.09714285714285714
0 0.4357142857142857 0.6657142857142857 0.037142857142857144 0.09142857142857143
0 0.38035714285714284 0.6333333333333333 0.035 0.09142857142857143
0 0.3 0.6214285714285714 0.032857142857142856 0.08095238095238096
0 0.44142857142857145 0.5885714285714285 0.03 0.09142857142857143
0 0.48678571428571427 0.6204761904761905 0.02214285714285714 0.07904761904761905
0 0.5332142857142858 0.5823809523809523 0.03214285714285714 0.07714285714285714
0 0.5725 0.5495238095238095 0.02642857142857143 0.06476190476190476
0 0.52 0.5366666666666666 0.03 0.07523809523809524
0 0.47964285714285715 0.5685714285714286 0.02642857142857143 0.08190476190476191
0 0.41714285714285715 0.4938095238095238 0.025714285714285714 0.06761904761904762
2 0.3075 0.5514285714285714 0.039285714285714285 0.04380952380952381
2 0.27 0.5819047619047619 0.047142857142857146 0.049523809523809526
0 0.44035714285714284 0.32047619047619047 0.013571428571428571 0.035238095238095235
0 0.5342857142857143 0.31142857142857144 0.01 0.030476190476190476
0 0.565 0.3138095238095238 0.01 0.029523809523809525
0 0.6346428571428572 0.30095238095238097 0.009285714285714286 0.030476190476190476
0 0.7292857142857143 0.28809523809523807 0.01 0.02761904761904762
0 0.7510714285714286 0.29333333333333333 0.009285714285714286 0.022857142857142857
0 0.7757142857142857 0.2866666666666667 0.007142857142857143 0.026666666666666665
0 0.8382142857142857 0.28714285714285714 0.007857142857142858 0.02761904761904762
0 0.7432142857142857 0.2923809523809524 0.007857142857142858 0.022857142857142857
1 0.8189285714285715 0.28095238095238095 0.0064285714285714285 0.01904761904761905
2 0.8171428571428572 0.28714285714285714 0.017142857142857144 0.012380952380952381
0 0.8764285714285714 0.2619047619047619 0.005714285714285714 0.015238095238095238
9 0.91 0.34809523809523807 0.02857142857142857 0.018095238095238095
1 0.9092857142857143 0.33285714285714285 0.01 0.021904761904761906
0 0.9878571428571429 0.2838095238095238 0.007142857142857143 0.01904761904761905
1 0.5375 0.30238095238095236 0.007857142857142858 0.02
3 0.18357142857142858 0.28714285714285714 0.041428571428571426 0.03142857142857143
3 0.12428571428571429 0.29333333333333333 0.03428571428571429 0.030476190476190476
3 0.062142857142857146 0.2561904761904762 0.032857142857142856 0.024761904761904763
3 0.22035714285714286 0.24 0.025 0.017142857142857144
3 0.31392857142857145 0.22333333333333333 0.02642857142857143 0.021904761904761906
