3 0.15642857142857142 0.9441624365482233 0.03857142857142857 0.10913705583756345
3 0.3942857142857143 0.5939086294416244 0.024285714285714285 0.06852791878172589
3 0.16357142857142856 0.6002538071065989 0.032857142857142856 0.06598984771573603
3 0.20714285714285716 0.5888324873096447 0.02857142857142857 0.06091370558375634
3 0.32392857142857145 0.30901015228426393 0.020714285714285713 0.04187817258883248
3 0.18071428571428572 0.3496192893401015 0.027142857142857142 0.04187817258883248
3 0.4075 0.21256345177664973 0.013571428571428571 0.03426395939086294
3 0.36607142857142855 0.07931472081218273 0.013571428571428571 0.024111675126903553
3 0.3892857142857143 0.07931472081218273 0.011428571428571429 0.019035532994923856
3 0.3675 0.10913705583756345 0.013571428571428571 0.02284263959390863
3 0.42142857142857143 0.04695431472081218 0.011428571428571429 0.02030456852791878
3 0.4117857142857143 0.09898477157360405 0.013571428571428571 0.03045685279187817
4 0.37214285714285716 0.3895939086294416 0.022857142857142857 0.06091370558375634
4 0.24285714285714285 0.315989847715736 0.024285714285714285 0.04568527918781726
4 0.2507142857142857 0.4092639593908629 0.027142857142857142 0.05456852791878172
4 0.3289285714285714 0.1782994923857868 0.016428571428571428 0.03426395939086294
4 0.2532142857142857 0.940989847715736 0.039285714285714285 0.11548223350253806
3 0.5407142857142857 0.9118020304568527 0.05285714285714286 0.06472081218274112
3 0.5010714285714286 0.8508883248730964 0.055 0.05710659898477157
3 0.5703571428571429 0.8534263959390862 0.055 0.052030456852791875
3 0.6314285714285715 0.8458121827411167 0.054285714285714284 0.052030456852791875
3 0.6728571428571428 0.765228426395939 0.027142857142857142 0.07614213197969542
3 0.5803571428571429 0.7373096446700507 0.04928571428571429 0.053299492385786795
3 0.7267857142857143 0.7994923857868019 0.05071428571428571 0.050761421319796954
3 0.7710714285714285 0.7715736040609137 0.04642857142857143 0.048223350253807105
3 0.8157142857142857 0.7449238578680203 0.04857142857142857 0.04568527918781726
3 0.8575 0.7182741116751269 0.04071428571428572 0.048223350253807105
3 0.9253571428571429 0.657994923857868 0.03357142857142857 0.04187817258883248
3 0.9760714285714286 0.6618020304568527 0.045 0.04441624365482233
3 0.8385714285714285 0.648477157360406 0.04 0.055837563451776644
3 0.785 0.6046954314720812 0.04285714285714286 0.04187817258883248
3 0.73 0.5780456852791878 0.047142857142857146 0.04695431472081218
3 0.4757142857142857 0.5628172588832487 0.037142857142857144 0.04187817258883248
3 0.475 0.482233502538071 0.04 0.03045685279187817
3 0.5303571428571429 0.7049492385786802 0.047857142857142855 0.05456852791878172
3 0.5896428571428571 0.6871827411167513 0.045 0.04695431472081218
3 0.6278571428571429 0.6732233502538071 0.04 0.052030456852791875
3 0.7407142857142857 0.9631979695431472 0.055714285714285716 0.06598984771573603
4 0.8167857142857143 0.9219543147208121 0.055 0.06472081218274112
5 0.23642857142857143 0.14911167512690354 0.045714285714285714 0.049492385786802026
