0 0.8078571428571428 0.24523809523809523 0.014285714285714285 0.03333333333333333
0 0.6767857142857143 0.37142857142857144 0.012142857142857143 0.04
0 0.6325 0.43238095238095237 0.019285714285714285 0.0419047619047619
0 0.4182142857142857 0.3576190476190476 0.013571428571428571 0.04285714285714286
0 0.4742857142857143 0.30047619047619045 0.011428571428571429 0.037142857142857144
0 0.4675 0.35285714285714287 0.02214285714285714 0.040952380952380955
1 0.3610714285714286 0.7509523809523809 0.020714285714285713 0.040952380952380955
1 0.3942857142857143 0.7609523809523809 0.02142857142857143 0.04
1 0.4660714285714286 0.8071428571428572 0.017857142857142856 0.03333333333333333
1 0.5314285714285715 0.79 0.022857142857142857 0.03142857142857143
1 0.5082142857142857 0.810952380952381 0.019285714285714285 0.037142857142857144
1 0.48714285714285716 0.8152380952380952 0.02142857142857143 0.03619047619047619
1 0.4807142857142857 0.7776190476190477 0.02142857142857143 0.035238095238095235
1 0.4967857142857143 0.7695238095238095 0.019285714285714285 0.03428571428571429
