3 0.28535714285714286 0.17703045685279187 0.007857142857142858 0.019035532994923856
3 0.34535714285714286 0.3166243654822335 0.009285714285714286 0.024111675126903553
3 0.3575 0.3413705583756345 0.007857142857142858 0.025380710659898477
3 0.28 0.33248730964467005 0.01 0.025380710659898477
0 0.27285714285714285 0.3178934010152284 0.002857142857142857 0.008883248730964466
0 0.2664285714285714 0.35913705583756345 0.002857142857142857 0.0076142131979695426
0 0.27285714285714285 0.2906091370558375 0.002857142857142857 0.01015228426395939
3 0.2864285714285714 0.7645939086294415 0.012857142857142857 0.03680203045685279
5 0.35642857142857143 0.7912436548223349 0.02142857142857143 0.06472081218274112
8 0.2675 0.9003807106598984 0.023571428571428573 0.06218274111675126
8 0.25892857142857145 0.7436548223350253 0.03642857142857143 0.10659898477157359
0 0.19142857142857142 0.9543147208121827 0.004285714285714286 0.012690355329949238
0 0.19607142857142856 0.9187817258883249 0.0035714285714285713 0.0076142131979695426
0 0.49785714285714283 0.348984771573604 0.0014285714285714286 0.0076142131979695426
0 0.49464285714285716 0.3508883248730964 0.0035714285714285713 0.008883248730964466
