3 0.6875 0.9285714285714286 0.085 0.14285714285714285
3 0.7232142857142857 0.7604761904761905 0.06357142857142857 0.11142857142857143
3 0.7342857142857143 0.6504761904761904 0.05857142857142857 0.09714285714285714
3 0.7464285714285714 0.56 0.05857142857142857 0.10285714285714286
4 0.7696428571428572 0.40095238095238095 0.03214285714285714 0.06095238095238095
3 0.7725 0.32761904761904764 0.027857142857142858 0.04
4 0.7642857142857142 0.30095238095238097 0.02857142857142857 0.03619047619047619
4 0.7542857142857143 0.2876190476190476 0.03 0.030476190476190476
3 0.6928571428571428 0.2338095238095238 0.041428571428571426 0.023809523809523808
0 0.7592857142857142 0.19142857142857142 0.008571428571428572 0.02095238095238095
3 0.7446428571428572 0.1961904761904762 0.019285714285714285 0.022857142857142857
3 0.7414285714285714 0.1823809523809524 0.017142857142857144 0.021904761904761906
3 0.7135714285714285 0.18714285714285714 0.015714285714285715 0.023809523809523808
3 0.9778571428571429 0.4780952380952381 0.04285714285714286 0.06285714285714286
3 0.9296428571428571 0.3433333333333333 0.03785714285714286 0.04666666666666667
3 0.8953571428571429 0.2785714285714286 0.030714285714285715 0.025714285714285714
3 0.8635714285714285 0.2219047619047619 0.024285714285714285 0.026666666666666665
3 0.84 0.19523809523809524 0.02142857142857143 0.024761904761904763
4 0.8528571428571429 0.2061904761904762 0.02142857142857143 0.03142857142857143
3 0.7 0.1019047619047619 0.012857142857142857 0.013333333333333332
