3 0.4060714285714286 0.5571065989847716 0.039285714285714285 0.06345177664974619
3 0.5067857142857143 0.5431472081218274 0.04928571428571429 0.07360406091370558
3 0.5503571428571429 0.5310913705583756 0.04928571428571429 0.0748730964467005
3 0.6460714285714285 0.5184010152284264 0.04071428571428572 0.07741116751269035
3 0.8032142857142857 0.5456852791878172 0.04928571428571429 0.07106598984771573
3 0.7275 0.5399746192893401 0.056428571428571425 0.05456852791878172
3 0.8871428571428571 0.5158629441624365 0.06142857142857143 0.04441624365482233
3 0.9589285714285715 0.5107868020304568 0.060714285714285714 0.049492385786802026
3 0.9339285714285714 0.2430203045685279 0.02642857142857143 0.05964467005076142
3 0.9192857142857143 0.15609137055837563 0.032857142857142856 0.055837563451776644
3 0.9017857142857143 0.11357868020304568 0.025 0.05456852791878172
5 0.8903571428571428 0.048223350253807105 0.030714285714285715 0.08883248730964466
4 0.9646428571428571 0.3711928934010152 0.029285714285714286 0.0748730964467005
4 0.6007142857142858 0.5209390862944162 0.054285714285714284 0.08502538071065989
4 0.3575 0.5513959390862944 0.04928571428571429 0.0748730964467005
3 0.3196428571428571 0.5653553299492385 0.04928571428571429 0.08248730964467005
3 0.26285714285714284 0.5862944162436547 0.04857142857142857 0.07868020304568528
0 0.2425 0.6814720812182741 0.013571428571428571 0.032994923857868015
0 0.605 0.5926395939086294 0.01 0.027918781725888322
0 0.6346428571428572 0.5977157360406091 0.0064285714285714285 0.03045685279187817
0 0.6135714285714285 0.5780456852791878 0.01 0.029187817258883246
