5 0.04107142857142857 0.29523809523809524 0.08214285714285714 0.11619047619047619
9 0.02857142857142857 0.4166666666666667 0.025714285714285714 0.037142857142857144
0 0.022857142857142857 0.42428571428571427 0.018571428571428572 0.014285714285714285
0 0.07678571428571429 0.43238095238095237 0.025 0.015238095238095238
4 0.135 0.46476190476190476 0.08571428571428572 0.10857142857142857
6 0.09392857142857143 0.5695238095238095 0.052142857142857144 0.06095238095238095
3 0.06321428571428571 0.6423809523809524 0.07357142857142857 0.08857142857142856
0 0.03464285714285714 0.6785714285714286 0.023571428571428573 0.012380952380952381
0 0.010714285714285714 0.6409523809523809 0.02142857142857143 0.013333333333333332
0 0.024285714285714285 0.7723809523809524 0.027142857142857142 0.01904761904761905
0 0.10071428571428571 0.7404761904761905 0.02142857142857143 0.01619047619047619
0 0.10428571428571429 0.82 0.025714285714285714 0.01904761904761905
0 0.11428571428571428 0.7995238095238095 0.02 0.014285714285714285
1 0.16071428571428573 0.5338095238095238 0.012857142857142857 0.02
7 0.2075 0.5876190476190476 0.035 0.04380952380952381
0 0.22857142857142856 0.5676190476190476 0.015714285714285715 0.013333333333333332
0 0.18642857142857142 0.5704761904761905 0.018571428571428572 0.011428571428571429
0 0.18535714285714286 0.5566666666666666 0.020714285714285713 0.012380952380952381
1 0.3335714285714286 0.5128571428571429 0.014285714285714285 0.01619047619047619
1 0.18428571428571427 0.7404761904761905 0.015714285714285715 0.014285714285714285
2 0.19071428571428573 0.7376190476190476 0.025714285714285714 0.018095238095238095
7 0.20535714285714285 0.9647619047619047 0.035 0.047619047619047616
1 0.22142857142857142 0.9066666666666666 0.02 0.03238095238095238
7 0.23285714285714285 0.9257142857142857 0.027142857142857142 0.0380952380952381
0 0.2517857142857143 0.92 0.020714285714285713 0.024761904761904763
0 0.24964285714285714 0.9371428571428572 0.017857142857142856 0.024761904761904763
0 0.25821428571428573 0.9376190476190476 0.015 0.023809523809523808
0 0.2742857142857143 0.9714285714285714 0.014285714285714285 0.024761904761904763
0 0.3007142857142857 0.9828571428571429 0.012857142857142857 0.022857142857142857
0 0.2867857142857143 0.9871428571428571 0.015 0.023809523809523808
1 0.39964285714285713 0.9552380952380952 0.016428571428571428 0.02857142857142857
9 0.3989285714285714 0.9528571428571428 0.015 0.04476190476190476
5 0.4442857142857143 0.9423809523809524 0.05285714285714286 0.11333333333333333
5 0.3871428571428571 0.780952380952381 0.08571428571428572 0.06095238095238095
5 0.4521428571428571 0.5328571428571428 0.08 0.1
4 0.4325 0.6142857142857143 0.062142857142857146 0.06285714285714286
3 0.5382142857142858 0.4961904761904762 0.07357142857142857 0.09333333333333334
3 0.5828571428571429 0.3619047619047619 0.07571428571428572 0.10476190476190476
3 0.6821428571428572 0.2342857142857143 0.07571428571428572 0.09904761904761905
3 0.7639285714285714 0.18666666666666668 0.07071428571428572 0.09523809523809523
4 0.8453571428571428 0.03571428571428571 0.075 0.06952380952380953
4 0.9432142857142857 0.02619047619047619 0.05928571428571429 0.05238095238095238
9 0.9707142857142858 0.05047619047619047 0.025714285714285714 0.030476190476190476
1 0.9782142857142857 0.04285714285714286 0.017857142857142856 0.022857142857142857
5 0.7628571428571429 0.43523809523809526 0.15285714285714286 0.19238095238095237
5 0.9764285714285714 0.38904761904761903 0.047142857142857146 0.07142857142857142
5 0.9639285714285715 0.4542857142857143 0.07214285714285715 0.10476190476190476
4 0.8621428571428571 0.4838095238095238 0.07142857142857142 0.08761904761904762
0 0.7067857142857142 0.6157142857142857 0.013571428571428571 0.012380952380952381
0 0.6917857142857143 0.7233333333333334 0.012142857142857143 0.023809523809523808
0 0.6717857142857143 0.7457142857142857 0.013571428571428571 0.015238095238095238
0 0.6003571428571428 0.7285714285714285 0.010714285714285714 0.01904761904761905
0 0.5917857142857142 0.7533333333333333 0.007857142857142858 0.015238095238095238
1 0.5392857142857143 0.8704761904761905 0.008571428571428572 0.017142857142857144
