4 0.012787056367432149 0.18506493506493507 0.025574112734864297 0.02319109461966605
3 0.07881002087682672 0.025974025974025976 0.008350730688935281 0.014842300556586271
0 0.007828810020876827 0.5269016697588126 0.0041753653444676405 0.012987012987012988
5 0.9637265135699373 0.6948051948051949 0.07150313152400835 0.11688311688311688
3 0.9303235908141961 0.38543599257884975 0.019311064718162838 0.03432282003710575
3 0.9652922755741127 0.3617810760667904 0.023486430062630476 0.025974025974025976
9 0.919885177453027 0.3010204081632653 0.0057411273486430055 0.015769944341372914
9 0.9256263048016701 0.3014842300556586 0.006784968684759916 0.016697588126159554
9 0.931367432150313 0.29730983302411873 0.007828810020876827 0.01948051948051948
9 0.9431106471816283 0.288961038961039 0.009394572025052192 0.015769944341372914
9 0.9501565762004175 0.287569573283859 0.010960334029227557 0.016697588126159554
9 0.9582463465553235 0.28385899814471244 0.011482254697286011 0.014842300556586271
3 0.5931628392484342 0.0663265306122449 0.016179540709812108 0.013914656771799629
4 0.6077766179540709 0.08441558441558442 0.015135699373695197 0.020408163265306124
5 0.6234342379958245 0.05148423005565863 0.028705636743215027 0.030612244897959183
6 0.716858037578288 0.2676252319109462 0.014091858037578286 0.013914656771799629
9 0.6959812108559498 0.2634508348794063 0.008872651356993735 0.012987012987012988
9 0.7325156576200417 0.2847866419294991 0.007828810020876827 0.012987012987012988
9 0.748956158663883 0.3200371057513915 0.012526096033402922 0.016697588126159554
9 0.7502609603340291 0.30009276437847865 0.009916492693110646 0.012059369202226345
0 0.7533924843423799 0.3038033395176252 0.0057411273486430055 0.015769944341372914
3 0.7197286012526095 0.30658627087198514 0.026096033402922752 0.026901669758812616
3 0.7421711899791231 0.3520408163265306 0.026096033402922752 0.02504638218923933
7 0.7946242171189978 0.3339517625231911 0.016179540709812108 0.022263450834879406
9 0.7849686847599164 0.3297773654916512 0.014613778705636741 0.021335807050092765
6 0.7708768267223381 0.30890538033395176 0.019832985386221292 0.02411873840445269
6 0.7922755741127347 0.2880333951762523 0.016701461377870562 0.0176252319109462
4 0.6907620041753653 0.2532467532467533 0.015135699373695197 0.022263450834879406
9 0.8029749478079331 0.37569573283859 0.009916492693110646 0.014842300556586271
9 0.8001043841336116 0.37012987012987014 0.009394572025052192 0.016697588126159554
9 0.7849686847599164 0.36038961038961037 0.009394572025052192 0.015769944341372914
9 0.7909707724425886 0.3645640074211503 0.012004175365344467 0.014842300556586271
9 0.9877348643006262 0.3432282003710575 0.0057411273486430055 0.01855287569573284
9 0.9825156576200417 0.3469387755102041 0.007828810020876827 0.01855287569573284
9 0.974947807933194 0.3487940630797774 0.0073068893528183704 0.020408163265306124
9 0.9598121085594988 0.3358070500927644 0.006263048016701461 0.022263450834879406
9 0.9650313152400835 0.3330241187384045 0.006263048016701461 0.020408163265306124
9 0.9684237995824634 0.32792207792207795 0.007828810020876827 0.015769944341372914
7 0.9746868475991648 0.32235621521335805 0.019311064718162838 0.0287569573283859
0 0.9963465553235907 0.28710575139146566 0.006263048016701461 0.015769944341372914
3 0.6946764091858036 0.4327458256029685 0.028183716075156573 0.03803339517625232
3 0.6779749478079331 0.39935064935064934 0.014613778705636741 0.03432282003710575
0 0.6899791231732776 0.32838589981447125 0.006263048016701461 0.020408163265306124
