5 0.11071428571428571 0.5933333333333334 0.22142857142857142 0.21904761904761905
0 0.235 0.6019047619047619 0.04 0.05714285714285714
0 0.20535714285714285 0.6385714285714286 0.04214285714285714 0.06
0 0.16 0.4157142857142857 0.037142857142857144 0.05619047619047619
2 0.16392857142857142 0.42428571428571427 0.05357142857142857 0.039047619047619046
3 0.31857142857142856 0.5071428571428571 0.1357142857142857 0.10952380952380952
3 0.48642857142857143 0.40285714285714286 0.12857142857142856 0.10095238095238095
3 0.61 0.3352380952380952 0.11571428571428571 0.09904761904761905
3 0.9296428571428571 0.5285714285714286 0.13642857142857143 0.14857142857142858
1 0.76 0.39285714285714285 0.022857142857142857 0.054285714285714284
9 0.7560714285714286 0.3995238095238095 0.04214285714285714 0.05047619047619047
2 0.8014285714285714 0.4795238095238095 0.037142857142857144 0.06
7 0.7478571428571429 0.5276190476190477 0.08285714285714285 0.08571428571428572
4 0.7178571428571429 0.2680952380952381 0.10571428571428572 0.10571428571428572
4 0.8107142857142857 0.21666666666666667 0.09428571428571429 0.08095238095238096
4 0.8925 0.17047619047619048 0.08642857142857142 0.07238095238095238
4 0.9628571428571429 0.12857142857142856 0.07428571428571429 0.0838095238095238
0 0.78 0.10761904761904761 0.014285714285714285 0.047619047619047616
0 0.8825 0.2061904761904762 0.023571428571428573 0.04666666666666667
0 0.6557142857142857 0.98 0.032857142857142856 0.04
4 0.6235714285714286 0.6719047619047619 0.15 0.12857142857142856
1 0.5046428571428572 0.6685714285714286 0.029285714285714286 0.04
1 0.5167857142857143 0.6647619047619048 0.035 0.05714285714285714
9 0.5132142857142857 0.6657142857142857 0.05357142857142857 0.0761904761904762
3 0.3625 0.861904761904762 0.205 0.13714285714285715
3 0.10214285714285715 0.9457142857142857 0.2042857142857143 0.10666666666666666
