3 0.3517857142857143 0.9328571428571428 0.145 0.13428571428571429
3 0.1992857142857143 0.9119047619047619 0.17714285714285713 0.1761904761904762
3 0.14464285714285716 0.8266666666666667 0.17357142857142857 0.19047619047619047
3 0.5017857142857143 0.72 0.12071428571428572 0.15428571428571428
3 0.43 0.6542857142857142 0.11285714285714285 0.1180952380952381
3 0.3375 0.6323809523809524 0.115 0.11619047619047619
0 0.3342857142857143 0.4657142857142857 0.02 0.0380952380952381
0 0.36 0.4442857142857143 0.014285714285714285 0.04857142857142857
1 0.3317857142857143 0.46 0.012142857142857143 0.026666666666666665
1 0.3628571428571429 0.43238095238095237 0.008571428571428572 0.02857142857142857
3 0.2092857142857143 0.39380952380952383 0.08857142857142856 0.07142857142857142
3 0.145 0.3976190476190476 0.08714285714285715 0.07142857142857142
3 0.25 0.33 0.08 0.06
3 0.3392857142857143 0.2842857142857143 0.06428571428571428 0.05238095238095238
4 0.4089285714285714 0.23857142857142857 0.055 0.058095238095238096
4 0.4589285714285714 0.20904761904761904 0.045 0.04476190476190476
3 0.5067857142857143 0.18142857142857144 0.04214285714285714 0.040952380952380955
0 0.10821428571428571 0.31 0.017857142857142856 0.040952380952380955
0 0.0275 0.21523809523809523 0.016428571428571428 0.03238095238095238
0 0.048214285714285716 0.19380952380952382 0.013571428571428571 0.03333333333333333
0 0.1767857142857143 0.05 0.0064285714285714285 0.01619047619047619
3 0.03428571428571429 0.10523809523809524 0.05285714285714286 0.025714285714285714
3 0.06678571428571428 0.08952380952380952 0.045 0.02095238095238095
3 0.03857142857142857 0.04285714285714286 0.045714285714285714 0.02095238095238095
3 0.027857142857142858 0.0380952380952381 0.03571428571428571 0.02095238095238095
3 0.016428571428571428 0.03666666666666667 0.032857142857142856 0.021904761904761906
3 0.055 0.02857142857142857 0.041428571428571426 0.02095238095238095
3 0.015 0.015714285714285715 0.03 0.014285714285714285
3 0.012142857142857143 0.03428571428571429 0.024285714285714285 0.024761904761904763
8 0.1742857142857143 0.024285714285714285 0.054285714285714284 0.035238095238095235
3 0.10142857142857142 0.009047619047619047 0.025714285714285714 0.018095238095238095
3 0.085 0.007142857142857143 0.02142857142857143 0.014285714285714285
9 0.20392857142857143 0.045714285714285714 0.010714285714285714 0.022857142857142857
0 0.6482142857142857 0.508095238095238 0.013571428571428571 0.04857142857142857
0 0.6703571428571429 0.4838095238095238 0.015 0.04380952380952381
8 0.6303571428571428 0.2419047619047619 0.08642857142857142 0.10666666666666666
0 0.5875 0.13857142857142857 0.007857142857142858 0.025714285714285714
0 0.5528571428571428 0.12476190476190477 0.005714285714285714 0.02857142857142857
0 0.5389285714285714 0.11428571428571428 0.005 0.026666666666666665
9 0.5707142857142857 0.11714285714285715 0.015714285714285715 0.024761904761904763
0 0.57 0.11428571428571428 0.005714285714285714 0.017142857142857144
3 0.9439285714285715 0.26666666666666666 0.055 0.06666666666666667
4 0.5514285714285714 0.04 0.037142857142857144 0.022857142857142857
3 0.55 0.05476190476190476 0.03142857142857143 0.02
8 0.47785714285714287 0.054285714285714284 0.09142857142857143 0.05333333333333333
3 0.36357142857142855 0.04047619047619048 0.024285714285714285 0.01619047619047619
3 0.37785714285714284 0.029523809523809525 0.018571428571428572 0.015238095238095238
3 0.29928571428571427 0.029523809523809525 0.02142857142857143 0.017142857142857144
0 0.875 0.045714285714285714 0.008571428571428572 0.01904761904761905
0 0.9332142857142857 0.034761904761904765 0.0064285714285714285 0.018095238095238095
