3 0.016785714285714286 0.26078680203045684 0.02642857142857143 0.029187817258883246
3 0.07964285714285714 0.29251269035532995 0.030714285714285715 0.03680203045685279
4 0.021785714285714287 0.2969543147208122 0.035 0.048223350253807105
8 0.09035714285714286 0.3762690355329949 0.04642857142857143 0.05710659898477157
0 0.16464285714285715 0.30710659898477155 0.005 0.012690355329949238
4 0.23857142857142857 0.48350253807106597 0.03 0.03807106598984771
3 0.25535714285714284 0.5653553299492385 0.03357142857142857 0.04695431472081218
5 0.015 0.5025380710659898 0.027142857142857142 0.03807106598984771
3 0.40035714285714286 0.6529187817258882 0.03357142857142857 0.04441624365482233
0 0.42142857142857143 0.09073604060913705 0.004285714285714286 0.011421319796954314
0 0.41964285714285715 0.10088832487309644 0.0035714285714285713 0.013959390862944161
0 0.5460714285714285 0.07614213197969542 0.0035714285714285713 0.015228426395939085
0 0.5428571428571428 0.08502538071065989 0.002857142857142857 0.01015228426395939
3 0.5207142857142857 0.2214467005076142 0.024285714285714285 0.031725888324873094
0 0.5592857142857143 0.010786802030456852 0.002857142857142857 0.013959390862944161
3 0.6721428571428572 0.03616751269035533 0.02 0.026649746192893398
3 0.6089285714285714 0.1916243654822335 0.020714285714285713 0.032994923857868015
0 0.6185714285714285 0.34200507614213194 0.005714285714285714 0.011421319796954314
0 0.5875 0.3972081218274111 0.0064285714285714285 0.012690355329949238
0 0.6071428571428571 0.3705583756345177 0.004285714285714286 0.017766497461928932
0 0.6282142857142857 0.36040609137055835 0.0035714285714285713 0.015228426395939085
0 0.6242857142857143 0.5571065989847716 0.005714285714285714 0.015228426395939085
0 0.6335714285714286 0.5710659898477157 0.004285714285714286 0.017766497461928932
0 0.6 0.48477157360406087 0.004285714285714286 0.012690355329949238
0 0.6375 0.567258883248731 0.005 0.015228426395939085
0 0.6039285714285715 0.4815989847715736 0.0035714285714285713 0.011421319796954314
3 0.6028571428571429 0.8616751269035532 0.037142857142857144 0.048223350253807105
3 0.5792857142857143 0.8026649746192893 0.03571428571428571 0.04695431472081218
3 0.5628571428571428 0.714467005076142 0.03 0.03807106598984771
4 0.6996428571428571 0.8521573604060914 0.017857142857142856 0.06472081218274112
0 0.6139285714285714 0.5266497461928934 0.005 0.015228426395939085
3 0.7257142857142858 0.4777918781725888 0.011428571428571429 0.04441624365482233
3 0.7157142857142857 0.28236040609137053 0.012857142857142857 0.03680203045685279
0 0.5764285714285714 0.008883248730964466 0.002857142857142857 0.015228426395939085
0 0.585 0.008883248730964466 0.002857142857142857 0.012690355329949238
0 0.5664285714285714 0.0069796954314720805 0.002857142857142857 0.013959390862944161
0 0.5878571428571429 0.005710659898477157 0.004285714285714286 0.011421319796954314
3 0.8992857142857142 0.06281725888324872 0.014285714285714285 0.031725888324873094
3 0.8432142857142857 0.3032994923857868 0.012142857142857143 0.03807106598984771
0 0.9425 0.4841370558375634 0.0064285714285714285 0.011421319796954314
0 0.9385714285714286 0.47906091370558374 0.01 0.013959390862944161
3 0.8435714285714285 0.5621827411167513 0.015714285714285715 0.048223350253807105
3 0.8414285714285714 0.5038071065989848 0.014285714285714285 0.048223350253807105
3 0.8385714285714285 0.6313451776649746 0.018571428571428572 0.05710659898477157
4 0.8632142857142857 0.5513959390862944 0.013571428571428571 0.049492385786802026
5 0.8642857142857143 0.6383248730964467 0.03 0.10152284263959391
0 0.8539285714285715 0.7696700507614213 0.005 0.013959390862944161
0 0.8496428571428571 0.7703045685279187 0.005 0.0076142131979695426
0 0.9246428571428571 0.6598984771573604 0.0064285714285714285 0.015228426395939085
0 0.9232142857142858 0.6757614213197969 0.005 0.011421319796954314
0 0.9317857142857143 0.38705583756345174 0.0035714285714285713 0.015228426395939085
