5 0.12 0.4498730964467005 0.04428571428571428 0.10025380710659898
5 0.19285714285714287 0.3299492385786802 0.032857142857142856 0.06345177664974619
5 0.055 0.32170050761421315 0.04857142857142857 0.07741116751269035
5 0.031071428571428573 0.31852791878172587 0.039285714285714285 0.06091370558375634
3 0.09464285714285714 0.42639593908629436 0.027857142857142858 0.050761421319796954
3 0.14642857142857144 0.3781725888324873 0.022857142857142857 0.04060913705583756
3 0.13 0.34581218274111675 0.02142857142857143 0.031725888324873094
3 0.07071428571428572 0.36865482233502533 0.025714285714285714 0.03426395939086294
3 0.09892857142857144 0.26776649746192893 0.017857142857142856 0.02284263959390863
3 0.20714285714285716 0.26903553299492383 0.014285714285714285 0.025380710659898477
3 0.16964285714285715 0.24238578680203043 0.012142857142857143 0.02030456852791878
3 0.19392857142857142 0.22081218274111675 0.012142857142857143 0.02030456852791878
3 0.14892857142857144 0.29251269035532995 0.017857142857142856 0.03426395939086294
4 0.18428571428571427 0.2595177664974619 0.014285714285714285 0.029187817258883246
3 0.11785714285714285 0.23223350253807104 0.012857142857142857 0.02030456852791878
3 0.15142857142857144 0.20368020304568527 0.008571428571428572 0.016497461928934008
3 0.1775 0.10532994923857868 0.005 0.01015228426395939
3 0.18214285714285713 0.09073604060913705 0.005714285714285714 0.008883248730964466
3 0.19964285714285715 0.1681472081218274 0.009285714285714286 0.013959390862944161
3 0.2007142857142857 0.14022842639593908 0.007142857142857143 0.013959390862944161
3 0.2025 0.11992385786802029 0.0064285714285714285 0.011421319796954314
3 0.19107142857142856 0.11421319796954314 0.0064285714285714285 0.012690355329949238
3 0.18785714285714286 0.12753807106598983 0.007142857142857143 0.013959390862944161
3 0.2117857142857143 0.11357868020304568 0.0064285714285714285 0.011421319796954314
4 0.1175 0.19543147208121825 0.010714285714285714 0.02030456852791878
3 0.12964285714285714 0.2144670050761421 0.013571428571428571 0.017766497461928932
3 0.15035714285714286 0.1630710659898477 0.009285714285714286 0.016497461928934008
4 0.165 0.15418781725888323 0.007142857142857143 0.013959390862944161
5 0.13285714285714287 0.157994923857868 0.014285714285714285 0.029187817258883246
5 0.1367857142857143 0.18718274111675126 0.013571428571428571 0.031725888324873094
5 0.1575 0.13071065989847716 0.010714285714285714 0.025380710659898477
5 0.16357142857142856 0.1148477157360406 0.008571428571428572 0.024111675126903553
5 0.14535714285714285 0.13007614213197968 0.012142857142857143 0.021573604060913704
3 0.14464285714285716 0.1446700507614213 0.007857142857142858 0.015228426395939085
8 0.21107142857142858 0.08692893401015228 0.007857142857142858 0.021573604060913704
5 0.5392857142857143 0.6776649746192893 0.054285714285714284 0.1446700507614213
5 0.5082142857142857 0.5970812182741116 0.05071428571428571 0.10025380710659898
0 0.5785714285714286 0.7265228426395939 0.008571428571428572 0.03680203045685279
0 0.5875 0.7214467005076142 0.007857142857142858 0.03680203045685279
4 0.4828571428571429 0.5368020304568527 0.02142857142857143 0.048223350253807105
0 0.22785714285714287 0.4346446700507614 0.007142857142857143 0.021573604060913704
0 0.2382142857142857 0.37373096446700504 0.0064285714285714285 0.021573604060913704
0 0.24607142857142858 0.3527918781725888 0.005 0.017766497461928932
0 0.25357142857142856 0.35977157360406087 0.004285714285714286 0.021573604060913704
3 0.44571428571428573 0.4282994923857868 0.015714285714285715 0.03426395939086294
3 0.35642857142857143 0.3375634517766497 0.011428571428571429 0.02284263959390863
3 0.4307142857142857 0.3343908629441624 0.02 0.029187817258883246
3 0.37607142857142856 0.24619289340101522 0.007857142857142858 0.017766497461928932
3 0.3889285714285714 0.2576142131979695 0.016428571428571428 0.012690355329949238
3 0.43214285714285716 0.29505076142131975 0.017142857142857144 0.016497461928934008
3 0.39035714285714285 0.2645939086294416 0.007857142857142858 0.016497461928934008
3 0.38107142857142856 0.25444162436548223 0.007857142857142858 0.013959390862944161
3 0.3464285714285714 0.2144670050761421 0.008571428571428572 0.012690355329949238
3 0.35035714285714287 0.21954314720812182 0.007857142857142858 0.012690355329949238
3 0.35428571428571426 0.22208121827411165 0.01 0.015228426395939085
3 0.35892857142857143 0.2296954314720812 0.010714285714285714 0.015228426395939085
3 0.30857142857142855 0.17576142131979694 0.007142857142857143 0.008883248730964466
3 0.30178571428571427 0.1751269035532995 0.005 0.01015228426395939
3 0.2982142857142857 0.16434010152284262 0.0064285714285714285 0.008883248730964466
3 0.3032142857142857 0.16687817258883247 0.0035714285714285713 0.008883248730964466
3 0.3460714285714286 0.2512690355329949 0.007857142857142858 0.017766497461928932
3 0.39571428571428574 0.27347715736040606 0.01 0.016497461928934008
3 0.36892857142857144 0.2512690355329949 0.010714285714285714 0.017766497461928932
4 0.33321428571428574 0.20050761421319796 0.007857142857142858 0.015228426395939085
3 0.3267857142857143 0.19733502538071065 0.007857142857142858 0.013959390862944161
3 0.32142857142857145 0.19225888324873094 0.007142857142857143 0.011421319796954314
3 0.3221428571428571 0.1878172588832487 0.007142857142857143 0.012690355329949238
3 0.3125 0.17956852791878172 0.007857142857142858 0.011421319796954314
3 0.30464285714285716 0.18591370558375633 0.0064285714285714285 0.011421319796954314
5 0.29464285714285715 0.18210659898477155 0.013571428571428571 0.026649746192893398
8 0.35 0.29251269035532995 0.012857142857142857 0.031725888324873094
8 0.38857142857142857 0.3756345177664974 0.02142857142857143 0.050761421319796954
4 0.3507142857142857 0.2411167512690355 0.011428571428571429 0.02030456852791878
5 0.2557142857142857 0.1351522842639594 0.008571428571428572 0.016497461928934008
3 0.26071428571428573 0.14784263959390861 0.005714285714285714 0.011421319796954314
8 0.26107142857142857 0.11738578680203045 0.009285714285714286 0.011421319796954314
8 0.24642857142857144 0.11992385786802029 0.005714285714285714 0.016497461928934008
