0 0.6514285714285715 0.768095238095238 0.03142857142857143 0.11523809523809524
0 0.6360714285714286 0.6071428571428571 0.029285714285714286 0.08857142857142856
0 0.5635714285714286 0.43523809523809526 0.012857142857142857 0.05333333333333333
0 0.7260714285714286 0.4014285714285714 0.025 0.054285714285714284
0 0.5521428571428572 0.4257142857142857 0.014285714285714285 0.05714285714285714
0 0.4860714285714286 0.3580952380952381 0.015 0.05142857142857143
3 0.8642857142857143 0.6276190476190476 0.19714285714285715 0.10857142857142857
3 0.7771428571428571 0.8047619047619048 0.18428571428571427 0.20952380952380953
3 0.3725 0.6714285714285714 0.09214285714285714 0.18666666666666668
3 0.4717857142857143 0.5804761904761905 0.085 0.11714285714285715
3 0.37035714285714283 0.5085714285714286 0.06928571428571428 0.11047619047619048
3 0.43714285714285717 0.45380952380952383 0.05714285714285714 0.07714285714285714
3 0.16071428571428573 0.6090476190476191 0.11285714285714285 0.15714285714285714
3 0.145 0.44047619047619047 0.13428571428571429 0.07333333333333333
3 0.15464285714285714 0.40285714285714286 0.12214285714285714 0.05904761904761905
3 0.2575 0.3619047619047619 0.05357142857142857 0.07428571428571429
3 0.2835714285714286 0.30666666666666664 0.03857142857142857 0.05904761904761905
3 0.3003571428571429 0.27714285714285714 0.029285714285714286 0.03619047619047619
3 0.3075 0.2557142857142857 0.027857142857142858 0.037142857142857144
3 0.27714285714285714 0.24476190476190476 0.041428571428571426 0.03238095238095238
3 0.2792857142857143 0.23095238095238096 0.045714285714285714 0.029523809523809525
3 0.30357142857142855 0.21428571428571427 0.045714285714285714 0.024761904761904763
3 0.31214285714285717 0.2038095238095238 0.037142857142857144 0.02095238095238095
3 0.36714285714285716 0.3761904761904762 0.045714285714285714 0.06666666666666667
3 0.42464285714285716 0.35428571428571426 0.03642857142857143 0.047619047619047616
3 0.5371428571428571 0.38142857142857145 0.05285714285714286 0.06190476190476191
3 0.4907142857142857 0.29619047619047617 0.032857142857142856 0.04
4 0.48178571428571426 0.26761904761904765 0.03357142857142857 0.030476190476190476
3 0.47 0.25333333333333335 0.024285714285714285 0.03428571428571429
3 0.4657142857142857 0.2419047619047619 0.024285714285714285 0.022857142857142857
3 0.45571428571428574 0.23142857142857143 0.024285714285714285 0.022857142857142857
3 0.44785714285714284 0.21142857142857144 0.024285714285714285 0.024761904761904763
3 0.4642857142857143 0.2 0.04 0.022857142857142857
3 0.45071428571428573 0.19095238095238096 0.03428571428571429 0.025714285714285714
3 0.4185714285714286 0.319047619047619 0.03571428571428571 0.03428571428571429
3 0.4139285714285714 0.29428571428571426 0.03214285714285714 0.03428571428571429
3 0.4067857142857143 0.2671428571428571 0.023571428571428573 0.035238095238095235
3 0.36678571428571427 0.30428571428571427 0.03214285714285714 0.03333333333333333
3 0.37107142857142855 0.3333333333333333 0.04071428571428572 0.047619047619047616
3 0.4060714285714286 0.2480952380952381 0.02642857142857143 0.02761904761904762
3 0.3992857142857143 0.2338095238095238 0.024285714285714285 0.025714285714285714
3 0.3985714285714286 0.21857142857142858 0.024285714285714285 0.02
3 0.39107142857142857 0.2019047619047619 0.017857142857142856 0.022857142857142857
3 0.38821428571428573 0.18476190476190477 0.017857142857142856 0.02095238095238095
3 0.3871428571428571 0.16952380952380952 0.012857142857142857 0.015238095238095238
3 0.38571428571428573 0.16047619047619047 0.012857142857142857 0.012380952380952381
3 0.3682142857142857 0.28 0.03214285714285714 0.03619047619047619
3 0.36964285714285716 0.2509523809523809 0.023571428571428573 0.02761904761904762
3 0.3692857142857143 0.22523809523809524 0.027142857142857142 0.029523809523809525
3 0.37 0.1980952380952381 0.017142857142857144 0.024761904761904763
3 0.3707142857142857 0.1757142857142857 0.015714285714285715 0.02
3 0.37 0.16333333333333333 0.011428571428571429 0.01619047619047619
3 0.685 0.5290476190476191 0.1357142857142857 0.09047619047619047
