3 0.7357142857142858 0.8976190476190476 0.19428571428571428 0.1457142857142857
3 0.73 0.7728571428571429 0.17285714285714285 0.12476190476190477
3 0.7225 0.6838095238095238 0.1692857142857143 0.09333333333333334
3 0.7153571428571428 0.6147619047619047 0.1407142857142857 0.07904761904761905
3 0.8867857142857143 0.5642857142857143 0.12785714285714286 0.09238095238095238
3 0.88 0.6295238095238095 0.15714285714285714 0.11238095238095239
3 0.8996428571428572 0.7276190476190476 0.16785714285714284 0.11047619047619048
3 0.9657142857142857 0.5152380952380953 0.06571428571428571 0.0761904761904762
3 0.14035714285714285 0.5304761904761904 0.12357142857142857 0.12
3 0.2671428571428571 0.4957142857142857 0.10428571428571429 0.13238095238095238
3 0.33714285714285713 0.5280952380952381 0.08571428571428572 0.13238095238095238
3 0.5971428571428572 0.20761904761904762 0.047142857142857146 0.03428571428571429
3 0.5778571428571428 0.18285714285714286 0.04285714285714286 0.03428571428571429
3 0.5135714285714286 0.16380952380952382 0.03857142857142857 0.03428571428571429
3 0.5096428571428572 0.19666666666666666 0.05785714285714286 0.04285714285714286
3 0.43714285714285717 0.22476190476190477 0.04 0.049523809523809526
3 0.3942857142857143 0.13904761904761906 0.04428571428571428 0.045714285714285714
3 0.2764285714285714 0.10523809523809524 0.06142857142857143 0.029523809523809525
3 0.15607142857142858 0.10047619047619048 0.056428571428571425 0.025714285714285714
4 0.37857142857142856 0.2904761904761905 0.04285714285714286 0.06476190476190476
4 0.30357142857142855 0.33666666666666667 0.08142857142857143 0.09428571428571429
0 0.09785714285714285 0.24857142857142858 0.02142857142857143 0.049523809523809526
0 0.0064285714285714285 0.21428571428571427 0.012857142857142857 0.03238095238095238
0 0.052142857142857144 0.11285714285714285 0.018571428571428572 0.025714285714285714
0 0.20607142857142857 0.09857142857142857 0.013571428571428571 0.02761904761904762
0 0.18821428571428572 0.09904761904761905 0.010714285714285714 0.026666666666666665
0 0.17107142857142857 0.07428571428571429 0.010714285714285714 0.026666666666666665
0 0.21607142857142858 0.07333333333333333 0.007857142857142858 0.02857142857142857
0 0.1982142857142857 0.08476190476190476 0.007857142857142858 0.026666666666666665
0 0.18928571428571428 0.09095238095238095 0.007142857142857143 0.025714285714285714
0 0.18714285714285714 0.08571428571428572 0.007142857142857143 0.024761904761904763
0 0.19321428571428573 0.07857142857142857 0.0064285714285714285 0.023809523809523808
0 0.24535714285714286 0.07047619047619047 0.007857142857142858 0.024761904761904763
1 0.2525 0.06761904761904762 0.009285714285714286 0.02095238095238095
2 0.2542857142857143 0.07571428571428572 0.012857142857142857 0.01619047619047619
0 0.24928571428571428 0.05523809523809524 0.007142857142857143 0.02095238095238095
0 0.2664285714285714 0.08523809523809524 0.008571428571428572 0.023809523809523808
0 0.2789285714285714 0.07523809523809524 0.007857142857142858 0.024761904761904763
0 0.2982142857142857 0.08095238095238096 0.007857142857142858 0.022857142857142857
0 0.29214285714285715 0.07809523809523809 0.007142857142857143 0.026666666666666665
0 0.2885714285714286 0.06571428571428571 0.005714285714285714 0.01904761904761905
0 0.2792857142857143 0.06095238095238095 0.01 0.02095238095238095
0 0.26035714285714284 0.05285714285714286 0.009285714285714286 0.025714285714285714
0 0.26571428571428574 0.05523809523809524 0.007142857142857143 0.026666666666666665
0 0.2710714285714286 0.058095238095238096 0.005 0.02857142857142857
8 0.27464285714285713 0.022857142857142857 0.07642857142857143 0.045714285714285714
3 0.2307142857142857 0.011904761904761904 0.022857142857142857 0.023809523809523808
4 0.3335714285714286 0.026666666666666665 0.025714285714285714 0.026666666666666665
3 0.31892857142857145 0.030476190476190476 0.020714285714285713 0.024761904761904763
3 0.3575 0.022857142857142857 0.027857142857142858 0.02857142857142857
3 0.32571428571428573 0.010476190476190476 0.027142857142857142 0.01904761904761905
0 0.40535714285714286 0.040952380952380955 0.007857142857142858 0.02857142857142857
0 0.4010714285714286 0.04476190476190476 0.0064285714285714285 0.017142857142857144
0 0.43107142857142855 0.03619047619047619 0.009285714285714286 0.01904761904761905
3 0.4432142857142857 0.09333333333333334 0.04357142857142857 0.03428571428571429
3 0.49178571428571427 0.09666666666666666 0.029285714285714286 0.02761904761904762
3 0.5139285714285714 0.07571428571428572 0.016428571428571428 0.025714285714285714
3 0.5307142857142857 0.09238095238095238 0.02 0.03238095238095238
3 0.5546428571428571 0.11285714285714285 0.025 0.039047619047619046
3 0.5692857142857143 0.09047619047619047 0.02142857142857143 0.02857142857142857
3 0.5582142857142857 0.14857142857142858 0.030714285714285715 0.03619047619047619
3 0.5853571428571429 0.13142857142857142 0.030714285714285715 0.030476190476190476
3 0.5967857142857143 0.1523809523809524 0.03214285714285714 0.03238095238095238
8 0.5507142857142857 0.054285714285714284 0.024285714285714285 0.05714285714285714
1 0.5346428571428572 0.03 0.0064285714285714285 0.012380952380952381
9 0.535 0.03666666666666667 0.011428571428571429 0.010476190476190476
0 0.5946428571428571 0.017142857142857144 0.007857142857142858 0.013333333333333332
0 0.64 0.025238095238095237 0.007142857142857143 0.018095238095238095
1 0.625 0.058095238095238096 0.005714285714285714 0.017142857142857144
2 0.625 0.06666666666666667 0.007142857142857143 0.017142857142857144
3 0.6092857142857143 0.06761904761904762 0.022857142857142857 0.02857142857142857
3 0.6485714285714286 0.08142857142857143 0.027142857142857142 0.03142857142857143
3 0.6289285714285714 0.1 0.019285714285714285 0.026666666666666665
3 0.6107142857142858 0.11047619047619048 0.03 0.0380952380952381
3 0.65 0.14333333333333334 0.03 0.040952380952380955
3 0.6696428571428571 0.12 0.025 0.030476190476190476
3 0.6689285714285714 0.10238095238095238 0.025 0.021904761904761906
3 0.6778571428571428 0.08952380952380952 0.022857142857142857 0.024761904761904763
3 0.6875 0.062380952380952384 0.020714285714285713 0.023809523809523808
4 0.6692857142857143 0.06285714285714286 0.037142857142857144 0.03428571428571429
3 0.6921428571428572 0.02857142857142857 0.012857142857142857 0.017142857142857144
3 0.6757142857142857 0.024285714285714285 0.015714285714285715 0.014285714285714285
3 0.6564285714285715 0.020476190476190478 0.015714285714285715 0.018095238095238095
3 0.6814285714285714 0.14 0.03142857142857143 0.0380952380952381
0 0.6078571428571429 0.10095238095238095 0.011428571428571429 0.022857142857142857
1 0.5792857142857143 0.018095238095238095 0.004285714285714286 0.007619047619047619
2 0.5803571428571429 0.02238095238095238 0.013571428571428571 0.008571428571428572
3 0.7089285714285715 0.030952380952380953 0.015 0.018095238095238095
0 0.425 0.03857142857142857 0.01 0.02
0 0.6117857142857143 0.45285714285714285 0.017857142857142856 0.054285714285714284
0 0.7357142857142858 0.2438095238095238 0.011428571428571429 0.03619047619047619
0 0.7057142857142857 0.2885714285714286 0.01 0.030476190476190476
0 0.6992857142857143 0.28809523809523807 0.008571428571428572 0.025714285714285714
3 0.0325 0.7176190476190476 0.065 0.13428571428571429
