3 0.44357142857142856 0.36047619047619045 0.10571428571428572 0.16666666666666666
3 0.06035714285714286 0.3904761904761905 0.11642857142857142 0.22857142857142856
3 0.17892857142857144 0.38666666666666666 0.13357142857142856 0.2057142857142857
3 0.3221428571428571 0.3852380952380952 0.10714285714285714 0.17238095238095238
4 0.5917857142857142 0.35285714285714287 0.11928571428571429 0.1819047619047619
4 0.6996428571428571 0.3661904761904762 0.12214285714285714 0.15333333333333332
4 0.7939285714285714 0.3576190476190476 0.145 0.15523809523809523
7 0.7225 0.4595238095238095 0.14214285714285715 0.1419047619047619
7 0.6414285714285715 0.17523809523809525 0.045714285714285714 0.06476190476190476
0 0.5285714285714286 0.23095238095238096 0.022857142857142857 0.08666666666666667
0 0.5007142857142857 0.4723809523809524 0.03 0.12380952380952381
0 0.5439285714285714 0.4776190476190476 0.02642857142857143 0.12666666666666668
0 0.5742857142857143 0.45285714285714285 0.027142857142857142 0.12285714285714286
0 0.6632142857142858 0.5066666666666667 0.039285714285714285 0.1219047619047619
0 0.18035714285714285 0.8714285714285714 0.08214285714285714 0.19047619047619047
0 0.20785714285714285 0.6376190476190476 0.06428571428571428 0.14761904761904762
0 0.3392857142857143 0.5476190476190477 0.055714285714285716 0.14095238095238094
0 0.08392857142857142 0.6276190476190476 0.06785714285714285 0.12380952380952381
0 0.012857142857142857 0.5666666666666667 0.025714285714285714 0.07809523809523809
