3 0.48428571428571426 0.5374365482233502 0.08857142857142856 0.09517766497461928
4 0.5407142857142857 0.4974619289340101 0.09428571428571429 0.11167512690355329
3 0.605 0.48350253807106597 0.08714285714285715 0.08121827411167512
3 0.6282142857142857 0.700507614213198 0.12785714285714286 0.1446700507614213
3 0.7232142857142857 0.6871827411167513 0.13214285714285715 0.1484771573604061
3 0.7057142857142857 0.5761421319796954 0.10571428571428572 0.10152284263959391
9 0.6096428571428572 0.5685279187817258 0.04214285714285714 0.06345177664974619
1 0.6046428571428571 0.557741116751269 0.02642857142857143 0.07233502538071065
0 0.6242857142857143 0.38705583756345174 0.011428571428571429 0.048223350253807105
0 0.6246428571428572 0.37499999999999994 0.010714285714285714 0.049492385786802026
0 0.5985714285714285 0.26713197969543145 0.01 0.03934010152284264
0 0.7453571428571428 0.34708121827411165 0.013571428571428571 0.04695431472081218
0 0.7328571428571429 0.3280456852791878 0.014285714285714285 0.04441624365482233
0 0.8885714285714286 0.3946700507614213 0.011428571428571429 0.050761421319796954
0 0.8775 0.3661167512690355 0.013571428571428571 0.049492385786802026
0 0.7871428571428571 0.1878172588832487 0.007142857142857143 0.032994923857868015
0 0.7978571428571428 0.1878172588832487 0.008571428571428572 0.035532994923857864
5 0.7671428571428571 0.08502538071065989 0.06142857142857143 0.06091370558375634
9 0.8539285714285715 0.1313451776649746 0.013571428571428571 0.026649746192893398
1 0.8535714285714285 0.13071065989847716 0.01 0.02284263959390863
4 0.40214285714285714 0.1979695431472081 0.03857142857142857 0.053299492385786795
3 0.37035714285714283 0.19987309644670048 0.039285714285714285 0.04695431472081218
3 0.37035714285714283 0.18210659898477155 0.030714285714285715 0.03426395939086294
