0 0.41550000000000004 0.6793333333333333 0.023 0.08266666666666667
0 0.33975 0.6753333333333333 0.0175 0.06933333333333333
0 0.32225 0.6849999999999999 0.0185 0.048666666666666664
0 0.34625 0.6016666666666667 0.0235 0.06466666666666666
0 0.51675 0.703 0.0175 0.04466666666666667
0 0.52775 0.6793333333333333 0.0205 0.076
3 0.598 0.8763333333333333 0.161 0.24733333333333332
1 0.7275 0.9206666666666666 0.045 0.08266666666666667
9 0.72175 0.9433333333333334 0.0615 0.11333333333333333
9 0.737 0.8166666666666667 0.061 0.04533333333333333
0 0.673 0.7016666666666667 0.014 0.08066666666666666
1 0.6785 0.6886666666666666 0.014 0.028
0 0.6675 0.6863333333333334 0.013000000000000001 0.06999999999999999
0 0.60875 0.6716666666666666 0.0205 0.06999999999999999
0 0.61925 0.6566666666666666 0.0245 0.07466666666666666
0 0.22575 0.84 0.0365 0.07866666666666666
0 0.2625 0.8176666666666667 0.035 0.08466666666666667
2 0.278 0.8173333333333334 0.07100000000000001 0.058666666666666666
1 0.2695 0.6806666666666666 0.026000000000000002 0.06799999999999999
2 0.26825 0.7096666666666667 0.0165 0.048666666666666664
9 0.30675 0.644 0.0305 0.06799999999999999
0 0.27125 0.6533333333333333 0.0225 0.06266666666666666
0 0.2775 0.632 0.022 0.06
1 0.37875000000000003 0.585 0.0225 0.05933333333333333
9 0.37975000000000003 0.6046666666666667 0.0195 0.04533333333333333
9 0.29625 0.5726666666666667 0.0465 0.044
0 0.17525000000000002 0.4963333333333333 0.0125 0.03266666666666666
1 0.24125 0.48 0.0185 0.03866666666666667
9 0.24025 0.49166666666666664 0.0365 0.026
0 0.28450000000000003 0.48733333333333334 0.014 0.04666666666666666
0 0.3015 0.47533333333333333 0.019 0.04533333333333333
0 0.3575 0.48933333333333334 0.011 0.04533333333333333
0 0.36225 0.4656666666666667 0.0125 0.054
1 0.3405 0.48966666666666664 0.014 0.049999999999999996
9 0.34175 0.494 0.0265 0.04133333333333333
9 0.49575 0.5286666666666666 0.0365 0.04
2 0.5285 0.49566666666666664 0.033 0.033999999999999996
1 0.5275 0.485 0.018000000000000002 0.043333333333333335
1 0.5417500000000001 0.48233333333333334 0.0085 0.028666666666666667
1 0.38925 0.5083333333333333 0.0135 0.03933333333333333
4 0.39675 0.48733333333333334 0.0855 0.11333333333333333
0 0.489 0.48866666666666664 0.011 0.05333333333333333
0 0.4605 0.47433333333333333 0.014 0.049999999999999996
0 0.46975 0.4703333333333333 0.0115 0.046
3 0.47750000000000004 0.4353333333333333 0.04 0.06133333333333333
0 0.47075 0.45466666666666666 0.0085 0.04
1 0.47750000000000004 0.46066666666666667 0.014 0.036
9 0.47725 0.4723333333333333 0.0315 0.03
0 0.51625 0.4706666666666667 0.0135 0.03866666666666667
0 0.4275 0.42966666666666664 0.009000000000000001 0.014
0 0.41825 0.41533333333333333 0.0115 0.03733333333333333
0 0.391 0.40099999999999997 0.009000000000000001 0.033999999999999996
9 0.38075000000000003 0.408 0.0155 0.026666666666666665
0 0.34375 0.43166666666666664 0.0125 0.03266666666666666
0 0.07275 0.52 0.0205 0.050666666666666665
0 0.0495 0.5113333333333333 0.025 0.04666666666666666
0 0.033 0.49066666666666664 0.023 0.050666666666666665
0 0.0505 0.48766666666666664 0.022 0.051333333333333335
0 0.02725 0.489 0.0155 0.043333333333333335
0 0.05825 0.3883333333333333 0.0135 0.02733333333333333
0 0.07050000000000001 0.3893333333333333 0.012 0.024
4 0.12675 0.391 0.0825 0.022
3 0.2105 0.38766666666666666 0.037 0.019333333333333334
3 0.29525 0.27466666666666667 0.0185 0.024
3 0.269 0.261 0.019 0.016666666666666666
4 0.30825 0.22699999999999998 0.0125 0.018
3 0.30125 0.23399999999999999 0.0165 0.02
3 0.29175 0.24466666666666667 0.0175 0.016
4 0.27975 0.253 0.0205 0.020666666666666667
4 0.3255 0.253 0.016 0.012666666666666666
4 0.34175 0.243 0.0165 0.020666666666666667
4 0.32175 0.30566666666666664 0.0385 0.033999999999999996
3 0.388 0.358 0.035 0.04666666666666666
0 0.43125 0.36766666666666664 0.0095 0.033999999999999996
3 0.46425 0.36166666666666664 0.0335 0.056666666666666664
3 0.42375 0.3416666666666667 0.0475 0.03266666666666666
4 0.438 0.30866666666666664 0.02 0.034666666666666665
0 0.3825 0.32166666666666666 0.011 0.02733333333333333
9 0.40375 0.32066666666666666 0.021500000000000002 0.016
0 0.449 0.319 0.006 0.028666666666666667
1 0.4525 0.3213333333333333 0.006 0.021333333333333333
0 0.45825 0.32266666666666666 0.0075 0.021333333333333333
0 0.47600000000000003 0.32066666666666666 0.007 0.026666666666666665
0 0.46925 0.316 0.0085 0.028
0 0.4905 0.32966666666666666 0.006 0.02733333333333333
0 0.498 0.31966666666666665 0.006 0.03
1 0.48625 0.318 0.006500000000000001 0.016
4 0.6890000000000001 0.35333333333333333 0.054 0.04933333333333333
4 0.7975 0.348 0.054 0.04533333333333333
4 0.7865 0.325 0.047 0.033999999999999996
4 0.8115 0.33866666666666667 0.043000000000000003 0.04533333333333333
4 0.81025 0.299 0.0455 0.033999999999999996
1 0.8125 0.31166666666666665 0.006 0.018
0 0.74925 0.308 0.0075 0.021333333333333333
1 0.75525 0.3113333333333333 0.0075 0.022666666666666665
0 0.6985 0.31 0.005 0.02
0 0.6485 0.315 0.005 0.02333333333333333
2 0.77075 0.287 0.0185 0.015333333333333332
4 0.7285 0.291 0.024 0.03266666666666666
1 0.754 0.357 0.009000000000000001 0.024666666666666667
5 0.6015 0.35333333333333333 0.06 0.042666666666666665
0 0.5165 0.41966666666666663 0.012 0.03666666666666667
0 0.5505 0.436 0.015 0.036
0 0.58525 0.46399999999999997 0.0115 0.04533333333333333
0 0.5720000000000001 0.443 0.012 0.04066666666666666
1 0.5335 0.42533333333333334 0.01 0.022666666666666665
0 0.053 0.5519999999999999 0.02 0.044
0 0.03375 0.5589999999999999 0.0115 0.03133333333333333
1 0.32625 0.31966666666666665 0.0095 0.018
0 0.3625 0.40399999999999997 0.007 0.036
0 0.337 0.408 0.01 0.03733333333333333
0 0.335 0.3793333333333333 0.008 0.032
0 0.35725 0.3963333333333333 0.0075 0.033999999999999996
3 0.31425000000000003 0.224 0.0135 0.014666666666666666
3 0.32175 0.21833333333333332 0.0125 0.015333333333333332
3 0.3275 0.214 0.011 0.010666666666666666
4 0.337 0.20366666666666666 0.011 0.015333333333333332
2 0.64975 0.617 0.0445 0.038
0 0.66325 0.62 0.0175 0.06266666666666666
0 0.6515 0.5826666666666667 0.012 0.050666666666666665
0 0.7202500000000001 0.7466666666666666 0.0265 0.08
0 0.74925 0.7576666666666666 0.0315 0.08466666666666667
0 0.7020000000000001 0.6753333333333333 0.018000000000000002 0.07466666666666666
