3 0.6053571428571428 0.5628571428571428 0.047857142857142855 0.08952380952380952
3 0.5335714285714286 0.3757142857142857 0.037142857142857144 0.07523809523809524
4 0.585 0.03428571428571429 0.02857142857142857 0.05904761904761905
3 0.3417857142857143 0.5376190476190477 0.04642857142857143 0.09619047619047619
3 0.3532142857142857 0.6971428571428572 0.047857142857142855 0.12380952380952381
3 0.26107142857142857 0.05857142857142857 0.045 0.11333333333333333
0 0.15964285714285714 0.0419047619047619 0.0064285714285714285 0.026666666666666665
3 0.18464285714285714 0.508095238095238 0.03357142857142857 0.09619047619047619
0 0.21 0.6647619047619048 0.012857142857142857 0.047619047619047616
9 0.18142857142857144 0.8980952380952381 0.027142857142857142 0.06095238095238095
0 0.4114285714285714 0.7180952380952381 0.015714285714285715 0.06857142857142857
