5 0.16225 0.6113333333333333 0.17550000000000002 0.18266666666666667
5 0.26725 0.48566666666666664 0.2495 0.15666666666666665
3 0.4515 0.581 0.081 0.074
4 0.45225 0.39566666666666667 0.0365 0.05533333333333333
8 0.504 0.387 0.121 0.11666666666666667
5 0.60575 0.3743333333333333 0.0935 0.09
4 0.6567500000000001 0.39299999999999996 0.0505 0.05533333333333333
3 0.5945 0.3203333333333333 0.038 0.03266666666666666
3 0.62675 0.32366666666666666 0.0395 0.03666666666666667
4 0.70175 0.24466666666666667 0.025500000000000002 0.029333333333333333
3 0.724 0.23433333333333334 0.019 0.020666666666666667
3 0.767 0.26866666666666666 0.026000000000000002 0.024
5 0.75875 0.19966666666666666 0.0525 0.05933333333333333
5 0.82425 0.16266666666666665 0.0395 0.042666666666666665
8 0.87075 0.15533333333333332 0.0325 0.034666666666666665
3 0.9375 0.17966666666666667 0.035 0.018
3 0.9745 0.185 0.024 0.015333333333333332
0 0.98275 0.12433333333333332 0.0045000000000000005 0.011333333333333332
0 0.9792500000000001 0.124 0.0035 0.012
3 0.94275 0.128 0.0115 0.009333333333333332
5 0.8875000000000001 0.12533333333333332 0.019 0.022666666666666665
5 0.91325 0.125 0.025500000000000002 0.02733333333333333
3 0.9275 0.12233333333333334 0.008 0.01
8 0.93725 0.108 0.0205 0.024
4 0.9255 0.10666666666666666 0.007 0.009333333333333332
4 0.9135 0.11266666666666666 0.012 0.009333333333333332
3 0.95175 0.10066666666666667 0.0075 0.008
3 0.9595 0.09833333333333333 0.008 0.008666666666666666
3 0.977 0.08466666666666667 0.009000000000000001 0.006666666666666666
