0 0.22357142857142856 0.8509523809523809 0.008571428571428572 0.05238095238095238
0 0.22892857142857143 0.8395238095238096 0.009285714285714286 0.04476190476190476
3 0.38821428571428573 0.9328571428571428 0.060714285714285714 0.0980952380952381
5 0.3482142857142857 0.8414285714285714 0.03785714285714286 0.05619047619047619
3 0.6928571428571428 0.8661904761904762 0.07714285714285714 0.054285714285714284
3 0.9357142857142857 0.73 0.027142857142857142 0.03333333333333333
0 0.8321428571428572 0.7276190476190476 0.007142857142857143 0.024761904761904763
0 0.8067857142857143 0.7219047619047619 0.009285714285714286 0.024761904761904763
8 0.8496428571428571 0.7047619047619048 0.03357142857142857 0.05333333333333333
3 0.8021428571428572 0.7128571428571429 0.02 0.025714285714285714
3 0.7775 0.709047619047619 0.025 0.025714285714285714
3 0.7478571428571429 0.7023809523809523 0.022857142857142857 0.03142857142857143
3 0.7146428571428571 0.699047619047619 0.027857142857142858 0.02095238095238095
5 0.7082142857142857 0.6628571428571428 0.02214285714285714 0.030476190476190476
5 0.6871428571428572 0.6642857142857143 0.02 0.01619047619047619
3 0.6342857142857142 0.6614285714285715 0.02142857142857143 0.01619047619047619
3 0.6175 0.6595238095238095 0.020714285714285713 0.01619047619047619
3 0.6028571428571429 0.6585714285714286 0.02 0.014285714285714285
3 0.6064285714285714 0.6457142857142857 0.02 0.015238095238095238
3 0.5903571428571428 0.6561904761904762 0.019285714285714285 0.015238095238095238
3 0.5767857142857142 0.6542857142857142 0.019285714285714285 0.015238095238095238
3 0.5635714285714286 0.650952380952381 0.02 0.014285714285714285
3 0.55 0.6504761904761904 0.02 0.015238095238095238
4 0.5410714285714285 0.6409523809523809 0.02214285714285714 0.017142857142857144
4 0.5296428571428572 0.64 0.02214285714285714 0.02095238095238095
8 0.5389285714285714 0.6195238095238095 0.030714285714285715 0.02
3 0.5289285714285714 0.6219047619047618 0.016428571428571428 0.013333333333333332
3 0.5067857142857143 0.6190476190476191 0.013571428571428571 0.009523809523809525
3 0.49714285714285716 0.6176190476190476 0.014285714285714285 0.010476190476190476
3 0.48142857142857143 0.6166666666666667 0.014285714285714285 0.008571428571428572
3 0.45357142857142857 0.6347619047619047 0.018571428571428572 0.014285714285714285
8 0.42642857142857143 0.6261904761904762 0.032857142857142856 0.02761904761904762
3 0.455 0.6266666666666667 0.017142857142857144 0.009523809523809525
3 0.44535714285714284 0.6257142857142857 0.015 0.011428571428571429
4 0.45714285714285713 0.6128571428571429 0.018571428571428572 0.014285714285714285
3 0.44821428571428573 0.6147619047619047 0.013571428571428571 0.010476190476190476
3 0.4425 0.6128571428571429 0.012142857142857143 0.006666666666666666
3 0.4332142857142857 0.611904761904762 0.012142857142857143 0.008571428571428572
3 0.42428571428571427 0.6114285714285714 0.014285714285714285 0.009523809523809525
3 0.3357142857142857 0.6547619047619048 0.018571428571428572 0.01619047619047619
3 0.32285714285714284 0.638095238095238 0.014285714285714285 0.013333333333333332
5 0.3057142857142857 0.6219047619047618 0.012857142857142857 0.015238095238095238
3 0.27071428571428574 0.6080952380952381 0.007142857142857143 0.008571428571428572
3 0.2571428571428571 0.6266666666666667 0.01 0.011428571428571429
5 0.23892857142857143 0.62 0.017857142857142856 0.030476190476190476
5 0.2532142857142857 0.6514285714285715 0.016428571428571428 0.02095238095238095
3 0.24642857142857144 0.5871428571428572 0.005714285714285714 0.004761904761904762
3 0.0475 0.6295238095238095 0.019285714285714285 0.011428571428571429
3 0.14714285714285713 0.6242857142857143 0.024285714285714285 0.008571428571428572
4 0.12678571428571428 0.6290476190476191 0.023571428571428573 0.014285714285714285
3 0.11964285714285715 0.6328571428571429 0.027857142857142858 0.014285714285714285
8 0.11714285714285715 0.6390476190476191 0.04 0.02095238095238095
3 0.10821428571428571 0.6490476190476191 0.029285714285714286 0.014285714285714285
3 0.09642857142857143 0.6566666666666666 0.037142857142857144 0.01619047619047619
3 0.09678571428571428 0.66 0.03642857142857143 0.013333333333333332
3 0.09428571428571429 0.6633333333333333 0.04 0.014285714285714285
3 0.07 0.6714285714285714 0.041428571428571426 0.015238095238095238
4 0.016785714285714286 0.7038095238095238 0.03357142857142857 0.017142857142857144
3 0.012142857142857143 0.7119047619047619 0.024285714285714285 0.021904761904761906
