0 0.22392857142857142 0.16238095238095238 0.017857142857142856 0.02761904761904762
0 0.2892857142857143 0.1976190476190476 0.015714285714285715 0.02761904761904762
9 0.21892857142857142 0.31952380952380954 0.027857142857142858 0.01619047619047619
2 0.16428571428571428 0.3680952380952381 0.011428571428571429 0.03333333333333333
9 0.2125 0.4257142857142857 0.029285714285714286 0.017142857142857144
9 0.21321428571428572 0.4561904761904762 0.029285714285714286 0.02095238095238095
9 0.2 0.5680952380952381 0.017142857142857144 0.035238095238095235
9 0.2117857142857143 0.6561904761904762 0.03357142857142857 0.011428571428571429
9 0.2075 0.6828571428571428 0.023571428571428573 0.017142857142857144
9 0.19285714285714287 0.9404761904761905 0.02 0.04285714285714286
3 0.2885714285714286 0.9580952380952381 0.04 0.08190476190476191
0 0.27 0.9042857142857142 0.017142857142857144 0.029523809523809525
0 0.2592857142857143 0.8023809523809524 0.014285714285714285 0.023809523809523808
0 0.26785714285714285 0.7976190476190477 0.015714285714285715 0.025714285714285714
4 0.37607142857142856 0.8638095238095238 0.039285714285714285 0.12
9 0.30607142857142855 0.7076190476190476 0.016428571428571428 0.02857142857142857
9 0.33785714285714286 0.71 0.017142857142857144 0.02761904761904762
0 0.2639285714285714 0.5576190476190476 0.012142857142857143 0.012380952380952381
0 0.2675 0.5357142857142857 0.012142857142857143 0.01619047619047619
0 0.285 0.4419047619047619 0.011428571428571429 0.01904761904761905
9 0.32035714285714284 0.5476190476190477 0.025 0.015238095238095238
9 0.3182142857142857 0.5366666666666666 0.027857142857142858 0.012380952380952381
9 0.3175 0.5138095238095238 0.02642857142857143 0.018095238095238095
9 0.32535714285714284 0.4957142857142857 0.030714285714285715 0.01619047619047619
4 0.37035714285714283 0.46 0.03357142857142857 0.09523809523809523
3 0.37464285714285717 0.3342857142857143 0.03785714285714286 0.10285714285714286
9 0.3264285714285714 0.30714285714285716 0.03 0.02
4 0.37892857142857145 0.20904761904761904 0.04071428571428572 0.1019047619047619
3 0.5071428571428571 0.04380952380952381 0.03142857142857143 0.08761904761904762
3 0.5157142857142857 0.37714285714285717 0.03428571428571429 0.09714285714285714
3 0.5203571428571429 0.5142857142857142 0.035 0.09714285714285714
3 0.5189285714285714 0.6480952380952381 0.035 0.11523809523809524
3 0.5142857142857142 0.789047619047619 0.03428571428571429 0.10952380952380952
3 0.5246428571428572 0.929047619047619 0.03642857142857143 0.13047619047619047
1 0.2571428571428571 0.31047619047619046 0.011428571428571429 0.022857142857142857
2 0.26035714285714284 0.31333333333333335 0.007857142857142858 0.0419047619047619
