5 0.5388830897703548 0.5816326530612245 0.050626304801670144 0.17625231910946196
7 0.46189979123173275 0.4554730983302412 0.014613778705636741 0.0575139146567718
5 0.5044363256784968 0.32838589981447125 0.01826722338204593 0.05009276437847866
3 0.5140918580375783 0.28988868274582563 0.008350730688935281 0.015769944341372914
4 0.47181628392484337 0.24721706864564008 0.005219206680584551 0.013914656771799629
3 0.5073068893528183 0.2453617810760668 0.006263048016701461 0.012059369202226345
3 0.49530271398747383 0.2342300556586271 0.006263048016701461 0.008348794063079777
3 0.49791231732776614 0.2212430426716141 0.005219206680584551 0.008348794063079777
3 0.5054801670146137 0.2142857142857143 0.004697286012526096 0.0074211502782931356
3 0.4986951983298538 0.21057513914656772 0.004697286012526096 0.0074211502782931356
3 0.4973903966597077 0.2017625231910946 0.0041753653444676405 0.006493506493506494
1 0.4337160751565762 0.3302411873840445 0.0041753653444676405 0.012987012987012988
9 0.4337160751565762 0.33441558441558444 0.0031315240083507304 0.013914656771799629
