4 0.22321428571428573 0.018095238095238095 0.06357142857142857 0.03428571428571429
3 0.32 0.011904761904761904 0.02 0.021904761904761906
4 0.3921428571428571 0.02142857142857143 0.02 0.039047619047619046
4 0.4182142857142857 0.04857142857142857 0.02214285714285714 0.05523809523809524
3 0.4075 0.1661904761904762 0.02642857142857143 0.06380952380952382
9 0.3557142857142857 0.12571428571428572 0.007142857142857143 0.02857142857142857
1 0.35428571428571426 0.12238095238095238 0.01 0.02
0 0.2542857142857143 0.12523809523809523 0.012857142857142857 0.025714285714285714
4 0.30857142857142855 0.06 0.027142857142857142 0.06095238095238095
4 0.29892857142857143 0.13285714285714287 0.035 0.07714285714285714
3 0.2525 0.07238095238095238 0.029285714285714286 0.05714285714285714
3 0.2007142857142857 0.11476190476190476 0.05714285714285714 0.035238095238095235
3 0.19892857142857143 0.14666666666666667 0.05785714285714286 0.03619047619047619
6 0.18785714285714286 0.1757142857142857 0.04 0.03333333333333333
3 0.1525 0.27 0.056428571428571425 0.06380952380952382
2 0.11464285714285714 0.31952380952380954 0.009285714285714286 0.025714285714285714
3 0.28464285714285714 0.22333333333333333 0.03214285714285714 0.06761904761904762
5 0.395 0.2838095238095238 0.041428571428571426 0.10095238095238095
0 0.4546428571428571 0.4880952380952381 0.010714285714285714 0.018095238095238095
0 0.4667857142857143 0.4819047619047619 0.009285714285714286 0.017142857142857144
0 0.475 0.4942857142857143 0.007142857142857143 0.01904761904761905
6 0.19214285714285714 0.3495238095238095 0.03 0.05714285714285714
6 0.16785714285714284 0.41 0.03428571428571429 0.04666666666666667
2 0.28214285714285714 0.5428571428571428 0.027142857142857142 0.013333333333333332
1 0.28 0.540952380952381 0.011428571428571429 0.017142857142857144
3 0.07107142857142858 0.3476190476190476 0.017857142857142856 0.02857142857142857
3 0.07321428571428572 0.37238095238095237 0.023571428571428573 0.02095238095238095
3 0.06428571428571428 0.38952380952380955 0.024285714285714285 0.013333333333333332
3 0.06642857142857143 0.4023809523809524 0.022857142857142857 0.014285714285714285
0 0.06785714285714285 0.41619047619047617 0.018571428571428572 0.02095238095238095
0 0.0825 0.42238095238095236 0.019285714285714285 0.018095238095238095
0 0.09214285714285714 0.4804761904761905 0.018571428571428572 0.02
0 0.023928571428571428 0.44857142857142857 0.019285714285714285 0.01904761904761905
0 0.06464285714285714 0.5185714285714286 0.020714285714285713 0.02
9 0.054642857142857146 0.43857142857142856 0.030714285714285715 0.021904761904761906
4 0.04321428571428571 0.5485714285714286 0.065 0.047619047619047616
3 0.4107142857142857 0.6019047619047619 0.07428571428571429 0.06285714285714286
0 0.01107142857142857 0.68 0.02214285714285714 0.01904761904761905
0 0.02142857142857143 0.8023809523809524 0.02 0.014285714285714285
0 0.07214285714285715 0.6961904761904761 0.018571428571428572 0.017142857142857144
3 0.13035714285714287 0.7409523809523809 0.05357142857142857 0.09904761904761905
3 0.16214285714285714 0.87 0.04857142857142857 0.11523809523809524
0 0.017142857142857144 0.8842857142857142 0.025714285714285714 0.014285714285714285
1 0.5125 0.7661904761904762 0.012142857142857143 0.014285714285714285
4 0.5682142857142857 0.57 0.06785714285714285 0.040952380952380955
4 0.5546428571428571 0.628095238095238 0.07071428571428572 0.04476190476190476
4 0.6889285714285714 0.6247619047619047 0.06357142857142857 0.04380952380952381
7 0.995 0.5147619047619048 0.01 0.02
0 0.9925 0.49857142857142855 0.015 0.02
7 0.5035714285714286 0.8442857142857143 0.018571428571428572 0.06571428571428571
