3 0.70375 0.766 0.1835 0.20266666666666666
3 0.42525 0.47533333333333333 0.0795 0.088
3 0.34225 0.4053333333333333 0.0645 0.06666666666666667
3 0.54325 0.44766666666666666 0.0845 0.082
3 0.2945 0.358 0.057 0.06266666666666666
3 0.47500000000000003 0.4013333333333333 0.08 0.06933333333333333
3 0.63625 0.46199999999999997 0.1015 0.072
3 0.2545 0.31866666666666665 0.048 0.048
3 0.22575 0.2876666666666667 0.0395 0.043333333333333335
3 0.27725 0.2563333333333333 0.0375 0.04066666666666666
3 0.24725 0.23433333333333334 0.0335 0.035333333333333335
4 0.3155 0.2796666666666667 0.046 0.051333333333333335
4 0.3675 0.2836666666666667 0.045 0.04466666666666667
4 0.4325 0.2703333333333333 0.04 0.046
3 0.39825 0.2543333333333333 0.0455 0.03266666666666666
3 0.358 0.23366666666666666 0.023 0.03
3 0.335 0.21666666666666665 0.037 0.03333333333333333
3 0.34 0.19699999999999998 0.044 0.03
3 0.31475000000000003 0.19333333333333333 0.0475 0.028
3 0.26875 0.18566666666666667 0.0265 0.026
3 0.5 0.307 0.058 0.043333333333333335
3 0.53825 0.3363333333333333 0.0555 0.046
3 0.76675 0.541 0.1385 0.10066666666666667
3 0.64375 0.522 0.1205 0.10533333333333333
3 0.69175 0.36433333333333334 0.0695 0.06066666666666667
3 0.732 0.39366666666666666 0.078 0.06866666666666667
3 0.1985 0.19999999999999998 0.03 0.030666666666666665
3 0.179 0.19033333333333333 0.022 0.02733333333333333
3 0.17450000000000002 0.17066666666666666 0.02 0.025333333333333333
3 0.18075 0.16 0.0165 0.021333333333333333
9 0.5765 0.21366666666666667 0.014 0.022
3 0.93475 0.7433333333333333 0.1305 0.18266666666666667
3 0.1565 0.16166666666666665 0.017 0.019333333333333334
3 0.21625 0.153 0.0175 0.018
3 0.16625 0.146 0.0175 0.017333333333333333
3 0.20725000000000002 0.14466666666666667 0.0115 0.016
3 0.2005 0.13533333333333333 0.014 0.016
3 0.1925 0.12933333333333333 0.014 0.016
3 0.18475 0.126 0.0125 0.014666666666666666
3 0.17725 0.11533333333333333 0.0125 0.014666666666666666
3 0.17350000000000002 0.11066666666666666 0.01 0.010666666666666666
3 0.169 0.106 0.01 0.010666666666666666
3 0.1585 0.09833333333333333 0.011 0.011333333333333332
3 0.14875 0.09566666666666666 0.0135 0.01
3 0.1485 0.11833333333333333 0.014 0.014
3 0.14400000000000002 0.11299999999999999 0.011 0.011333333333333332
3 0.14100000000000001 0.10733333333333334 0.011 0.010666666666666666
4 0.131 0.09866666666666667 0.014 0.014666666666666666
3 0.13875 0.07833333333333332 0.0185 0.008666666666666666
3 0.1235 0.074 0.012 0.008
3 0.1325 0.074 0.012 0.008
3 0.14 0.07366666666666666 0.012 0.007333333333333333
3 0.12175 0.08433333333333333 0.0165 0.007333333333333333
0 0.181 0.14633333333333332 0.007 0.015333333333333332
2 0.18225 0.15 0.0085 0.012
6 0.7425 0.22233333333333333 0.03 0.02333333333333333
