4 0.5782142857142857 0.7151015228426395 0.023571428571428573 0.09010152284263959
3 0.5910714285714286 0.49682741116751267 0.019285714285714285 0.05964467005076142
3 0.5578571428571428 0.3578680203045685 0.017142857142857144 0.053299492385786795
3 0.5614285714285714 0.08756345177664974 0.011428571428571429 0.032994923857868015
8 0.14785714285714285 0.8883248730964466 0.09857142857142857 0.07868020304568528
3 0.44107142857142856 0.9809644670050761 0.030714285714285715 0.035532994923857864
3 0.01892857142857143 0.9054568527918782 0.03785714285714286 0.052030456852791875
3 0.4635714285714286 0.016497461928934008 0.011428571428571429 0.02284263959390863
3 0.5564285714285714 0.010786802030456852 0.01 0.021573604060913704
0 0.3871428571428571 0.39213197969543145 0.005714285714285714 0.025380710659898477
0 0.38142857142857145 0.3908629441624365 0.005714285714285714 0.03045685279187817
0 0.4 0.274746192893401 0.004285714285714286 0.021573604060913704
0 0.4014285714285714 0.2626903553299492 0.004285714285714286 0.02030456852791878
0 0.6889285714285714 0.7595177664974618 0.007857142857142858 0.031725888324873094
0 0.7546428571428572 0.648477157360406 0.007857142857142858 0.03045685279187817
0 0.6875 0.5799492385786802 0.0064285714285714285 0.02030456852791878
0 0.6742857142857143 0.6097715736040609 0.005714285714285714 0.029187817258883246
0 0.6789285714285714 0.6110406091370558 0.0035714285714285713 0.021573604060913704
0 0.6825 0.6027918781725888 0.0064285714285714285 0.03045685279187817
0 0.655 0.45875634517766495 0.005714285714285714 0.024111675126903553
0 0.6492857142857142 0.45748730964467 0.005714285714285714 0.019035532994923856
0 0.6453571428571429 0.4511421319796954 0.007857142857142858 0.024111675126903553
4 0.6103571428571428 0.133248730964467 0.02642857142857143 0.035532994923857864
