3 0.3385714285714286 0.38705583756345174 0.017142857142857144 0.07106598984771573
3 0.27464285714285713 0.9206852791878172 0.02214285714285714 0.09771573604060912
3 0.3007142857142857 0.7480964467005076 0.022857142857142857 0.07994923857868019
3 0.2889285714285714 0.3845177664974619 0.019285714285714285 0.05837563451776649
3 0.29892857142857143 0.11040609137055837 0.016428571428571428 0.04568527918781726
4 0.28535714285714286 0.22525380710659898 0.020714285714285713 0.05710659898477157
4 0.36857142857142855 0.3623096446700507 0.02 0.07233502538071065
4 0.3510714285714286 0.5609137055837563 0.02214285714285714 0.07868020304568528
4 0.27035714285714285 0.5590101522842639 0.020714285714285713 0.07233502538071065
4 0.36714285714285716 0.7836294416243654 0.025714285714285714 0.09010152284263959
4 0.39285714285714285 0.6814720812182741 0.024285714285714285 0.09390862944162436
8 0.38607142857142857 0.5222081218274112 0.025 0.10786802030456852
8 0.2642857142857143 0.061548223350253804 0.03 0.12309644670050761
0 0.40964285714285714 0.24873096446700504 0.005 0.017766497461928932
0 0.40285714285714286 0.258248730964467 0.005714285714285714 0.019035532994923856
0 0.4032142857142857 0.2449238578680203 0.0064285714285714285 0.015228426395939085
0 0.6467857142857143 0.9517766497461928 0.007857142857142858 0.025380710659898477
3 0.9157142857142857 0.8343908629441624 0.05714285714285714 0.052030456852791875
3 0.9689285714285715 0.8217005076142131 0.05357142857142857 0.04695431472081218
3 0.9125 0.3426395939086294 0.02642857142857143 0.06091370558375634
