4 0.7103571428571429 0.9282994923857867 0.07071428571428572 0.14086294416243653
0 0.6578571428571428 0.8585025380710659 0.012857142857142857 0.03680203045685279
3 0.6667857142857143 0.7785532994923857 0.060714285714285714 0.15355329949238578
3 0.6285714285714286 0.6370558375634517 0.055714285714285716 0.13959390862944163
9 0.6928571428571428 0.706218274111675 0.027142857142857142 0.05964467005076142
9 0.67 0.6389593908629441 0.02857142857142857 0.07233502538071065
9 0.65 0.5780456852791878 0.027142857142857142 0.06472081218274112
9 0.7253571428571428 0.6300761421319796 0.027857142857142858 0.06472081218274112
9 0.7025 0.5748730964467005 0.023571428571428573 0.05837563451776649
3 0.6125 0.3610406091370558 0.04642857142857143 0.09517766497461928
3 0.6625 0.2906091370558375 0.062142857142857146 0.06091370558375634
5 0.7946428571428571 0.2214467005076142 0.13785714285714284 0.11294416243654821
4 0.9207142857142857 0.15989847715736039 0.05714285714285714 0.05837563451776649
3 0.9717857142857143 0.13705583756345177 0.04928571428571429 0.055837563451776644
4 0.3217857142857143 0.4441624365482233 0.08071428571428571 0.08883248730964466
0 0.38535714285714284 0.6072335025380711 0.010714285714285714 0.03426395939086294
0 0.37 0.6167512690355329 0.012857142857142857 0.027918781725888322
5 0.16714285714285715 0.5126903553299492 0.14285714285714285 0.12436548223350252
5 0.29 0.2842639593908629 0.11428571428571428 0.13705583756345177
3 0.35964285714285715 0.2049492385786802 0.03214285714285714 0.08248730964467005
4 0.36857142857142855 0.06091370558375634 0.03428571428571429 0.09644670050761421
3 0.27035714285714285 0.024111675126903553 0.03214285714285714 0.048223350253807105
