3 0.2714285714285714 0.15523809523809523 0.03 0.01904761904761905
3 0.26964285714285713 0.17809523809523808 0.03214285714285714 0.01904761904761905
5 0.2689285714285714 0.2019047619047619 0.03357142857142857 0.022857142857142857
3 0.27035714285714285 0.28095238095238095 0.035 0.01904761904761905
4 0.1775 0.17095238095238094 0.030714285714285715 0.025714285714285714
3 0.39107142857142857 0.6433333333333333 0.017857142857142856 0.04666666666666667
3 0.4114285714285714 0.6471428571428571 0.015714285714285715 0.037142857142857144
3 0.45785714285714285 0.64 0.015714285714285715 0.047619047619047616
3 0.48035714285714287 0.6357142857142857 0.016428571428571428 0.039047619047619046
3 0.5192857142857142 0.6271428571428571 0.015714285714285715 0.039047619047619046
3 0.5389285714285714 0.6352380952380953 0.013571428571428571 0.0380952380952381
3 0.5303571428571429 0.46523809523809523 0.017857142857142856 0.039047619047619046
3 0.5128571428571429 0.4685714285714286 0.015714285714285715 0.04380952380952381
3 0.4664285714285714 0.47095238095238096 0.017142857142857144 0.04666666666666667
3 0.8757142857142857 0.6042857142857143 0.012857142857142857 0.037142857142857144
