3 0.20642857142857143 0.8597715736040609 0.04285714285714286 0.16878172588832485
3 0.29178571428571426 0.8515228426395939 0.04642857142857143 0.15228426395939085
3 0.3392857142857143 0.8515228426395939 0.04 0.14213197969543145
3 0.38857142857142857 0.8343908629441624 0.04285714285714286 0.1713197969543147
3 0.4835714285714286 0.8090101522842639 0.03428571428571429 0.15862944162436546
3 0.5246428571428572 0.8045685279187816 0.04357142857142857 0.17258883248730963
3 0.5760714285714286 0.8001269035532994 0.04214285714285714 0.18654822335025378
3 0.6235714285714286 0.7772842639593908 0.04857142857142857 0.1763959390862944
3 0.6657142857142857 0.7709390862944162 0.047142857142857146 0.1611675126903553
3 0.7067857142857142 0.7544416243654821 0.052142857142857144 0.16878172588832485
3 0.7485714285714286 0.7480964467005076 0.04857142857142857 0.16370558375634517
3 0.79 0.7449238578680203 0.05285714285714286 0.15228426395939085
3 0.8296428571428571 0.7430203045685279 0.055 0.15609137055837563
3 0.8725 0.7442893401015228 0.05071428571428571 0.16624365482233502
3 0.9453571428571429 0.7525380710659898 0.08214285714285714 0.09898477157360405
3 0.9410714285714286 0.6681472081218274 0.095 0.09263959390862943
3 0.9342857142857143 0.4911167512690355 0.09857142857142857 0.11928934010152284
3 0.8489285714285715 0.3965736040609137 0.09928571428571428 0.11802030456852791
3 0.7178571428571429 0.25507614213197966 0.07142857142857142 0.11675126903553298
3 0.6321428571428571 0.1763959390862944 0.07571428571428572 0.09898477157360405
3 0.615 0.23604060913705582 0.07714285714285714 0.11167512690355329
3 0.6942857142857143 0.31916243654822335 0.07428571428571429 0.11294416243654821
3 0.9203571428571429 0.5520304568527918 0.09928571428571428 0.12436548223350252
3 0.47785714285714287 0.11104060913705582 0.07714285714285714 0.11294416243654821
3 0.45 0.16434010152284262 0.07428571428571429 0.10532994923857868
3 0.44107142857142856 0.4682741116751269 0.08071428571428571 0.12182741116751268
3 0.5164285714285715 0.5596446700507614 0.07714285714285714 0.14213197969543145
3 0.41535714285714287 0.5317258883248731 0.08214285714285714 0.12690355329949238
3 0.37642857142857145 0.5862944162436547 0.07714285714285714 0.11928934010152284
3 0.33107142857142857 0.5076142131979695 0.06357142857142857 0.13705583756345177
3 0.29285714285714287 0.4695431472081218 0.06857142857142857 0.13705583756345177
3 0.6453571428571429 0.43718274111675126 0.08642857142857142 0.12309644670050761
3 0.6660714285714285 0.37499999999999994 0.06785714285714285 0.11040609137055837
3 0.5742857142857143 0.3565989847715736 0.06428571428571428 0.10913705583756345
3 0.8035714285714286 0.557741116751269 0.1 0.07741116751269035
3 0.8239285714285715 0.4486040609137055 0.09785714285714285 0.13578680203045684
3 0.7378571428571429 0.6345177664974618 0.10142857142857142 0.07868020304568528
3 0.8435714285714285 0.6300761421319796 0.10428571428571429 0.06979695431472081
