3 0.39964285714285713 0.7823809523809524 0.05928571428571429 0.16857142857142857
3 0.6857142857142857 0.6042857142857143 0.08571428571428572 0.12095238095238095
3 0.4157142857142857 0.5428571428571428 0.05 0.1295238095238095
3 0.37107142857142855 0.9585714285714285 0.05928571428571429 0.08285714285714285
3 0.6828571428571428 0.4828571428571429 0.08285714285714285 0.1219047619047619
3 0.6832142857142857 0.3504761904761905 0.07785714285714286 0.09333333333333334
3 0.4282142857142857 0.38095238095238093 0.05357142857142857 0.13142857142857142
3 0.45607142857142857 0.22952380952380952 0.05357142857142857 0.09523809523809523
3 0.6760714285714285 0.26761904761904765 0.08785714285714286 0.08190476190476191
3 0.6689285714285714 0.20333333333333334 0.08642857142857142 0.07142857142857142
3 0.6675 0.13095238095238096 0.08357142857142857 0.07333333333333333
3 0.6703571428571429 0.06190476190476191 0.08071428571428571 0.05904761904761905
3 0.45607142857142857 0.08857142857142856 0.047857142857142855 0.07428571428571429
3 0.6632142857142858 0.018095238095238095 0.06357142857142857 0.03619047619047619
5 0.7228571428571429 0.7766666666666666 0.08428571428571428 0.2123809523809524
