8 0.03964285714285714 0.2277918781725888 0.03214285714285714 0.024111675126903553
0 0.04107142857142857 0.2512690355329949 0.002142857142857143 0.012690355329949238
0 0.065 0.2709390862944162 0.004285714285714286 0.011421319796954314
0 0.0975 0.3013959390862944 0.0035714285714285713 0.013959390862944161
0 0.12214285714285714 0.33185279187817257 0.004285714285714286 0.013959390862944161
0 0.12464285714285714 0.3293147208121827 0.0035714285714285713 0.013959390862944161
0 0.13 0.3280456852791878 0.004285714285714286 0.013959390862944161
5 0.19392857142857142 0.473984771573604 0.029285714285714286 0.052030456852791875
5 0.21642857142857141 0.5184010152284264 0.027142857142857142 0.05456852791878172
3 0.24142857142857144 0.5552030456852791 0.03428571428571429 0.029187817258883246
0 0.27071428571428574 0.5361675126903553 0.007142857142857143 0.016497461928934008
0 0.3196428571428571 0.648477157360406 0.005 0.02030456852791878
0 0.3092857142857143 0.6611675126903552 0.005714285714285714 0.017766497461928932
0 0.2932142857142857 0.6725888324873096 0.005 0.027918781725888322
3 0.2767857142857143 0.6307106598984771 0.02214285714285714 0.04314720812182741
4 0.3007142857142857 0.6675126903553299 0.022857142857142857 0.050761421319796954
4 0.3175 0.7252538071065989 0.020714285714285713 0.06218274111675126
4 0.32607142857142857 0.8039340101522842 0.019285714285714285 0.05710659898477157
4 0.3003571428571429 0.9048223350253807 0.02642857142857143 0.06852791878172589
3 0.31642857142857145 0.9828680203045684 0.022857142857142857 0.031725888324873094
4 0.3335714285714286 0.8724619289340101 0.022857142857142857 0.05964467005076142
0 0.3539285714285714 0.8197969543147208 0.005 0.025380710659898477
0 0.08785714285714286 0.973984771573604 0.01 0.026649746192893398
0 0.08571428571428572 0.9200507614213197 0.008571428571428572 0.032994923857868015
1 0.06571428571428571 0.9200507614213197 0.005714285714285714 0.017766497461928932
0 0.06678571428571428 0.9111675126903552 0.0064285714285714285 0.02284263959390863
0 0.052142857142857144 0.7728426395939085 0.007142857142857143 0.02284263959390863
0 0.05821428571428571 0.7658629441624365 0.0064285714285714285 0.021573604060913704
0 0.04857142857142857 0.7277918781725887 0.005714285714285714 0.024111675126903553
0 0.054285714285714284 0.7233502538071065 0.005714285714285714 0.02284263959390863
0 0.007142857142857143 0.648477157360406 0.005714285714285714 0.02284263959390863
0 0.0064285714285714285 0.5901015228426395 0.007142857142857143 0.02284263959390863
