0 0.15714285714285714 0.9194162436548222 0.015714285714285715 0.04441624365482233
0 0.1982142857142857 0.6510152284263959 0.017857142857142856 0.04314720812182741
0 0.23642857142857143 0.3413705583756345 0.011428571428571429 0.03807106598984771
1 0.5089285714285714 0.8496192893401014 0.017857142857142856 0.03680203045685279
1 0.4107142857142857 0.7645939086294415 0.011428571428571429 0.029187817258883246
1 0.41 0.7455583756345177 0.014285714285714285 0.019035532994923856
1 0.42464285714285716 0.7354060913705583 0.016428571428571428 0.019035532994923856
1 0.4275 0.7531725888324873 0.009285714285714286 0.021573604060913704
1 0.4992857142857143 0.424492385786802 0.018571428571428572 0.029187817258883246
1 0.5010714285714286 0.4143401015228426 0.017857142857142856 0.024111675126903553
1 0.49142857142857144 0.34835025380710655 0.011428571428571429 0.029187817258883246
1 0.445 0.38071065989847713 0.01 0.02030456852791878
0 0.43607142857142855 0.2779187817258883 0.009285714285714286 0.04314720812182741
1 0.4496428571428571 0.3369289340101523 0.010714285714285714 0.024111675126903553
0 0.5028571428571429 0.14086294416243653 0.008571428571428572 0.025380710659898477
0 0.5007142857142857 0.17195431472081216 0.007142857142857143 0.031725888324873094
0 0.5046428571428572 0.17576142131979694 0.005 0.016497461928934008
0 0.5517857142857143 0.20685279187817257 0.009285714285714286 0.035532994923857864
1 0.4878571428571429 0.06472081218274112 0.01 0.02284263959390863
1 0.48857142857142855 0.059010152284263956 0.008571428571428572 0.026649746192893398
1 0.42678571428571427 0.04187817258883248 0.007857142857142858 0.015228426395939085
1 0.42428571428571427 0.03743654822335025 0.007142857142857143 0.016497461928934008
1 0.32535714285714284 0.17703045685279187 0.010714285714285714 0.024111675126903553
4 0.11178571428571428 0.30012690355329946 0.065 0.15101522842639592
4 0.05357142857142857 0.08058375634517766 0.06 0.11548223350253806
8 0.031071428571428573 0.40545685279187815 0.062142857142857146 0.3210659898477157
0 0.5514285714285714 0.19923857868020303 0.005714285714285714 0.035532994923857864
0 0.5467857142857143 0.1897208121827411 0.0064285714285714285 0.031725888324873094
