4 0.6264285714285714 0.6128571428571429 0.13714285714285715 0.08476190476190476
4 0.6264285714285714 0.5276190476190477 0.11428571428571428 0.08761904761904762
4 0.6303571428571428 0.4704761904761905 0.105 0.06857142857142857
4 0.6292857142857143 0.3761904761904762 0.10571428571428572 0.08761904761904762
3 0.175 0.6242857142857143 0.10571428571428572 0.15523809523809523
3 0.12571428571428572 0.27095238095238094 0.07 0.08285714285714285
3 0.2889285714285714 0.05380952380952381 0.029285714285714286 0.04476190476190476
3 0.31392857142857145 0.021904761904761906 0.035 0.04380952380952381
4 0.2532142857142857 0.09238095238095238 0.047857142857142855 0.07238095238095238
4 0.0475 0.36714285714285716 0.07785714285714286 0.1019047619047619
3 0.6285714285714286 0.33476190476190476 0.09571428571428571 0.06190476190476191
3 0.6289285714285714 0.3 0.08928571428571429 0.05523809523809524
3 0.6257142857142857 0.2642857142857143 0.08285714285714285 0.04857142857142857
3 0.6253571428571428 0.23952380952380953 0.08357142857142857 0.05047619047619047
3 0.6207142857142857 0.21476190476190476 0.06714285714285714 0.039047619047619046
3 0.6267857142857143 0.18523809523809523 0.07785714285714286 0.04857142857142857
3 0.6225 0.16 0.06357142857142857 0.047619047619047616
3 0.6239285714285714 0.14761904761904762 0.07214285714285715 0.047619047619047616
3 0.6217857142857143 0.10761904761904761 0.062142857142857146 0.049523809523809526
3 0.6217857142857143 0.08857142857142856 0.05928571428571429 0.03238095238095238
3 0.6264285714285714 0.07714285714285714 0.06285714285714286 0.03619047619047619
3 0.6239285714285714 0.06095238095238095 0.056428571428571425 0.02857142857142857
3 0.6228571428571429 0.04904761904761905 0.05285714285714286 0.037142857142857144
3 0.6221428571428571 0.029523809523809525 0.047142857142857146 0.026666666666666665
4 0.6217857142857143 0.01619047619047619 0.052142857142857144 0.03238095238095238
0 0.6946428571428571 0.07095238095238095 0.012142857142857143 0.03333333333333333
0 0.6675 0.049523809523809526 0.010714285714285714 0.030476190476190476
0 0.72 0.4580952380952381 0.015714285714285715 0.04
0 0.6914285714285714 0.45571428571428574 0.018571428571428572 0.04476190476190476
0 0.7010714285714286 0.4685714285714286 0.010714285714285714 0.024761904761904763
1 0.46785714285714286 0.9152380952380952 0.022857142857142857 0.03619047619047619
9 0.46785714285714286 0.9261904761904762 0.07 0.04476190476190476
9 0.8296428571428571 0.6376190476190476 0.017857142857142856 0.06
3 0.2325 0.05857142857142857 0.03357142857142857 0.04285714285714286
3 0.26357142857142857 0.025714285714285714 0.027142857142857142 0.0380952380952381
0 0.12035714285714286 0.15714285714285714 0.010714285714285714 0.02095238095238095
0 0.0275 0.2761904761904762 0.020714285714285713 0.0380952380952381
9 0.6364285714285715 0.43333333333333335 0.037142857142857144 0.03238095238095238
0 0.7392857142857143 0.22047619047619046 0.008571428571428572 0.03333333333333333
9 0.7328571428571429 0.15095238095238095 0.008571428571428572 0.02761904761904762
2 0.7342857142857143 0.1919047619047619 0.015714285714285715 0.021904761904761906
2 0.7364285714285714 0.2061904761904762 0.02 0.021904761904761906
