0 0.30357142857142855 0.8633333333333333 0.011428571428571429 0.01619047619047619
3 0.36714285714285716 0.7528571428571429 0.02857142857142857 0.06761904761904762
3 0.4757142857142857 0.7590476190476191 0.027142857142857142 0.06857142857142857
3 0.42142857142857143 0.5766666666666667 0.024285714285714285 0.054285714285714284
0 0.40714285714285714 0.41714285714285715 0.005714285714285714 0.015238095238095238
0 0.41214285714285714 0.4185714285714286 0.005714285714285714 0.014285714285714285
9 0.4878571428571429 0.6061904761904762 0.007142857142857143 0.021904761904761906
3 0.20892857142857144 0.37666666666666665 0.03642857142857143 0.023809523809523808
3 0.22142857142857142 0.3223809523809524 0.04 0.02761904761904762
5 0.29285714285714287 0.3780952380952381 0.045714285714285714 0.030476190476190476
8 0.3425 0.3019047619047619 0.056428571428571425 0.049523809523809526
3 0.4407142857142857 0.1742857142857143 0.015714285714285715 0.03238095238095238
4 0.4692857142857143 0.035238095238095235 0.012857142857142857 0.02857142857142857
3 0.5810714285714286 0.3952380952380952 0.016428571428571428 0.04
3 0.5835714285714285 0.27904761904761904 0.015714285714285715 0.03428571428571429
3 0.5821428571428572 0.2438095238095238 0.014285714285714285 0.030476190476190476
3 0.5821428571428572 0.2138095238095238 0.014285714285714285 0.029523809523809525
3 0.5846428571428571 0.15904761904761905 0.013571428571428571 0.02857142857142857
3 0.5867857142857142 0.13523809523809524 0.013571428571428571 0.026666666666666665
3 0.5871428571428572 0.10428571428571429 0.012857142857142857 0.025714285714285714
5 0.6167857142857143 0.056666666666666664 0.016428571428571428 0.04666666666666667
3 0.5871428571428572 0.07571428571428572 0.015714285714285715 0.03333333333333333
3 0.5892857142857143 0.010476190476190476 0.011428571428571429 0.02095238095238095
3 0.5867857142857142 0.047142857142857146 0.013571428571428571 0.021904761904761906
0 0.7242857142857143 0.9709523809523809 0.011428571428571429 0.02
3 0.67 0.8871428571428571 0.045714285714285714 0.06761904761904762
5 0.6703571428571429 0.8295238095238096 0.056428571428571425 0.07428571428571429
3 0.6689285714285714 0.7871428571428571 0.04928571428571429 0.05619047619047619
3 0.6646428571428571 0.7428571428571429 0.04642857142857143 0.05714285714285714
3 0.6660714285714285 0.7033333333333334 0.04642857142857143 0.05047619047619047
3 0.6607142857142857 0.6552380952380953 0.041428571428571426 0.05142857142857143
3 0.6625 0.6147619047619047 0.04214285714285714 0.05047619047619047
3 0.6596428571428572 0.579047619047619 0.04071428571428572 0.04380952380952381
3 0.6553571428571429 0.5423809523809524 0.04214285714285714 0.04666666666666667
4 0.6567857142857143 0.5123809523809524 0.03642857142857143 0.047619047619047616
3 0.6567857142857143 0.48857142857142855 0.03785714285714286 0.045714285714285714
3 0.7210714285714286 0.5676190476190476 0.020714285714285713 0.049523809523809526
3 0.7935714285714286 0.5247619047619048 0.024285714285714285 0.0380952380952381
3 0.6575 0.35285714285714287 0.016428571428571428 0.035238095238095235
5 0.6614285714285715 0.30523809523809525 0.024285714285714285 0.06190476190476191
3 0.7067857142857142 0.30428571428571427 0.015 0.037142857142857144
3 0.7028571428571428 0.3433333333333333 0.018571428571428572 0.03142857142857143
4 0.7667857142857143 0.34904761904761905 0.017857142857142856 0.037142857142857144
3 0.8125 0.35428571428571426 0.023571428571428573 0.03428571428571429
3 0.7903571428571429 0.7614285714285715 0.03642857142857143 0.06190476190476191
3 0.8282142857142857 0.77 0.03357142857142857 0.06190476190476191
4 0.7078571428571429 0.25333333333333335 0.017142857142857144 0.04
5 0.6646428571428571 0.11952380952380952 0.019285714285714285 0.039047619047619046
4 0.6564285714285715 0.08619047619047619 0.011428571428571429 0.02
4 0.6978571428571428 0.10047619047619048 0.014285714285714285 0.021904761904761906
4 0.6946428571428571 0.07714285714285714 0.012142857142857143 0.022857142857142857
3 0.6567857142857143 0.06380952380952382 0.019285714285714285 0.02095238095238095
5 0.5832142857142857 0.3261904761904762 0.02214285714285714 0.05619047619047619
