3 0.13464285714285715 0.4142857142857143 0.09071428571428572 0.05523809523809524
3 0.1392857142857143 0.3576190476190476 0.07 0.05047619047619047
3 0.16714285714285715 0.20857142857142857 0.08714285714285715 0.05333333333333333
3 0.15785714285714286 0.26142857142857145 0.09142857142857143 0.058095238095238096
3 0.1792857142857143 0.15904761904761905 0.08 0.05714285714285714
3 0.045 0.16523809523809524 0.05142857142857143 0.1
3 0.19035714285714286 0.022857142857142857 0.08071428571428571 0.045714285714285714
3 0.42928571428571427 0.03238095238095238 0.037142857142857144 0.06476190476190476
3 0.015357142857142857 0.41523809523809524 0.030714285714285715 0.10476190476190476
4 0.13178571428571428 0.49142857142857144 0.09214285714285714 0.05523809523809524
1 0.36857142857142855 0.18285714285714286 0.014285714285714285 0.030476190476190476
0 0.22535714285714287 0.10761904761904761 0.017857142857142856 0.03238095238095238
9 0.36892857142857144 0.18857142857142858 0.015 0.047619047619047616
3 0.8257142857142857 0.040952380952380955 0.08571428571428572 0.05142857142857143
3 0.71 0.05285714285714286 0.037142857142857144 0.0980952380952381
3 0.6707142857142857 0.034761904761904765 0.03571428571428571 0.06952380952380953
3 0.97 0.3680952380952381 0.06 0.05238095238095238
3 0.9625 0.5161904761904762 0.075 0.05904761904761905
0 0.9582142857142857 0.22047619047619046 0.025 0.02761904761904762
1 0.7460714285714286 0.3028571428571429 0.019285714285714285 0.02095238095238095
2 0.7403571428571428 0.3080952380952381 0.027857142857142858 0.02761904761904762
9 0.96 0.19285714285714287 0.024285714285714285 0.03333333333333333
2 0.9617857142857142 0.1719047619047619 0.02642857142857143 0.021904761904761906
1 0.7885714285714286 0.4514285714285714 0.017142857142857144 0.02095238095238095
9 0.7871428571428571 0.4533333333333333 0.03857142857142857 0.02095238095238095
0 0.9317857142857143 0.2742857142857143 0.020714285714285713 0.026666666666666665
1 0.9410714285714286 0.2780952380952381 0.009285714285714286 0.015238095238095238
4 0.6192857142857143 0.7266666666666667 0.04428571428571428 0.13523809523809524
1 0.7046428571428571 0.9119047619047619 0.020714285714285713 0.023809523809523808
1 0.6714285714285714 0.9419047619047619 0.02 0.030476190476190476
2 0.7032142857142857 0.9085714285714286 0.012142857142857143 0.05714285714285714
9 0.6714285714285714 0.9414285714285714 0.014285714285714285 0.06761904761904762
0 0.5003571428571428 0.7895238095238095 0.016428571428571428 0.02095238095238095
1 0.25142857142857145 0.7495238095238095 0.018571428571428572 0.02095238095238095
9 0.25392857142857145 0.75 0.03214285714285714 0.021904761904761906
3 0.4632142857142857 0.9614285714285714 0.04357142857142857 0.07714285714285714
4 0.06642857142857143 0.7066666666666667 0.09857142857142857 0.05333333333333333
4 0.49464285714285716 0.06619047619047619 0.035 0.10380952380952381
