0 0.5228571428571429 0.6573604060913705 0.007142857142857143 0.032994923857868015
8 0.5332142857142858 0.5697969543147208 0.08928571428571429 0.09644670050761421
3 0.4835714285714286 0.4911167512690355 0.027142857142857142 0.07868020304568528
0 0.5382142857142858 0.45050761421319796 0.0064285714285714285 0.03045685279187817
3 0.46535714285714286 0.32741116751269034 0.020714285714285713 0.07106598984771573
0 0.5107142857142857 0.274746192893401 0.005714285714285714 0.029187817258883246
0 0.5128571428571429 0.18083756345177662 0.007142857142857143 0.031725888324873094
3 0.4657142857142857 0.18083756345177662 0.018571428571428572 0.05710659898477157
0 0.38142857142857145 0.19606598984771573 0.007142857142857143 0.031725888324873094
0 0.2882142857142857 0.282994923857868 0.0064285714285714285 0.02284263959390863
0 0.3557142857142857 0.4175126903553299 0.008571428571428572 0.032994923857868015
0 0.35464285714285715 0.508248730964467 0.009285714285714286 0.031725888324873094
