3 0.5671428571428572 0.6628571428571428 0.03428571428571429 0.05714285714285714
3 0.5464285714285714 0.6090476190476191 0.027142857142857142 0.039047619047619046
3 0.2757142857142857 0.9042857142857142 0.10571428571428572 0.08857142857142856
8 0.49857142857142855 0.5014285714285714 0.03571428571428571 0.06380952380952382
4 0.525 0.5642857142857143 0.02857142857142857 0.04857142857142857
3 0.515 0.5438095238095239 0.025714285714285714 0.03238095238095238
3 0.48214285714285715 0.4228571428571429 0.011428571428571429 0.013333333333333332
3 0.4710714285714286 0.4014285714285714 0.010714285714285714 0.012380952380952381
3 0.4585714285714286 0.379047619047619 0.008571428571428572 0.009523809523809525
3 0.45 0.36428571428571427 0.007142857142857143 0.010476190476190476
3 0.3292857142857143 0.6585714285714286 0.05285714285714286 0.054285714285714284
3 0.3732142857142857 0.5952380952380952 0.02642857142857143 0.03238095238095238
3 0.2639285714285714 0.6895238095238095 0.056428571428571425 0.05904761904761905
3 0.17035714285714285 0.7333333333333333 0.05357142857142857 0.03619047619047619
4 0.8385714285714285 0.6580952380952381 0.05285714285714286 0.06857142857142857
3 0.48178571428571426 0.4623809523809524 0.016428571428571428 0.021904761904761906
4 0.33035714285714285 0.5261904761904762 0.02642857142857143 0.025714285714285714
3 0.3432142857142857 0.5128571428571429 0.02642857142857143 0.02761904761904762
0 0.3742857142857143 0.7404761904761905 0.011428571428571429 0.03333333333333333
0 0.35535714285714287 0.8404761904761905 0.013571428571428571 0.03142857142857143
0 0.31285714285714283 0.8361904761904762 0.012857142857142857 0.03619047619047619
0 0.32071428571428573 0.7347619047619047 0.011428571428571429 0.03142857142857143
0 0.37857142857142856 0.7361904761904762 0.012857142857142857 0.03238095238095238
1 0.3142857142857143 0.8119047619047619 0.015714285714285715 0.025714285714285714
9 0.31785714285714284 0.82 0.027142857142857142 0.02857142857142857
0 0.2832142857142857 0.9766666666666667 0.015 0.04285714285714286
0 0.3057142857142857 0.9761904761904762 0.015714285714285715 0.0419047619047619
1 0.42142857142857143 0.6319047619047619 0.01 0.02
2 0.42142857142857143 0.6390476190476191 0.01 0.026666666666666665
3 0.2642857142857143 0.590952380952381 0.02142857142857143 0.037142857142857144
3 0.2885714285714286 0.5871428571428572 0.02857142857142857 0.037142857142857144
3 0.31214285714285717 0.5795238095238096 0.025714285714285714 0.039047619047619046
3 0.9839285714285714 0.7328571428571429 0.03214285714285714 0.04476190476190476
2 0.7757142857142857 0.7452380952380953 0.025714285714285714 0.023809523809523808
0 0.7789285714285714 0.7433333333333333 0.010714285714285714 0.035238095238095235
