0 0.25875 0.7949999999999999 0.025500000000000002 0.06733333333333333
3 0.4535 0.9366666666666666 0.17 0.12666666666666665
3 0.47200000000000003 0.855 0.155 0.11533333333333333
3 0.5145 0.696 0.11 0.08933333333333333
9 0.28075 0.497 0.0275 0.02733333333333333
9 0.28450000000000003 0.48533333333333334 0.023 0.030666666666666665
2 0.31875000000000003 0.4693333333333333 0.0245 0.029333333333333333
2 0.3385 0.4583333333333333 0.02 0.03
9 0.358 0.4473333333333333 0.018000000000000002 0.026666666666666665
3 0.43475 0.42666666666666664 0.0625 0.042666666666666665
3 0.608 0.4553333333333333 0.079 0.04666666666666666
3 0.51425 0.379 0.0495 0.033999999999999996
4 0.64 0.39999999999999997 0.049 0.076
3 0.57225 0.27999999999999997 0.0225 0.022666666666666665
3 0.6465 0.3163333333333333 0.036000000000000004 0.02333333333333333
3 0.651 0.30766666666666664 0.044 0.02333333333333333
3 0.5655 0.2523333333333333 0.025 0.018
3 0.582 0.25166666666666665 0.025 0.018
3 0.5952500000000001 0.249 0.0285 0.018
3 0.60375 0.24333333333333332 0.0315 0.016
3 0.65325 0.28833333333333333 0.0425 0.022
3 0.663 0.283 0.048 0.019333333333333334
4 0.6635 0.26566666666666666 0.043000000000000003 0.022
4 0.669 0.24433333333333332 0.036000000000000004 0.019333333333333334
3 0.671 0.24066666666666667 0.031 0.014666666666666666
3 0.67675 0.22966666666666666 0.0305 0.016666666666666666
4 0.674 0.22333333333333333 0.028 0.012
9 0.63275 0.21433333333333332 0.0055 0.008666666666666666
6 0.617 0.21666666666666665 0.016 0.010666666666666666
4 0.66225 0.16466666666666666 0.0075 0.010666666666666666
3 0.89325 0.32466666666666666 0.0305 0.034666666666666665
4 0.6595 0.182 0.009000000000000001 0.010666666666666666
3 0.6495 0.18233333333333332 0.008 0.01
3 0.65525 0.179 0.0135 0.01
4 0.87975 0.269 0.0195 0.026
3 0.86075 0.28099999999999997 0.0235 0.028666666666666667
3 0.8345 0.223 0.015 0.014
3 0.82125 0.21433333333333332 0.0135 0.014
5 0.80175 0.19466666666666665 0.0195 0.034666666666666665
3 0.802 0.183 0.018000000000000002 0.018
5 0.7785 0.17566666666666667 0.012 0.019333333333333334
3 0.7835 0.17166666666666666 0.009000000000000001 0.014
3 0.77675 0.16799999999999998 0.0105 0.012
