0 0.5757142857142857 0.6323809523809524 0.012857142857142857 0.024761904761904763
0 0.5792857142857143 0.5428571428571428 0.012857142857142857 0.013333333333333332
0 0.5925 0.048095238095238094 0.012142857142857143 0.035238095238095235
0 0.6035714285714285 0.04523809523809524 0.01 0.03142857142857143
0 0.5946428571428571 0.015714285714285715 0.015 0.03142857142857143
9 0.5928571428571429 0.5085714285714286 0.018571428571428572 0.03428571428571429
0 0.5703571428571429 0.780952380952381 0.010714285714285714 0.022857142857142857
9 0.5975 0.8428571428571429 0.03214285714285714 0.0380952380952381
1 0.5978571428571429 0.8414285714285714 0.017142857142857144 0.02
0 0.5285714285714286 0.9314285714285714 0.012857142857142857 0.03428571428571429
0 0.2507142857142857 0.9833333333333333 0.02142857142857143 0.025714285714285714
