3 0.3028571428571429 0.2580952380952381 0.05714285714285714 0.07809523809523809
3 0.39964285714285713 0.3142857142857143 0.056428571428571425 0.06857142857142857
3 0.2725 0.9857142857142858 0.060714285714285714 0.02857142857142857
3 0.29714285714285715 0.9261904761904762 0.05857142857142857 0.07333333333333333
3 0.3192857142857143 0.8042857142857143 0.06571428571428571 0.07714285714285714
3 0.37357142857142855 0.8709523809523809 0.054285714285714284 0.07523809523809524
3 0.4610714285714286 0.9223809523809524 0.04642857142857143 0.09428571428571429
3 0.5132142857142857 0.8852380952380953 0.04214285714285714 0.09238095238095238
3 0.4932142857142857 0.8166666666666667 0.05357142857142857 0.09428571428571429
3 0.5292857142857142 0.9757142857142858 0.025714285714285714 0.04857142857142857
3 0.6760714285714285 0.9371428571428572 0.06357142857142857 0.08952380952380952
0 0.5689285714285715 0.910952380952381 0.009285714285714286 0.012380952380952381
0 0.5739285714285715 0.9023809523809524 0.005 0.008571428571428572
0 0.6057142857142858 0.9257142857142857 0.007142857142857143 0.011428571428571429
0 0.6210714285714286 0.9061904761904762 0.009285714285714286 0.018095238095238095
0 0.6321428571428571 0.9471428571428572 0.01 0.012380952380952381
0 0.6814285714285714 0.8514285714285714 0.011428571428571429 0.013333333333333332
9 0.6042857142857143 0.6333333333333333 0.007142857142857143 0.024761904761904763
9 0.5971428571428572 0.6238095238095238 0.017142857142857144 0.026666666666666665
0 0.585 0.5747619047619048 0.01 0.014285714285714285
2 0.5446428571428571 0.49952380952380954 0.009285714285714286 0.03142857142857143
1 0.5442857142857143 0.4990476190476191 0.008571428571428572 0.017142857142857144
0 0.5357142857142857 0.46095238095238095 0.01 0.011428571428571429
0 0.5764285714285714 0.47095238095238096 0.008571428571428572 0.012380952380952381
9 0.6171428571428571 0.1957142857142857 0.012857142857142857 0.03333333333333333
4 0.6503571428571429 0.1461904761904762 0.05357142857142857 0.07142857142857142
3 0.7607142857142857 0.015714285714285715 0.03857142857142857 0.03142857142857143
