4 0.5403571428571429 0.8333333333333334 0.030714285714285715 0.07238095238095238
4 0.25892857142857145 0.4342857142857143 0.019285714285714285 0.03428571428571429
5 0.2735714285714286 0.439047619047619 0.017142857142857144 0.0419047619047619
5 0.5232142857142857 0.3780952380952381 0.017857142857142856 0.05523809523809524
5 0.8596428571428572 0.32666666666666666 0.05357142857142857 0.08
5 0.9164285714285715 0.3238095238095238 0.037142857142857144 0.05714285714285714
5 0.9714285714285714 0.3919047619047619 0.05714285714285714 0.04476190476190476
3 0.5789285714285715 0.5847619047619048 0.02642857142857143 0.045714285714285714
3 0.2892857142857143 0.44142857142857145 0.015714285714285715 0.03142857142857143
3 0.48678571428571427 0.14523809523809525 0.0064285714285714285 0.012380952380952381
3 0.4882142857142857 0.09333333333333334 0.0064285714285714285 0.011428571428571429
3 0.23 0.3171428571428571 0.011428571428571429 0.02095238095238095
3 0.2732142857142857 0.3119047619047619 0.015 0.023809523809523808
9 0.5275 0.44952380952380955 0.007857142857142858 0.017142857142857144
9 0.5007142857142857 0.4023809523809524 0.007142857142857143 0.014285714285714285
2 0.46464285714285714 0.3080952380952381 0.009285714285714286 0.012380952380952381
2 0.49535714285714283 0.29714285714285715 0.005 0.011428571428571429
1 0.5271428571428571 0.44761904761904764 0.004285714285714286 0.011428571428571429
1 0.5003571428571428 0.4023809523809524 0.005 0.012380952380952381
1 0.465 0.30666666666666664 0.004285714285714286 0.009523809523809525
1 0.4957142857142857 0.2957142857142857 0.004285714285714286 0.008571428571428572
5 0.5078571428571429 0.7257142857142858 0.032857142857142856 0.07047619047619047
0 0.5232142857142857 0.7047619047619048 0.005 0.02095238095238095
