6 0.40683716075156573 0.8668831168831169 0.01826722338204593 0.03803339517625232
6 0.5365344467640918 0.7625231910946196 0.016701461377870562 0.04452690166975881
6 0.4313674321503131 0.6651205936920223 0.013048016701461376 0.03896103896103896
9 0.43345511482254695 0.687847866419295 0.010960334029227557 0.02319109461966605
7 0.4514613778705636 0.6836734693877551 0.029227557411273482 0.0352504638218924
7 0.5673277661795406 0.8761595547309833 0.016701461377870562 0.05102040816326531
7 0.5519311064718162 0.6961966604823748 0.015135699373695197 0.039888682745825604
7 0.5284446764091858 0.6298701298701299 0.02453027139874739 0.03153988868274583
7 0.5122651356993736 0.5681818181818182 0.009916492693110646 0.030612244897959183
0 0.5307933194154488 0.6943413729128015 0.006263048016701461 0.030612244897959183
1 0.5268789144050103 0.9318181818181819 0.013048016701461376 0.0287569573283859
1 0.5394050104384133 0.9039888682745826 0.008872651356993735 0.01948051948051948
7 0.5446242171189979 0.9165120593692022 0.008872651356993735 0.03153988868274583
9 0.5292275574112735 0.8325602968460112 0.009394572025052192 0.030612244897959183
0 0.5884655532359081 0.8812615955473099 0.006784968684759916 0.03339517625231911
1 0.5566283924843424 0.602504638218924 0.006784968684759916 0.0176252319109462
1 0.5694154488517744 0.5923005565862709 0.006263048016701461 0.015769944341372914
1 0.5263569937369519 0.5732838589981447 0.006784968684759916 0.012987012987012988
1 0.5268789144050103 0.5667903525046383 0.006784968684759916 0.012987012987012988
1 0.539144050104384 0.5371057513914657 0.006263048016701461 0.01855287569573284
1 0.5490605427974947 0.5315398886827458 0.005219206680584551 0.016697588126159554
1 0.531054279749478 0.550556586270872 0.004697286012526096 0.012059369202226345
1 0.5289665970772442 0.5431354359925789 0.004697286012526096 0.010204081632653062
1 0.5268789144050103 0.50139146567718 0.0057411273486430055 0.0176252319109462
1 0.5135699373695198 0.4888682745825603 0.0073068893528183704 0.016697588126159554
1 0.5240083507306889 0.6567717996289425 0.006263048016701461 0.014842300556586271
1 0.5255741127348642 0.648886827458256 0.0073068893528183704 0.013914656771799629
6 0.5386221294363256 0.5964749536178108 0.009394572025052192 0.03153988868274583
6 0.5673277661795406 0.5932282003710575 0.015657620041753653 0.0287569573283859
6 0.4997390396659707 0.5579777365491652 0.010960334029227557 0.030612244897959183
9 0.5396659707724425 0.5408163265306123 0.006263048016701461 0.016697588126159554
9 0.549321503131524 0.536178107606679 0.0057411273486430055 0.01855287569573284
9 0.5161795407098121 0.5102040816326531 0.009394572025052192 0.01855287569573284
9 0.5276617954070981 0.5055658627087198 0.009394572025052192 0.016697588126159554
7 0.47051148225469724 0.4967532467532468 0.014091858037578286 0.02319109461966605
7 0.4655532359081419 0.45964749536178107 0.014613778705636741 0.021335807050092765
9 0.539144050104384 0.4735621521335807 0.006263048016701461 0.0176252319109462
4 0.532098121085595 0.4197588126159555 0.012004175365344467 0.03246753246753247
3 0.551670146137787 0.37012987012987014 0.011482254697286011 0.022263450834879406
3 0.5490605427974947 0.3552875695732839 0.010438413361169102 0.020408163265306124
6 0.5247912317327765 0.349721706864564 0.0057411273486430055 0.016697588126159554
6 0.5213987473903966 0.40584415584415584 0.0073068893528183704 0.0176252319109462
6 0.5093945720250521 0.40213358070500926 0.011482254697286011 0.015769944341372914
7 0.5362734864300626 0.4049165120593692 0.008872651356993735 0.02319109461966605
7 0.5430584551148225 0.39285714285714285 0.009916492693110646 0.01948051948051948
7 0.5156576200417536 0.37662337662337664 0.008350730688935281 0.01855287569573284
7 0.5010438413361169 0.3715213358070501 0.015657620041753653 0.021335807050092765
7 0.5341858037578288 0.2017625231910946 0.0057411273486430055 0.012059369202226345
1 0.5247912317327765 0.3455473098330241 0.004697286012526096 0.010204081632653062
0 0.5242693110647181 0.400278293135436 0.0036534446764091852 0.0176252319109462
0 0.521920668058455 0.3974953617810761 0.0041753653444676405 0.015769944341372914
0 0.5164405010438413 0.4007421150278293 0.0036534446764091852 0.016697588126159554
9 0.5211377870563674 0.39888682745825604 0.004697286012526096 0.011131725417439703
6 0.5529749478079331 0.3877551020408163 0.012004175365344467 0.00927643784786642
6 0.5542797494780792 0.3942486085343228 0.008350730688935281 0.012987012987012988
9 0.5662839248434237 0.39192949907235625 0.009394572025052192 0.012059369202226345
9 0.5618475991649269 0.40166975881261596 0.010960334029227557 0.011131725417439703
2 0.5553235908141961 0.4030612244897959 0.005219206680584551 0.010204081632653062
2 0.5592379958246346 0.4044526901669759 0.0057411273486430055 0.014842300556586271
1 0.5514091858037578 0.41465677179962895 0.004697286012526096 0.011131725417439703
1 0.5579331941544885 0.4165120593692022 0.0041753653444676405 0.011131725417439703
6 0.5587160751565762 0.4225417439703154 0.014091858037578286 0.0176252319109462
1 0.5169624217118998 0.4160482374768089 0.0036534446764091852 0.012059369202226345
2 0.5169624217118998 0.41697588126159557 0.008872651356993735 0.010204081632653062
0 0.45302713987473897 0.4220779220779221 0.006263048016701461 0.01855287569573284
1 0.548277661795407 0.41187384044526903 0.0036534446764091852 0.012987012987012988
1 0.5456680584551148 0.41419294990723565 0.004697286012526096 0.012059369202226345
6 0.47938413361169097 0.4155844155844156 0.009916492693110646 0.02411873840445269
6 0.5715031315240083 0.4536178107606679 0.012526096033402922 0.03153988868274583
