3 0.325 0.39904761904761904 0.03142857142857143 0.0761904761904762
3 0.48928571428571427 0.26 0.024285714285714285 0.05904761904761905
3 0.5242857142857142 0.16285714285714287 0.037142857142857144 0.0419047619047619
3 0.4517857142857143 0.1519047619047619 0.020714285714285713 0.039047619047619046
3 0.4139285714285714 0.1361904761904762 0.027857142857142858 0.047619047619047616
3 0.38821428571428573 0.05 0.025 0.040952380952380955
3 0.6103571428571428 0.04666666666666667 0.04357142857142857 0.02857142857142857
3 0.8557142857142858 0.02095238095238095 0.04428571428571428 0.03238095238095238
3 0.3392857142857143 0.1657142857142857 0.022857142857142857 0.047619047619047616
3 0.3242857142857143 0.06761904761904762 0.024285714285714285 0.047619047619047616
3 0.21642857142857141 0.08904761904761904 0.045714285714285714 0.040952380952380955
4 0.32785714285714285 0.24619047619047618 0.024285714285714285 0.06380952380952382
3 0.30357142857142855 0.13380952380952382 0.02142857142857143 0.04666666666666667
3 0.38857142857142857 0.9014285714285715 0.04428571428571428 0.12095238095238095
8 0.3296428571428571 0.6366666666666667 0.05928571428571429 0.28095238095238095
0 0.16071428571428573 0.74 0.02 0.02095238095238095
0 0.15285714285714286 0.8714285714285714 0.02142857142857143 0.02095238095238095
0 0.17607142857142857 0.17857142857142858 0.015 0.025714285714285714
0 0.15428571428571428 0.17666666666666667 0.015714285714285715 0.02
0 0.18357142857142858 0.12761904761904763 0.011428571428571429 0.024761904761904763
0 0.5285714285714286 0.3028571428571429 0.011428571428571429 0.024761904761904763
0 0.5421428571428571 0.27666666666666667 0.01 0.021904761904761906
0 0.6146428571428572 0.27285714285714285 0.009285714285714286 0.02761904761904762
0 0.1382142857142857 0.05380952380952381 0.010714285714285714 0.021904761904761906
0 0.15821428571428572 0.0380952380952381 0.010714285714285714 0.022857142857142857
0 0.195 0.056666666666666664 0.011428571428571429 0.023809523809523808
0 0.2017857142857143 0.05523809523809524 0.010714285714285714 0.026666666666666665
1 0.23214285714285715 0.05761904761904762 0.007142857142857143 0.01619047619047619
1 0.20785714285714285 0.02142857142857143 0.008571428571428572 0.01619047619047619
9 0.20964285714285713 0.024761904761904763 0.013571428571428571 0.017142857142857144
9 0.23357142857142857 0.06142857142857143 0.01 0.01619047619047619
0 0.1432142857142857 0.3142857142857143 0.013571428571428571 0.017142857142857144
0 0.13214285714285715 0.3 0.011428571428571429 0.02095238095238095
1 0.17214285714285715 0.3061904761904762 0.008571428571428572 0.01619047619047619
0 0.7889285714285714 0.8457142857142858 0.015 0.02095238095238095
0 0.7285714285714285 0.579047619047619 0.018571428571428572 0.022857142857142857
0 0.7225 0.5552380952380952 0.019285714285714285 0.02095238095238095
0 0.7271428571428571 0.5728571428571428 0.02 0.021904761904761906
1 0.6342857142857142 0.26857142857142857 0.01 0.015238095238095238
1 0.6407142857142857 0.24142857142857144 0.008571428571428572 0.014285714285714285
1 0.6432142857142857 0.2338095238095238 0.009285714285714286 0.01619047619047619
0 0.5685714285714286 0.11666666666666667 0.007142857142857143 0.023809523809523808
0 0.5589285714285714 0.12238095238095238 0.0064285714285714285 0.023809523809523808
0 0.5589285714285714 0.10761904761904761 0.0064285714285714285 0.022857142857142857
0 0.5578571428571428 0.09571428571428571 0.007142857142857143 0.018095238095238095
0 0.5582142857142857 0.08952380952380952 0.005 0.022857142857142857
0 0.5760714285714286 0.09476190476190476 0.007857142857142858 0.02761904761904762
1 0.5982142857142857 0.12142857142857143 0.0064285714285714285 0.018095238095238095
2 0.5985714285714285 0.13 0.01 0.023809523809523808
8 0.6135714285714285 0.015714285714285715 0.10857142857142857 0.03142857142857143
3 0.7382142857142857 0.012380952380952381 0.05357142857142857 0.024761904761904763
3 0.28285714285714286 0.014285714285714285 0.02142857142857143 0.02857142857142857
