3 0.5015000000000001 0.843 0.044 0.11266666666666666
3 0.56925 0.8653333333333333 0.0495 0.10933333333333332
3 0.581 0.761 0.038 0.06733333333333333
3 0.17550000000000002 0.7516666666666666 0.049 0.09266666666666666
3 0.17325000000000002 0.6673333333333333 0.0445 0.08
3 0.22525 0.5936666666666667 0.0455 0.066
3 0.2665 0.5516666666666666 0.06 0.04466666666666667
9 0.0635 0.383 0.019 0.016666666666666666
3 0.12625 0.36566666666666664 0.0445 0.03133333333333333
3 0.2015 0.39366666666666666 0.034 0.041999999999999996
3 0.09225 0.18633333333333332 0.0195 0.019333333333333334
3 0.15 0.182 0.012 0.017333333333333333
4 0.13525 0.157 0.0155 0.018
3 0.04025 0.17133333333333334 0.025500000000000002 0.016
4 0.1965 0.32366666666666666 0.045 0.03933333333333333
4 0.246 0.30333333333333334 0.044 0.034666666666666665
3 0.31025 0.28633333333333333 0.0365 0.02333333333333333
3 0.35625 0.266 0.0275 0.030666666666666665
4 0.353 0.243 0.019 0.03
4 0.35825 0.22033333333333333 0.0155 0.03
4 0.36125 0.14866666666666667 0.0145 0.026666666666666665
4 0.35775 0.13433333333333333 0.0095 0.015333333333333332
4 0.36 0.174 0.015 0.02
3 0.26 0.17666666666666667 0.011 0.017333333333333333
3 0.2935 0.17333333333333334 0.013000000000000001 0.018666666666666665
3 0.276 0.176 0.012 0.022666666666666665
3 0.3085 0.17433333333333334 0.012 0.015333333333333332
3 0.8905000000000001 0.35 0.049 0.025333333333333333
3 0.94575 0.35266666666666663 0.0425 0.022666666666666665
0 0.82975 0.3443333333333333 0.0055 0.020666666666666667
2 0.8105 0.3993333333333333 0.01 0.021333333333333333
3 0.6865 0.33466666666666667 0.041 0.026666666666666665
3 0.6465 0.317 0.036000000000000004 0.024666666666666667
3 0.6125 0.30266666666666664 0.036000000000000004 0.022666666666666665
1 0.608 0.315 0.007 0.014
9 0.60825 0.31966666666666665 0.0115 0.015333333333333332
1 0.58875 0.30333333333333334 0.0055 0.014666666666666666
2 0.58775 0.30766666666666664 0.0115 0.014
3 0.5317500000000001 0.27899999999999997 0.0305 0.022
3 0.50125 0.24533333333333332 0.0165 0.021333333333333333
3 0.47800000000000004 0.18433333333333332 0.014 0.015333333333333332
0 0.05425 0.145 0.0055 0.012666666666666666
0 0.078 0.159 0.006 0.014
0 0.08575 0.15966666666666665 0.0055 0.012666666666666666
0 0.09375 0.158 0.0045000000000000005 0.014666666666666666
0 0.0425 0.126 0.004 0.012
3 0.29125 0.09 0.0135 0.009333333333333332
3 0.29375 0.09666666666666666 0.0085 0.009333333333333332
3 0.30175 0.102 0.0085 0.009333333333333332
3 0.3055 0.112 0.008 0.010666666666666666
3 0.2975 0.11666666666666667 0.008 0.010666666666666666
3 0.314 0.09566666666666666 0.008 0.01
