3 0.15107142857142858 0.9171428571428571 0.1407142857142857 0.13904761904761906
3 0.30178571428571427 0.8228571428571428 0.12071428571428572 0.12761904761904763
3 0.42928571428571427 0.7633333333333333 0.10142857142857142 0.11523809523809524
3 0.3675 0.9428571428571428 0.135 0.11428571428571428
3 0.055357142857142855 0.42333333333333334 0.08214285714285714 0.058095238095238096
3 0.19464285714285715 0.37666666666666665 0.07071428571428572 0.04476190476190476
3 0.29928571428571427 0.26476190476190475 0.04 0.0380952380952381
3 0.43857142857142856 0.25142857142857145 0.045714285714285714 0.03238095238095238
3 0.5417857142857143 0.589047619047619 0.07785714285714286 0.06952380952380953
3 0.5875 0.6166666666666667 0.08642857142857142 0.07714285714285714
3 0.7196428571428571 0.7719047619047619 0.10357142857142858 0.12285714285714286
3 0.7607142857142857 0.7352380952380952 0.09571428571428571 0.12
3 0.7860714285714285 0.680952380952381 0.08928571428571429 0.10285714285714286
3 0.8125 0.6519047619047619 0.09214285714285714 0.1
3 0.8517857142857143 0.6266666666666667 0.08928571428571429 0.09142857142857143
3 0.8735714285714286 0.6047619047619047 0.08714285714285715 0.09333333333333334
3 0.8985714285714286 0.5833333333333334 0.08571428571428572 0.08666666666666667
3 0.9607142857142857 0.5323809523809524 0.05714285714285714 0.06095238095238095
3 0.9717857142857143 0.5171428571428571 0.056428571428571425 0.06857142857142857
3 0.9814285714285714 0.4780952380952381 0.037142857142857144 0.04
3 0.9767857142857143 0.4442857142857143 0.04642857142857143 0.05047619047619047
3 0.6182142857142857 0.5414285714285715 0.06928571428571428 0.06190476190476191
3 0.6828571428571428 0.5495238095238095 0.06571428571428571 0.05714285714285714
3 0.7392857142857143 0.5009523809523809 0.06 0.05523809523809524
3 0.7125 0.46190476190476193 0.065 0.049523809523809526
3 0.3964285714285714 0.4280952380952381 0.08714285714285715 0.06190476190476191
3 0.6817857142857143 0.3028571428571429 0.030714285714285715 0.03238095238095238
3 0.9217857142857143 0.13476190476190475 0.020714285714285713 0.018095238095238095
0 0.7717857142857143 0.16238095238095238 0.0064285714285714285 0.021904761904761906
0 0.12428571428571429 0.3647619047619048 0.012857142857142857 0.030476190476190476
0 0.8910714285714286 0.1376190476190476 0.0064285714285714285 0.02
0 0.34964285714285714 0.89 0.016428571428571428 0.037142857142857144
4 0.6492857142857142 0.6704761904761904 0.07857142857142857 0.08571428571428572
4 0.9307142857142857 0.5485714285714286 0.07857142857142857 0.08571428571428572
5 0.2825 0.33095238095238094 0.085 0.07904761904761905
8 0.9525 0.11904761904761904 0.055 0.0380952380952381
3 0.5932142857142857 0.11095238095238096 0.03214285714285714 0.014285714285714285
4 0.55 0.17714285714285713 0.018571428571428572 0.022857142857142857
4 0.7989285714285714 0.4542857142857143 0.06928571428571428 0.05904761904761905
0 0.8692857142857143 0.17 0.008571428571428572 0.018095238095238095
