5 0.18175 0.8983333333333333 0.1835 0.20333333333333334
5 0.50625 0.6603333333333333 0.0795 0.19799999999999998
5 0.5235 0.9113333333333333 0.09 0.17733333333333332
5 0.56975 0.348 0.0925 0.224
5 0.57225 0.11866666666666666 0.0995 0.09999999999999999
3 0.3 0.43666666666666665 0.058 0.132
3 0.333 0.095 0.028 0.054
3 0.3425 0.050666666666666665 0.026000000000000002 0.048
3 0.4565 0.04533333333333333 0.044 0.04
3 0.5367500000000001 0.05533333333333333 0.059500000000000004 0.03733333333333333
5 0.5720000000000001 0.12066666666666666 0.098 0.09999999999999999
3 0.6395000000000001 0.045 0.056 0.03933333333333333
3 0.646 0.08766666666666667 0.056 0.03933333333333333
4 0.526 0.181 0.036000000000000004 0.08333333333333333
6 0.4655 0.22133333333333333 0.026000000000000002 0.076
3 0.34175 0.014 0.0275 0.028
0 0.45925 0.7323333333333333 0.0225 0.046
0 0.4655 0.6336666666666666 0.018000000000000002 0.04466666666666667
0 0.45725 0.5956666666666667 0.0175 0.04466666666666667
0 0.45675 0.47 0.0145 0.04666666666666666
0 0.4275 0.439 0.015 0.04733333333333333
0 0.40725 0.428 0.0145 0.04666666666666666
0 0.3535 0.42433333333333334 0.021 0.051333333333333335
0 0.164 0.6576666666666666 0.029 0.048666666666666664
0 0.49275 0.22633333333333333 0.0105 0.038
9 0.39325 0.15033333333333332 0.0125 0.03
9 0.41425 0.016666666666666666 0.0085 0.022666666666666665
2 0.42125 0.05533333333333333 0.0105 0.028
2 0.369 0.027666666666666666 0.01 0.02333333333333333
0 0.4215 0.048999999999999995 0.012 0.033999999999999996
0 0.36825 0.019666666666666666 0.0105 0.03266666666666666
0 0.39325 0.14433333333333334 0.0115 0.033999999999999996
0 0.3935 0.14766666666666667 0.01 0.02333333333333333
0 0.41400000000000003 0.012333333333333333 0.01 0.024666666666666667
4 0.5750000000000001 0.022666666666666665 0.057 0.04
