7 0.5489285714285714 0.8676190476190476 0.023571428571428573 0.0761904761904762
1 0.5464285714285714 0.8747619047619047 0.014285714285714285 0.02
4 0.6153571428571428 0.61 0.03357142857142857 0.11523809523809524
4 0.6025 0.40714285714285714 0.016428571428571428 0.04476190476190476
4 0.5875 0.24571428571428572 0.017857142857142856 0.04380952380952381
4 0.5825 0.1619047619047619 0.013571428571428571 0.05523809523809524
9 0.575 0.20714285714285716 0.005714285714285714 0.018095238095238095
1 0.575 0.20952380952380953 0.004285714285714286 0.005714285714285714
0 0.45964285714285713 0.25 0.0035714285714285713 0.012380952380952381
4 0.5289285714285714 0.23 0.010714285714285714 0.021904761904761906
0 0.6139285714285714 0.15904761904761905 0.002142857142857143 0.007619047619047619
0 0.5692857142857143 0.13333333333333333 0.002857142857142857 0.009523809523809525
3 0.5867857142857142 0.12761904761904763 0.009285714285714286 0.009523809523809525
3 0.6003571428571428 0.11476190476190476 0.010714285714285714 0.008571428571428572
0 0.6246428571428572 0.12476190476190477 0.002142857142857143 0.005714285714285714
4 0.5146428571428572 0.17047619047619048 0.019285714285714285 0.011428571428571429
3 0.46785714285714286 0.19285714285714287 0.014285714285714285 0.01619047619047619
2 0.5092857142857142 0.15857142857142856 0.007142857142857143 0.006666666666666666
1 0.5085714285714286 0.15571428571428572 0.004285714285714286 0.004761904761904762
9 0.5342857142857143 0.15333333333333332 0.011428571428571429 0.009523809523809525
1 0.5314285714285715 0.15428571428571428 0.002857142857142857 0.007619047619047619
0 0.5253571428571429 0.10238095238095238 0.002142857142857143 0.006666666666666666
9 0.5228571428571429 0.09904761904761905 0.004285714285714286 0.005714285714285714
1 0.5217857142857143 0.0980952380952381 0.002142857142857143 0.005714285714285714
3 0.5057142857142857 0.10285714285714286 0.014285714285714285 0.009523809523809525
3 0.45785714285714285 0.11428571428571428 0.014285714285714285 0.007619047619047619
3 0.4592857142857143 0.10857142857142857 0.014285714285714285 0.007619047619047619
3 0.46035714285714285 0.10476190476190476 0.013571428571428571 0.007619047619047619
3 0.4539285714285714 0.1019047619047619 0.010714285714285714 0.005714285714285714
3 0.4667857142857143 0.0980952380952381 0.012142857142857143 0.009523809523809525
3 0.43107142857142855 0.10904761904761905 0.012142857142857143 0.006666666666666666
3 0.42964285714285716 0.11333333333333333 0.015 0.007619047619047619
3 0.4282142857142857 0.12142857142857143 0.013571428571428571 0.012380952380952381
3 0.4546428571428571 0.12857142857142856 0.016428571428571428 0.007619047619047619
3 0.4275 0.07285714285714286 0.0035714285714285713 0.008571428571428572
3 0.4714285714285714 0.08047619047619048 0.004285714285714286 0.008571428571428572
3 0.4667857142857143 0.0719047619047619 0.0064285714285714285 0.008571428571428572
3 0.45714285714285713 0.07238095238095238 0.004285714285714286 0.005714285714285714
3 0.49857142857142855 0.012380952380952381 0.004285714285714286 0.005714285714285714
3 0.5035714285714286 0.011428571428571429 0.004285714285714286 0.005714285714285714
4 0.5135714285714286 0.017619047619047618 0.005714285714285714 0.004761904761904762
5 0.5289285714285714 0.034761904761904765 0.010714285714285714 0.018095238095238095
5 0.5153571428571428 0.037142857142857144 0.007857142857142858 0.011428571428571429
3 0.9007142857142857 0.25333333333333335 0.03142857142857143 0.013333333333333332
3 0.8957142857142857 0.24619047619047618 0.027142857142857142 0.012380952380952381
3 0.8860714285714286 0.23476190476190475 0.025 0.014285714285714285
3 0.835 0.14285714285714285 0.015714285714285715 0.011428571428571429
3 0.8489285714285715 0.14952380952380953 0.009285714285714286 0.013333333333333332
3 0.9435714285714286 0.16666666666666666 0.024285714285714285 0.011428571428571429
3 0.915 0.2057142857142857 0.015714285714285715 0.01904761904761905
3 0.7207142857142858 0.13095238095238096 0.008571428571428572 0.008571428571428572
3 0.6867857142857143 0.08619047619047619 0.0064285714285714285 0.008571428571428572
3 0.7078571428571429 0.11095238095238096 0.008571428571428572 0.008571428571428572
3 0.6496428571428572 0.04857142857142857 0.0064285714285714285 0.005714285714285714
3 0.87 0.21333333333333332 0.024285714285714285 0.013333333333333332
3 0.8760714285714286 0.22380952380952382 0.02642857142857143 0.011428571428571429
3 0.88 0.22714285714285715 0.027142857142857142 0.012380952380952381
4 0.9696428571428571 0.21047619047619048 0.025 0.01904761904761905
9 0.9285714285714286 0.2042857142857143 0.011428571428571429 0.006666666666666666
9 0.9339285714285714 0.21 0.009285714285714286 0.010476190476190476
8 0.7410714285714286 0.1319047619047619 0.013571428571428571 0.029523809523809525
8 0.6807142857142857 0.05761904761904762 0.011428571428571429 0.014285714285714285
8 0.6589285714285714 0.040952380952380955 0.010714285714285714 0.015238095238095238
4 0.67 0.06333333333333334 0.017142857142857144 0.023809523809523808
4 0.6975 0.09619047619047619 0.012142857142857143 0.013333333333333332
4 0.7035714285714286 0.08523809523809524 0.008571428571428572 0.008571428571428572
4 0.7821428571428571 0.11714285714285715 0.017142857142857144 0.009523809523809525
3 0.72 0.10428571428571429 0.01 0.006666666666666666
7 0.9228571428571428 0.14666666666666667 0.015714285714285715 0.013333333333333332
9 0.9667857142857142 0.15761904761904763 0.010714285714285714 0.008571428571428572
9 0.9835714285714285 0.16238095238095238 0.005714285714285714 0.008571428571428572
1 0.9853571428571428 0.16047619047619047 0.0035714285714285713 0.006666666666666666
1 0.9685714285714285 0.15571428571428572 0.002857142857142857 0.008571428571428572
0 0.8607142857142858 0.13428571428571429 0.004285714285714286 0.007619047619047619
1 0.7542857142857143 0.16238095238095238 0.002857142857142857 0.006666666666666666
1 0.7482142857142857 0.1680952380952381 0.0035714285714285713 0.008571428571428572
1 0.7621428571428571 0.15666666666666668 0.002857142857142857 0.006666666666666666
1 0.7282142857142857 0.11714285714285715 0.002142857142857143 0.0038095238095238095
1 0.7146428571428571 0.14714285714285713 0.0035714285714285713 0.004761904761904762
9 0.7467857142857143 0.17 0.007857142857142858 0.006666666666666666
9 0.7539285714285714 0.16476190476190475 0.009285714285714286 0.005714285714285714
9 0.7603571428571428 0.16 0.009285714285714286 0.005714285714285714
9 0.7278571428571429 0.12047619047619047 0.004285714285714286 0.004761904761904762
9 0.7146428571428571 0.14952380952380953 0.005 0.005714285714285714
0 0.8189285714285715 0.12714285714285714 0.0035714285714285713 0.008571428571428572
0 0.8621428571428571 0.11904761904761904 0.002857142857142857 0.007619047619047619
0 0.8421428571428572 0.09095238095238095 0.002857142857142857 0.006666666666666666
4 0.6532142857142857 0.058095238095238096 0.005 0.005714285714285714
4 0.7310714285714286 0.1 0.015 0.013333333333333332
4 0.7521428571428571 0.11142857142857143 0.02142857142857143 0.015238095238095238
4 0.7492857142857143 0.06142857142857143 0.011428571428571429 0.008571428571428572
4 0.7542857142857143 0.07476190476190477 0.012857142857142857 0.006666666666666666
3 0.7521428571428571 0.06857142857142857 0.01 0.009523809523809525
3 0.7503571428571428 0.08095238095238096 0.007857142857142858 0.007619047619047619
3 0.7442857142857143 0.08142857142857143 0.004285714285714286 0.008571428571428572
3 0.7382142857142857 0.07714285714285714 0.0035714285714285713 0.009523809523809525
3 0.805 0.07714285714285714 0.007142857142857143 0.007619047619047619
3 0.7971428571428572 0.07714285714285714 0.007142857142857143 0.007619047619047619
3 0.8128571428571428 0.07714285714285714 0.005714285714285714 0.007619047619047619
3 0.8442857142857143 0.11666666666666667 0.014285714285714285 0.006666666666666666
3 0.8414285714285714 0.11476190476190476 0.01 0.006666666666666666
3 0.8360714285714286 0.11190476190476191 0.013571428571428571 0.010476190476190476
3 0.8307142857142857 0.10666666666666666 0.011428571428571429 0.007619047619047619
4 0.8282142857142857 0.10333333333333333 0.015 0.010476190476190476
3 0.8217857142857142 0.10047619047619048 0.009285714285714286 0.008571428571428572
3 0.8178571428571428 0.09714285714285714 0.01 0.007619047619047619
3 0.815 0.09380952380952381 0.008571428571428572 0.006666666666666666
3 0.8096428571428571 0.0880952380952381 0.012142857142857143 0.006666666666666666
3 0.7928571428571428 0.08714285714285715 0.012857142857142857 0.006666666666666666
3 0.795 0.09095238095238095 0.011428571428571429 0.008571428571428572
3 0.7996428571428571 0.09428571428571429 0.012142857142857143 0.007619047619047619
3 0.8053571428571429 0.09761904761904762 0.016428571428571428 0.008571428571428572
3 0.8139285714285714 0.10714285714285714 0.017857142857142856 0.008571428571428572
3 0.8107142857142857 0.10428571428571429 0.015714285714285715 0.010476190476190476
3 0.7732142857142857 0.09333333333333334 0.010714285714285714 0.007619047619047619
3 0.7632142857142857 0.09285714285714286 0.010714285714285714 0.006666666666666666
3 0.7596428571428572 0.09 0.007857142857142858 0.006666666666666666
3 0.7685714285714286 0.09 0.011428571428571429 0.006666666666666666
3 0.7889285714285714 0.08238095238095237 0.0064285714285714285 0.008571428571428572
3 0.7957142857142857 0.08238095238095237 0.005714285714285714 0.008571428571428572
3 0.7814285714285715 0.08142857142857143 0.01 0.010476190476190476
3 0.7739285714285714 0.08190476190476191 0.009285714285714286 0.009523809523809525
3 0.7471428571428571 0.05142857142857143 0.007142857142857143 0.005714285714285714
3 0.7503571428571428 0.054285714285714284 0.0064285714285714285 0.005714285714285714
3 0.8560714285714286 0.09380952380952381 0.012142857142857143 0.008571428571428572
3 0.8578571428571429 0.08857142857142856 0.014285714285714285 0.005714285714285714
3 0.8467857142857143 0.08571428571428572 0.012142857142857143 0.007619047619047619
0 0.9510714285714286 0.22285714285714286 0.0064285714285714285 0.015238095238095238
4 0.6739285714285714 0.04 0.017857142857142856 0.009523809523809525
4 0.6842857142857143 0.03380952380952381 0.01 0.014285714285714285
4 0.6910714285714286 0.03238095238095238 0.007857142857142858 0.017142857142857144
3 0.675 0.027142857142857142 0.005714285714285714 0.004761904761904762
3 0.6075 0.007142857142857143 0.005 0.004761904761904762
