0 0.22464285714285714 0.44670050761421315 0.016428571428571428 0.035532994923857864
0 0.21428571428571427 0.46383248730964466 0.018571428571428572 0.05964467005076142
0 0.2567857142857143 0.8565989847715736 0.020714285714285713 0.032994923857868015
0 0.25535714285714284 0.8248730964467005 0.019285714285714285 0.027918781725888322
0 0.255 0.7982233502538071 0.02142857142857143 0.03045685279187817
0 0.2 0.6167512690355329 0.017142857142857144 0.04568527918781726
0 0.19214285714285714 0.572969543147208 0.015714285714285715 0.03934010152284264
0 0.18071428571428572 0.5704314720812182 0.014285714285714285 0.04695431472081218
0 0.7017857142857142 0.3362944162436548 0.009285714285714286 0.048223350253807105
0 0.6928571428571428 0.3369289340101523 0.01 0.052030456852791875
0 0.6789285714285714 0.02284263959390863 0.013571428571428571 0.04568527918781726
8 0.6139285714285714 0.20050761421319796 0.09785714285714285 0.3172588832487309
8 0.7664285714285715 0.8692893401015228 0.13285714285714287 0.25888324873096447
5 0.5921428571428572 0.649746192893401 0.10142857142857142 0.30203045685279184
2 0.5067857142857143 0.523477157360406 0.012142857142857143 0.05964467005076142
2 0.5064285714285715 0.41941624365482233 0.02 0.05964467005076142
2 0.4525 0.035532994923857864 0.012142857142857143 0.053299492385786795
1 0.5075 0.515228426395939 0.013571428571428571 0.04314720812182741
1 0.5046428571428572 0.41180203045685276 0.016428571428571428 0.04441624365482233
1 0.4514285714285714 0.03045685279187817 0.01 0.04568527918781726
0 0.4125 0.17956852791878172 0.013571428571428571 0.04441624365482233
