3 0.5039285714285714 0.8565989847715736 0.017857142857142856 0.07106598984771573
3 0.5225 0.6789340101522842 0.015 0.055837563451776644
4 0.49357142857142855 0.5006345177664975 0.015714285714285715 0.06472081218274112
3 0.5182142857142857 0.4885786802030456 0.016428571428571428 0.053299492385786795
3 0.42142857142857143 0.4765228426395939 0.014285714285714285 0.05964467005076142
3 0.49214285714285716 0.3248730964467005 0.015714285714285715 0.06598984771573603
5 0.5164285714285715 0.2449238578680203 0.018571428571428572 0.12690355329949238
3 0.42178571428571426 0.2918781725888325 0.015 0.053299492385786795
3 0.49642857142857144 0.1611675126903553 0.014285714285714285 0.050761421319796954
3 0.5189285714285714 0.03489847715736041 0.013571428571428571 0.052030456852791875
3 0.7728571428571429 0.18274111675126903 0.03428571428571429 0.03807106598984771
