3 0.9391962421711899 0.538961038961039 0.03705636743215031 0.07606679035250465
3 0.9877348643006262 0.437847866419295 0.023486430062630476 0.03339517625231911
3 0.46607515657620036 0.5398886827458256 0.021920668058455113 0.06679035250463822
3 0.5180062630480167 0.5575139146567718 0.025574112734864297 0.06307977736549165
3 0.5822025052192066 0.5292207792207793 0.02139874739039666 0.06215213358070501
3 0.589509394572025 0.4605751391465677 0.02139874739039666 0.06029684601113173
3 0.5521920668058454 0.3775510204081633 0.019832985386221292 0.04823747680890538
3 0.5083507306889352 0.42810760667903525 0.021920668058455113 0.06029684601113173
3 0.4911273486430062 0.38868274582560297 0.030271398747390394 0.04823747680890538
3 0.41257828810020875 0.3974953617810761 0.025574112734864297 0.05102040816326531
3 0.24008350730688932 0.2036178107606679 0.021920668058455113 0.041743970315398886
3 0.2455636743215031 0.2602040816326531 0.025574112734864297 0.043599257884972174
0 0.10647181628392484 0.16512059369202226 0.0073068893528183704 0.020408163265306124
3 0.056889352818371604 0.2189239332096475 0.03549060542797494 0.03896103896103896
1 0.022703549060542796 0.05009276437847866 0.004697286012526096 0.014842300556586271
2 0.02426931106471816 0.0575139146567718 0.012004175365344467 0.00927643784786642
6 0.05793319415448851 0.025510204081632654 0.016701461377870562 0.012059369202226345
1 0.05323590814196242 0.019944341372912802 0.005219206680584551 0.015769944341372914
9 0.1526617954070981 0.02504638218923933 0.010960334029227557 0.00927643784786642
1 0.15213987473903964 0.021335807050092765 0.004697286012526096 0.011131725417439703
3 0.7267745302713987 0.8817254174397031 0.02661795407098121 0.10111317254174397
3 0.7575678496868475 0.9044526901669759 0.025574112734864297 0.09090909090909091
3 0.8147181628392484 0.9294990723562152 0.032359081419624215 0.10575139146567718
3 0.7137265135699373 0.6525974025974026 0.04123173277661795 0.05473098330241188
