3 0.5010714285714286 0.7742857142857142 0.04642857142857143 0.11619047619047619
3 0.29464285714285715 0.7423809523809524 0.047857142857142855 0.12857142857142856
3 0.32535714285714284 0.5623809523809524 0.056428571428571425 0.09428571428571429
3 0.3992857142857143 0.4576190476190476 0.047142857142857146 0.06
3 0.6057142857142858 0.38333333333333336 0.03 0.03333333333333333
3 0.6732142857142858 0.3076190476190476 0.023571428571428573 0.030476190476190476
3 0.7342857142857143 0.16952380952380952 0.03 0.017142857142857144
4 0.4625 0.3761904761904762 0.04071428571428572 0.047619047619047616
0 0.12892857142857142 0.38333333333333336 0.009285714285714286 0.025714285714285714
0 0.28964285714285715 0.4757142857142857 0.007857142857142858 0.029523809523809525
0 0.275 0.47333333333333333 0.011428571428571429 0.03619047619047619
9 0.14892857142857144 0.6966666666666667 0.039285714285714285 0.07714285714285714
9 0.12285714285714286 0.5642857142857143 0.03142857142857143 0.05619047619047619
1 0.12607142857142858 0.5485714285714286 0.017857142857142856 0.026666666666666665
1 0.15571428571428572 0.6738095238095239 0.024285714285714285 0.03142857142857143
0 0.11214285714285714 0.45666666666666667 0.011428571428571429 0.040952380952380955
0 0.5889285714285715 0.15 0.0035714285714285713 0.014285714285714285
0 0.5771428571428572 0.14761904761904762 0.004285714285714286 0.013333333333333332
3 0.5589285714285714 0.20523809523809525 0.023571428571428573 0.023809523809523808
3 0.48714285714285716 0.22666666666666666 0.024285714285714285 0.017142857142857144
0 0.74 0.93 0.018571428571428572 0.07333333333333333
9 0.62 0.7461904761904762 0.014285714285714285 0.04666666666666667
9 0.5967857142857143 0.7438095238095238 0.016428571428571428 0.0380952380952381
2 0.7735714285714286 0.39571428571428574 0.008571428571428572 0.029523809523809525
2 0.7607142857142857 0.3942857142857143 0.01 0.026666666666666665
3 0.7078571428571429 0.24523809523809523 0.03 0.02761904761904762
3 0.7785714285714286 0.11666666666666667 0.014285714285714285 0.012380952380952381
3 0.7032142857142857 0.05142857142857143 0.013571428571428571 0.009523809523809525
3 0.7592857142857142 0.04 0.01 0.009523809523809525
8 0.6192857142857143 0.09476190476190476 0.024285714285714285 0.01619047619047619
3 0.6617857142857143 0.10238095238095238 0.017857142857142856 0.01619047619047619
3 0.6846428571428571 0.10095238095238095 0.015 0.017142857142857144
3 0.7175 0.06666666666666667 0.012142857142857143 0.011428571428571429
3 0.7292857142857143 0.07285714285714286 0.01 0.010476190476190476
3 0.7425 0.05523809523809524 0.010714285714285714 0.009523809523809525
3 0.7664285714285715 0.03 0.007142857142857143 0.008571428571428572
3 0.7817857142857143 0.010476190476190476 0.009285714285714286 0.011428571428571429
3 0.7792857142857142 0.018571428571428572 0.01 0.008571428571428572
0 0.7639285714285714 0.01619047619047619 0.0035714285714285713 0.005714285714285714
9 0.7228571428571429 0.05047619047619047 0.007142857142857143 0.007619047619047619
9 0.7532142857142857 0.022857142857142857 0.007857142857142858 0.007619047619047619
3 0.7692857142857142 0.10095238095238095 0.014285714285714285 0.01904761904761905
9 0.6164285714285714 0.15523809523809523 0.007142857142857143 0.013333333333333332
3 0.8014285714285714 0.08238095238095237 0.015714285714285715 0.014285714285714285
3 0.8432142857142857 0.0838095238095238 0.013571428571428571 0.015238095238095238
3 0.855 0.08095238095238096 0.014285714285714285 0.013333333333333332
3 0.8121428571428572 0.048095238095238094 0.014285714285714285 0.008571428571428572
3 0.83 0.010476190476190476 0.011428571428571429 0.009523809523809525
0 0.8335714285714285 0.11666666666666667 0.004285714285714286 0.014285714285714285
0 0.8282142857142857 0.11523809523809524 0.0035714285714285713 0.013333333333333332
1 0.7535714285714286 0.02238095238095238 0.004285714285714286 0.006666666666666666
1 0.7242857142857143 0.05 0.005714285714285714 0.006666666666666666
1 0.6228571428571429 0.7323809523809524 0.01 0.017142857142857144
1 0.5996428571428571 0.7347619047619047 0.010714285714285714 0.01619047619047619
1 0.7739285714285714 0.38952380952380955 0.005 0.013333333333333332
1 0.7607142857142857 0.3880952380952381 0.004285714285714286 0.010476190476190476
1 0.6175 0.1519047619047619 0.0035714285714285713 0.006666666666666666
