3 0.15642857142857142 0.9302030456852791 0.047142857142857146 0.053299492385786795
3 0.22 0.8908629441624365 0.04 0.048223350253807105
4 0.09178571428571429 0.833756345177665 0.027857142857142858 0.08375634517766496
3 0.065 0.8458121827411167 0.022857142857142857 0.08248730964467005
4 0.4010714285714286 0.557741116751269 0.020714285714285713 0.06979695431472081
3 0.4175 0.5596446700507614 0.016428571428571428 0.05837563451776649
3 0.43392857142857144 0.5640862944162436 0.016428571428571428 0.06472081218274112
3 0.45107142857142857 0.5609137055837563 0.017857142857142856 0.06852791878172589
3 0.46964285714285714 0.5628172588832487 0.016428571428571428 0.06725888324873096
3 0.48678571428571427 0.5628172588832487 0.015 0.05964467005076142
3 0.5042857142857143 0.5545685279187816 0.015714285714285715 0.05837563451776649
4 0.5210714285714285 0.5520304568527918 0.016428571428571428 0.06852791878172589
3 0.5392857142857143 0.5615482233502538 0.017142857142857144 0.07233502538071065
3 0.5567857142857143 0.5532994923857868 0.015 0.06345177664974619
3 0.5742857142857143 0.5532994923857868 0.015714285714285715 0.07106598984771573
3 0.5914285714285714 0.5532994923857868 0.017142857142857144 0.06852791878172589
3 0.6075 0.5558375634517766 0.020714285714285713 0.06598984771573603
3 0.6239285714285714 0.5469543147208121 0.02214285714285714 0.07106598984771573
4 0.6432142857142857 0.5463197969543147 0.02214285714285714 0.07233502538071065
3 0.6607142857142857 0.5532994923857868 0.018571428571428572 0.06345177664974619
3 0.6775 0.5475888324873096 0.020714285714285713 0.06725888324873096
3 0.695 0.5425126903553299 0.02142857142857143 0.06472081218274112
3 0.7125 0.5456852791878172 0.020714285714285713 0.055837563451776644
4 0.6982142857142857 0.6408629441624365 0.045 0.03807106598984771
3 0.9617857142857142 0.766497461928934 0.03214285714285714 0.07106598984771573
3 0.022857142857142857 0.8642131979695431 0.02 0.050761421319796954
