3 0.4757142857142857 0.8083756345177664 0.03142857142857143 0.08629441624365482
3 0.5046428571428572 0.6364213197969543 0.03214285714285714 0.07994923857868019
3 0.5292857142857142 0.5266497461928934 0.025714285714285714 0.06598984771573603
3 0.5889285714285715 0.15862944162436546 0.019285714285714285 0.04314720812182741
3 0.5675 0.23667512690355327 0.019285714285714285 0.052030456852791875
3 0.5639285714285714 0.28680203045685276 0.02214285714285714 0.055837563451776644
5 0.5539285714285714 0.34835025380710655 0.03357142857142857 0.09010152284263959
4 0.6060714285714286 0.07043147208121826 0.015 0.04441624365482233
3 0.64 0.012055837563451776 0.03428571428571429 0.024111675126903553
3 0.6885714285714286 0.012055837563451776 0.03428571428571429 0.024111675126903553
3 0.7925 0.012055837563451776 0.03357142857142857 0.024111675126903553
3 0.8457142857142858 0.019035532994923856 0.03142857142857143 0.03807106598984771
3 0.9089285714285714 0.017766497461928932 0.03214285714285714 0.035532994923857864
3 0.9346428571428571 0.019035532994923856 0.03357142857142857 0.03807106598984771
4 0.8807142857142857 0.019035532994923856 0.03142857142857143 0.03807106598984771
0 0.48142857142857143 0.6300761421319796 0.011428571428571429 0.024111675126903553
0 0.5085714285714286 0.5145939086294415 0.008571428571428572 0.029187817258883246
