3 0.038214285714285715 0.824238578680203 0.03642857142857143 0.07233502538071065
8 0.24821428571428572 0.9029187817258882 0.09928571428571428 0.1916243654822335
0 0.3025 0.8908629441624365 0.010714285714285714 0.02284263959390863
0 0.32535714285714284 0.899746192893401 0.009285714285714286 0.03045685279187817
3 0.0275 0.30583756345177665 0.04357142857142857 0.03045685279187817
3 0.08321428571428571 0.38071065989847713 0.023571428571428573 0.050761421319796954
8 0.017142857142857144 0.45368020304568524 0.03428571428571429 0.09010152284263959
4 0.14535714285714285 0.4727157360406091 0.030714285714285715 0.06725888324873096
4 0.11785714285714285 0.516497461928934 0.022857142857142857 0.06852791878172589
4 0.1657142857142857 0.5552030456852791 0.027142857142857142 0.06218274111675126
4 0.18357142857142858 0.623730964467005 0.03 0.06472081218274112
0 0.5439285714285714 0.9168781725888324 0.007857142857142858 0.031725888324873094
0 0.8153571428571429 0.7455583756345177 0.009285714285714286 0.026649746192893398
0 0.8242857142857143 0.7512690355329948 0.011428571428571429 0.03045685279187817
8 0.6228571428571429 0.78997461928934 0.06857142857142857 0.1713197969543147
8 0.7121428571428572 0.6243654822335025 0.07857142857142857 0.21065989847715735
8 0.7314285714285714 0.45241116751269034 0.06571428571428571 0.16370558375634517
3 0.7571428571428571 0.36675126903553296 0.027142857142857142 0.03807106598984771
4 0.7796428571428572 0.3261421319796954 0.020714285714285713 0.04060913705583756
4 0.8264285714285714 0.18083756345177662 0.025714285714285714 0.04441624365482233
8 0.8039285714285714 0.24048223350253806 0.052142857142857144 0.11802030456852791
0 0.6007142857142858 0.03362944162436548 0.004285714285714286 0.016497461928934008
0 0.7928571428571428 0.16687817258883247 0.005714285714285714 0.019035532994923856
0 0.795 0.17576142131979694 0.005714285714285714 0.024111675126903553
0 0.7964285714285714 0.16878172588832485 0.005714285714285714 0.02284263959390863
0 0.8042857142857143 0.1630710659898477 0.005714285714285714 0.021573604060913704
0 0.8060714285714285 0.16751269035532992 0.005 0.02030456852791878
0 0.8128571428571428 0.12563451776649745 0.004285714285714286 0.02284263959390863
0 0.8196428571428571 0.13007614213197968 0.0064285714285714285 0.021573604060913704
0 0.8364285714285714 0.08946700507614212 0.004285714285714286 0.016497461928934008
0 0.8353571428571429 0.08248730964467005 0.0064285714285714285 0.02030456852791878
0 0.9142857142857143 0.07106598984771573 0.007142857142857143 0.017766497461928932
0 0.3775 0.06472081218274112 0.005 0.02030456852791878
