3 0.36325 0.959 0.0315 0.06466666666666666
4 0.3405 0.9016666666666666 0.034 0.06333333333333332
3 0.31875000000000003 0.859 0.0335 0.057999999999999996
3 0.3085 0.7966666666666666 0.025 0.04533333333333333
3 0.3955 0.7983333333333333 0.024 0.048666666666666664
3 0.3955 0.7126666666666667 0.022 0.03866666666666667
3 0.47900000000000004 0.746 0.02 0.04133333333333333
3 0.545 0.6413333333333333 0.015 0.025333333333333333
3 0.513 0.527 0.012 0.015333333333333332
3 0.5575 0.46199999999999997 0.01 0.012
3 0.50875 0.45966666666666667 0.0095 0.012666666666666666
3 0.558 0.43466666666666665 0.009000000000000001 0.010666666666666666
3 0.5437500000000001 0.42666666666666664 0.0095 0.012
3 0.5285 0.433 0.009000000000000001 0.011333333333333332
3 0.51275 0.44366666666666665 0.0095 0.012666666666666666
3 0.459 0.447 0.01 0.014
3 0.4985 0.42633333333333334 0.009000000000000001 0.012666666666666666
3 0.47600000000000003 0.41866666666666663 0.009000000000000001 0.012
3 0.491 0.409 0.01 0.012666666666666666
3 0.5055000000000001 0.407 0.009000000000000001 0.011333333333333332
3 0.46825 0.4033333333333333 0.0085 0.012
3 0.51375 0.35466666666666663 0.0075 0.009333333333333332
3 0.51325 0.381 0.0085 0.01
3 0.5407500000000001 0.37566666666666665 0.0075 0.01
3 0.5630000000000001 0.39166666666666666 0.008 0.01
3 0.55 0.3473333333333333 0.007 0.006666666666666666
3 0.56675 0.36933333333333335 0.0075 0.009333333333333332
3 0.52975 0.3393333333333333 0.006500000000000001 0.008
3 0.5195 0.3403333333333333 0.007 0.008666666666666666
3 0.53625 0.3263333333333333 0.006500000000000001 0.007333333333333333
3 0.51775 0.325 0.006500000000000001 0.007333333333333333
3 0.54225 0.3123333333333333 0.006500000000000001 0.006
3 0.5315 0.299 0.005 0.006
3 0.54775 0.3 0.0055 0.006666666666666666
3 0.5357500000000001 0.291 0.0055 0.006
3 0.551 0.293 0.005 0.006
3 0.544 0.2906666666666667 0.006 0.006666666666666666
3 0.5415 0.282 0.005 0.005333333333333333
3 0.551 0.27799999999999997 0.005 0.006666666666666666
3 0.5445 0.27266666666666667 0.005 0.005333333333333333
3 0.5805 0.2786666666666667 0.005 0.005333333333333333
3 0.585 0.265 0.004 0.004666666666666666
3 0.5760000000000001 0.25666666666666665 0.004 0.004
3 0.58875 0.23866666666666667 0.0035 0.004
3 0.59325 0.23433333333333334 0.0035 0.003333333333333333
3 0.57025 0.24366666666666667 0.0035 0.004666666666666666
3 0.56675 0.23466666666666666 0.0035 0.004
3 0.57025 0.2373333333333333 0.0025 0.004
3 0.56875 0.24066666666666667 0.0035 0.004
3 0.56125 0.23766666666666666 0.0035 0.004666666666666666
3 0.5700000000000001 0.22899999999999998 0.003 0.003333333333333333
3 0.57325 0.23199999999999998 0.0035 0.004
3 0.5755 0.22733333333333333 0.003 0.004
3 0.5785 0.22533333333333333 0.003 0.004
3 0.43975000000000003 0.5156666666666666 0.0135 0.019333333333333334
3 0.43875000000000003 0.4723333333333333 0.0115 0.015333333333333332
1 0.29725 0.7173333333333333 0.006500000000000001 0.017333333333333333
2 0.29725 0.723 0.0075 0.015333333333333332
4 0.306 0.6726666666666666 0.023 0.030666666666666665
3 0.22625 0.7783333333333333 0.0315 0.04466666666666667
3 0.21875 0.7256666666666667 0.0335 0.038
3 0.24375 0.6853333333333333 0.0275 0.032
3 0.17075 0.693 0.0285 0.028666666666666667
3 0.19375 0.6606666666666666 0.029500000000000002 0.029333333333333333
3 0.1655 0.8043333333333333 0.037 0.051333333333333335
3 0.09725 0.8003333333333333 0.0395 0.041999999999999996
3 0.041 0.9226666666666666 0.062 0.034666666666666665
3 0.0285 0.953 0.057 0.03933333333333333
3 0.04425 0.8483333333333333 0.0475 0.057999999999999996
3 0.035750000000000004 0.7919999999999999 0.025500000000000002 0.03866666666666667
0 0.009000000000000001 0.7746666666666666 0.008 0.021333333333333333
3 0.1485 0.7256666666666667 0.03 0.03266666666666666
3 0.1355 0.662 0.039 0.029333333333333333
3 0.1375 0.6276666666666666 0.038 0.024666666666666667
3 0.055 0.8933333333333333 0.059000000000000004 0.03333333333333333
0 0.0635 0.7343333333333333 0.006 0.018
0 0.198 0.6076666666666667 0.005 0.016666666666666666
0 0.20225 0.615 0.0055 0.015333333333333332
3 0.18125 0.607 0.0335 0.02733333333333333
3 0.19725 0.583 0.0315 0.024666666666666667
3 0.5245 0.9213333333333333 0.024 0.056
3 0.775 0.8676666666666666 0.054 0.03666666666666667
4 0.444 0.9803333333333333 0.033 0.03933333333333333
1 0.56075 0.9653333333333333 0.0085 0.016
9 0.56075 0.9713333333333333 0.0095 0.032
4 0.5945 0.9556666666666667 0.029 0.06333333333333332
8 0.75975 0.9253333333333333 0.1405 0.144
2 0.71475 0.7979999999999999 0.0105 0.022666666666666665
2 0.7285 0.8163333333333334 0.018000000000000002 0.015333333333333332
2 0.755 0.8126666666666666 0.016 0.014666666666666666
2 0.806 0.8413333333333333 0.019 0.016
2 0.80575 0.8196666666666667 0.0115 0.02333333333333333
2 0.835 0.854 0.016 0.014666666666666666
2 0.8575 0.847 0.019 0.015333333333333332
2 0.88175 0.852 0.0175 0.017333333333333333
2 0.66025 0.734 0.0055 0.018666666666666665
4 0.51825 0.6433333333333333 0.0165 0.026666666666666665
4 0.5055000000000001 0.5763333333333334 0.013000000000000001 0.019333333333333334
4 0.489 0.5529999999999999 0.015 0.020666666666666667
4 0.529 0.5433333333333333 0.012 0.018666666666666665
4 0.5327500000000001 0.499 0.0115 0.015333333333333332
4 0.5525 0.4943333333333333 0.011 0.015333333333333332
4 0.522 0.4673333333333333 0.01 0.013333333333333332
4 0.5385 0.47 0.011 0.016
4 0.46225 0.4953333333333333 0.0115 0.017333333333333333
4 0.44475000000000003 0.5496666666666666 0.0155 0.02733333333333333
4 0.4535 0.5903333333333333 0.016 0.03133333333333333
4 0.39525 0.6456666666666666 0.0205 0.03933333333333333
4 0.22 0.564 0.02 0.024
4 0.22975 0.5896666666666667 0.0225 0.03266666666666666
8 0.23875000000000002 0.638 0.0555 0.032
4 0.07625 0.751 0.0415 0.04733333333333333
4 0.11675 0.7076666666666667 0.0305 0.03933333333333333
4 0.12325 0.7593333333333333 0.0365 0.03866666666666667
3 0.1365 0.6753333333333333 0.041 0.034666666666666665
4 0.09325 0.8383333333333333 0.051500000000000004 0.03133333333333333
4 0.0775 0.8616666666666667 0.053 0.038
3 0.06025 0.9733333333333333 0.0575 0.05333333333333333
4 0.164 0.6056666666666667 0.027 0.022
4 0.2505 0.5746666666666667 0.026000000000000002 0.022666666666666665
3 0.26 0.5509999999999999 0.018000000000000002 0.02333333333333333
4 0.28150000000000003 0.5363333333333333 0.028 0.022
4 0.27575 0.49566666666666664 0.0265 0.015333333333333332
3 0.243 0.496 0.029 0.014666666666666666
0 0.25675 0.49266666666666664 0.0025 0.010666666666666666
3 0.324 0.4973333333333333 0.023 0.013333333333333332
1 0.377 0.531 0.004 0.011333333333333332
9 0.377 0.535 0.004 0.008666666666666666
1 0.3835 0.517 0.004 0.014
2 0.38325000000000004 0.5203333333333333 0.0045000000000000005 0.011333333333333332
4 0.45725 0.4696666666666667 0.0115 0.016666666666666666
4 0.4845 0.471 0.01 0.018
4 0.4815 0.4393333333333333 0.011 0.016
3 0.43025 0.4093333333333333 0.0095 0.010666666666666666
1 0.45 0.4056666666666667 0.003 0.007333333333333333
9 0.45025 0.4083333333333333 0.0035 0.007333333333333333
0 0.4225 0.3983333333333333 0.003 0.008666666666666666
3 0.423 0.3943333333333333 0.016 0.01
3 0.50425 0.374 0.0085 0.010666666666666666
4 0.48475 0.39299999999999996 0.0095 0.012666666666666666
4 0.48325 0.37 0.0085 0.012
4 0.4935 0.37366666666666665 0.009000000000000001 0.011333333333333332
4 0.5005000000000001 0.35933333333333334 0.008 0.013333333333333332
4 0.52375 0.352 0.0075 0.013333333333333332
3 0.50475 0.3313333333333333 0.006500000000000001 0.008
4 0.52425 0.313 0.006500000000000001 0.007333333333333333
4 0.52525 0.32966666666666666 0.006500000000000001 0.008666666666666666
4 0.5285 0.32166666666666666 0.006 0.007333333333333333
4 0.53425 0.31166666666666665 0.0045000000000000005 0.007333333333333333
4 0.5387500000000001 0.29966666666666664 0.0055 0.007333333333333333
4 0.5565 0.2796666666666667 0.005 0.006
4 0.55325 0.27199999999999996 0.0045000000000000005 0.006666666666666666
4 0.56125 0.265 0.0045000000000000005 0.006
4 0.554 0.25866666666666666 0.004 0.005333333333333333
3 0.557 0.254 0.004 0.004
3 0.56075 0.259 0.0045000000000000005 0.004666666666666666
3 0.57275 0.28099999999999997 0.0055 0.006
3 0.587 0.25566666666666665 0.004 0.004666666666666666
3 0.5935 0.255 0.004 0.004666666666666666
4 0.5845 0.248 0.005 0.005333333333333333
4 0.57825 0.251 0.0035 0.004666666666666666
4 0.58925 0.25 0.0035 0.005333333333333333
3 0.581 0.2583333333333333 0.004 0.004666666666666666
4 0.57675 0.26866666666666666 0.0045000000000000005 0.005333333333333333
3 0.56475 0.296 0.0055 0.005333333333333333
4 0.5755 0.29333333333333333 0.005 0.006666666666666666
4 0.5785 0.29966666666666664 0.005 0.006
8 0.58625 0.2876666666666667 0.0085 0.014
3 0.5755 0.3113333333333333 0.006 0.006666666666666666
4 0.5595 0.31666666666666665 0.006 0.006666666666666666
3 0.57425 0.329 0.0055 0.007333333333333333
4 0.5625 0.33799999999999997 0.006 0.006666666666666666
4 0.55625 0.364 0.0075 0.008
4 0.5680000000000001 0.3516666666666666 0.007 0.008666666666666666
4 0.54125 0.35633333333333334 0.0075 0.011333333333333332
4 0.54875 0.40166666666666667 0.0085 0.011333333333333332
4 0.5355 0.40066666666666667 0.008 0.012
8 0.55525 0.24166666666666667 0.006500000000000001 0.011333333333333332
5 0.5625 0.241 0.005 0.008666666666666666
4 0.5775 0.23466666666666666 0.005 0.006666666666666666
4 0.57275 0.22466666666666665 0.0035 0.004
4 0.57775 0.22133333333333333 0.0025 0.005333333333333333
3 0.58225 0.222 0.0035 0.004
4 0.58925 0.224 0.0025 0.004
3 0.5945 0.22166666666666665 0.003 0.003333333333333333
3 0.602 0.22599999999999998 0.003 0.004
3 0.6005 0.217 0.003 0.003333333333333333
4 0.5845 0.21766666666666665 0.003 0.003333333333333333
4 0.5795 0.21733333333333332 0.002 0.004
3 0.5785 0.21566666666666667 0.003 0.003333333333333333
3 0.57725 0.21366666666666667 0.0025 0.003333333333333333
8 0.57375 0.21066666666666667 0.0045000000000000005 0.006666666666666666
