3 0.794 0.9446666666666667 0.11 0.10666666666666666
3 0.50975 0.9866666666666666 0.1615 0.024
3 0.49875 0.9023333333333333 0.1525 0.09533333333333333
3 0.44175000000000003 0.8143333333333334 0.1395 0.07133333333333333
3 0.5355 0.7233333333333333 0.065 0.11466666666666667
3 0.39925 0.6886666666666666 0.0985 0.06799999999999999
3 0.7755 0.6913333333333334 0.091 0.11866666666666666
0 0.495 0.6406666666666666 0.018000000000000002 0.044
0 0.457 0.6276666666666666 0.014 0.051333333333333335
0 0.43625 0.6443333333333333 0.0165 0.035333333333333335
4 0.7020000000000001 0.5223333333333333 0.043000000000000003 0.07266666666666667
4 0.66125 0.5283333333333333 0.043500000000000004 0.08466666666666667
3 0.458 0.5469999999999999 0.034 0.07133333333333333
3 0.515 0.538 0.038 0.064
3 0.65575 0.4666666666666667 0.0545 0.044
3 0.5815 0.46366666666666667 0.039 0.07533333333333334
4 0.5417500000000001 0.475 0.0325 0.07266666666666667
4 0.62875 0.43066666666666664 0.0495 0.05733333333333333
4 0.65175 0.38266666666666665 0.0585 0.042666666666666665
4 0.47750000000000004 0.44466666666666665 0.067 0.03333333333333333
4 0.43125 0.43 0.0735 0.03333333333333333
4 0.42675 0.41233333333333333 0.0725 0.028666666666666667
4 0.4295 0.3903333333333333 0.067 0.03
4 0.4365 0.36566666666666664 0.073 0.03933333333333333
5 0.493 0.3793333333333333 0.035 0.056
4 0.58125 0.29633333333333334 0.0275 0.03133333333333333
4 0.559 0.26666666666666666 0.034 0.025333333333333333
3 0.47250000000000003 0.33366666666666667 0.038 0.033999999999999996
3 0.422 0.318 0.045 0.026666666666666665
3 0.46525 0.30733333333333335 0.0415 0.025333333333333333
3 0.56925 0.24266666666666667 0.0405 0.026666666666666665
3 0.46875 0.24933333333333332 0.0175 0.04
3 0.7435 0.29766666666666663 0.026000000000000002 0.028666666666666667
3 0.69225 0.266 0.0185 0.028
3 0.8515 0.33999999999999997 0.028 0.032
3 0.88475 0.33799999999999997 0.0245 0.044
3 0.874 0.3753333333333333 0.048 0.036
3 0.879 0.41333333333333333 0.031 0.026666666666666665
3 0.91825 0.3353333333333333 0.0325 0.03733333333333333
3 0.9490000000000001 0.33566666666666667 0.016 0.026
5 0.66225 0.21533333333333332 0.0525 0.03866666666666667
5 0.55325 0.22433333333333333 0.0555 0.03666666666666667
3 0.49625 0.20299999999999999 0.0145 0.016666666666666666
3 0.53075 0.20033333333333334 0.0335 0.018
3 0.52125 0.18966666666666665 0.0325 0.015333333333333332
3 0.5115000000000001 0.172 0.035 0.022666666666666665
3 0.49825 0.151 0.0135 0.015333333333333332
3 0.47525 0.13766666666666666 0.0115 0.018
3 0.45125 0.154 0.0085 0.018666666666666665
3 0.45575 0.14166666666666666 0.0095 0.016666666666666666
3 0.45225 0.129 0.0075 0.011333333333333332
3 0.489 0.133 0.012 0.008666666666666666
3 0.503 0.131 0.017 0.01
3 0.499 0.12466666666666666 0.017 0.006666666666666666
0 0.46375 0.13866666666666666 0.0075 0.016
0 0.48975 0.14333333333333334 0.0055 0.013333333333333332
0 0.46775 0.10266666666666667 0.006500000000000001 0.009333333333333332
0 0.598 0.2846666666666667 0.006 0.028
