5 0.6442857142857142 0.3842857142857143 0.024285714285714285 0.023809523809523808
5 0.5614285714285714 0.39095238095238094 0.017142857142857144 0.029523809523809525
5 0.5421428571428571 0.38142857142857145 0.012857142857142857 0.02761904761904762
5 0.5314285714285715 0.38 0.012857142857142857 0.026666666666666665
5 0.5221428571428571 0.3761904761904762 0.012857142857142857 0.024761904761904763
5 0.5114285714285715 0.37666666666666665 0.014285714285714285 0.029523809523809525
5 0.5021428571428571 0.37523809523809526 0.01 0.026666666666666665
5 0.48678571428571427 0.37 0.012142857142857143 0.02761904761904762
5 0.47535714285714287 0.36523809523809525 0.010714285714285714 0.02761904761904762
5 0.4475 0.36095238095238097 0.023571428571428573 0.024761904761904763
5 0.4714285714285714 0.3357142857142857 0.025714285714285714 0.018095238095238095
4 0.4642857142857143 0.3404761904761905 0.014285714285714285 0.012380952380952381
5 0.6296428571428572 0.25523809523809526 0.010714285714285714 0.017142857142857144
5 0.6421428571428571 0.2557142857142857 0.008571428571428572 0.018095238095238095
5 0.6503571428571429 0.2561904761904762 0.007857142857142858 0.01904761904761905
5 0.6164285714285714 0.25761904761904764 0.02142857142857143 0.01619047619047619
5 0.4907142857142857 0.32285714285714284 0.012857142857142857 0.024761904761904763
5 0.5014285714285714 0.32857142857142857 0.01 0.026666666666666665
5 0.5096428571428572 0.33 0.010714285714285714 0.021904761904761906
5 0.5192857142857142 0.3314285714285714 0.01 0.022857142857142857
5 0.5285714285714286 0.3333333333333333 0.011428571428571429 0.022857142857142857
5 0.5375 0.3361904761904762 0.009285714285714286 0.026666666666666665
5 0.48857142857142855 0.2885714285714286 0.011428571428571429 0.01904761904761905
5 0.4957142857142857 0.29095238095238096 0.011428571428571429 0.018095238095238095
5 0.4685714285714286 0.2619047619047619 0.017142857142857144 0.017142857142857144
5 0.47464285714285714 0.2561904761904762 0.019285714285714285 0.015238095238095238
5 0.45035714285714284 0.27 0.020714285714285713 0.014285714285714285
3 0.17142857142857143 0.2823809523809524 0.014285714285714285 0.008571428571428572
3 0.19 0.27285714285714285 0.01 0.006666666666666666
3 0.195 0.2680952380952381 0.011428571428571429 0.004761904761904762
3 0.2392857142857143 0.24857142857142858 0.01 0.007619047619047619
3 0.24392857142857144 0.24619047619047618 0.009285714285714286 0.006666666666666666
3 0.24785714285714286 0.24285714285714285 0.01 0.005714285714285714
3 0.25035714285714283 0.24 0.009285714285714286 0.007619047619047619
3 0.25607142857142856 0.23761904761904762 0.009285714285714286 0.006666666666666666
4 0.37035714285714283 0.4785714285714286 0.017857142857142856 0.014285714285714285
3 0.3742857142857143 0.47 0.012857142857142857 0.010476190476190476
3 0.3875 0.4523809523809524 0.013571428571428571 0.013333333333333332
5 0.38142857142857145 0.46190476190476193 0.02142857142857143 0.017142857142857144
3 0.14607142857142857 0.5633333333333334 0.016428571428571428 0.01619047619047619
3 0.1825 0.5447619047619048 0.017857142857142856 0.017142857142857144
3 0.49857142857142855 0.5776190476190476 0.018571428571428572 0.01619047619047619
3 0.4632142857142857 0.6366666666666667 0.010714285714285714 0.023809523809523808
4 0.4539285714285714 0.6552380952380953 0.015 0.02095238095238095
5 0.4332142857142857 0.6923809523809524 0.019285714285714285 0.030476190476190476
3 0.42142857142857143 0.7128571428571429 0.01 0.023809523809523808
3 0.38785714285714284 0.77 0.015714285714285715 0.029523809523809525
3 0.3414285714285714 0.8357142857142857 0.024285714285714285 0.029523809523809525
3 0.30642857142857144 0.8833333333333333 0.025714285714285714 0.037142857142857144
