1 0.47785714285714287 0.95 0.025714285714285714 0.04285714285714286
1 0.4739285714285714 0.9295238095238095 0.019285714285714285 0.03619047619047619
9 0.4785714285714286 0.96 0.027142857142857142 0.08
0 0.17107142857142857 0.9828571428571429 0.012142857142857143 0.03428571428571429
0 0.1275 0.9866666666666667 0.02214285714285714 0.026666666666666665
0 0.1442857142857143 0.9271428571428572 0.018571428571428572 0.05619047619047619
0 0.19071428571428573 0.9061904761904762 0.017142857142857144 0.04476190476190476
0 0.18357142857142858 0.8138095238095238 0.024285714285714285 0.054285714285714284
0 0.2257142857142857 0.6628571428571428 0.02142857142857143 0.04380952380952381
0 0.24392857142857144 0.6519047619047619 0.015 0.037142857142857144
0 0.26107142857142857 0.6352380952380953 0.015 0.0380952380952381
0 0.2617857142857143 0.59 0.016428571428571428 0.04285714285714286
0 0.29178571428571426 0.4961904761904762 0.010714285714285714 0.03619047619047619
0 0.2982142857142857 0.4747619047619048 0.013571428571428571 0.039047619047619046
0 0.3067857142857143 0.4747619047619048 0.010714285714285714 0.035238095238095235
0 0.31357142857142856 0.4576190476190476 0.011428571428571429 0.039047619047619046
0 0.3032142857142857 0.45666666666666667 0.013571428571428571 0.035238095238095235
0 0.3325 0.4238095238095238 0.010714285714285714 0.04
0 0.33321428571428574 0.4023809523809524 0.010714285714285714 0.03333333333333333
0 0.3603571428571429 0.36904761904761907 0.009285714285714286 0.02761904761904762
0 0.3489285714285714 0.3566666666666667 0.010714285714285714 0.029523809523809525
1 0.4739285714285714 0.39380952380952383 0.010714285714285714 0.029523809523809525
9 0.47214285714285714 0.4004761904761905 0.011428571428571429 0.03142857142857143
0 0.37785714285714284 0.2838095238095238 0.007142857142857143 0.02857142857142857
0 0.38392857142857145 0.2842857142857143 0.0064285714285714285 0.02761904761904762
0 0.3989285714285714 0.2714285714285714 0.0064285714285714285 0.026666666666666665
0 0.4035714285714286 0.2723809523809524 0.005714285714285714 0.024761904761904763
0 0.4014285714285714 0.25142857142857145 0.007142857142857143 0.024761904761904763
0 0.4075 0.25142857142857145 0.0064285714285714285 0.022857142857142857
0 0.3796428571428571 0.24761904761904763 0.007857142857142858 0.026666666666666665
1 0.43285714285714283 0.2419047619047619 0.007142857142857143 0.017142857142857144
9 0.43285714285714283 0.24904761904761905 0.007142857142857143 0.021904761904761906
1 0.4539285714285714 0.2180952380952381 0.0064285714285714285 0.017142857142857144
9 0.4546428571428571 0.22666666666666666 0.007857142857142858 0.017142857142857144
0 0.3782142857142857 0.23476190476190475 0.0064285714285714285 0.02
0 0.37785714285714284 0.21428571428571427 0.007142857142857143 0.022857142857142857
0 0.3825 0.21476190476190476 0.0064285714285714285 0.02
0 0.3871428571428571 0.21571428571428572 0.005714285714285714 0.023809523809523808
0 0.40714285714285714 0.2280952380952381 0.005714285714285714 0.021904761904761906
0 0.4125 0.2276190476190476 0.0064285714285714285 0.022857142857142857
0 0.4139285714285714 0.21476190476190476 0.005 0.021904761904761906
0 0.3775 0.20285714285714285 0.005 0.01904761904761905
0 0.3817857142857143 0.19952380952380952 0.0064285714285714285 0.018095238095238095
0 0.3871428571428571 0.20095238095238097 0.005714285714285714 0.017142857142857144
0 0.3782142857142857 0.18666666666666668 0.0064285714285714285 0.02095238095238095
0 0.38392857142857145 0.18523809523809523 0.0064285714285714285 0.02
0 0.4732142857142857 0.18428571428571427 0.005 0.021904761904761906
0 0.46285714285714286 0.1838095238095238 0.004285714285714286 0.02095238095238095
0 0.45785714285714285 0.18285714285714286 0.005714285714285714 0.02095238095238095
0 0.4575 0.17761904761904762 0.005 0.02
0 0.4625 0.1757142857142857 0.0064285714285714285 0.018095238095238095
0 0.46785714285714286 0.17761904761904762 0.005714285714285714 0.021904761904761906
0 0.5082142857142857 0.17285714285714285 0.005 0.018095238095238095
0 0.5060714285714286 0.16904761904761906 0.0064285714285714285 0.02
0 0.5503571428571429 0.16380952380952382 0.005 0.017142857142857144
0 0.5775 0.15571428571428572 0.0064285714285714285 0.018095238095238095
0 0.6003571428571428 0.14761904761904762 0.005 0.01904761904761905
0 0.6153571428571428 0.1442857142857143 0.0064285714285714285 0.018095238095238095
6 0.43285714285714283 0.09428571428571429 0.012857142857142857 0.015238095238095238
0 0.38785714285714284 0.06523809523809523 0.004285714285714286 0.012380952380952381
3 0.3792857142857143 0.041428571428571426 0.012857142857142857 0.010476190476190476
0 0.38357142857142856 0.051904761904761905 0.004285714285714286 0.01619047619047619
0 0.38821428571428573 0.05285714285714286 0.005 0.01619047619047619
0 0.39 0.04619047619047619 0.005714285714285714 0.01619047619047619
0 0.10178571428571428 0.03380952380952381 0.0064285714285714285 0.010476190476190476
0 0.11428571428571428 0.032857142857142856 0.007142857142857143 0.010476190476190476
