3 0.03678571428571428 0.38857142857142857 0.07357142857142857 0.13142857142857142
3 0.10035714285714285 0.5285714285714286 0.14357142857142857 0.16380952380952382
3 0.23607142857142857 0.6866666666666666 0.18642857142857142 0.22285714285714286
3 0.3925 0.6657142857142857 0.18357142857142858 0.18285714285714286
3 0.5321428571428571 0.6447619047619048 0.17714285714285713 0.18476190476190477
3 0.6503571428571429 0.5376190476190477 0.21071428571428572 0.16476190476190475
3 0.7128571428571429 0.4519047619047619 0.19714285714285715 0.12666666666666668
3 0.8346428571428571 0.3333333333333333 0.16071428571428573 0.12
3 0.8717857142857143 0.28523809523809524 0.145 0.09619047619047619
3 0.9203571428571429 0.25476190476190474 0.1407142857142857 0.11714285714285715
3 0.9492857142857143 0.22904761904761906 0.10142857142857142 0.09619047619047619
