3 0.5807142857142857 0.6465736040609137 0.03 0.10025380710659898
8 0.4785714285714286 0.6998730964467005 0.037142857142857144 0.2449238578680203
3 0.5185714285714286 0.5634517766497461 0.022857142857142857 0.07106598984771573
4 0.6 0.40862944162436543 0.024285714285714285 0.07360406091370558
3 0.5878571428571429 0.1751269035532995 0.018571428571428572 0.048223350253807105
3 0.49892857142857144 0.06218274111675126 0.015 0.035532994923857864
3 0.8364285714285714 0.8515228426395939 0.03571428571428571 0.08629441624365482
3 0.8557142857142858 0.532994923857868 0.03142857142857143 0.06598984771573603
3 0.8282142857142857 0.4511421319796954 0.027857142857142858 0.049492385786802026
5 0.7796428571428572 0.5501269035532994 0.05785714285714286 0.15609137055837563
8 0.8146428571428571 0.7227157360406091 0.045 0.12309644670050761
3 0.7378571428571429 0.43908629441624364 0.022857142857142857 0.048223350253807105
5 0.7171428571428572 0.3565989847715736 0.032857142857142856 0.07614213197969542
5 0.7846428571428572 0.3147208121827411 0.035 0.08375634517766496
5 0.6925 0.041243654822335024 0.03214285714285714 0.08248730964467005
5 0.6267857142857143 0.024746192893401013 0.023571428571428573 0.04695431472081218
3 0.6992857142857143 0.2969543147208122 0.02142857142857143 0.04060913705583756
3 0.6839285714285714 0.2506345177664974 0.020714285714285713 0.03680203045685279
4 0.6760714285714285 0.2049492385786802 0.020714285714285713 0.03934010152284264
4 0.7421428571428571 0.1979695431472081 0.02142857142857143 0.048223350253807105
4 0.7071428571428572 0.09327411167512689 0.015714285714285715 0.03680203045685279
4 0.7207142857142858 0.13197969543147206 0.017142857142857144 0.03807106598984771
8 0.6771428571428572 0.10659898477157359 0.03428571428571429 0.09137055837563451
3 0.6546428571428572 0.14530456852791876 0.015 0.029187817258883246
3 0.6435714285714286 0.10088832487309644 0.015714285714285715 0.029187817258883246
0 0.29214285714285715 0.8724619289340101 0.008571428571428572 0.024111675126903553
0 0.22785714285714287 0.8718274111675126 0.01 0.02284263959390863
0 0.23785714285714285 0.8527918781725887 0.01 0.02284263959390863
0 0.2825 0.7791878172588832 0.009285714285714286 0.027918781725888322
0 0.255 0.7347715736040609 0.014285714285714285 0.03045685279187817
0 0.2807142857142857 0.641497461928934 0.007142857142857143 0.026649746192893398
0 0.31285714285714283 0.633248730964467 0.007142857142857143 0.02030456852791878
0 0.3875 0.49999999999999994 0.007857142857142858 0.025380710659898477
0 0.37642857142857145 0.49682741116751267 0.01 0.024111675126903553
0 0.36357142857142855 0.5139593908629442 0.01 0.02284263959390863
0 0.3607142857142857 0.5431472081218274 0.01 0.02030456852791878
0 0.27035714285714285 0.5006345177664975 0.010714285714285714 0.031725888324873094
0 0.3267857142857143 0.2246192893401015 0.007857142857142858 0.025380710659898477
0 0.32285714285714284 0.13388324873096447 0.005714285714285714 0.019035532994923856
0 0.34035714285714286 0.08692893401015228 0.009285714285714286 0.024111675126903553
0 0.33071428571428574 0.13261421319796954 0.007142857142857143 0.021573604060913704
0 0.37892857142857145 0.2011421319796954 0.0064285714285714285 0.019035532994923856
0 0.32785714285714285 0.5501269035532994 0.005714285714285714 0.021573604060913704
0 0.3364285714285714 0.5425126903553299 0.007142857142857143 0.021573604060913704
0 0.3392857142857143 0.5304568527918782 0.007142857142857143 0.02030456852791878
0 0.3364285714285714 0.5184010152284264 0.007142857142857143 0.016497461928934008
0 0.3325 0.5126903553299492 0.007857142857142858 0.02030456852791878
0 0.3192857142857143 0.5088832487309645 0.005714285714285714 0.015228426395939085
0 0.3075 0.5171319796954315 0.007857142857142858 0.021573604060913704
0 0.2978571428571429 0.5310913705583756 0.005714285714285714 0.016497461928934008
0 0.30428571428571427 0.5444162436548223 0.005714285714285714 0.017766497461928932
0 0.3107142857142857 0.5545685279187816 0.007142857142857143 0.02284263959390863
0 0.3264285714285714 0.5291878172588832 0.005714285714285714 0.017766497461928932
0 0.32 0.5272842639593909 0.007142857142857143 0.019035532994923856
0 0.2982142857142857 0.6516497461928934 0.0064285714285714285 0.016497461928934008
0 0.30714285714285716 0.6453045685279187 0.008571428571428572 0.019035532994923856
0 0.2932142857142857 0.6224619289340101 0.007857142857142858 0.016497461928934008
0 0.3025 0.631979695431472 0.007857142857142858 0.015228426395939085
0 0.2932142857142857 0.6529187817258882 0.0064285714285714285 0.019035532994923856
0 0.3264285714285714 0.8020304568527918 0.005714285714285714 0.015228426395939085
