3 0.519572025052192 0.615491651205937 0.020354906054279746 0.05658627087198516
3 0.551670146137787 0.5584415584415584 0.016701461377870562 0.03896103896103896
3 0.5336638830897703 0.5023191094619666 0.014091858037578286 0.039888682745825604
3 0.5566283924843424 0.39007421150278293 0.010960334029227557 0.01948051948051948
3 0.5383611691022964 0.38636363636363635 0.009916492693110646 0.021335807050092765
3 0.5237473903966596 0.3826530612244898 0.009916492693110646 0.021335807050092765
3 0.5579331941544885 0.35111317254174396 0.008350730688935281 0.015769944341372914
3 0.49451983298538615 0.3395176252319109 0.007828810020876827 0.012987012987012988
3 0.47834029227557406 0.34183673469387754 0.009916492693110646 0.021335807050092765
3 0.5581941544885177 0.2945269016697588 0.006784968684759916 0.010204081632653062
3 0.5430584551148225 0.313543599257885 0.006784968684759916 0.01855287569573284
3 0.5461899791231732 0.29638218923933213 0.0057411273486430055 0.013914656771799629
3 0.5454070981210856 0.2717996289424861 0.005219206680584551 0.011131725417439703
3 0.5568893528183716 0.2690166975881262 0.005219206680584551 0.011131725417439703
3 0.5448851774530271 0.25834879406307976 0.0041753653444676405 0.010204081632653062
3 0.5542797494780792 0.25788497217068646 0.006263048016701461 0.00927643784786642
3 0.549321503131524 0.23794063079777367 0.0026096033402922755 0.010204081632653062
3 0.5545407098121085 0.22959183673469388 0.006784968684759916 0.010204081632653062
3 0.545929018789144 0.2300556586270872 0.006263048016701461 0.0055658627087198514
1 0.4039665970772442 0.7212430426716141 0.006263048016701461 0.012059369202226345
9 0.40240083507306884 0.7379406307977736 0.009394572025052192 0.026901669758812616
9 0.7766179540709811 0.7045454545454546 0.012526096033402922 0.02504638218923933
9 0.7484342379958245 0.6544526901669759 0.014613778705636741 0.01948051948051948
9 0.7531315240083507 0.6377551020408163 0.012526096033402922 0.013914656771799629
9 0.6717118997912317 0.45871985157699446 0.006263048016701461 0.006493506493506494
2 0.7194676409185803 0.5528756957328386 0.006784968684759916 0.016697588126159554
1 0.7539144050104384 0.6238404452690167 0.007828810020876827 0.015769944341372914
1 0.7766179540709811 0.6873840445269017 0.009394572025052192 0.012987012987012988
1 0.7481732776617953 0.6428571428571429 0.007828810020876827 0.016697588126159554
1 0.670929018789144 0.4489795918367347 0.004697286012526096 0.014842300556586271
1 0.7181628392484342 0.5412801484230055 0.0041753653444676405 0.010204081632653062
8 0.5467118997912317 0.1966604823747681 0.015135699373695197 0.016697588126159554
3 0.4890396659707724 0.30890538033395176 0.010438413361169102 0.016697588126159554
3 0.4937369519832985 0.29545454545454547 0.008350730688935281 0.010204081632653062
1 0.5041753653444676 0.31864564007421153 0.0031315240083507304 0.0027829313543599257
1 0.5096555323590813 0.3167903525046382 0.0036534446764091852 0.006493506493506494
0 0.5075678496868475 0.3014842300556586 0.0036534446764091852 0.011131725417439703
9 0.5049582463465553 0.326530612244898 0.0026096033402922755 0.0055658627087198514
9 0.5109603340292275 0.325139146567718 0.0041753653444676405 0.0027829313543599257
4 0.5109603340292275 0.25463821892393323 0.0041753653444676405 0.010204081632653062
3 0.5026096033402923 0.24211502782931354 0.0073068893528183704 0.0074211502782931356
3 0.5036534446764092 0.23794063079777367 0.009394572025052192 0.006493506493506494
4 0.505741127348643 0.23098330241187384 0.010438413361169102 0.011131725417439703
8 0.5328810020876826 0.2481447124304267 0.009394572025052192 0.02319109461966605
8 0.5237473903966596 0.18923933209647495 0.015135699373695197 0.011131725417439703
