0 0.29464285714285715 0.7776190476190477 0.010714285714285714 0.037142857142857144
3 0.3464285714285714 0.7661904761904762 0.027142857142857142 0.039047619047619046
0 0.2857142857142857 0.6819047619047619 0.007142857142857143 0.022857142857142857
0 0.2957142857142857 0.66 0.007142857142857143 0.022857142857142857
3 0.38142857142857145 0.6252380952380953 0.017142857142857144 0.01619047619047619
3 0.38321428571428573 0.579047619047619 0.009285714285714286 0.011428571428571429
3 0.91 0.6738095238095239 0.04285714285714286 0.02761904761904762
3 0.9532142857142857 0.6819047619047619 0.03785714285714286 0.024761904761904763
0 0.9971428571428571 0.7309523809523809 0.005714285714285714 0.025714285714285714
8 0.18464285714285714 0.8014285714285714 0.155 0.0980952380952381
