0 0.7610714285714286 0.9530456852791878 0.016428571428571428 0.03045685279187817
0 0.8925 0.9200507614213197 0.019285714285714285 0.027918781725888322
0 0.7692857142857142 0.6256345177664974 0.012857142857142857 0.035532994923857864
0 0.7735714285714286 0.5761421319796954 0.014285714285714285 0.035532994923857864
0 0.7871428571428571 0.5799492385786802 0.014285714285714285 0.03045685279187817
0 0.8021428571428572 0.583756345177665 0.012857142857142857 0.032994923857868015
0 0.8007142857142857 0.5380710659898477 0.015714285714285715 0.03045685279187817
0 0.7603571428571428 0.5513959390862944 0.013571428571428571 0.03426395939086294
0 0.7507142857142857 0.5101522842639593 0.012857142857142857 0.03045685279187817
0 0.88 0.5101522842639593 0.014285714285714285 0.03045685279187817
0 0.7003571428571429 0.4378172588832487 0.012142857142857143 0.027918781725888322
0 0.68 0.4010152284263959 0.011428571428571429 0.03045685279187817
0 0.6567857142857143 0.36040609137055835 0.010714285714285714 0.03045685279187817
0 0.6710714285714285 0.3648477157360406 0.012142857142857143 0.03680203045685279
0 0.635 0.274746192893401 0.01 0.029187817258883246
0 0.6367857142857143 0.28743654822335024 0.0064285714285714285 0.019035532994923856
0 0.6485714285714286 0.2899746192893401 0.014285714285714285 0.03426395939086294
0 0.6196428571428572 0.22588832487309643 0.010714285714285714 0.03807106598984771
0 0.6332142857142857 0.09454314720812182 0.009285714285714286 0.029187817258883246
