4 0.3875 0.909047619047619 0.04642857142857143 0.08476190476190476
4 0.4325 0.819047619047619 0.045 0.07809523809523809
4 0.6596428571428572 0.34904761904761905 0.039285714285714285 0.06380952380952382
4 0.6967857142857142 0.2723809523809524 0.03785714285714286 0.06857142857142857
4 0.25642857142857145 0.22904761904761906 0.045714285714285714 0.06
4 0.3575 0.24952380952380954 0.052142857142857144 0.05523809523809524
3 0.4710714285714286 0.7295238095238096 0.039285714285714285 0.06476190476190476
3 0.3757142857142857 0.6742857142857143 0.04 0.07047619047619047
3 0.5025 0.6633333333333333 0.03785714285714286 0.06380952380952382
3 0.4114285714285714 0.5976190476190476 0.04 0.07142857142857142
3 0.44142857142857145 0.5261904761904762 0.03857142857142857 0.07142857142857142
3 0.5378571428571428 0.6061904761904762 0.03857142857142857 0.06761904761904762
3 0.6217857142857143 0.4219047619047619 0.03785714285714286 0.06666666666666667
3 0.5314285714285715 0.38476190476190475 0.05 0.05523809523809524
3 0.6317857142857143 0.3314285714285714 0.03642857142857143 0.06476190476190476
3 0.39535714285714285 0.32761904761904764 0.05071428571428571 0.05523809523809524
3 0.31607142857142856 0.33285714285714285 0.04642857142857143 0.04857142857142857
3 0.3196428571428571 0.2904761904761905 0.05071428571428571 0.06095238095238095
3 0.24428571428571427 0.27380952380952384 0.04857142857142857 0.05047619047619047
3 0.20142857142857143 0.12047619047619047 0.05142857142857143 0.05619047619047619
3 0.04357142857142857 0.08857142857142856 0.05857142857142857 0.05904761904761905
3 0.145 0.07047619047619047 0.054285714285714284 0.05714285714285714
3 0.10071428571428571 0.03190476190476191 0.04857142857142857 0.05238095238095238
3 0.010357142857142856 0.05380952380952381 0.020714285714285713 0.04285714285714286
3 0.8307142857142857 0.7409523809523809 0.055714285714285716 0.05523809523809524
5 0.19142857142857142 0.19333333333333333 0.06285714285714286 0.06476190476190476
5 0.4110714285714286 0.4138095238095238 0.055 0.06
5 0.5835714285714285 0.508095238095238 0.047142857142857146 0.07714285714285714
6 0.5614285714285714 0.4738095238095238 0.024285714285714285 0.04285714285714286
6 0.3603571428571429 0.3761904761904762 0.03214285714285714 0.03238095238095238
6 0.7660714285714286 0.12285714285714286 0.029285714285714286 0.06095238095238095
6 0.8003571428571429 0.06714285714285714 0.030714285714285715 0.05238095238095238
6 0.5328571428571428 0.3319047619047619 0.032857142857142856 0.04666666666666667
9 0.12857142857142856 0.17666666666666667 0.02142857142857143 0.018095238095238095
9 0.17 0.21333333333333332 0.015714285714285715 0.026666666666666665
9 0.18357142857142858 0.13904761904761906 0.02142857142857143 0.02095238095238095
9 0.2817857142857143 0.2833333333333333 0.023571428571428573 0.023809523809523808
9 0.43607142857142855 0.319047619047619 0.015 0.022857142857142857
9 0.42392857142857143 0.30666666666666664 0.017857142857142856 0.022857142857142857
9 0.4110714285714286 0.29333333333333333 0.007857142857142858 0.02857142857142857
9 0.4 0.2866666666666667 0.017142857142857144 0.02857142857142857
9 0.29214285714285715 0.23238095238095238 0.018571428571428572 0.022857142857142857
9 0.3221428571428571 0.2619047619047619 0.018571428571428572 0.01904761904761905
9 0.3632142857142857 0.2885714285714286 0.012142857142857143 0.02095238095238095
9 0.38321428571428573 0.34714285714285714 0.020714285714285713 0.02
9 0.5796428571428571 0.3523809523809524 0.016428571428571428 0.030476190476190476
9 0.5742857142857143 0.2542857142857143 0.011428571428571429 0.02857142857142857
9 0.5825 0.2947619047619048 0.015 0.029523809523809525
9 0.6292857142857143 0.2642857142857143 0.015714285714285715 0.03333333333333333
9 0.6221428571428571 0.22095238095238096 0.015714285714285715 0.026666666666666665
9 0.5853571428571429 0.23285714285714285 0.023571428571428573 0.014285714285714285
9 0.6432142857142857 0.21285714285714286 0.016428571428571428 0.03333333333333333
9 0.7046428571428571 0.06523809523809523 0.019285714285714285 0.035238095238095235
9 0.69 0.1219047619047619 0.02 0.03238095238095238
9 0.6257142857142857 0.1580952380952381 0.018571428571428572 0.03428571428571429
9 0.5957142857142858 0.20666666666666667 0.02 0.015238095238095238
9 0.3514285714285714 0.44 0.01 0.03238095238095238
9 0.3182142857142857 0.23952380952380953 0.017857142857142856 0.023809523809523808
9 0.10142857142857142 0.08952380952380952 0.022857142857142857 0.024761904761904763
0 0.15035714285714286 0.14142857142857143 0.016428571428571428 0.018095238095238095
0 0.23857142857142857 0.09238095238095238 0.014285714285714285 0.01904761904761905
0 0.20142857142857143 0.2947619047619048 0.014285714285714285 0.01619047619047619
0 0.385 0.5714285714285714 0.008571428571428572 0.015238095238095238
9 0.4392857142857143 0.6171428571428571 0.012857142857142857 0.026666666666666665
9 0.1225 0.24 0.017857142857142856 0.03238095238095238
9 0.175 0.25333333333333335 0.025714285714285714 0.02857142857142857
9 0.1925 0.24523809523809523 0.02642857142857143 0.03142857142857143
9 0.2007142857142857 0.23285714285714285 0.03 0.02761904761904762
