5 0.15527139874739038 0.34090909090909094 0.04853862212943632 0.0287569573283859
5 0.16701461377870563 0.3385899814471243 0.038622129436325675 0.029684601113172542
5 0.17197286012526095 0.33487940630797774 0.03705636743215031 0.029684601113172542
5 0.18528183716075156 0.3302411873840445 0.03549060542797494 0.022263450834879406
5 0.12447807933194154 0.38589981447124305 0.0360125260960334 0.03339517625231911
5 0.13517745302713985 0.3840445269016698 0.033402922755741124 0.03153988868274583
5 0.14587682672233818 0.3891465677179963 0.03810020876826722 0.030612244897959183
5 0.15996868475991646 0.3933209647495362 0.04123173277661795 0.03339517625231911
5 0.16675365344467638 0.4025974025974026 0.05375782881002087 0.04081632653061225
5 0.20955114822546972 0.40584415584415584 0.04436325678496868 0.0287569573283859
5 0.24243215031315238 0.41233766233766234 0.025574112734864297 0.02504638218923933
5 0.22442588726513568 0.36966604823747684 0.056367432150313146 0.03246753246753247
5 0.2805323590814196 0.3807977736549165 0.04853862212943632 0.03432282003710575
5 0.2909707724425887 0.37569573283859 0.04853862212943632 0.03339517625231911
5 0.25808977035490605 0.36363636363636365 0.05167014613778705 0.025974025974025976
5 0.2322546972860125 0.349721706864564 0.05323590814196242 0.02411873840445269
5 0.23930062630480164 0.34740259740259744 0.05271398747390396 0.02504638218923933
5 0.25548016701461373 0.34415584415584416 0.0464509394572025 0.02411873840445269
5 0.26330897703549055 0.33441558441558444 0.04436325678496868 0.026901669758812616
5 0.24191022964509393 0.3075139146567718 0.0464509394572025 0.021335807050092765
9 0.1933716075156576 0.8140074211502784 0.01826722338204593 0.01948051948051948
9 0.26383089770354906 0.7212430426716141 0.015135699373695197 0.01948051948051948
3 0.30401878914405006 0.7857142857142857 0.04331941544885177 0.05380333951762523
6 0.2894050104384133 0.7119666048237477 0.023486430062630476 0.021335807050092765
9 0.34003131524008345 0.653061224489796 0.009916492693110646 0.01855287569573284
6 0.3961377870563674 0.787569573283859 0.019832985386221292 0.04823747680890538
1 0.3932672233820459 0.7922077922077922 0.008872651356993735 0.020408163265306124
3 0.37604384133611685 0.650278293135436 0.03496868475991649 0.04081632653061225
7 0.40683716075156573 0.5653988868274583 0.019311064718162838 0.0287569573283859
0 0.30741127348643005 0.6692949907235621 0.005219206680584551 0.0287569573283859
3 0.5114822546972859 0.6094619666048238 0.01774530271398747 0.03153988868274583
7 0.4425887265135699 0.5496289424860854 0.022964509394572022 0.02504638218923933
9 0.4405010438413361 0.5269016697588126 0.010438413361169102 0.011131725417439703
3 0.47494780793319413 0.5278293135435993 0.025052192066805843 0.022263450834879406
3 0.4796450939457202 0.5153061224489796 0.025052192066805843 0.021335807050092765
3 0.48564718162839243 0.5074211502782932 0.02661795407098121 0.020408163265306124
9 0.48799582463465546 0.48794063079777367 0.008350730688935281 0.011131725417439703
9 0.49817327766179537 0.49165120593692024 0.007828810020876827 0.00927643784786642
6 0.49660751565762 0.48515769944341375 0.014091858037578286 0.011131725417439703
0 0.49712943632567846 0.48562152133580705 0.004697286012526096 0.0176252319109462
1 0.5260960334029227 0.5695732838589982 0.005219206680584551 0.014842300556586271
1 0.5276617954070981 0.5709647495361782 0.0041753653444676405 0.015769944341372914
9 0.5266179540709811 0.5756029684601113 0.0073068893528183704 0.015769944341372914
1 0.549321503131524 0.5904452690166976 0.004697286012526096 0.015769944341372914
1 0.5506263048016701 0.5848794063079777 0.006263048016701461 0.013914656771799629
6 0.5487995824634655 0.5932282003710575 0.009916492693110646 0.01948051948051948
1 0.5532359081419623 0.5398886827458256 0.005219206680584551 0.014842300556586271
9 0.5527139874739039 0.5426716141001855 0.0073068893528183704 0.016697588126159554
1 0.55741127348643 0.5180890538033395 0.0041753653444676405 0.015769944341372914
9 0.5576722338204593 0.5204081632653061 0.0057411273486430055 0.012987012987012988
4 0.609081419624217 0.5037105751391465 0.019832985386221292 0.025974025974025976
3 0.613517745302714 0.4958256029684601 0.020354906054279746 0.02319109461966605
6 0.5182672233820459 0.4735621521335807 0.010438413361169102 0.012059369202226345
7 0.5274008350730688 0.4647495361781076 0.016179540709812108 0.020408163265306124
9 0.5347077244258872 0.4359925788497217 0.009916492693110646 0.00927643784786642
3 0.5602818371607515 0.44155844155844154 0.022442588726513567 0.01855287569573284
9 0.44885177453027136 0.5208719851576995 0.005219206680584551 0.013914656771799629
3 0.600991649269311 0.39007421150278293 0.015135699373695197 0.013914656771799629
3 0.6101252609603339 0.3817254174397032 0.01774530271398747 0.013914656771799629
6 0.6161273486430062 0.3692022263450835 0.010960334029227557 0.011131725417439703
0 0.6127348643006263 0.3645640074211503 0.0041753653444676405 0.011131725417439703
0 0.6171711899791231 0.3529684601113173 0.0036534446764091852 0.012059369202226345
3 0.6302192066805845 0.362708719851577 0.014091858037578286 0.014842300556586271
3 0.6323068893528183 0.3552875695732839 0.013048016701461376 0.012987012987012988
3 0.6385699373695197 0.3427643784786642 0.013048016701461376 0.010204081632653062
7 0.6351774530271398 0.3358070500927644 0.008350730688935281 0.00927643784786642
3 0.6461377870563674 0.33070500927643787 0.013569937369519832 0.010204081632653062
3 0.6497912317327765 0.3293135435992579 0.012526096033402922 0.00927643784786642
9 0.6492693110647181 0.3228200371057514 0.006263048016701461 0.0074211502782931356
9 0.6547494780793319 0.313543599257885 0.004697286012526096 0.0074211502782931356
6 0.6657098121085594 0.30844155844155846 0.006784968684759916 0.008348794063079777
0 0.6691022964509394 0.3070500927643785 0.0020876826722338203 0.0074211502782931356
5 0.6623173277661795 0.38311688311688313 0.021920668058455113 0.0352504638218924
4 0.681367432150313 0.3585343228200371 0.010960334029227557 0.012059369202226345
4 0.6855427974947808 0.3538961038961039 0.010960334029227557 0.013914656771799629
3 0.688152400835073 0.349721706864564 0.010960334029227557 0.012987012987012988
3 0.6876304801670146 0.34415584415584416 0.012004175365344467 0.012987012987012988
3 0.6907620041753653 0.3427643784786642 0.010960334029227557 0.013914656771799629
4 0.693893528183716 0.33812615955473097 0.010960334029227557 0.013914656771799629
5 0.6983298538622129 0.3269944341372913 0.012526096033402922 0.021335807050092765
9 0.6597077244258872 0.30936920222634506 0.0041753653444676405 0.006493506493506494
7 0.6667536534446763 0.30009276437847865 0.006784968684759916 0.006493506493506494
7 0.6719728601252609 0.29684601113172543 0.0036534446764091852 0.0074211502782931356
4 0.674321503131524 0.29081632653061223 0.009394572025052192 0.008348794063079777
7 0.6831941544885177 0.2922077922077922 0.0031315240083507304 0.0074211502782931356
7 0.6847599164926931 0.2912801484230056 0.0031315240083507304 0.0074211502782931356
7 0.6808455114822546 0.2847866419294991 0.006784968684759916 0.0074211502782931356
4 0.6871085594989561 0.2787569573283859 0.008872651356993735 0.008348794063079777
5 0.6844989561586639 0.2727272727272727 0.015135699373695197 0.00927643784786642
3 0.6894572025052191 0.2717996289424861 0.0073068893528183704 0.0074211502782931356
1 0.6727557411273486 0.30936920222634506 0.0020876826722338203 0.00463821892393321
1 0.6753653444676408 0.3102968460111317 0.0031315240083507304 0.006493506493506494
5 0.7280793319415448 0.6224489795918368 0.027139874739039664 0.07421150278293136
3 0.7591336116910229 0.5236549165120594 0.014091858037578286 0.02319109461966605
5 0.758089770354906 0.4067717996289425 0.015135699373695197 0.03432282003710575
5 0.7447807933194154 0.3140074211502783 0.013569937369519832 0.02319109461966605
5 0.7653966597077243 0.33487940630797774 0.012004175365344467 0.027829313543599257
5 0.7818371607515657 0.34090909090909094 0.012526096033402922 0.039888682745825604
5 0.7667014613778705 0.3140074211502783 0.011482254697286011 0.01948051948051948
5 0.7703549060542797 0.2922077922077922 0.012526096033402922 0.027829313543599257
3 0.7471294363256784 0.2820037105751392 0.007828810020876827 0.00927643784786642
5 0.7760960334029227 0.26205936920222633 0.0073068893528183704 0.01948051948051948
3 0.780010438413361 0.2602040816326531 0.0036534446764091852 0.006493506493506494
8 0.7640918580375782 0.2481447124304267 0.005219206680584551 0.010204081632653062
5 0.7703549060542797 0.24582560296846012 0.005219206680584551 0.012987012987012988
5 0.7781837160751565 0.24211502782931354 0.0073068893528183704 0.012987012987012988
3 0.7716597077244258 0.2365491651205937 0.004697286012526096 0.0074211502782931356
3 0.7792275574112734 0.23330241187384046 0.0031315240083507304 0.006493506493506494
8 0.782098121085595 0.22263450834879406 0.004697286012526096 0.0074211502782931356
3 0.775313152400835 0.2189239332096475 0.0026096033402922755 0.0055658627087198514
3 0.7792275574112734 0.20964749536178107 0.0020876826722338203 0.0037105751391465678
3 0.7766179540709811 0.2036178107606679 0.0020876826722338203 0.0027829313543599257
3 0.7781837160751565 0.20686456400742115 0.0031315240083507304 0.0037105751391465678
5 0.7836638830897703 0.2101113172541744 0.0036534446764091852 0.006493506493506494
3 0.9504175365344467 0.9271799628942486 0.03549060542797494 0.06586270871985157
7 0.9342379958246345 0.8719851576994434 0.018789144050104383 0.0575139146567718
6 0.93580375782881 0.8223562152133581 0.022964509394572022 0.05102040816326531
5 0.9081419624217119 0.7064007421150278 0.03549060542797494 0.043599257884972174
3 0.8893528183716074 0.6525974025974026 0.032359081419624215 0.05102040816326531
3 0.883089770354906 0.6280148423005566 0.024008350730688934 0.0352504638218924
3 0.8849164926931106 0.6131725417439703 0.02766179540709812 0.03710575139146568
6 0.9407620041753653 0.5844155844155844 0.0360125260960334 0.029684601113172542
1 0.934759916492693 0.5834879406307978 0.006263048016701461 0.016697588126159554
5 0.9300626304801669 0.5589053803339518 0.026096033402922752 0.036178107606679034
6 0.8588204592901878 0.562152133580705 0.014091858037578286 0.020408163265306124
3 0.8689979123173277 0.5607606679035251 0.031315240083507306 0.026901669758812616
3 0.8606471816283924 0.5282931354359925 0.024008350730688934 0.0287569573283859
6 0.8582985386221293 0.5306122448979592 0.01826722338204593 0.01855287569573284
5 0.8650835073068893 0.49443413729128016 0.019311064718162838 0.027829313543599257
4 0.850991649269311 0.4712430426716141 0.02453027139874739 0.022263450834879406
0 0.9031837160751565 0.4642857142857143 0.004697286012526096 0.0176252319109462
7 0.8776096033402921 0.4452690166975881 0.008872651356993735 0.01855287569573284
6 0.8449895615866387 0.4550092764378479 0.015657620041753653 0.015769944341372914
3 0.8468162839248433 0.4512987012987013 0.022442588726513567 0.0176252319109462
3 0.8473382045929018 0.4461966604823748 0.022442588726513567 0.01855287569573284
4 0.8447286012526095 0.4359925788497217 0.019311064718162838 0.016697588126159554
7 0.8410751565762004 0.41929499072356213 0.017223382045929016 0.022263450834879406
0 0.8436847599164926 0.41465677179962895 0.004697286012526096 0.014842300556586271
1 0.8705636743215031 0.4100185528756957 0.0031315240083507304 0.00927643784786642
2 0.8710855949895615 0.41280148423005564 0.0031315240083507304 0.011131725417439703
3 0.8397703549060542 0.40538033395176254 0.009394572025052192 0.014842300556586271
7 0.8387265135699373 0.39564007421150277 0.014613778705636741 0.013914656771799629
3 0.8363778705636742 0.3914656771799629 0.015135699373695197 0.014842300556586271
3 0.8332463465553235 0.38589981447124305 0.016179540709812108 0.011131725417439703
4 0.830375782881002 0.36363636363636365 0.014613778705636741 0.014842300556586271
1 0.8530793319415448 0.37430426716141 0.004697286012526096 0.008348794063079777
9 0.8533402922755741 0.37662337662337664 0.0041753653444676405 0.00927643784786642
1 0.9131002087682671 0.41280148423005564 0.004697286012526096 0.0055658627087198514
1 0.9120563674321502 0.4067717996289425 0.0036534446764091852 0.010204081632653062
0 0.8429018789144049 0.3339517625231911 0.0031315240083507304 0.011131725417439703
0 0.8306367432150312 0.33812615955473097 0.0026096033402922755 0.010204081632653062
3 0.824634655532359 0.3362708719851577 0.011482254697286011 0.010204081632653062
7 0.8528183716075156 0.3302411873840445 0.005219206680584551 0.012987012987012988
5 0.8408141962421711 0.31864564007421153 0.012526096033402922 0.021335807050092765
5 0.837160751565762 0.2949907235621521 0.005219206680584551 0.011131725417439703
0 0.8215031315240082 0.30009276437847865 0.0020876826722338203 0.008348794063079777
1 0.8282881002087682 0.29591836734693877 0.0020876826722338203 0.0055658627087198514
9 0.8277661795407097 0.29591836734693877 0.0020876826722338203 0.0055658627087198514
3 0.8160229645093945 0.28710575139146566 0.007828810020876827 0.008348794063079777
3 0.8160229645093945 0.27782931354359924 0.006784968684759916 0.006493506493506494
3 0.8243736951983298 0.2764378478664193 0.004697286012526096 0.0074211502782931356
5 0.8248956158663883 0.25510204081632654 0.009916492693110646 0.016697588126159554
5 0.8181106471816283 0.2481447124304267 0.006784968684759916 0.013914656771799629
5 0.8335073068893527 0.2435064935064935 0.0073068893528183704 0.012059369202226345
5 0.821242171189979 0.24211502782931354 0.0057411273486430055 0.011131725417439703
3 0.8123695198329853 0.23562152133580705 0.0036534446764091852 0.0055658627087198514
4 0.8196764091858036 0.22727272727272727 0.0057411273486430055 0.0055658627087198514
