2 0.8985 0.586 0.047 0.04
2 0.78025 0.49566666666666664 0.0375 0.04466666666666667
2 0.72275 0.36966666666666664 0.0145 0.04066666666666666
2 0.7115 0.364 0.014 0.04
0 0.34575 0.5193333333333333 0.0075 0.022666666666666665
0 0.35100000000000003 0.5036666666666666 0.015 0.03666666666666667
0 0.3865 0.43566666666666665 0.008 0.022
1 0.39575 0.43766666666666665 0.0155 0.026
0 0.4545 0.369 0.01 0.043333333333333335
1 0.466 0.3743333333333333 0.009000000000000001 0.020666666666666667
1 0.41625 0.45499999999999996 0.0175 0.024666666666666667
0 0.44875 0.4483333333333333 0.0105 0.04066666666666666
0 0.44275000000000003 0.43366666666666664 0.0205 0.03666666666666667
0 0.437 0.48433333333333334 0.015 0.05266666666666667
0 0.45775 0.47333333333333333 0.0155 0.034666666666666665
0 0.47550000000000003 0.4933333333333333 0.008 0.026666666666666665
0 0.48775 0.4933333333333333 0.0135 0.03333333333333333
1 0.48975 0.51 0.0125 0.029333333333333333
0 0.49325 0.5496666666666666 0.0095 0.02333333333333333
0 0.4935 0.5589999999999999 0.014 0.04466666666666667
0 0.5055000000000001 0.574 0.012 0.03733333333333333
0 0.50975 0.5643333333333334 0.0075 0.019333333333333334
0 0.51525 0.5486666666666666 0.0115 0.04133333333333333
0 0.5175 0.5433333333333333 0.009000000000000001 0.02
0 0.11075 0.20566666666666666 0.0125 0.035333333333333335
