3 0.4682142857142857 0.6034263959390862 0.017857142857142856 0.0748730964467005
3 0.4 0.5590101522842639 0.018571428571428572 0.06472081218274112
3 0.43857142857142856 0.3496192893401015 0.015714285714285715 0.05456852791878172
3 0.4807142857142857 0.3178934010152284 0.015714285714285715 0.05456852791878172
3 0.42964285714285716 0.12626903553299493 0.015 0.03934010152284264
3 0.4589285714285714 0.964467005076142 0.020714285714285713 0.06852791878172589
3 0.5096428571428572 0.012055837563451776 0.012142857142857143 0.024111675126903553
3 0.5296428571428572 0.7550761421319796 0.023571428571428573 0.08629441624365482
3 0.7153571428571428 0.2614213197969543 0.04642857142857143 0.032994923857868015
3 0.7617857142857143 0.2626903553299492 0.039285714285714285 0.03045685279187817
4 0.8039285714285714 0.2633248730964467 0.04071428571428572 0.03426395939086294
3 0.8492857142857143 0.2595177664974619 0.04428571428571428 0.03680203045685279
3 0.9135714285714286 0.21700507614213196 0.04 0.03045685279187817
3 0.9696428571428571 0.21763959390862941 0.03642857142857143 0.024111675126903553
3 0.8196428571428571 0.23730964467005075 0.03785714285714286 0.032994923857868015
0 0.7392857142857143 0.5539340101522843 0.008571428571428572 0.021573604060913704
0 0.8310714285714286 0.48032994923857864 0.010714285714285714 0.021573604060913704
4 0.5357142857142857 0.09961928934010152 0.012857142857142857 0.052030456852791875
4 0.49107142857142855 0.08692893401015228 0.015 0.05710659898477157
0 0.3575 0.25253807106598986 0.0064285714285714285 0.02030456852791878
