3 0.3747390396659707 0.7115027829313544 0.05427974947807933 0.1280148423005566
3 0.5501043841336116 0.7258812615955473 0.09498956158663882 0.08070500927643785
3 0.5151356993736952 0.648886827458256 0.08977035490605427 0.08441558441558442
3 0.49243215031315235 0.5663265306122449 0.08402922755741127 0.06215213358070501
3 0.4830375782881002 0.5278293135435993 0.06419624217118998 0.05380333951762523
6 0.5824634655532358 0.47912801484230055 0.043841336116910226 0.05102040816326531
3 0.3791753653444676 0.2884972170686456 0.020354906054279746 0.02411873840445269
5 0.41022964509394566 0.2829313543599258 0.024008350730688934 0.027829313543599257
3 0.35203549060542794 0.21335807050092764 0.009916492693110646 0.016697588126159554
3 0.36325678496868474 0.2258812615955473 0.011482254697286011 0.015769944341372914
3 0.36847599164926925 0.20871985157699444 0.010438413361169102 0.014842300556586271
7 0.3723903966597077 0.21985157699443414 0.009916492693110646 0.020408163265306124
0 0.3212421711899791 0.17717996289424862 0.0026096033402922755 0.012987012987012988
