4 0.5310714285714285 0.7071428571428572 0.09214285714285714 0.07142857142857142
4 0.8621428571428571 0.8752380952380953 0.12714285714285714 0.10476190476190476
4 0.02 0.5647619047619048 0.03857142857142857 0.05523809523809524
3 0.029642857142857144 0.6352380952380953 0.05928571428571429 0.047619047619047616
5 0.15214285714285714 0.66 0.11857142857142858 0.07428571428571429
1 0.09678571428571428 0.6447619047619048 0.015 0.024761904761904763
2 0.10035714285714285 0.6580952380952381 0.027857142857142858 0.02095238095238095
3 0.046785714285714285 0.5642857142857143 0.03642857142857143 0.037142857142857144
2 0.03214285714285714 0.5895238095238096 0.017142857142857144 0.017142857142857144
2 0.04 0.6071428571428571 0.007142857142857143 0.018095238095238095
4 0.09428571428571429 0.56 0.03571428571428571 0.0380952380952381
3 0.12142857142857143 0.5680952380952381 0.03428571428571429 0.039047619047619046
3 0.155 0.5628571428571428 0.041428571428571426 0.04380952380952381
3 0.18892857142857142 0.57 0.035 0.035238095238095235
1 0.16357142857142856 0.6095238095238096 0.01 0.024761904761904763
6 0.16785714285714284 0.5928571428571429 0.04857142857142857 0.037142857142857144
3 0.08892857142857143 0.6409523809523809 0.06785714285714285 0.0380952380952381
3 0.21035714285714285 0.6361904761904762 0.060714285714285714 0.04380952380952381
3 0.15142857142857144 0.7504761904761905 0.11142857142857143 0.05142857142857143
3 0.2042857142857143 0.7833333333333333 0.10857142857142857 0.054285714285714284
1 0.23642857142857143 0.659047619047619 0.01 0.026666666666666665
9 0.23714285714285716 0.6642857142857143 0.03571428571428571 0.023809523809523808
0 0.20785714285714285 0.6038095238095238 0.01 0.03619047619047619
1 0.19892857142857143 0.5571428571428572 0.010714285714285714 0.02095238095238095
0 0.26571428571428574 0.6161904761904762 0.011428571428571429 0.03428571428571429
0 0.24892857142857142 0.6057142857142858 0.009285714285714286 0.03428571428571429
0 0.23857142857142857 0.6071428571428571 0.008571428571428572 0.021904761904761906
0 0.23785714285714285 0.5738095238095238 0.008571428571428572 0.02761904761904762
0 0.2325 0.5647619047619048 0.010714285714285714 0.026666666666666665
0 0.255 0.5338095238095238 0.007142857142857143 0.023809523809523808
0 0.2617857142857143 0.5257142857142857 0.009285714285714286 0.022857142857142857
0 0.2532142857142857 0.4828571428571429 0.005 0.017142857142857144
0 0.255 0.46714285714285714 0.007142857142857143 0.018095238095238095
0 0.2714285714285714 0.4471428571428571 0.004285714285714286 0.014285714285714285
0 0.2764285714285714 0.44285714285714284 0.005714285714285714 0.013333333333333332
0 0.2792857142857143 0.4138095238095238 0.002857142857142857 0.008571428571428572
0 0.2767857142857143 0.4147619047619048 0.002142857142857143 0.008571428571428572
5 0.29035714285714287 0.40714285714285714 0.02642857142857143 0.018095238095238095
6 0.21035714285714285 0.6185714285714285 0.04642857142857143 0.02761904761904762
3 0.3532142857142857 0.6933333333333334 0.08357142857142857 0.04380952380952381
3 0.42964285714285716 0.6795238095238095 0.075 0.05238095238095238
3 0.4382142857142857 0.6238095238095238 0.04357142857142857 0.0419047619047619
3 0.46214285714285713 0.590952380952381 0.03 0.04285714285714286
3 0.49178571428571427 0.5766666666666667 0.030714285714285715 0.035238095238095235
4 0.37714285714285717 0.6447619047619048 0.07285714285714286 0.05523809523809524
0 0.4203571428571429 0.5995238095238096 0.009285714285714286 0.03142857142857143
0 0.44107142857142856 0.5766666666666667 0.009285714285714286 0.02761904761904762
0 0.4342857142857143 0.5776190476190476 0.008571428571428572 0.023809523809523808
0 0.44 0.5652380952380952 0.008571428571428572 0.021904761904761906
0 0.4332142857142857 0.5661904761904762 0.007857142857142858 0.025714285714285714
3 0.5457142857142857 0.5876190476190476 0.04 0.04380952380952381
3 0.5839285714285715 0.5876190476190476 0.03785714285714286 0.0380952380952381
3 0.5553571428571429 0.5666666666666667 0.03357142857142857 0.03428571428571429
3 0.5217857142857143 0.5619047619047619 0.03214285714285714 0.03238095238095238
3 0.49142857142857144 0.5514285714285714 0.022857142857142857 0.026666666666666665
3 0.4903571428571429 0.5338095238095238 0.02642857142857143 0.02761904761904762
3 0.51 0.5266666666666666 0.025714285714285714 0.026666666666666665
5 0.5317857142857143 0.5380952380952381 0.035 0.04
3 0.46464285714285714 0.54 0.025 0.026666666666666665
3 0.5478571428571428 0.49238095238095236 0.024285714285714285 0.024761904761904763
3 0.4942857142857143 0.5133333333333333 0.02 0.02095238095238095
3 0.4828571428571429 0.4990476190476191 0.017142857142857144 0.022857142857142857
3 0.4717857142857143 0.49 0.019285714285714285 0.018095238095238095
3 0.4592857142857143 0.47904761904761906 0.018571428571428572 0.017142857142857144
3 0.44107142857142856 0.4861904761904762 0.017857142857142856 0.018095238095238095
3 0.42714285714285716 0.4957142857142857 0.018571428571428572 0.02
3 0.4514285714285714 0.49714285714285716 0.017142857142857144 0.01904761904761905
0 0.45071428571428573 0.5014285714285714 0.005714285714285714 0.018095238095238095
3 0.4164285714285714 0.48523809523809525 0.017142857142857144 0.018095238095238095
3 0.43892857142857145 0.5061904761904762 0.015 0.018095238095238095
3 0.4496428571428571 0.5223809523809524 0.019285714285714285 0.025714285714285714
3 0.4660714285714286 0.5066666666666667 0.017857142857142856 0.017142857142857144
3 0.4735714285714286 0.5195238095238095 0.02 0.02761904761904762
3 0.415 0.5157142857142857 0.02142857142857143 0.025714285714285714
4 0.42964285714285716 0.5323809523809524 0.027857142857142858 0.0380952380952381
4 0.43142857142857144 0.47714285714285715 0.018571428571428572 0.022857142857142857
0 0.6375 0.6409523809523809 0.015 0.03619047619047619
0 0.6535714285714286 0.63 0.008571428571428572 0.03333333333333333
0 0.7671428571428571 0.6361904761904762 0.01 0.03238095238095238
0 0.7828571428571428 0.6395238095238095 0.014285714285714285 0.037142857142857144
0 0.6914285714285714 0.5366666666666666 0.007142857142857143 0.021904761904761906
0 0.8192857142857143 0.6514285714285715 0.01 0.03238095238095238
0 0.8132142857142857 0.6495238095238095 0.007857142857142858 0.03238095238095238
1 0.7614285714285715 0.67 0.012857142857142857 0.035238095238095235
9 0.7589285714285714 0.6747619047619048 0.030714285714285715 0.029523809523809525
3 0.6742857142857143 0.758095238095238 0.09857142857142857 0.08
3 0.7971428571428572 0.9395238095238095 0.13714285714285715 0.12095238095238095
3 0.8832142857142857 0.8157142857142857 0.11071428571428571 0.08666666666666667
1 0.6135714285714285 0.9023809523809524 0.015714285714285715 0.037142857142857144
9 0.6175 0.9214285714285714 0.03642857142857143 0.05238095238095238
0 0.8364285714285714 0.6638095238095238 0.015714285714285715 0.03619047619047619
0 0.8960714285714285 0.6495238095238095 0.010714285714285714 0.03619047619047619
9 0.91 0.6528571428571428 0.025714285714285714 0.02761904761904762
0 0.9775 0.6995238095238095 0.013571428571428571 0.040952380952380955
0 0.9714285714285714 0.6757142857142857 0.011428571428571429 0.03142857142857143
0 0.96 0.6685714285714286 0.008571428571428572 0.03428571428571429
9 0.9714285714285714 0.638095238095238 0.03428571428571429 0.022857142857142857
0 0.9789285714285715 0.5957142857142858 0.010714285714285714 0.03142857142857143
2 0.9942857142857143 0.6080952380952381 0.011428571428571429 0.018095238095238095
2 0.9660714285714286 0.5961904761904762 0.013571428571428571 0.01904761904761905
0 0.7957142857142857 0.5661904761904762 0.008571428571428572 0.029523809523809525
0 0.785 0.5638095238095238 0.01 0.022857142857142857
2 0.8996428571428572 0.5719047619047619 0.015 0.01619047619047619
0 0.6767857142857143 0.5152380952380953 0.007857142857142858 0.02095238095238095
0 0.6735714285714286 0.5028571428571429 0.004285714285714286 0.015238095238095238
0 0.665 0.5004761904761905 0.005714285714285714 0.018095238095238095
0 0.6610714285714285 0.49952380952380954 0.0064285714285714285 0.014285714285714285
0 0.6842857142857143 0.5123809523809524 0.007142857142857143 0.01904761904761905
0 0.6782142857142857 0.49523809523809526 0.0064285714285714285 0.017142857142857144
0 0.6289285714285714 0.4847619047619048 0.005 0.015238095238095238
1 0.6289285714285714 0.49666666666666665 0.005 0.012380952380952381
1 0.6185714285714285 0.4919047619047619 0.002857142857142857 0.012380952380952381
2 0.6178571428571429 0.4957142857142857 0.007142857142857143 0.010476190476190476
9 0.6307142857142857 0.5004761904761905 0.01 0.010476190476190476
0 0.6135714285714285 0.48095238095238096 0.004285714285714286 0.013333333333333332
0 0.6085714285714285 0.48238095238095235 0.002857142857142857 0.014285714285714285
0 0.5964285714285714 0.4785714285714286 0.004285714285714286 0.012380952380952381
0 0.5907142857142857 0.47619047619047616 0.004285714285714286 0.015238095238095238
0 0.5817857142857142 0.47523809523809524 0.005 0.015238095238095238
0 0.5867857142857142 0.4742857142857143 0.0035714285714285713 0.013333333333333332
0 0.5839285714285715 0.4661904761904762 0.0035714285714285713 0.012380952380952381
0 0.5753571428571429 0.4666666666666667 0.005 0.013333333333333332
0 0.5646428571428571 0.4580952380952381 0.005 0.013333333333333332
3 0.6192857142857143 0.4757142857142857 0.027142857142857142 0.014285714285714285
3 0.6028571428571429 0.4704761904761905 0.025714285714285714 0.011428571428571429
3 0.5978571428571429 0.4661904761904762 0.024285714285714285 0.014285714285714285
0 0.5364285714285715 0.4423809523809524 0.005714285714285714 0.014285714285714285
0 0.5292857142857142 0.44476190476190475 0.004285714285714286 0.009523809523809525
0 0.5267857142857143 0.44476190476190475 0.0035714285714285713 0.007619047619047619
1 0.5192857142857142 0.4442857142857143 0.004285714285714286 0.010476190476190476
9 0.5192857142857142 0.44666666666666666 0.005714285714285714 0.007619047619047619
3 0.5067857142857143 0.44333333333333336 0.013571428571428571 0.014285714285714285
1 0.47928571428571426 0.44047619047619047 0.002857142857142857 0.008571428571428572
2 0.48035714285714287 0.4452380952380952 0.007857142857142858 0.010476190476190476
0 0.49 0.42904761904761907 0.004285714285714286 0.008571428571428572
0 0.48678571428571427 0.43 0.002142857142857143 0.006666666666666666
1 0.4832142857142857 0.4319047619047619 0.002142857142857143 0.006666666666666666
9 0.4828571428571429 0.43476190476190474 0.005714285714285714 0.004761904761904762
1 0.4589285714285714 0.4142857142857143 0.0035714285714285713 0.007619047619047619
3 0.4185714285714286 0.42666666666666664 0.01 0.011428571428571429
3 0.4010714285714286 0.41333333333333333 0.009285714285714286 0.009523809523809525
4 0.405 0.4238095238095238 0.01 0.011428571428571429
1 0.45071428571428573 0.4180952380952381 0.002857142857142857 0.009523809523809525
2 0.45035714285714284 0.4204761904761905 0.005 0.006666666666666666
2 0.4275 0.4085714285714286 0.0035714285714285713 0.0038095238095238095
2 0.4092857142857143 0.3995238095238095 0.002857142857142857 0.002857142857142857
9 0.38321428571428573 0.4542857142857143 0.0035714285714285713 0.005714285714285714
1 0.4275 0.4057142857142857 0.002142857142857143 0.005714285714285714
1 0.41 0.3980952380952381 0.002857142857142857 0.0038095238095238095
1 0.38321428571428573 0.44952380952380955 0.0035714285714285713 0.007619047619047619
1 0.40035714285714286 0.5009523809523809 0.0035714285714285713 0.009523809523809525
1 0.39285714285714285 0.4942857142857143 0.005714285714285714 0.011428571428571429
1 0.37214285714285716 0.4623809523809524 0.004285714285714286 0.008571428571428572
9 0.37285714285714283 0.46714285714285714 0.005714285714285714 0.008571428571428572
9 0.39285714285714285 0.49857142857142855 0.007142857142857143 0.008571428571428572
9 0.39964285714285713 0.508095238095238 0.007857142857142858 0.010476190476190476
0 0.4325 0.4057142857142857 0.002142857142857143 0.007619047619047619
0 0.38642857142857145 0.3880952380952381 0.002857142857142857 0.006666666666666666
0 0.3507142857142857 0.4338095238095238 0.002857142857142857 0.010476190476190476
8 0.36178571428571427 0.42666666666666664 0.016428571428571428 0.02857142857142857
8 0.3732142857142857 0.42238095238095236 0.016428571428571428 0.023809523809523808
3 0.38 0.3976190476190476 0.005714285714285714 0.006666666666666666
3 0.365 0.39571428571428574 0.005714285714285714 0.006666666666666666
3 0.36892857142857144 0.3942857142857143 0.005 0.007619047619047619
3 0.37285714285714283 0.3919047619047619 0.004285714285714286 0.006666666666666666
3 0.36142857142857143 0.38904761904761903 0.004285714285714286 0.006666666666666666
4 0.3675 0.3861904761904762 0.005 0.006666666666666666
8 0.3578571428571429 0.38047619047619047 0.01 0.008571428571428572
8 0.35428571428571426 0.3761904761904762 0.007142857142857143 0.009523809523809525
3 0.34535714285714286 0.4066666666666667 0.007857142857142858 0.011428571428571429
3 0.3414285714285714 0.3914285714285714 0.005714285714285714 0.005714285714285714
3 0.32392857142857145 0.3838095238095238 0.0064285714285714285 0.007619047619047619
8 0.3392857142857143 0.3852380952380952 0.008571428571428572 0.012380952380952381
8 0.33107142857142857 0.3838095238095238 0.009285714285714286 0.011428571428571429
8 0.3246428571428571 0.37761904761904763 0.0064285714285714285 0.008571428571428572
3 0.31892857142857145 0.37285714285714283 0.005 0.004761904761904762
0 0.3292857142857143 0.4 0.004285714285714286 0.009523809523809525
0 0.3242857142857143 0.3904761904761905 0.002857142857142857 0.007619047619047619
3 0.34714285714285714 0.38 0.004285714285714286 0.005714285714285714
2 0.06928571428571428 0.9033333333333333 0.05857142857142857 0.04476190476190476
2 0.10821428571428571 0.9042857142857142 0.045 0.04476190476190476
