3 0.45824634655532354 0.7342300556586271 0.022964509394572022 0.07699443413729128
3 0.5091336116910229 0.7527829313543599 0.022442588726513567 0.07142857142857142
3 0.24295407098121083 0.48840445269016697 0.02974947807933194 0.049165120593692026
3 0.029227557411273482 0.5695732838589982 0.04279749478079332 0.0463821892393321
3 0.08168058455114821 0.439239332096475 0.03810020876826722 0.026901669758812616
3 0.1336116910229645 0.44341372912801486 0.037578288100208766 0.027829313543599257
3 0.14613778705636743 0.424860853432282 0.033402922755741124 0.025974025974025976
3 0.19206680584551147 0.3585343228200371 0.032359081419624215 0.02319109461966605
3 0.5378392484342379 0.29916512059369205 0.013048016701461376 0.0287569573283859
4 0.4984342379958246 0.21846011131725418 0.010438413361169102 0.026901669758812616
3 0.5469728601252609 0.24953617810760667 0.011482254697286011 0.020408163265306124
3 0.543580375782881 0.1683673469387755 0.008872651356993735 0.015769944341372914
3 0.6873695198329853 0.6029684601113172 0.024008350730688934 0.05194805194805195
3 0.7713987473903966 0.6924860853432282 0.050104384133611686 0.043599257884972174
4 0.7831419624217119 0.75139146567718 0.0464509394572025 0.04823747680890538
3 0.7108559498956158 0.5041743970315399 0.038622129436325675 0.0287569573283859
3 0.7079853862212943 0.47680890538033394 0.0360125260960334 0.029684601113172542
4 0.6988517745302714 0.4559369202226345 0.024008350730688934 0.02504638218923933
3 0.6925887265135698 0.4424860853432282 0.03653444676409186 0.02411873840445269
3 0.690501043841336 0.39842300556586274 0.032359081419624215 0.02319109461966605
4 0.6988517745302714 0.4104823747680891 0.029227557411273482 0.0287569573283859
3 0.6333507306889352 0.42810760667903525 0.016179540709812108 0.03246753246753247
3 0.6456158663883089 0.36595547309833026 0.013569937369519832 0.02504638218923933
9 0.7291231732776617 0.37894248608534326 0.011482254697286011 0.013914656771799629
9 0.737473903966597 0.4063079777365492 0.013569937369519832 0.014842300556586271
9 0.8254175365344467 0.6465677179962894 0.013048016701461376 0.016697588126159554
9 0.8144572025052191 0.6173469387755102 0.016179540709812108 0.01948051948051948
2 0.7917536534446763 0.5714285714285714 0.016701461377870562 0.01855287569573284
3 0.6667536534446763 0.32421150278293137 0.02766179540709812 0.01948051948051948
3 0.6667536534446763 0.31493506493506496 0.02453027139874739 0.01948051948051948
3 0.6531837160751565 0.2852504638218924 0.02661795407098121 0.01948051948051948
3 0.6837160751565762 0.287569573283859 0.025052192066805843 0.022263450834879406
8 0.5764613778705636 0.33070500927643787 0.01826722338204593 0.06771799628942486
4 0.8230688935281837 0.8580705009276438 0.06784968684759916 0.061224489795918366
9 0.8953549060542797 0.8562152133580705 0.015135699373695197 0.03153988868274583
9 0.7732254697286012 0.5023191094619666 0.016179540709812108 0.021335807050092765
3 0.5060020876826722 0.07142857142857142 0.006784968684759916 0.012987012987012988
3 0.5083507306889352 0.08580705009276438 0.0073068893528183704 0.012059369202226345
8 0.48277661795407095 0.1414656771799629 0.011482254697286011 0.03803339517625232
4 0.6111691022964508 0.21289424860853431 0.009394572025052192 0.021335807050092765
4 0.6270876826722338 0.20083487940630798 0.01826722338204593 0.0176252319109462
3 0.539144050104384 0.1062152133580705 0.0073068893528183704 0.012059369202226345
3 0.5352296450939457 0.07792207792207792 0.0057411273486430055 0.011131725417439703
3 0.5420146137787056 0.06725417439703155 0.0057411273486430055 0.008348794063079777
3 0.5370563674321502 0.03849721706864564 0.005219206680584551 0.010204081632653062
3 0.5414926931106472 0.018089053803339517 0.0057411273486430055 0.008348794063079777
3 0.5352296450939457 0.011595547309833025 0.004697286012526096 0.010204081632653062
3 0.5378392484342379 0.003246753246753247 0.0036534446764091852 0.006493506493506494
3 0.5910751565762004 0.10250463821892393 0.007828810020876827 0.012059369202226345
3 0.5824634655532358 0.06818181818181818 0.006263048016701461 0.010204081632653062
3 0.5806367432150312 0.06168831168831169 0.008872651356993735 0.008348794063079777
3 0.5798538622129435 0.05612244897959184 0.005219206680584551 0.008348794063079777
1 0.6122129436325678 0.2430426716141002 0.0031315240083507304 0.00927643784786642
9 0.6109081419624216 0.24721706864564008 0.0036534446764091852 0.010204081632653062
9 0.6487473903966596 0.2388682745825603 0.0073068893528183704 0.012059369202226345
0 0.6221294363256784 0.13821892393320964 0.0020876826722338203 0.00927643784786642
4 0.5884655532359081 0.09183673469387756 0.0057411273486430055 0.012987012987012988
3 0.5858559498956158 0.08673469387755102 0.006784968684759916 0.010204081632653062
1 0.3538622129436325 0.7411873840445269 0.005219206680584551 0.00927643784786642
9 0.3554279749478079 0.738404452690167 0.005219206680584551 0.016697588126159554
1 0.42667014613778703 0.3038033395176252 0.0036534446764091852 0.010204081632653062
9 0.4271920668058455 0.3107606679035251 0.0057411273486430055 0.016697588126159554
0 0.6568371607515657 0.37708719851576994 0.0036534446764091852 0.0176252319109462
0 0.6620563674321502 0.37708719851576994 0.0026096033402922755 0.0176252319109462
9 0.7043319415448851 0.3390538033395176 0.006784968684759916 0.0176252319109462
1 0.46868475991649267 0.08441558441558442 0.0020876826722338203 0.0074211502782931356
9 0.46868475991649267 0.09090909090909091 0.0031315240083507304 0.0074211502782931356
9 0.46033402922755734 0.11131725417439703 0.0020876826722338203 0.00927643784786642
1 0.4613778705636743 0.10853432282003711 0.0031315240083507304 0.0074211502782931356
1 0.5670668058455114 0.14749536178107606 0.0026096033402922755 0.0074211502782931356
9 0.5668058455114822 0.1525974025974026 0.0031315240083507304 0.008348794063079777
9 0.7539144050104384 0.4485157699443414 0.014091858037578286 0.012059369202226345
