4 0.1525 0.22398477157360405 0.05357142857142857 0.06472081218274112
4 0.22964285714285715 0.28236040609137053 0.055 0.0748730964467005
4 0.30428571428571427 0.3375634517766497 0.06142857142857143 0.08629441624365482
4 0.4232142857142857 0.5323604060913705 0.075 0.11294416243654821
4 0.5178571428571429 0.6300761421319796 0.07571428571428572 0.11294416243654821
3 0.5625 0.5945431472081217 0.07642857142857143 0.09263959390862943
3 0.4617857142857143 0.49809644670050757 0.06642857142857143 0.08756345177664974
3 0.3757142857142857 0.4175126903553299 0.06142857142857143 0.07868020304568528
3 0.3414285714285714 0.4486040609137055 0.05285714285714286 0.07741116751269035
3 0.26035714285714284 0.3794416243654822 0.056428571428571425 0.07360406091370558
0 0.5675 0.9422588832487309 0.012142857142857143 0.04441624365482233
0 0.6335714285714286 0.8680203045685279 0.012857142857142857 0.048223350253807105
0 0.9707142857142858 0.2760152284263959 0.01 0.029187817258883246
0 0.5260714285714285 0.4543147208121827 0.013571428571428571 0.03807106598984771
0 0.10642857142857143 0.4295685279187817 0.011428571428571429 0.03934010152284264
0 0.10107142857142858 0.4365482233502538 0.012142857142857143 0.032994923857868015
0 0.34714285714285714 0.30710659898477155 0.005714285714285714 0.035532994923857864
0 0.2689285714285714 0.24365482233502536 0.009285714285714286 0.03807106598984771
0 0.26142857142857145 0.24048223350253806 0.008571428571428572 0.03426395939086294
0 0.19785714285714287 0.18337563451776648 0.008571428571428572 0.026649746192893398
0 0.11428571428571428 0.12563451776649745 0.008571428571428572 0.03045685279187817
