3 0.14100000000000001 0.963 0.17200000000000001 0.074
3 0.17500000000000002 0.881 0.134 0.07933333333333333
3 0.20125 0.8109999999999999 0.1135 0.07133333333333333
4 0.255 0.732 0.079 0.06533333333333333
3 0.25525000000000003 0.695 0.1135 0.056666666666666664
3 0.28300000000000003 0.6193333333333333 0.08600000000000001 0.04666666666666666
4 0.2955 0.582 0.07100000000000001 0.044
4 0.34175 0.39166666666666666 0.0135 0.018
4 0.36225 0.43 0.0275 0.018666666666666665
3 0.44675000000000004 0.5953333333333333 0.0305 0.050666666666666665
3 0.464 0.9176666666666666 0.063 0.16333333333333333
0 0.6015 0.6326666666666666 0.014 0.03866666666666667
3 0.62325 0.48266666666666663 0.0305 0.025333333333333333
1 0.46575 0.489 0.0075 0.015333333333333332
9 0.466 0.496 0.005 0.014666666666666666
3 0.4375 0.45999999999999996 0.018000000000000002 0.024
3 0.4375 0.422 0.014 0.017333333333333333
3 0.59875 0.428 0.0175 0.017333333333333333
3 0.43525 0.3893333333333333 0.0105 0.013333333333333332
3 0.483 0.39266666666666666 0.01 0.012
0 0.528 0.41866666666666663 0.005 0.016
1 0.50625 0.39666666666666667 0.0035 0.010666666666666666
9 0.50675 0.3993333333333333 0.0035 0.008
1 0.44625000000000004 0.379 0.0025 0.01
9 0.446 0.3813333333333333 0.003 0.008
3 0.4365 0.382 0.011 0.009333333333333332
3 0.4335 0.37766666666666665 0.009000000000000001 0.01
3 0.433 0.3723333333333333 0.009000000000000001 0.008666666666666666
3 0.5625 0.4063333333333333 0.027 0.014
3 0.55525 0.39799999999999996 0.0225 0.012
3 0.5455 0.39599999999999996 0.021 0.013333333333333332
3 0.54225 0.39166666666666666 0.021500000000000002 0.01
4 0.54025 0.3883333333333333 0.0185 0.011333333333333332
3 0.534 0.38666666666666666 0.02 0.009333333333333332
3 0.52525 0.38566666666666666 0.0205 0.011333333333333332
3 0.5075000000000001 0.378 0.01 0.012
3 0.48425 0.36666666666666664 0.0085 0.009333333333333332
3 0.48675 0.357 0.0175 0.01
3 0.4335 0.35533333333333333 0.007 0.008
3 0.449 0.3383333333333333 0.007 0.007333333333333333
3 0.44125000000000003 0.3253333333333333 0.0045000000000000005 0.004
3 0.449 0.32466666666666666 0.005 0.005333333333333333
3 0.4845 0.3436666666666667 0.014 0.006
3 0.468 0.33466666666666667 0.005 0.006666666666666666
0 0.4625 0.33466666666666667 0.002 0.008
3 0.43025 0.3473333333333333 0.0055 0.006666666666666666
3 0.431 0.3396666666666667 0.005 0.006
3 0.43075 0.33199999999999996 0.0045000000000000005 0.006666666666666666
0 0.41725 0.37166666666666665 0.0025 0.01
1 0.4455 0.35133333333333333 0.002 0.005333333333333333
1 0.42975 0.364 0.0025 0.006666666666666666
9 0.44525000000000003 0.354 0.0025 0.005333333333333333
0 0.5105000000000001 0.36466666666666664 0.003 0.009333333333333332
0 0.5325 0.37666666666666665 0.002 0.012
4 0.4455 0.31266666666666665 0.003 0.005333333333333333
2 0.7745 0.5499999999999999 0.024 0.016
1 0.9550000000000001 0.6573333333333333 0.012 0.03333333333333333
1 0.9695 0.6573333333333333 0.012 0.029333333333333333
