0 0.17142857142857143 0.7885714285714286 0.017142857142857144 0.049523809523809526
0 0.43607142857142855 0.7242857142857143 0.013571428571428571 0.04857142857142857
0 0.46285714285714286 0.7347619047619047 0.015714285714285715 0.04857142857142857
0 0.4857142857142857 0.7395238095238095 0.014285714285714285 0.04857142857142857
0 0.48178571428571426 0.7195238095238096 0.013571428571428571 0.05047619047619047
0 0.4714285714285714 0.7176190476190476 0.011428571428571429 0.039047619047619046
0 0.3417857142857143 0.6123809523809524 0.009285714285714286 0.030476190476190476
0 0.43785714285714283 0.5857142857142857 0.01 0.03619047619047619
0 0.4235714285714286 0.5828571428571429 0.011428571428571429 0.03428571428571429
0 0.36892857142857144 0.589047619047619 0.009285714285714286 0.029523809523809525
0 0.37714285714285717 0.5895238095238096 0.007142857142857143 0.03428571428571429
0 0.40035714285714286 0.5714285714285714 0.009285714285714286 0.026666666666666665
0 0.4085714285714286 0.5728571428571428 0.007142857142857143 0.029523809523809525
0 0.4135714285714286 0.5752380952380952 0.007142857142857143 0.02857142857142857
0 0.5135714285714286 0.5038095238095238 0.01 0.024761904761904763
0 0.5139285714285714 0.4976190476190476 0.009285714285714286 0.025714285714285714
0 0.5503571428571429 0.48 0.0064285714285714285 0.022857142857142857
0 0.5635714285714286 0.4747619047619048 0.007142857142857143 0.02
9 0.5646428571428571 0.3595238095238095 0.010714285714285714 0.010476190476190476
0 0.5464285714285714 0.3557142857142857 0.005714285714285714 0.01619047619047619
0 0.5325 0.3028571428571429 0.0035714285714285713 0.011428571428571429
0 0.5353571428571429 0.3028571428571429 0.0035714285714285713 0.011428571428571429
0 0.5385714285714286 0.3028571428571429 0.004285714285714286 0.011428571428571429
0 0.2985714285714286 0.2895238095238095 0.004285714285714286 0.009523809523809525
0 0.3107142857142857 0.28714285714285714 0.004285714285714286 0.010476190476190476
0 0.32071428571428573 0.28476190476190477 0.004285714285714286 0.009523809523809525
0 0.3732142857142857 0.2919047619047619 0.0035714285714285713 0.008571428571428572
0 0.37035714285714283 0.2838095238095238 0.0035714285714285713 0.007619047619047619
