3 0.49785714285714283 0.6624365482233502 0.014285714285714285 0.04314720812182741
3 0.49357142857142855 0.4346446700507614 0.01 0.031725888324873094
3 0.44357142857142856 0.5095177664974619 0.012857142857142857 0.029187817258883246
3 0.4421428571428571 0.32677664974619286 0.007142857142857143 0.021573604060913704
3 0.44107142857142856 0.4010152284263959 0.010714285714285714 0.025380710659898477
3 0.5032142857142857 0.282994923857868 0.007857142857142858 0.02030456852791878
3 0.4717857142857143 0.22652284263959388 0.0064285714285714285 0.016497461928934008
3 0.5007142857142857 0.19606598984771573 0.005714285714285714 0.016497461928934008
3 0.4717857142857143 0.1979695431472081 0.0064285714285714285 0.012690355329949238
3 0.4517857142857143 0.19035532994923857 0.007857142857142858 0.015228426395939085
3 0.46285714285714286 0.17005076142131978 0.007142857142857143 0.012690355329949238
3 0.4739285714285714 0.12182741116751268 0.005 0.012690355329949238
3 0.4657142857142857 0.10215736040609136 0.005714285714285714 0.011421319796954314
3 0.45607142857142857 0.12563451776649745 0.005 0.012690355329949238
3 0.4942857142857143 0.08439086294416243 0.005714285714285714 0.013959390862944161
3 0.48714285714285716 0.013959390862944161 0.004285714285714286 0.01015228426395939
3 0.5032142857142857 0.012055837563451776 0.005 0.008883248730964466
3 0.455 0.09010152284263959 0.004285714285714286 0.01015228426395939
3 0.45571428571428574 0.33502538071065985 0.008571428571428572 0.017766497461928932
3 0.525 0.40609137055837563 0.01 0.027918781725888322
3 0.4132142857142857 0.7303299492385786 0.013571428571428571 0.04187817258883248
3 0.39714285714285713 0.9219543147208121 0.015714285714285715 0.05710659898477157
4 0.45107142857142857 0.1516497461928934 0.0064285714285714285 0.013959390862944161
4 0.4667857142857143 0.07106598984771573 0.0035714285714285713 0.01015228426395939
4 0.4860714285714286 0.05456852791878172 0.005 0.012690355329949238
4 0.49464285714285716 0.03109137055837563 0.005 0.011421319796954314
4 0.5121428571428571 0.4213197969543147 0.01 0.032994923857868015
4 0.5175 0.5685279187817258 0.015 0.04568527918781726
4 0.42678571428571427 0.8826142131979695 0.017857142857142856 0.05710659898477157
4 0.4639285714285714 0.9708121827411167 0.02642857142857143 0.055837563451776644
4 0.4707142857142857 0.30203045685279184 0.007142857142857143 0.02030456852791878
3 0.49392857142857144 0.05964467005076142 0.005 0.012690355329949238
0 0.5789285714285715 0.7779187817258882 0.005 0.02284263959390863
0 0.7103571428571429 0.7944162436548222 0.007857142857142858 0.02284263959390863
0 0.89 0.8172588832487309 0.008571428571428572 0.02030456852791878
0 0.21964285714285714 0.7893401015228426 0.007857142857142858 0.02284263959390863
