4 0.74925 0.04766666666666666 0.0655 0.094
4 0.94775 0.036 0.0725 0.072
0 0.2565 0.089 0.023 0.04066666666666666
2 0.332 0.11233333333333333 0.022 0.051333333333333335
2 0.107 0.18266666666666667 0.035 0.042666666666666665
2 0.13675 0.16466666666666666 0.0385 0.044
4 0.369 0.143 0.039 0.07666666666666666
3 0.41175 0.13333333333333333 0.0455 0.13733333333333334
9 0.195 0.15333333333333332 0.04 0.025333333333333333
9 0.19975 0.19333333333333333 0.0275 0.04933333333333333
9 0.453 0.078 0.029 0.06266666666666666
3 0.58675 0.2803333333333333 0.1105 0.08066666666666666
5 0.485 0.3193333333333333 0.093 0.07466666666666666
3 0.03625 0.25033333333333335 0.0725 0.14066666666666666
4 0.1215 0.2563333333333333 0.10400000000000001 0.11933333333333333
6 0.28500000000000003 0.37866666666666665 0.079 0.05333333333333333
7 0.20625000000000002 0.4333333333333333 0.0835 0.04533333333333333
4 0.07200000000000001 0.474 0.111 0.06666666666666667
5 0.23850000000000002 0.512 0.114 0.12533333333333332
0 0.09075 0.712 0.0365 0.021333333333333333
0 0.08875 0.7266666666666667 0.0365 0.024
0 0.051000000000000004 0.8856666666666666 0.039 0.038
0 0.12575 0.8316666666666667 0.0275 0.03
0 0.1675 0.8003333333333333 0.029 0.028666666666666667
1 0.17550000000000002 0.774 0.029 0.026666666666666665
9 0.1795 0.77 0.041 0.02
9 0.08525 0.874 0.0415 0.044
4 0.24925 0.899 0.10250000000000001 0.086
1 0.26425 0.836 0.0165 0.025333333333333333
0 0.19025 0.6643333333333333 0.025500000000000002 0.022
0 0.21575 0.6666666666666666 0.0265 0.022666666666666665
0 0.20500000000000002 0.6396666666666666 0.019 0.012666666666666666
0 0.22225 0.6416666666666666 0.021500000000000002 0.014
1 0.251 0.613 0.017 0.03
2 0.25625 0.6286666666666666 0.0345 0.02
1 0.29975 0.627 0.0185 0.014
0 0.30075 0.6413333333333333 0.0175 0.016
2 0.30275 0.6236666666666666 0.025500000000000002 0.015333333333333332
0 0.39725 0.541 0.0165 0.020666666666666667
0 0.41875 0.5263333333333333 0.0185 0.020666666666666667
4 0.513 0.49166666666666664 0.081 0.062
6 0.6647500000000001 0.3173333333333333 0.0405 0.04933333333333333
1 0.69325 0.3173333333333333 0.0195 0.026666666666666665
1 0.7125 0.31066666666666665 0.017 0.025333333333333333
5 0.636 0.44866666666666666 0.11900000000000001 0.08666666666666667
0 0.6495 0.4663333333333333 0.021 0.03266666666666666
0 0.6657500000000001 0.488 0.0175 0.017333333333333333
2 0.67025 0.474 0.0325 0.016
0 0.9785 0.3393333333333333 0.04 0.02
0 0.979 0.4553333333333333 0.028 0.022666666666666665
0 0.9865 0.444 0.027 0.026666666666666665
1 0.81825 0.423 0.0085 0.014
0 0.8355 0.41866666666666663 0.014 0.016
6 0.7285 0.39 0.029 0.08266666666666667
9 0.76675 0.46066666666666667 0.0415 0.022666666666666665
0 0.77325 0.4703333333333333 0.0235 0.019333333333333334
1 0.793 0.49566666666666664 0.026000000000000002 0.026
1 0.79925 0.49033333333333334 0.021500000000000002 0.020666666666666667
9 0.7905 0.49766666666666665 0.035 0.026
3 0.88025 0.5833333333333333 0.1055 0.07733333333333334
0 0.8825000000000001 0.6116666666666667 0.02 0.02733333333333333
3 0.6002500000000001 0.5706666666666667 0.1115 0.07466666666666666
3 0.6965 0.6526666666666666 0.098 0.08
1 0.5235 0.7253333333333333 0.016 0.025333333333333333
0 0.49325 0.6639999999999999 0.0205 0.030666666666666665
9 0.49425 0.6673333333333333 0.035500000000000004 0.02
0 0.532 0.6673333333333333 0.013000000000000001 0.017333333333333333
0 0.4475 0.7013333333333334 0.015 0.024
0 0.41150000000000003 0.7163333333333333 0.022 0.028666666666666667
1 0.39375 0.7833333333333333 0.0145 0.029333333333333333
6 0.40800000000000003 0.7636666666666666 0.074 0.066
7 0.20550000000000002 0.43266666666666664 0.08 0.04666666666666666
