3 0.17642857142857143 0.40190476190476193 0.06 0.047619047619047616
3 0.2725 0.3352380952380952 0.04928571428571429 0.03619047619047619
3 0.07678571428571429 0.25047619047619046 0.04071428571428572 0.024761904761904763
3 0.07321428571428572 0.5628571428571428 0.10071428571428571 0.09333333333333334
8 0.08 0.3361904761904762 0.12 0.09333333333333334
3 0.025714285714285714 0.22714285714285715 0.032857142857142856 0.025714285714285714
3 0.6803571428571429 0.32666666666666666 0.03357142857142857 0.02857142857142857
3 0.8989285714285714 0.37333333333333335 0.03642857142857143 0.03238095238095238
3 0.7767857142857143 0.29428571428571426 0.029285714285714286 0.030476190476190476
3 0.8007142857142857 0.2742857142857143 0.022857142857142857 0.022857142857142857
3 0.8228571428571428 0.2542857142857143 0.02 0.017142857142857144
3 0.8467857142857143 0.23666666666666666 0.016428571428571428 0.01619047619047619
3 0.8842857142857142 0.2038095238095238 0.015714285714285715 0.015238095238095238
4 0.965 0.4095238095238095 0.03142857142857143 0.05523809523809524
0 0.7564285714285715 0.4057142857142857 0.015714285714285715 0.0380952380952381
0 0.415 0.6209523809523809 0.014285714285714285 0.049523809523809526
0 0.19107142857142856 0.8180952380952381 0.029285714285714286 0.05904761904761905
1 0.36 0.7566666666666667 0.024285714285714285 0.05238095238095238
1 0.10321428571428572 0.6814285714285714 0.025 0.040952380952380955
2 0.36178571428571427 0.7733333333333333 0.03357142857142857 0.04380952380952381
2 0.10678571428571429 0.6971428571428572 0.039285714285714285 0.0380952380952381
1 0.5717857142857142 0.38142857142857145 0.013571428571428571 0.025714285714285714
6 0.575 0.3861904761904762 0.04 0.035238095238095235
0 0.44392857142857145 0.3304761904761905 0.007857142857142858 0.030476190476190476
0 0.4325 0.32904761904761903 0.007857142857142858 0.025714285714285714
0 0.41535714285714287 0.32904761904761903 0.009285714285714286 0.03142857142857143
0 0.5275 0.2571428571428571 0.0064285714285714285 0.024761904761904763
0 0.4010714285714286 0.15761904761904763 0.0064285714285714285 0.01619047619047619
3 0.6989285714285715 0.30857142857142855 0.025 0.02857142857142857
3 0.47928571428571426 0.2571428571428571 0.02 0.02095238095238095
3 0.3132142857142857 0.13523809523809524 0.02214285714285714 0.013333333333333332
0 0.15535714285714286 0.22666666666666666 0.007857142857142858 0.02095238095238095
0 0.2342857142857143 0.24619047619047618 0.007142857142857143 0.021904761904761906
1 0.26535714285714285 0.25857142857142856 0.0064285714285714285 0.018095238095238095
2 0.2642857142857143 0.26476190476190475 0.011428571428571429 0.015238095238095238
3 0.015714285714285715 0.4638095238095238 0.03142857142857143 0.05523809523809524
3 0.1982142857142857 0.9119047619047619 0.18928571428571428 0.1742857142857143
5 0.4135714285714286 0.3138095238095238 0.04428571428571428 0.039047619047619046
8 0.4592857142857143 0.2642857142857143 0.037142857142857144 0.05619047619047619
4 0.42214285714285715 0.22238095238095237 0.022857142857142857 0.029523809523809525
3 0.4425 0.22476190476190477 0.017857142857142856 0.02095238095238095
0 0.49857142857142855 0.24333333333333335 0.007142857142857143 0.02
4 0.6839285714285714 0.18714285714285714 0.017857142857142856 0.01619047619047619
5 0.6625 0.15047619047619049 0.012142857142857143 0.022857142857142857
5 0.6792857142857143 0.15142857142857144 0.012857142857142857 0.01904761904761905
5 0.6967857142857142 0.14476190476190476 0.027857142857142858 0.01904761904761905
5 0.7642857142857142 0.15904761904761905 0.024285714285714285 0.02095238095238095
3 0.7225 0.2938095238095238 0.023571428571428573 0.021904761904761906
3 0.7389285714285714 0.2814285714285714 0.025 0.023809523809523808
3 0.7575 0.2695238095238095 0.025 0.02095238095238095
3 0.7146428571428571 0.25047619047619046 0.023571428571428573 0.02095238095238095
3 0.8525 0.23047619047619047 0.013571428571428571 0.017142857142857144
3 0.8610714285714286 0.22285714285714286 0.013571428571428571 0.017142857142857144
3 0.8675 0.21857142857142858 0.012142857142857143 0.01619047619047619
3 0.8971428571428571 0.19666666666666666 0.01 0.012380952380952381
3 0.9021428571428571 0.18904761904761905 0.008571428571428572 0.012380952380952381
3 0.9082142857142858 0.18523809523809523 0.007857142857142858 0.012380952380952381
3 0.9257142857142857 0.19095238095238096 0.011428571428571429 0.012380952380952381
0 0.9396428571428571 0.1895238095238095 0.0035714285714285713 0.011428571428571429
0 0.9482142857142857 0.2038095238095238 0.0035714285714285713 0.013333333333333332
0 0.9535714285714286 0.19 0.004285714285714286 0.012380952380952381
0 0.9464285714285714 0.18428571428571427 0.002857142857142857 0.012380952380952381
0 0.9464285714285714 0.18857142857142858 0.004285714285714286 0.011428571428571429
0 0.9567857142857142 0.18571428571428572 0.0035714285714285713 0.013333333333333332
3 0.9010714285714285 0.35 0.030714285714285715 0.03142857142857143
3 0.9135714285714286 0.33095238095238094 0.024285714285714285 0.02761904761904762
3 0.92 0.31333333333333335 0.022857142857142857 0.030476190476190476
3 0.9760714285714286 0.3547619047619048 0.047857142857142855 0.037142857142857144
3 0.9810714285714286 0.34095238095238095 0.03785714285714286 0.02857142857142857
3 0.9842857142857143 0.3242857142857143 0.03142857142857143 0.023809523809523808
3 0.9935714285714285 0.39476190476190476 0.012857142857142857 0.03142857142857143
3 0.9935714285714285 0.4338095238095238 0.012857142857142857 0.035238095238095235
