0 0.41928571428571426 0.09904761904761905 0.005714285714285714 0.015238095238095238
1 0.4253571428571429 0.08857142857142856 0.0035714285714285713 0.013333333333333332
2 0.4257142857142857 0.0919047619047619 0.005714285714285714 0.008571428571428572
0 0.4607142857142857 0.3523809523809524 0.007142857142857143 0.022857142857142857
0 0.4664285714285714 0.3566666666666667 0.005714285714285714 0.023809523809523808
0 0.4585714285714286 0.40476190476190477 0.01 0.02857142857142857
0 0.4432142857142857 0.40523809523809523 0.009285714285714286 0.02761904761904762
0 0.42857142857142855 0.4014285714285714 0.01 0.02761904761904762
0 0.4317857142857143 0.4542857142857143 0.009285714285714286 0.02857142857142857
0 0.37464285714285717 0.4757142857142857 0.009285714285714286 0.03142857142857143
0 0.33785714285714286 0.48904761904761906 0.011428571428571429 0.02761904761904762
0 0.42178571428571426 0.45666666666666667 0.010714285714285714 0.02761904761904762
0 0.4164285714285714 0.45 0.008571428571428572 0.02761904761904762
0 0.405 0.45285714285714285 0.01 0.02761904761904762
0 0.39785714285714285 0.44952380952380955 0.01 0.026666666666666665
0 0.39285714285714285 0.44285714285714284 0.008571428571428572 0.02857142857142857
0 0.3782142857142857 0.44142857142857145 0.009285714285714286 0.029523809523809525
0 0.37535714285714283 0.43761904761904763 0.009285714285714286 0.029523809523809525
0 0.3578571428571429 0.42095238095238097 0.008571428571428572 0.026666666666666665
0 0.34285714285714286 0.4452380952380952 0.012857142857142857 0.029523809523809525
0 0.3414285714285714 0.439047619047619 0.01 0.02857142857142857
1 0.31392857142857145 0.48857142857142855 0.015 0.02857142857142857
2 0.31392857142857145 0.4938095238095238 0.020714285714285713 0.025714285714285714
0 0.245 0.599047619047619 0.012857142857142857 0.030476190476190476
0 0.10571428571428572 0.9880952380952381 0.03 0.023809523809523808
0 0.1825 0.9619047619047619 0.023571428571428573 0.030476190476190476
0 0.29428571428571426 0.9242857142857143 0.02 0.040952380952380955
0 0.3157142857142857 0.9304761904761905 0.02 0.02857142857142857
0 0.31357142857142856 0.9523809523809523 0.022857142857142857 0.03428571428571429
0 0.4782142857142857 0.9119047619047619 0.013571428571428571 0.035238095238095235
0 0.4828571428571429 0.97 0.012857142857142857 0.035238095238095235
0 0.4957142857142857 0.930952380952381 0.02142857142857143 0.037142857142857144
0 0.5214285714285715 0.9633333333333334 0.012857142857142857 0.05047619047619047
0 0.20392857142857143 0.48238095238095235 0.016428571428571428 0.02761904761904762
0 0.6314285714285715 0.8095238095238095 0.015714285714285715 0.03238095238095238
0 0.7328571428571429 0.6238095238095238 0.015714285714285715 0.03238095238095238
0 0.7410714285714286 0.6742857142857143 0.015 0.03619047619047619
0 0.7664285714285715 0.67 0.017142857142857144 0.03333333333333333
0 0.7746428571428572 0.6823809523809524 0.015 0.035238095238095235
0 0.7132142857142857 0.7661904761904762 0.015 0.035238095238095235
0 0.7053571428571429 0.7547619047619047 0.017857142857142856 0.03333333333333333
0 0.7507142857142857 0.7514285714285714 0.02142857142857143 0.03428571428571429
0 0.7307142857142858 0.7347619047619047 0.017142857142857144 0.035238095238095235
0 0.7264285714285714 0.7247619047619047 0.017142857142857144 0.02857142857142857
