0 0.36225 0.9806666666666667 0.0155 0.03866666666666667
3 0.19575 0.902 0.1305 0.07466666666666666
3 0.218 0.83 0.11800000000000001 0.05733333333333333
3 0.24425 0.749 0.10250000000000001 0.05933333333333333
3 0.2635 0.7073333333333333 0.09 0.048
3 0.28975 0.6693333333333333 0.0845 0.03733333333333333
3 0.29875 0.6366666666666666 0.0695 0.03333333333333333
3 0.3125 0.616 0.067 0.030666666666666665
3 0.32325 0.5856666666666667 0.0575 0.03933333333333333
3 0.34400000000000003 0.5226666666666666 0.049 0.03333333333333333
7 0.33625 0.5516666666666666 0.0395 0.022
3 0.40025 0.33166666666666667 0.006500000000000001 0.006
3 0.4545 0.59 0.03 0.04533333333333333
3 0.451 0.5003333333333333 0.022 0.028666666666666667
3 0.51925 0.5499999999999999 0.029500000000000002 0.048
3 0.4475 0.435 0.015 0.02333333333333333
3 0.44775000000000004 0.423 0.0175 0.012666666666666666
3 0.44625000000000004 0.41433333333333333 0.0115 0.012666666666666666
3 0.44425000000000003 0.4063333333333333 0.0135 0.012666666666666666
3 0.445 0.3793333333333333 0.009000000000000001 0.012
3 0.4595 0.37866666666666665 0.01 0.012
3 0.47000000000000003 0.37166666666666665 0.011 0.01
3 0.49425 0.3813333333333333 0.0235 0.012
3 0.5075000000000001 0.3963333333333333 0.011 0.012666666666666666
4 0.424 0.39399999999999996 0.009000000000000001 0.013333333333333332
4 0.519 0.379 0.016 0.012666666666666666
3 0.4445 0.37266666666666665 0.01 0.008
3 0.4415 0.36633333333333334 0.009000000000000001 0.008666666666666666
3 0.44125000000000003 0.358 0.0075 0.008
3 0.45725 0.34199999999999997 0.0075 0.008
3 0.45375 0.33666666666666667 0.0055 0.008
3 0.451 0.3273333333333333 0.005 0.005333333333333333
3 0.45175 0.3323333333333333 0.0055 0.006
3 0.47650000000000003 0.3426666666666667 0.011 0.006666666666666666
3 0.48375 0.3486666666666667 0.006500000000000001 0.009333333333333332
3 0.4805 0.347 0.009000000000000001 0.006
1 0.49225 0.39066666666666666 0.0035 0.008
9 0.492 0.39266666666666666 0.004 0.008
3 0.52625 0.38966666666666666 0.0245 0.011333333333333332
3 0.532 0.38266666666666665 0.021 0.010666666666666666
3 0.51525 0.373 0.021500000000000002 0.01
3 0.51075 0.37 0.0195 0.008
3 0.504 0.36333333333333334 0.017 0.009333333333333332
5 0.5397500000000001 0.41566666666666663 0.0145 0.019333333333333334
3 0.5630000000000001 0.42866666666666664 0.025 0.016
3 0.57275 0.43166666666666664 0.0205 0.014
4 0.58575 0.433 0.0275 0.016666666666666666
3 0.58525 0.4433333333333333 0.021500000000000002 0.016
3 0.5962500000000001 0.44766666666666666 0.0265 0.016666666666666666
3 0.61075 0.45199999999999996 0.0305 0.017333333333333333
3 0.61675 0.4613333333333333 0.0325 0.014666666666666666
3 0.62075 0.4693333333333333 0.0345 0.017333333333333333
0 0.635 0.5496666666666666 0.01 0.02733333333333333
3 0.65375 0.7453333333333333 0.0615 0.08133333333333333
3 0.6890000000000001 0.5163333333333333 0.033 0.028666666666666667
3 0.77975 0.6626666666666666 0.07050000000000001 0.058666666666666666
3 0.8895000000000001 0.721 0.08600000000000001 0.07533333333333334
