0 0.9314285714285714 0.9752380952380952 0.03857142857142857 0.049523809523809526
0 0.9610714285714286 0.9704761904761905 0.03642857142857143 0.05904761904761905
3 0.6589285714285714 0.8061904761904762 0.08928571428571429 0.21428571428571427
3 0.6357142857142857 0.6109523809523809 0.07285714285714286 0.15714285714285714
3 0.6071428571428571 0.4657142857142857 0.05142857142857143 0.09714285714285714
1 0.7485714285714286 0.38 0.025714285714285714 0.03428571428571429
1 0.7553571428571428 0.3871428571428571 0.019285714285714285 0.03142857142857143
1 0.7607142857142857 0.39285714285714285 0.02857142857142857 0.029523809523809525
1 0.7253571428571428 0.39285714285714285 0.023571428571428573 0.04285714285714286
2 0.7275 0.3985714285714286 0.013571428571428571 0.04476190476190476
5 0.6 0.34 0.06142857142857143 0.14857142857142858
2 0.3360714285714286 0.8571428571428571 0.02642857142857143 0.09523809523809523
7 0.3489285714285714 0.7528571428571429 0.05357142857142857 0.1438095238095238
3 0.17107142857142857 0.8933333333333333 0.13785714285714284 0.21142857142857144
3 0.09 0.39666666666666667 0.09571428571428571 0.06571428571428571
3 0.12821428571428573 0.3547619047619048 0.11357142857142857 0.058095238095238096
3 0.3942857142857143 0.42142857142857143 0.09857142857142857 0.07714285714285714
3 0.43535714285714283 0.3438095238095238 0.04071428571428572 0.07238095238095238
4 0.3507142857142857 0.5514285714285714 0.10714285714285714 0.13523809523809524
0 0.4 0.5128571428571429 0.014285714285714285 0.058095238095238096
0 0.44785714285714284 0.44761904761904764 0.015714285714285715 0.05523809523809524
0 0.4282142857142857 0.4438095238095238 0.015 0.05523809523809524
0 0.4160714285714286 0.45095238095238094 0.019285714285714285 0.054285714285714284
0 0.39535714285714285 0.4504761904761905 0.016428571428571428 0.05142857142857143
0 0.39285714285714285 0.4785714285714286 0.014285714285714285 0.05047619047619047
3 0.565 0.15904761904761905 0.04285714285714286 0.04
3 0.5964285714285714 0.13523809523809524 0.047142857142857146 0.03619047619047619
3 0.7232142857142857 0.19857142857142857 0.07071428571428572 0.040952380952380955
5 0.8239285714285715 0.15333333333333332 0.245 0.09523809523809523
2 0.7132142857142857 0.28904761904761905 0.03214285714285714 0.029523809523809525
0 0.8096428571428571 0.2180952380952381 0.012142857142857143 0.03428571428571429
0 0.8178571428571428 0.21571428571428572 0.014285714285714285 0.035238095238095235
0 0.6621428571428571 0.13952380952380952 0.008571428571428572 0.03142857142857143
0 0.6539285714285714 0.13523809523809524 0.007857142857142858 0.026666666666666665
2 0.23214285714285715 0.30714285714285716 0.018571428571428572 0.03333333333333333
1 0.5432142857142858 0.3238095238095238 0.016428571428571428 0.03619047619047619
1 0.5471428571428572 0.31666666666666665 0.018571428571428572 0.039047619047619046
9 0.5467857142857143 0.3223809523809524 0.017857142857142856 0.039047619047619046
1 0.4957142857142857 0.22952380952380952 0.011428571428571429 0.02857142857142857
2 0.49464285714285716 0.2357142857142857 0.009285714285714286 0.03142857142857143
5 0.45535714285714285 0.2180952380952381 0.04357142857142857 0.07238095238095238
5 0.4539285714285714 0.17761904761904762 0.075 0.04666666666666667
1 0.4925 0.18904761904761905 0.009285714285714286 0.03142857142857143
1 0.4882142857142857 0.1523809523809524 0.010714285714285714 0.02095238095238095
0 0.515 0.13142857142857142 0.007142857142857143 0.02857142857142857
0 0.49964285714285717 0.13047619047619047 0.007857142857142858 0.030476190476190476
0 0.4807142857142857 0.11428571428571428 0.008571428571428572 0.02857142857142857
0 0.48 0.09047619047619047 0.007142857142857143 0.022857142857142857
5 0.6046428571428571 0.08666666666666667 0.056428571428571425 0.03619047619047619
5 0.6042857142857143 0.054285714285714284 0.02857142857142857 0.05142857142857143
3 0.5378571428571428 0.06333333333333334 0.018571428571428572 0.023809523809523808
3 0.5132142857142857 0.01904761904761905 0.015 0.02095238095238095
5 0.5542857142857143 0.012380952380952381 0.015714285714285715 0.024761904761904763
0 0.5632142857142857 0.06 0.005 0.024761904761904763
1 0.6128571428571429 0.11285714285714285 0.01 0.025714285714285714
0 0.4664285714285714 0.05857142857142857 0.007142857142857143 0.023809523809523808
1 0.4607142857142857 0.04 0.007142857142857143 0.015238095238095238
4 0.4610714285714286 0.07761904761904762 0.02214285714285714 0.035238095238095235
7 0.47035714285714286 0.12333333333333334 0.025 0.018095238095238095
7 0.6046428571428571 0.11619047619047619 0.030714285714285715 0.02095238095238095
0 0.6978571428571428 0.1261904761904762 0.01 0.02761904761904762
1 0.6153571428571428 0.22047619047619046 0.015 0.025714285714285714
1 0.7260714285714286 0.2361904761904762 0.010714285714285714 0.022857142857142857
