6 0.28425 0.9163333333333333 0.0135 0.046
3 0.488 0.4693333333333333 0.021 0.017333333333333333
3 0.483 0.47833333333333333 0.025 0.019333333333333334
3 0.468 0.4993333333333333 0.029 0.018666666666666665
3 0.47175 0.48933333333333334 0.0305 0.017333333333333333
3 0.54625 0.9706666666666667 0.0325 0.058666666666666666
3 0.5605 0.9146666666666666 0.028 0.05733333333333333
3 0.58075 0.814 0.0225 0.04666666666666666
3 0.6685 0.9269999999999999 0.025 0.06733333333333333
3 0.61325 0.6723333333333333 0.0205 0.04066666666666666
3 0.624 0.619 0.018000000000000002 0.033999999999999996
3 0.6305000000000001 0.589 0.018000000000000002 0.03133333333333333
3 0.64625 0.515 0.0135 0.02333333333333333
3 0.65175 0.49366666666666664 0.0135 0.022
8 0.653 0.4443333333333333 0.02 0.05933333333333333
3 0.89725 0.8496666666666667 0.0275 0.04733333333333333
3 0.81925 0.8116666666666666 0.021500000000000002 0.041999999999999996
3 0.7605000000000001 0.7939999999999999 0.019 0.04133333333333333
4 0.5952500000000001 0.7516666666666666 0.0205 0.041999999999999996
3 0.69925 0.6456666666666666 0.0175 0.03666666666666667
8 0.68575 0.5416666666666666 0.0265 0.07666666666666666
3 0.7085 0.4716666666666667 0.013000000000000001 0.022
3 0.99075 0.7713333333333333 0.0185 0.04133333333333333
3 0.9615 0.7543333333333333 0.024 0.04066666666666666
3 0.936 0.7476666666666666 0.027 0.041999999999999996
3 0.9087500000000001 0.7796666666666666 0.0275 0.04733333333333333
3 0.89825 0.711 0.0225 0.035333333333333335
3 0.9285 0.6726666666666666 0.043000000000000003 0.025333333333333333
3 0.87 0.689 0.022 0.03666666666666667
3 0.8665 0.6553333333333333 0.019 0.030666666666666665
3 0.8572500000000001 0.607 0.0185 0.03
3 0.8525 0.5726666666666667 0.018000000000000002 0.025333333333333333
3 0.8472500000000001 0.5473333333333333 0.0175 0.025333333333333333
3 0.84475 0.5253333333333333 0.0155 0.022666666666666665
3 0.80425 0.5459999999999999 0.0155 0.025333333333333333
3 0.843 0.5046666666666666 0.015 0.021333333333333333
3 0.83925 0.48233333333333334 0.0145 0.019333333333333334
3 0.837 0.4646666666666667 0.013000000000000001 0.018666666666666665
3 0.83375 0.448 0.0145 0.018666666666666665
3 0.83125 0.43166666666666664 0.0145 0.015333333333333332
3 0.8280000000000001 0.4136666666666666 0.012 0.014
3 0.764 0.4983333333333333 0.012 0.018
3 0.7815 0.48266666666666663 0.013000000000000001 0.018666666666666665
3 0.72275 0.4023333333333333 0.0105 0.018
3 0.76675 0.42633333333333334 0.0105 0.016666666666666666
3 0.782 0.41433333333333333 0.012 0.016666666666666666
3 0.7352500000000001 0.38 0.0095 0.014666666666666666
3 0.77525 0.37666666666666665 0.0115 0.013333333333333332
3 0.7915 0.384 0.01 0.014666666666666666
4 0.78925 0.33166666666666667 0.0095 0.016666666666666666
3 0.7415 0.35666666666666663 0.009000000000000001 0.014666666666666666
3 0.7272500000000001 0.3453333333333333 0.0095 0.013333333333333332
3 0.7615000000000001 0.3413333333333333 0.009000000000000001 0.013333333333333332
3 0.77375 0.3283333333333333 0.0105 0.014
3 0.7195 0.317 0.009000000000000001 0.012666666666666666
3 0.7315 0.30533333333333335 0.009000000000000001 0.013333333333333332
3 0.76175 0.29633333333333334 0.0085 0.011333333333333332
3 0.78425 0.29833333333333334 0.0085 0.01
3 0.7725 0.2906666666666667 0.008 0.010666666666666666
3 0.7847500000000001 0.282 0.0075 0.009333333333333332
3 0.82025 0.371 0.0115 0.014
3 0.8245 0.351 0.01 0.014
4 0.82425 0.3403333333333333 0.0095 0.014
3 0.82325 0.322 0.0095 0.010666666666666666
3 0.8215 0.31466666666666665 0.009000000000000001 0.010666666666666666
3 0.81775 0.294 0.0085 0.009333333333333332
1 0.6015 0.8263333333333333 0.008 0.015333333333333332
5 0.6015 0.834 0.008 0.018666666666666665
1 0.88075 0.965 0.0115 0.019333333333333334
9 0.8795000000000001 0.9706666666666667 0.009000000000000001 0.024
1 0.8935000000000001 0.9349999999999999 0.01 0.016666666666666666
2 0.89325 0.941 0.0095 0.02333333333333333
1 0.881 0.8923333333333333 0.009000000000000001 0.014
1 0.882 0.8983333333333333 0.009000000000000001 0.014
9 0.8805000000000001 0.896 0.009000000000000001 0.025333333333333333
3 0.69425 0.714 0.0185 0.03733333333333333
3 0.7917500000000001 0.7353333333333333 0.0195 0.04
3 0.723 0.7286666666666667 0.02 0.04
1 0.6235 0.7673333333333333 0.006 0.014666666666666666
9 0.62275 0.7723333333333333 0.006500000000000001 0.018
9 0.93275 0.6443333333333333 0.0145 0.012666666666666666
9 0.9265 0.6373333333333333 0.016 0.012
2 0.91225 0.633 0.0145 0.014
1 0.82175 0.45966666666666667 0.0045000000000000005 0.011333333333333332
2 0.8215 0.46199999999999997 0.005 0.012
1 0.8135 0.39 0.004 0.008
1 0.8130000000000001 0.42533333333333334 0.004 0.009333333333333332
9 0.8130000000000001 0.42866666666666664 0.005 0.010666666666666666
9 0.8135 0.3923333333333333 0.004 0.008666666666666666
3 0.76075 0.27266666666666667 0.0075 0.009333333333333332
3 0.7775 0.271 0.009000000000000001 0.01
3 0.7365 0.2653333333333333 0.007 0.010666666666666666
3 0.748 0.267 0.007 0.01
3 0.72975 0.24733333333333332 0.0075 0.012
3 0.80725 0.25766666666666665 0.0085 0.01
3 0.76125 0.2513333333333333 0.0075 0.009333333333333332
3 0.77075 0.25033333333333335 0.006500000000000001 0.008666666666666666
3 0.78325 0.25033333333333335 0.0075 0.01
8 0.78225 0.22833333333333333 0.0095 0.020666666666666667
3 0.8005 0.244 0.006 0.009333333333333332
3 0.80275 0.25066666666666665 0.0075 0.009333333333333332
3 0.77225 0.24066666666666667 0.006500000000000001 0.009333333333333332
3 0.76225 0.22433333333333333 0.006500000000000001 0.008666666666666666
4 0.70575 0.251 0.0125 0.02333333333333333
3 0.6960000000000001 0.294 0.009000000000000001 0.012
3 0.6990000000000001 0.283 0.008 0.011333333333333332
4 0.70175 0.26666666666666666 0.0075 0.014666666666666666
4 0.68725 0.3163333333333333 0.0095 0.012666666666666666
3 0.6910000000000001 0.30933333333333335 0.009000000000000001 0.012
3 0.683 0.32566666666666666 0.01 0.012666666666666666
3 0.67975 0.33499999999999996 0.0085 0.011333333333333332
3 0.7705 0.23099999999999998 0.008 0.008666666666666666
3 0.7705 0.225 0.006 0.008666666666666666
3 0.762 0.20166666666666666 0.006 0.007333333333333333
3 0.7795 0.20533333333333334 0.006 0.006666666666666666
3 0.77125 0.21066666666666667 0.0055 0.008
3 0.77125 0.20066666666666666 0.0055 0.006666666666666666
1 0.842 0.654 0.007 0.013333333333333332
9 0.84125 0.6566666666666666 0.006500000000000001 0.016
1 0.82725 0.5083333333333333 0.0045000000000000005 0.011333333333333332
2 0.82725 0.5106666666666666 0.0035 0.010666666666666666
1 0.652 0.618 0.006 0.013333333333333332
9 0.65225 0.6216666666666667 0.006500000000000001 0.015333333333333332
1 0.6485 0.592 0.006 0.014666666666666666
9 0.64875 0.5973333333333333 0.0055 0.014666666666666666
1 0.65925 0.5166666666666666 0.0055 0.012
9 0.65925 0.5216666666666666 0.0055 0.011333333333333332
3 0.77075 0.26266666666666666 0.0075 0.010666666666666666
3 0.7825 0.26266666666666666 0.007 0.009333333333333332
3 0.76225 0.18666666666666665 0.0055 0.006666666666666666
3 0.769 0.19233333333333333 0.005 0.006
3 0.7705 0.18633333333333332 0.005 0.006
3 0.77825 0.19033333333333333 0.0055 0.007333333333333333
3 0.70975 0.23566666666666666 0.0075 0.011333333333333332
3 0.7115 0.22566666666666665 0.007 0.011333333333333332
4 0.713 0.217 0.006 0.008666666666666666
3 0.716 0.20733333333333331 0.005 0.008
1 0.809 0.37366666666666665 0.004 0.008666666666666666
0 0.81375 0.37466666666666665 0.0035 0.009333333333333332
