3 0.8982142857142857 0.9738095238095238 0.16071428571428573 0.05238095238095238
0 0.6471428571428571 0.9571428571428572 0.015714285714285715 0.05714285714285714
1 0.6471428571428571 0.9495238095238095 0.011428571428571429 0.04
0 0.6657142857142857 0.9423809523809524 0.014285714285714285 0.06952380952380953
3 0.6328571428571429 0.7014285714285714 0.09142857142857143 0.05619047619047619
3 0.7721428571428571 0.6876190476190476 0.10142857142857142 0.05714285714285714
3 0.9046428571428572 0.6680952380952381 0.07642857142857143 0.05047619047619047
0 0.05357142857142857 0.4838095238095238 0.007142857142857143 0.022857142857142857
0 0.06107142857142857 0.4819047619047619 0.0064285714285714285 0.02095238095238095
0 0.06357142857142857 0.4666666666666667 0.01 0.024761904761904763
0 0.07642857142857143 0.4676190476190476 0.007142857142857143 0.02095238095238095
3 0.5189285714285714 0.48142857142857143 0.04214285714285714 0.02761904761904762
3 0.5782142857142857 0.46285714285714286 0.039285714285714285 0.026666666666666665
3 0.6267857142857143 0.4514285714285714 0.03357142857142857 0.022857142857142857
3 0.6657142857142857 0.43666666666666665 0.02857142857142857 0.021904761904761906
3 0.635 0.4095238095238095 0.03571428571428571 0.01904761904761905
3 0.6653571428571429 0.4119047619047619 0.030714285714285715 0.021904761904761906
3 0.7021428571428572 0.40095238095238095 0.032857142857142856 0.02095238095238095
3 0.7057142857142857 0.42238095238095236 0.03142857142857143 0.02
3 0.7428571428571429 0.41333333333333333 0.024285714285714285 0.024761904761904763
3 0.7471428571428571 0.3985714285714286 0.024285714285714285 0.01619047619047619
3 0.7407142857142857 0.3904761904761905 0.02142857142857143 0.017142857142857144
3 0.78 0.38476190476190475 0.018571428571428572 0.01904761904761905
3 0.8107142857142857 0.3871428571428571 0.022857142857142857 0.018095238095238095
3 0.7717857142857143 0.4042857142857143 0.02642857142857143 0.018095238095238095
3 0.6539285714285714 0.3719047619047619 0.02642857142857143 0.02
3 0.6767857142857143 0.36904761904761907 0.027857142857142858 0.01619047619047619
3 0.6664285714285715 0.3504761904761905 0.018571428571428572 0.013333333333333332
3 0.68 0.34285714285714286 0.017142857142857144 0.013333333333333332
3 0.16214285714285714 0.4114285714285714 0.04285714285714286 0.01904761904761905
3 0.17035714285714285 0.4023809523809524 0.035 0.018095238095238095
4 0.3392857142857143 0.4142857142857143 0.03142857142857143 0.022857142857142857
4 0.3817857142857143 0.4157142857142857 0.020714285714285713 0.014285714285714285
3 0.255 0.40190476190476193 0.03142857142857143 0.01904761904761905
3 0.29928571428571427 0.40285714285714286 0.04 0.022857142857142857
0 0.6214285714285714 0.6195238095238095 0.011428571428571429 0.04476190476190476
0 0.5857142857142857 0.5280952380952381 0.005714285714285714 0.025714285714285714
0 0.9767857142857143 0.45476190476190476 0.009285714285714286 0.02
0 0.9117857142857143 0.4185714285714286 0.0064285714285714285 0.01619047619047619
3 0.8578571428571429 0.4142857142857143 0.015714285714285715 0.017142857142857144
3 0.42607142857142855 0.42428571428571427 0.030714285714285715 0.023809523809523808
3 0.44607142857142856 0.4195238095238095 0.030714285714285715 0.021904761904761906
3 0.4642857142857143 0.4147619047619048 0.03 0.023809523809523808
3 0.4810714285714286 0.41285714285714287 0.025 0.023809523809523808
3 0.5103571428571428 0.40476190476190477 0.02642857142857143 0.022857142857142857
0 0.505 0.41619047619047617 0.005714285714285714 0.01904761904761905
3 0.5275 0.4023809523809524 0.020714285714285713 0.01619047619047619
3 0.5432142857142858 0.39904761904761904 0.023571428571428573 0.02095238095238095
3 0.5146428571428572 0.3761904761904762 0.023571428571428573 0.02095238095238095
0 0.4514285714285714 0.3923809523809524 0.005714285714285714 0.017142857142857144
0 0.45535714285714285 0.39285714285714285 0.005 0.02
0 0.47464285714285714 0.3823809523809524 0.0035714285714285713 0.014285714285714285
0 0.4714285714285714 0.38476190476190475 0.002857142857142857 0.009523809523809525
0 0.48035714285714287 0.3680952380952381 0.005 0.014285714285714285
3 0.35642857142857143 0.36904761904761907 0.018571428571428572 0.01619047619047619
3 0.3707142857142857 0.36952380952380953 0.02142857142857143 0.01904761904761905
3 0.38357142857142856 0.370952380952381 0.02 0.018095238095238095
3 0.42714285714285716 0.37714285714285717 0.02 0.01904761904761905
3 0.44571428571428573 0.3780952380952381 0.018571428571428572 0.017142857142857144
3 0.45964285714285713 0.38095238095238093 0.015 0.02095238095238095
3 0.6089285714285714 0.38285714285714284 0.023571428571428573 0.01904761904761905
