3 0.2975 0.9004761904761904 0.16214285714285714 0.17809523809523808
3 0.5057142857142857 0.7280952380952381 0.11285714285714285 0.15904761904761905
3 0.6617857142857143 0.8033333333333333 0.10357142857142858 0.1838095238095238
3 0.7396428571428572 0.8614285714285714 0.12214285714285714 0.22380952380952382
3 0.7171428571428572 0.6571428571428571 0.08571428571428572 0.13714285714285715
3 0.8253571428571429 0.5914285714285714 0.075 0.09714285714285714
3 0.8685714285714285 0.44857142857142857 0.05285714285714286 0.07809523809523809
3 0.8121428571428572 0.42333333333333334 0.054285714285714284 0.07333333333333333
3 0.6232142857142857 0.5290476190476191 0.08357142857142857 0.1
3 0.6771428571428572 0.46476190476190476 0.07142857142857142 0.0761904761904762
4 0.7171428571428572 0.40476190476190477 0.05285714285714286 0.06666666666666667
3 0.7364285714285714 0.3638095238095238 0.05285714285714286 0.049523809523809526
3 0.7614285714285715 0.31952380952380954 0.037142857142857144 0.04666666666666667
3 0.8489285714285715 0.33476190476190476 0.03785714285714286 0.05619047619047619
3 0.8896428571428572 0.36523809523809525 0.039285714285714285 0.06190476190476191
5 0.9039285714285714 0.32142857142857145 0.03785714285714286 0.04476190476190476
3 0.985 0.30857142857142855 0.03 0.04380952380952381
3 0.8932142857142857 0.2719047619047619 0.030714285714285715 0.04285714285714286
3 0.8135714285714286 0.25333333333333335 0.03142857142857143 0.03619047619047619
3 0.7935714285714286 0.23095238095238096 0.05285714285714286 0.021904761904761906
5 0.8003571428571429 0.21428571428571427 0.06642857142857143 0.05333333333333333
3 0.8171428571428572 0.2057142857142857 0.047142857142857146 0.024761904761904763
3 0.9075 0.25523809523809526 0.03214285714285714 0.0380952380952381
3 0.9371428571428572 0.23476190476190475 0.027142857142857142 0.029523809523809525
3 0.9421428571428572 0.21571428571428572 0.025714285714285714 0.02761904761904762
3 0.9007142857142857 0.23 0.02857142857142857 0.03142857142857143
3 0.9117857142857143 0.21571428571428572 0.02214285714285714 0.02761904761904762
3 0.9228571428571428 0.19857142857142857 0.02142857142857143 0.025714285714285714
3 0.8667857142857143 0.19476190476190477 0.02642857142857143 0.029523809523809525
3 0.8782142857142857 0.18333333333333332 0.02214285714285714 0.029523809523809525
3 0.9532142857142857 0.16428571428571428 0.025 0.02
4 0.885 0.16857142857142857 0.018571428571428572 0.022857142857142857
3 0.8910714285714286 0.1661904761904762 0.017857142857142856 0.023809523809523808
3 0.8825 0.14666666666666667 0.03214285714285714 0.022857142857142857
3 0.9835714285714285 0.11952380952380952 0.014285714285714285 0.021904761904761906
3 0.9389285714285714 0.11190476190476191 0.012142857142857143 0.014285714285714285
3 0.9789285714285715 0.10904761904761905 0.015 0.01619047619047619
4 0.9467857142857142 0.1061904761904762 0.012142857142857143 0.014285714285714285
3 0.9542857142857143 0.10333333333333333 0.012857142857142857 0.01619047619047619
4 0.96 0.09571428571428571 0.012857142857142857 0.012380952380952381
3 0.9642857142857143 0.09 0.012857142857142857 0.010476190476190476
3 0.9710714285714286 0.08619047619047619 0.012142857142857143 0.014285714285714285
3 0.9742857142857143 0.08095238095238096 0.01 0.013333333333333332
3 0.9728571428571429 0.06761904761904762 0.007142857142857143 0.009523809523809525
