4 0.9625 0.7006666666666667 0.075 0.06666666666666667
4 0.834 0.5519999999999999 0.082 0.048
3 0.8985 0.4973333333333333 0.047 0.036
9 0.856 0.46199999999999997 0.01 0.018666666666666665
3 0.7835 0.507 0.06 0.03
3 0.7765 0.49466666666666664 0.061 0.029333333333333333
3 0.736 0.45999999999999996 0.053 0.026666666666666665
3 0.724 0.4483333333333333 0.045 0.02333333333333333
2 0.76625 0.39966666666666667 0.0115 0.011333333333333332
3 0.7435 0.39366666666666666 0.035 0.019333333333333334
2 0.71175 0.358 0.0095 0.009333333333333332
0 0.7175 0.355 0.003 0.015333333333333332
3 0.739 0.3733333333333333 0.033 0.018666666666666665
3 0.73825 0.351 0.0285 0.015333333333333332
6 0.68325 0.39199999999999996 0.0155 0.013333333333333332
9 0.6855 0.40066666666666667 0.017 0.012
5 0.428 0.7273333333333333 0.06 0.144
3 0.444 0.5583333333333333 0.031 0.041999999999999996
5 0.5 0.59 0.051000000000000004 0.172
3 0.461 0.426 0.018000000000000002 0.024
3 0.49275 0.422 0.0185 0.022666666666666665
3 0.44825 0.2876666666666667 0.006500000000000001 0.008666666666666666
3 0.45525 0.29466666666666663 0.0075 0.012
3 0.48125 0.296 0.0085 0.009333333333333332
3 0.47475 0.29133333333333333 0.006500000000000001 0.008
3 0.47650000000000003 0.2856666666666667 0.007 0.008666666666666666
3 0.47600000000000003 0.2783333333333333 0.007 0.007333333333333333
4 0.4865 0.2866666666666667 0.007 0.009333333333333332
4 0.48575 0.27599999999999997 0.0055 0.009333333333333332
4 0.47475 0.27199999999999996 0.0055 0.008
1 0.4905 0.267 0.002 0.004666666666666666
9 0.49025 0.26866666666666666 0.0025 0.005333333333333333
5 0.47825 0.25266666666666665 0.006500000000000001 0.012
5 0.48625 0.2543333333333333 0.006500000000000001 0.015333333333333332
3 0.46675 0.23099999999999998 0.0025 0.003333333333333333
3 0.47050000000000003 0.23066666666666666 0.003 0.0026666666666666666
3 0.4805 0.23566666666666666 0.002 0.003333333333333333
3 0.47725 0.23566666666666666 0.0025 0.003333333333333333
5 0.47850000000000004 0.23566666666666666 0.003 0.006
3 0.6355000000000001 0.29866666666666664 0.019 0.010666666666666666
3 0.60375 0.2906666666666667 0.0145 0.008
3 0.59175 0.25766666666666665 0.0045000000000000005 0.006
3 0.585 0.27899999999999997 0.008 0.007333333333333333
3 0.59075 0.27366666666666667 0.0135 0.006
3 0.582 0.27266666666666667 0.009000000000000001 0.006666666666666666
3 0.5765 0.271 0.006 0.007333333333333333
5 0.582 0.26766666666666666 0.007 0.008666666666666666
8 0.55675 0.21733333333333332 0.0095 0.005333333333333333
3 0.50525 0.21833333333333332 0.0055 0.003333333333333333
3 0.49075 0.219 0.006500000000000001 0.003333333333333333
3 0.3605 0.221 0.006 0.003333333333333333
3 0.3545 0.22166666666666665 0.006 0.003333333333333333
