0 0.3342857142857143 0.7885714285714286 0.014285714285714285 0.03619047619047619
0 0.3517857142857143 0.7695238095238095 0.016428571428571428 0.03238095238095238
0 0.36892857142857144 0.7666666666666667 0.010714285714285714 0.02857142857142857
0 0.37285714285714283 0.8166666666666667 0.011428571428571429 0.029523809523809525
0 0.3817857142857143 0.8095238095238095 0.015 0.030476190476190476
0 0.6692857142857143 0.5885714285714285 0.01 0.03238095238095238
0 0.6753571428571429 0.5871428571428572 0.012142857142857143 0.02761904761904762
0 0.685 0.5861904761904762 0.012857142857142857 0.03333333333333333
0 0.6778571428571428 0.5695238095238095 0.011428571428571429 0.02095238095238095
0 0.6839285714285714 0.56 0.010714285714285714 0.024761904761904763
0 0.6696428571428571 0.5504761904761905 0.010714285714285714 0.02857142857142857
0 0.7478571428571429 0.5371428571428571 0.012857142857142857 0.024761904761904763
0 0.7514285714285714 0.5471428571428572 0.014285714285714285 0.023809523809523808
9 0.8042857142857143 0.6338095238095238 0.02857142857142857 0.03142857142857143
0 0.6878571428571428 0.4961904761904762 0.008571428571428572 0.026666666666666665
0 0.6925 0.49952380952380954 0.010714285714285714 0.023809523809523808
0 0.6896428571428571 0.4080952380952381 0.010714285714285714 0.021904761904761906
0 0.5946428571428571 0.31142857142857144 0.007857142857142858 0.02095238095238095
0 0.6628571428571428 0.2704761904761905 0.008571428571428572 0.01904761904761905
0 0.5917857142857142 0.2361904761904762 0.007857142857142858 0.017142857142857144
0 0.6925 0.2671428571428571 0.009285714285714286 0.018095238095238095
0 0.7060714285714286 0.3180952380952381 0.009285714285714286 0.022857142857142857
0 0.8417857142857142 0.33 0.009285714285714286 0.02
0 0.8364285714285714 0.32761904761904764 0.011428571428571429 0.02095238095238095
0 0.8007142857142857 0.30857142857142855 0.007142857142857143 0.01904761904761905
0 0.7914285714285715 0.3109523809523809 0.01 0.018095238095238095
0 0.7989285714285714 0.30333333333333334 0.0064285714285714285 0.01619047619047619
0 0.7878571428571428 0.30238095238095236 0.008571428571428572 0.018095238095238095
0 0.7864285714285715 0.2995238095238095 0.005714285714285714 0.018095238095238095
0 0.7817857142857143 0.3076190476190476 0.009285714285714286 0.01904761904761905
0 0.7775 0.3019047619047619 0.007857142857142858 0.01904761904761905
0 0.7746428571428572 0.29904761904761906 0.009285714285714286 0.01904761904761905
0 0.7571428571428571 0.3142857142857143 0.008571428571428572 0.02095238095238095
0 0.7542857142857143 0.3119047619047619 0.008571428571428572 0.02
0 0.7496428571428572 0.3076190476190476 0.009285714285714286 0.022857142857142857
0 0.7435714285714285 0.3323809523809524 0.008571428571428572 0.022857142857142857
0 0.7392857142857143 0.33095238095238094 0.008571428571428572 0.021904761904761906
0 0.7342857142857143 0.32666666666666666 0.008571428571428572 0.022857142857142857
0 0.7246428571428571 0.3219047619047619 0.010714285714285714 0.02095238095238095
0 0.7214285714285714 0.32 0.008571428571428572 0.02095238095238095
0 0.7175 0.31476190476190474 0.007857142857142858 0.021904761904761906
0 0.6917857142857143 0.30904761904761907 0.007857142857142858 0.02
0 0.6903571428571429 0.30523809523809525 0.009285714285714286 0.021904761904761906
0 0.6696428571428571 0.26 0.009285714285714286 0.01904761904761905
0 0.6714285714285714 0.2561904761904762 0.007142857142857143 0.017142857142857144
3 0.6317857142857143 0.16047619047619047 0.019285714285714285 0.014285714285714285
5 0.6103571428571428 0.15476190476190477 0.025 0.025714285714285714
0 0.5546428571428571 0.4 0.010714285714285714 0.022857142857142857
0 0.5528571428571428 0.3823809523809524 0.01 0.021904761904761906
0 0.5535714285714286 0.3742857142857143 0.007142857142857143 0.022857142857142857
0 0.5035714285714286 0.3466666666666667 0.008571428571428572 0.02095238095238095
0 0.475 0.35 0.008571428571428572 0.021904761904761906
0 0.5092857142857142 0.35428571428571426 0.008571428571428572 0.022857142857142857
0 0.5007142857142857 0.35428571428571426 0.007142857142857143 0.022857142857142857
0 0.5310714285714285 0.33666666666666667 0.0064285714285714285 0.021904761904761906
0 0.54 0.3171428571428571 0.005714285714285714 0.01904761904761905
0 0.5439285714285714 0.3161904761904762 0.005 0.01904761904761905
0 0.45357142857142857 0.3657142857142857 0.007142857142857143 0.022857142857142857
0 0.44285714285714284 0.3738095238095238 0.008571428571428572 0.025714285714285714
0 0.44571428571428573 0.37 0.008571428571428572 0.021904761904761906
0 0.46714285714285714 0.34809523809523807 0.008571428571428572 0.021904761904761906
0 0.4685714285714286 0.3442857142857143 0.007142857142857143 0.021904761904761906
1 0.47964285714285715 0.32476190476190475 0.007857142857142858 0.01904761904761905
2 0.47928571428571426 0.3280952380952381 0.014285714285714285 0.01619047619047619
0 0.4492857142857143 0.3314285714285714 0.007142857142857143 0.01904761904761905
0 0.42714285714285716 0.32904761904761903 0.008571428571428572 0.02
0 0.435 0.3238095238095238 0.005714285714285714 0.01904761904761905
0 0.43 0.32047619047619047 0.005714285714285714 0.02
0 0.4125 0.33666666666666667 0.005 0.021904761904761906
0 0.4089285714285714 0.3385714285714286 0.0064285714285714285 0.02
0 0.4025 0.3319047619047619 0.0064285714285714285 0.02
0 0.3982142857142857 0.3423809523809524 0.0064285714285714285 0.018095238095238095
0 0.38785714285714284 0.33285714285714285 0.005714285714285714 0.01619047619047619
0 0.3432142857142857 0.3538095238095238 0.005 0.01619047619047619
0 0.3392857142857143 0.35095238095238096 0.005714285714285714 0.01619047619047619
0 0.31857142857142856 0.3647619047619048 0.005714285714285714 0.024761904761904763
0 0.23892857142857143 0.4276190476190476 0.009285714285714286 0.026666666666666665
0 0.22892857142857143 0.42333333333333334 0.010714285714285714 0.025714285714285714
0 0.23535714285714285 0.38142857142857145 0.009285714285714286 0.021904761904761906
0 0.23714285714285716 0.3757142857142857 0.011428571428571429 0.021904761904761906
0 0.2075 0.36904761904761907 0.009285714285714286 0.02
0 0.20357142857142857 0.3619047619047619 0.008571428571428572 0.02095238095238095
0 0.14892857142857144 0.38095238095238093 0.013571428571428571 0.024761904761904763
0 0.15642857142857142 0.37666666666666665 0.01 0.025714285714285714
0 0.15928571428571428 0.37238095238095237 0.011428571428571429 0.024761904761904763
0 0.16714285714285715 0.38047619047619047 0.008571428571428572 0.021904761904761906
0 0.1732142857142857 0.3838095238095238 0.007857142857142858 0.022857142857142857
0 0.17892857142857144 0.38 0.012142857142857143 0.024761904761904763
0 0.1575 0.35523809523809524 0.009285714285714286 0.01904761904761905
0 0.16285714285714287 0.35285714285714287 0.012857142857142857 0.021904761904761906
0 0.11107142857142857 0.3676190476190476 0.012142857142857143 0.022857142857142857
0 0.11642857142857142 0.36428571428571427 0.011428571428571429 0.023809523809523808
0 0.10607142857142857 0.3557142857142857 0.007857142857142858 0.02
0 0.11142857142857143 0.35095238095238096 0.008571428571428572 0.018095238095238095
3 0.11357142857142857 0.3219047619047619 0.02857142857142857 0.03238095238095238
0 0.06928571428571428 0.34285714285714286 0.011428571428571429 0.02095238095238095
0 0.07571428571428572 0.3404761904761905 0.011428571428571429 0.023809523809523808
0 0.08357142857142857 0.34285714285714286 0.011428571428571429 0.022857142857142857
0 0.08785714285714286 0.3414285714285714 0.011428571428571429 0.02
0 0.06321428571428571 0.3314285714285714 0.009285714285714286 0.022857142857142857
0 0.06678571428571428 0.3280952380952381 0.009285714285714286 0.02
0 0.04928571428571429 0.3157142857142857 0.01 0.021904761904761906
0 0.054642857142857146 0.31285714285714283 0.009285714285714286 0.018095238095238095
0 0.06035714285714286 0.3109523809523809 0.009285714285714286 0.018095238095238095
0 0.05178571428571429 0.3 0.009285714285714286 0.02095238095238095
0 0.04 0.3161904761904762 0.011428571428571429 0.022857142857142857
0 0.035 0.319047619047619 0.014285714285714285 0.022857142857142857
0 0.026785714285714284 0.3252380952380952 0.013571428571428571 0.02761904761904762
0 0.02035714285714286 0.2623809523809524 0.010714285714285714 0.018095238095238095
0 0.022857142857142857 0.24476190476190476 0.008571428571428572 0.017142857142857144
0 0.026785714285714284 0.24523809523809523 0.009285714285714286 0.018095238095238095
3 0.06035714285714286 0.24666666666666667 0.020714285714285713 0.02095238095238095
3 0.04428571428571428 0.22476190476190477 0.024285714285714285 0.03238095238095238
9 0.08928571428571429 0.24761904761904763 0.011428571428571429 0.013333333333333332
1 0.08821428571428572 0.2423809523809524 0.0064285714285714285 0.012380952380952381
1 0.08642857142857142 0.24047619047619048 0.007142857142857143 0.012380952380952381
4 0.016785714285714286 0.1595238095238095 0.019285714285714285 0.02
0 0.24071428571428571 0.16523809523809524 0.005714285714285714 0.014285714285714285
0 0.245 0.16476190476190475 0.005714285714285714 0.015238095238095238
0 0.22678571428571428 0.12333333333333334 0.005 0.012380952380952381
0 0.19964285714285715 0.12523809523809523 0.0064285714285714285 0.01619047619047619
0 0.21821428571428572 0.11666666666666667 0.0064285714285714285 0.014285714285714285
0 0.22107142857142856 0.11619047619047619 0.005 0.015238095238095238
3 0.22642857142857142 0.56 0.04285714285714286 0.06666666666666667
0 0.2785714285714286 0.5319047619047619 0.011428571428571429 0.02761904761904762
3 0.4525 0.13095238095238096 0.017857142857142856 0.014285714285714285
