4 0.10025 0.6133333333333333 0.0695 0.11599999999999999
3 0.18 0.418 0.06 0.09066666666666666
3 0.214 0.3343333333333333 0.049 0.07933333333333333
3 0.246 0.27566666666666667 0.044 0.06333333333333332
3 0.5775 0.615 0.057 0.11266666666666666
4 0.9275 0.9093333333333333 0.116 0.18133333333333332
3 0.671 0.19166666666666665 0.039 0.06999999999999999
3 0.6935 0.256 0.044 0.06533333333333333
8 0.77875 0.4323333333333333 0.1265 0.23666666666666666
1 0.67475 0.3313333333333333 0.0155 0.034666666666666665
1 0.68775 0.33466666666666667 0.0155 0.032
2 0.68 0.35466666666666663 0.029 0.024
3 0.29475 0.13366666666666666 0.0275 0.046
3 0.28300000000000003 0.192 0.037 0.050666666666666665
4 0.63425 0.11166666666666666 0.0415 0.062
