8 0.35464285714285715 0.47715736040609136 0.19785714285714287 0.12436548223350252
8 0.041428571428571426 0.4416243654822335 0.08285714285714285 0.11675126903553298
4 0.7110714285714286 0.7176395939086294 0.08214285714285714 0.08502538071065989
4 0.8332142857142857 0.8470812182741116 0.07357142857142857 0.15609137055837563
4 0.8907142857142857 0.8515228426395939 0.08142857142857143 0.1548223350253807
4 0.9817857142857143 0.8470812182741116 0.03642857142857143 0.13071065989847716
4 0.72 0.028553299492385786 0.037142857142857144 0.05710659898477157
4 0.7560714285714286 0.018401015228426396 0.035 0.03680203045685279
3 0.5267857142857143 0.4282994923857868 0.03357142857142857 0.10025380710659898
3 0.3867857142857143 0.24048223350253806 0.05928571428571429 0.049492385786802026
3 0.27285714285714285 0.1446700507614213 0.03428571428571429 0.06852791878172589
8 0.5392857142857143 0.08248730964467005 0.03571428571428571 0.1649746192893401
6 0.26821428571428574 0.631979695431472 0.029285714285714286 0.02284263959390863
2 0.39321428571428574 0.6002538071065989 0.029285714285714286 0.02284263959390863
2 0.48964285714285716 0.6491116751269035 0.025 0.029187817258883246
2 0.5578571428571428 0.5120558375634517 0.015714285714285715 0.03680203045685279
2 0.5985714285714285 0.15926395939086294 0.01 0.03426395939086294
2 0.5939285714285715 0.40038071065989844 0.0064285714285714285 0.03934010152284264
2 0.5889285714285715 0.3445431472081218 0.0064285714285714285 0.03934010152284264
1 0.2671428571428571 0.6211928934010151 0.017142857142857144 0.03934010152284264
1 0.39071428571428574 0.5894670050761421 0.014285714285714285 0.03426395939086294
1 0.48964285714285716 0.6395939086294415 0.013571428571428571 0.035532994923857864
1 0.5553571428571429 0.5006345177664975 0.013571428571428571 0.029187817258883246
1 0.5903571428571428 0.33248730964467005 0.013571428571428571 0.03045685279187817
1 0.5960714285714286 0.3908629441624365 0.010714285714285714 0.025380710659898477
1 0.5985714285714285 0.15545685279187815 0.011428571428571429 0.024111675126903553
1 0.6010714285714286 0.19225888324873094 0.009285714285714286 0.024111675126903553
2 0.6007142857142858 0.20304568527918782 0.005714285714285714 0.032994923857868015
0 0.49642857142857144 0.7468274111675126 0.011428571428571429 0.029187817258883246
0 0.3217857142857143 0.7868020304568527 0.015 0.032994923857868015
9 0.030714285714285715 0.6294416243654822 0.027142857142857142 0.025380710659898477
1 0.02892857142857143 0.6180203045685279 0.016428571428571428 0.032994923857868015
0 0.11107142857142857 0.36167512690355325 0.017857142857142856 0.03807106598984771
0 0.48928571428571427 0.42005076142131975 0.007142857142857143 0.035532994923857864
0 0.4785714285714286 0.4149746192893401 0.008571428571428572 0.035532994923857864
