3 0.3417857142857143 0.5532994923857868 0.03642857142857143 0.06598984771573603
3 0.38392857142857145 0.5501269035532994 0.03357142857142857 0.06979695431472081
3 0.4660714285714286 0.4828680203045685 0.02642857142857143 0.07233502538071065
3 0.6117857142857143 0.8286802030456852 0.027857142857142858 0.09137055837563451
3 0.5375 0.6713197969543147 0.020714285714285713 0.07360406091370558
3 0.5939285714285715 0.49365482233502533 0.019285714285714285 0.053299492385786795
3 0.5107142857142857 0.40609137055837563 0.02142857142857143 0.05837563451776649
3 0.49714285714285716 0.2112944162436548 0.017142857142857144 0.04695431472081218
3 0.4575 0.15545685279187815 0.016428571428571428 0.031725888324873094
3 0.45785714285714285 0.05837563451776649 0.015714285714285715 0.03045685279187817
3 0.4182142857142857 0.6744923857868019 0.03642857142857143 0.09263959390862943
3 0.2357142857142857 0.965736040609137 0.054285714285714284 0.06598984771573603
5 0.09892857142857144 0.7874365482233502 0.062142857142857146 0.11294416243654821
5 0.09214285714285714 0.7531725888324873 0.06 0.11548223350253806
5 0.07642857142857143 0.7258883248730964 0.05714285714285714 0.10913705583756345
5 0.05785714285714286 0.7093908629441624 0.06571428571428571 0.10913705583756345
5 0.03642857142857143 0.6954314720812182 0.07285714285714286 0.12944162436548223
5 0.026071428571428572 0.6675126903553299 0.052142857142857144 0.10913705583756345
5 0.43392857142857144 0.31916243654822335 0.03642857142857143 0.08502538071065989
8 0.075 0.44352791878172587 0.07142857142857142 0.10786802030456852
3 0.6407142857142857 0.15862944162436546 0.02 0.03045685279187817
3 0.6267857142857143 0.11611675126903552 0.013571428571428571 0.031725888324873094
3 0.6432142857142857 0.10279187817258882 0.013571428571428571 0.025380710659898477
3 0.6975 0.11675126903553298 0.020714285714285713 0.027918781725888322
3 0.7460714285714286 0.31916243654822335 0.019285714285714285 0.03680203045685279
3 0.7753571428571429 0.22017766497461927 0.030714285714285715 0.029187817258883246
3 0.7803571428571429 0.2081218274111675 0.025 0.027918781725888322
3 0.79 0.19670050761421318 0.027142857142857142 0.032994923857868015
3 0.8157142857142857 0.15038071065989847 0.02142857142857143 0.029187817258883246
3 0.8232142857142857 0.14403553299492386 0.02214285714285714 0.029187817258883246
3 0.8128571428571428 0.16370558375634517 0.025714285714285714 0.027918781725888322
3 0.8378571428571429 0.19923857868020303 0.03 0.027918781725888322
3 0.8464285714285714 0.15291878172588833 0.024285714285714285 0.026649746192893398
3 0.9114285714285715 0.1611675126903553 0.022857142857142857 0.025380710659898477
3 0.9378571428571428 0.20241116751269034 0.03142857142857143 0.029187817258883246
3 0.9721428571428572 0.20241116751269034 0.03142857142857143 0.024111675126903553
3 0.9325 0.19098984771573602 0.025 0.019035532994923856
3 0.955 0.1814720812182741 0.025714285714285714 0.02030456852791878
3 0.9489285714285715 0.1713197969543147 0.023571428571428573 0.015228426395939085
3 0.9417857142857143 0.1611675126903553 0.029285714285714286 0.02030456852791878
3 0.9260714285714285 0.13769035532994922 0.03214285714285714 0.026649746192893398
0 0.9385714285714286 0.11992385786802029 0.007142857142857143 0.019035532994923856
0 0.9010714285714285 0.11104060913705582 0.0064285714285714285 0.019035532994923856
8 0.1417857142857143 0.41180203045685276 0.04642857142857143 0.06472081218274112
4 0.3625 0.3128172588832487 0.016428571428571428 0.049492385786802026
3 0.36464285714285716 0.27220812182741116 0.017857142857142856 0.031725888324873094
3 0.36714285714285716 0.23223350253807104 0.012857142857142857 0.03045685279187817
3 0.37035714285714283 0.13197969543147206 0.013571428571428571 0.025380710659898477
3 0.2392857142857143 0.19923857868020303 0.017142857142857144 0.027918781725888322
3 0.24535714285714286 0.17258883248730963 0.017857142857142856 0.02284263959390863
3 0.03321428571428572 0.3013959390862944 0.023571428571428573 0.031725888324873094
3 0.018214285714285714 0.3147208121827411 0.025 0.032994923857868015
3 0.05892857142857143 0.2861675126903553 0.02642857142857143 0.03934010152284264
3 0.055357142857142855 0.28109137055837563 0.03357142857142857 0.029187817258883246
3 0.04642857142857143 0.2696700507614213 0.03428571428571429 0.03426395939086294
3 0.05 0.22906091370558374 0.024285714285714285 0.029187817258883246
3 0.07607142857142857 0.2144670050761421 0.030714285714285715 0.025380710659898477
3 0.06857142857142857 0.20748730964467005 0.024285714285714285 0.024111675126903553
3 0.04 0.2246192893401015 0.024285714285714285 0.025380710659898477
3 0.035 0.21700507614213196 0.027142857142857142 0.027918781725888322
3 0.025357142857142856 0.2144670050761421 0.027857142857142858 0.032994923857868015
3 0.1 0.1649746192893401 0.027142857142857142 0.035532994923857864
3 0.10678571428571429 0.1681472081218274 0.02642857142857143 0.03426395939086294
5 0.5892857142857143 0.09327411167512689 0.025714285714285714 0.04187817258883248
0 0.37464285714285717 0.06027918781725888 0.0035714285714285713 0.016497461928934008
3 0.38 0.07741116751269035 0.01 0.017766497461928932
3 0.38035714285714284 0.05710659898477157 0.010714285714285714 0.02030456852791878
3 0.38392857142857145 0.03426395939086294 0.009285714285714286 0.02030456852791878
3 0.2782142857142857 0.09517766497461928 0.012142857142857143 0.017766497461928932
3 0.28785714285714287 0.10215736040609136 0.017142857142857144 0.013959390862944161
3 0.3032142857142857 0.07170050761421319 0.007857142857142858 0.021573604060913704
