9 0.73675 0.8106666666666666 0.0405 0.08399999999999999
1 0.73475 0.7866666666666666 0.0455 0.09066666666666666
0 0.666 0.733 0.031 0.08866666666666666
4 0.5895 0.5833333333333333 0.088 0.112
4 0.64575 0.4573333333333333 0.051500000000000004 0.08
2 0.73075 0.5283333333333333 0.0365 0.03933333333333333
0 0.7322500000000001 0.4943333333333333 0.0125 0.05266666666666667
0 0.67675 0.48333333333333334 0.0175 0.03866666666666667
0 0.668 0.42166666666666663 0.01 0.03666666666666667
0 0.65825 0.413 0.0095 0.03133333333333333
0 0.66925 0.4116666666666666 0.0125 0.035333333333333335
0 0.77275 0.41933333333333334 0.0145 0.042666666666666665
4 0.6985 0.3943333333333333 0.037 0.04733333333333333
4 0.6805 0.36433333333333334 0.057 0.038
4 0.6707500000000001 0.3446666666666667 0.0445 0.029333333333333333
3 0.655 0.327 0.047 0.020666666666666667
3 0.6 0.33999999999999997 0.046 0.025333333333333333
0 0.76525 0.3783333333333333 0.0105 0.03133333333333333
0 0.90575 0.42633333333333334 0.0185 0.043333333333333335
0 0.8855000000000001 0.3863333333333333 0.014 0.03133333333333333
9 0.883 0.445 0.016 0.033999999999999996
1 0.883 0.435 0.014 0.033999999999999996
9 0.7915 0.3373333333333333 0.009000000000000001 0.017333333333333333
1 0.792 0.33266666666666667 0.01 0.024
3 0.7825 0.3173333333333333 0.018000000000000002 0.021333333333333333
3 0.8260000000000001 0.305 0.02 0.019333333333333334
0 0.881 0.313 0.006 0.020666666666666667
2 0.8290000000000001 0.293 0.005 0.01
1 0.82975 0.29 0.0055 0.012
1 0.80225 0.284 0.0055 0.014666666666666666
9 0.802 0.287 0.005 0.011333333333333332
0 0.81925 0.265 0.0045000000000000005 0.011333333333333332
3 0.8405 0.29033333333333333 0.015 0.015333333333333332
3 0.83125 0.2783333333333333 0.0145 0.014
3 0.8305 0.27166666666666667 0.012 0.011333333333333332
4 0.806 0.25866666666666666 0.01 0.013333333333333332
3 0.82075 0.255 0.0135 0.01
