5 0.19642857142857142 0.26015228426395937 0.027142857142857142 0.04568527918781726
5 0.25821428571428573 0.01967005076142132 0.017857142857142856 0.019035532994923856
5 0.3360714285714286 0.9232233502538071 0.03642857142857143 0.09263959390862943
4 0.36428571428571427 0.9885786802030456 0.011428571428571429 0.02030456852791878
3 0.37607142857142856 0.9689086294416243 0.016428571428571428 0.049492385786802026
4 0.38535714285714284 0.9302030456852791 0.019285714285714285 0.050761421319796954
9 0.3967857142857143 0.897208121827411 0.012142857142857143 0.02284263959390863
9 0.4 0.8845177664974618 0.008571428571428572 0.025380710659898477
8 0.43857142857142856 0.9771573604060912 0.022857142857142857 0.04314720812182741
4 0.4782142857142857 0.958756345177665 0.012142857142857143 0.04441624365482233
4 0.5160714285714286 0.9016497461928933 0.012142857142857143 0.05456852791878172
4 0.4825 0.8775380710659898 0.012142857142857143 0.04695431472081218
3 0.41714285714285715 0.8210659898477157 0.02142857142857143 0.02284263959390863
3 0.42214285714285715 0.7982233502538071 0.022857142857142857 0.02284263959390863
3 0.43642857142857144 0.7335025380710659 0.017142857142857144 0.02030456852791878
3 0.43607142857142855 0.7106598984771573 0.023571428571428573 0.02030456852791878
3 0.44 0.6694162436548223 0.024285714285714285 0.021573604060913704
4 0.44392857142857145 0.6491116751269035 0.02214285714285714 0.021573604060913704
4 0.44642857142857145 0.6307106598984771 0.02 0.02030456852791878
4 0.425 0.7728426395939085 0.022857142857142857 0.02284263959390863
3 0.4714285714285714 0.7277918781725887 0.011428571428571429 0.04187817258883248
3 0.48928571428571427 0.7100253807106598 0.011428571428571429 0.031725888324873094
4 0.4942857142857143 0.6503807106598984 0.011428571428571429 0.03680203045685279
3 0.4835714285714286 0.6053299492385786 0.01 0.035532994923857864
4 0.5007142857142857 0.5571065989847716 0.008571428571428572 0.035532994923857864
3 0.4903571428571429 0.5145939086294415 0.009285714285714286 0.031725888324873094
5 0.45714285714285713 0.5482233502538071 0.017142857142857144 0.06091370558375634
5 0.43107142857142855 0.5158629441624365 0.025 0.08248730964467005
5 0.4432142857142857 0.5355329949238579 0.025 0.07106598984771573
5 0.4564285714285714 0.4727157360406091 0.017142857142857144 0.05964467005076142
3 0.4660714285714286 0.4428934010152284 0.013571428571428571 0.032994923857868015
3 0.4692857142857143 0.4149746192893401 0.008571428571428572 0.03045685279187817
4 0.3742857142857143 0.2766497461928934 0.014285714285714285 0.02284263959390863
4 0.6264285714285714 0.09390862944162436 0.014285714285714285 0.027918781725888322
5 0.5475 0.16434010152284262 0.035 0.031725888324873094
5 0.5607142857142857 0.1979695431472081 0.027142857142857142 0.032994923857868015
3 0.5221428571428571 0.25888324873096447 0.008571428571428572 0.025380710659898477
3 0.5071428571428571 0.28680203045685276 0.008571428571428572 0.02284263959390863
3 0.5017857142857143 0.36040609137055835 0.010714285714285714 0.025380710659898477
4 0.5117857142857143 0.41370558375634514 0.009285714285714286 0.03045685279187817
4 0.49642857142857144 0.44352791878172587 0.01 0.029187817258883246
4 0.5378571428571428 0.4828680203045685 0.008571428571428572 0.03680203045685279
4 0.5278571428571428 0.6713197969543147 0.01 0.04568527918781726
8 0.7275 0.9689086294416243 0.025 0.05964467005076142
0 0.7028571428571428 0.5666243654822335 0.002857142857142857 0.011421319796954314
0 0.7075 0.5621827411167513 0.002142857142857143 0.01015228426395939
0 0.7110714285714286 0.5621827411167513 0.0035714285714285713 0.01015228426395939
4 0.6735714285714286 0.49238578680203043 0.01 0.04060913705583756
0 0.6996428571428571 0.3527918781725888 0.002142857142857143 0.01015228426395939
0 0.6892857142857143 0.3280456852791878 0.002857142857142857 0.013959390862944161
0 0.6967857142857142 0.3293147208121827 0.0035714285714285713 0.011421319796954314
0 0.6921428571428572 0.3261421319796954 0.002857142857142857 0.0076142131979695426
0 0.6942857142857143 0.3229695431472081 0.004285714285714286 0.011421319796954314
0 0.6910714285714286 0.29441624365482233 0.002142857142857143 0.01015228426395939
0 0.6925 0.29505076142131975 0.0035714285714285713 0.008883248730964466
3 0.7096428571428571 0.18274111675126903 0.017857142857142856 0.02030456852791878
3 0.6757142857142857 0.2798223350253807 0.008571428571428572 0.029187817258883246
