3 0.6142857142857143 0.5203045685279187 0.02857142857142857 0.09137055837563451
3 0.39785714285714285 0.5875634517766497 0.03 0.08375634517766496
3 0.445 0.1897208121827411 0.018571428571428572 0.04441624365482233
3 0.2817857142857143 0.706218274111675 0.05928571428571429 0.09010152284263959
3 0.2557142857142857 0.8318527918781725 0.054285714285714284 0.10279187817258882
3 0.2932142857142857 0.6541878172588832 0.04642857142857143 0.07994923857868019
3 0.1175 0.3648477157360406 0.04642857142857143 0.03426395939086294
3 0.06571428571428571 0.36167512690355325 0.05714285714285714 0.035532994923857864
3 0.17214285714285715 0.3648477157360406 0.054285714285714284 0.03426395939086294
3 0.22464285714285714 0.3661167512690355 0.04928571428571429 0.04441624365482233
4 0.29178571428571426 0.5203045685279187 0.05357142857142857 0.09137055837563451
4 0.23892857142857143 0.898477157360406 0.06357142857142857 0.13959390862944163
4 0.5432142857142858 0.08692893401015228 0.017857142857142856 0.04695431472081218
3 0.5371428571428571 0.9498730964467005 0.04 0.09771573604060912
8 0.6867857142857143 0.7544416243654821 0.07928571428571428 0.3769035532994924
0 0.23714285714285716 0.758248730964467 0.012857142857142857 0.03426395939086294
0 0.3082142857142857 0.825507614213198 0.012142857142857143 0.04187817258883248
0 0.3007142857142857 0.8267766497461928 0.01 0.03680203045685279
0 0.32285714285714284 0.7696700507614213 0.01 0.03680203045685279
0 0.31214285714285717 0.7709390862944162 0.01 0.04187817258883248
0 0.375 0.31852791878172587 0.007142857142857143 0.032994923857868015
0 0.3964285714285714 0.27220812182741116 0.005714285714285714 0.029187817258883246
0 0.7696428571428572 0.2696700507614213 0.0064285714285714285 0.031725888324873094
0 0.7567857142857143 0.23540609137055835 0.0064285714285714285 0.024111675126903553
0 0.7528571428571429 0.24873096446700504 0.007142857142857143 0.032994923857868015
