3 0.6089285714285714 0.8047619047619048 0.07642857142857143 0.20761904761904762
3 0.6160714285714286 0.5519047619047619 0.05785714285714286 0.16095238095238096
3 0.6128571428571429 0.3880952380952381 0.06285714285714286 0.13047619047619047
3 0.6135714285714285 0.2419047619047619 0.04428571428571428 0.09142857142857143
3 0.8285714285714286 0.25761904761904764 0.054285714285714284 0.07523809523809524
3 0.9571428571428572 0.42523809523809525 0.07571428571428572 0.09619047619047619
3 0.8846428571428572 0.19857142857142857 0.05785714285714286 0.07333333333333333
3 0.9560714285714286 0.1676190476190476 0.04928571428571429 0.05523809523809524
0 0.9664285714285714 0.22952380952380952 0.024285714285714285 0.04
0 0.8253571428571429 0.8119047619047619 0.07785714285714286 0.18761904761904763
2 0.23464285714285715 0.7742857142857142 0.02642857142857143 0.07809523809523809
3 0.3464285714285714 0.7147619047619047 0.15142857142857144 0.09619047619047619
3 0.39071428571428574 0.6271428571428571 0.12714285714285714 0.08095238095238096
3 0.38357142857142856 0.5533333333333333 0.12714285714285714 0.08761904761904762
3 0.41464285714285715 0.4928571428571429 0.115 0.08285714285714285
4 0.4303571428571429 0.42904761904761907 0.09214285714285714 0.08285714285714285
0 0.3485714285714286 0.42714285714285716 0.017142857142857144 0.04666666666666667
0 0.5617857142857143 0.6123809523809524 0.02214285714285714 0.05523809523809524
0 0.49607142857142855 0.5376190476190477 0.02214285714285714 0.06571428571428571
0 0.4735714285714286 0.5471428571428572 0.02142857142857143 0.05238095238095238
0 0.5696428571428571 0.4157142857142857 0.02214285714285714 0.04857142857142857
0 0.5532142857142857 0.32095238095238093 0.012142857142857143 0.049523809523809526
0 0.5296428571428572 0.33476190476190476 0.015 0.039047619047619046
3 0.9175 0.08904761904761904 0.04357142857142857 0.07142857142857142
2 0.3439285714285714 0.3880952380952381 0.035 0.039047619047619046
9 0.37142857142857144 0.3161904761904762 0.03142857142857143 0.03619047619047619
9 0.38035714285714284 0.29619047619047617 0.025 0.0380952380952381
9 0.43357142857142855 0.25476190476190474 0.03571428571428571 0.037142857142857144
9 0.38535714285714284 0.2195238095238095 0.017857142857142856 0.039047619047619046
2 0.40464285714285714 0.15428571428571428 0.012142857142857143 0.03428571428571429
0 0.5146428571428572 0.3361904761904762 0.017857142857142856 0.045714285714285714
3 0.4614285714285714 0.29904761904761906 0.09714285714285714 0.07047619047619047
3 0.4732142857142857 0.23666666666666666 0.075 0.06
3 0.47785714285714287 0.21333333333333332 0.08 0.05142857142857143
3 0.48428571428571426 0.18619047619047618 0.07714285714285714 0.04857142857142857
3 0.4907142857142857 0.16 0.06714285714285714 0.04380952380952381
0 0.555 0.16523809523809524 0.014285714285714285 0.037142857142857144
0 0.54 0.16285714285714287 0.012857142857142857 0.0380952380952381
3 0.495 0.13285714285714287 0.06857142857142857 0.04285714285714286
3 0.4932142857142857 0.1138095238095238 0.07071428571428572 0.03333333333333333
3 0.49785714285714283 0.09714285714285714 0.05714285714285714 0.04
3 0.5017857142857143 0.08047619047619048 0.06785714285714285 0.037142857142857144
3 0.5114285714285715 0.06380952380952382 0.06142857142857143 0.03619047619047619
4 0.5142857142857142 0.04428571428571428 0.04857142857142857 0.04285714285714286
3 0.5371428571428571 0.03238095238095238 0.037142857142857144 0.03428571428571429
0 0.5660714285714286 0.10571428571428572 0.010714285714285714 0.04
0 0.5757142857142857 0.027142857142857142 0.007142857142857143 0.02761904761904762
0 0.5678571428571428 0.024761904761904763 0.008571428571428572 0.030476190476190476
