4 0.0495 0.771 0.091 0.066
3 0.025500000000000002 0.8576666666666667 0.051000000000000004 0.06066666666666667
0 0.15975 0.8403333333333333 0.0135 0.041999999999999996
3 0.059500000000000004 0.652 0.038 0.052
3 0.10675 0.64 0.035500000000000004 0.056
3 0.134 0.6769999999999999 0.08 0.05533333333333333
3 0.11025 0.7113333333333333 0.0895 0.06133333333333333
3 0.16025 0.7216666666666667 0.0905 0.05933333333333333
3 0.212 0.6673333333333333 0.079 0.05333333333333333
3 0.28775 0.7323333333333333 0.0845 0.05933333333333333
4 0.3315 0.647 0.067 0.049999999999999996
3 0.3745 0.6046666666666667 0.057 0.04133333333333333
1 0.404 0.6366666666666666 0.009000000000000001 0.025333333333333333
6 0.3995 0.6483333333333333 0.031 0.028666666666666667
4 0.40575 0.5489999999999999 0.0545 0.04733333333333333
3 0.4415 0.5756666666666667 0.056 0.03933333333333333
3 0.47625 0.586 0.0565 0.03733333333333333
0 0.45175 0.5489999999999999 0.0075 0.02333333333333333
4 0.465 0.5293333333333333 0.049 0.03866666666666667
3 0.52175 0.511 0.0465 0.03
4 0.56475 0.5479999999999999 0.043500000000000004 0.03333333333333333
3 0.56475 0.4953333333333333 0.0395 0.028
4 0.6055 0.47866666666666663 0.035 0.028
3 0.59875 0.44666666666666666 0.021500000000000002 0.022666666666666665
3 0.6505 0.51 0.042 0.029333333333333333
3 0.643 0.4696666666666667 0.038 0.02733333333333333
3 0.65275 0.48433333333333334 0.0345 0.024666666666666667
3 0.671 0.45466666666666666 0.032 0.024
3 0.70575 0.526 0.0445 0.034666666666666665
4 0.7015 0.44066666666666665 0.029 0.022666666666666665
4 0.74525 0.4703333333333333 0.0305 0.02333333333333333
3 0.76675 0.45199999999999996 0.0305 0.024
4 0.763 0.419 0.028 0.019333333333333334
3 0.7865 0.5226666666666666 0.055 0.029333333333333333
3 0.79625 0.5103333333333333 0.051500000000000004 0.03
4 0.808 0.4973333333333333 0.049 0.036
3 0.83475 0.4943333333333333 0.0475 0.03
3 0.8775000000000001 0.46699999999999997 0.047 0.02733333333333333
3 0.902 0.45566666666666666 0.044 0.024666666666666667
3 0.82175 0.43266666666666664 0.0315 0.02
3 0.82075 0.4036666666666667 0.0275 0.018
4 0.84275 0.417 0.025500000000000002 0.020666666666666667
3 0.8592500000000001 0.42366666666666664 0.0305 0.020666666666666667
4 0.8805000000000001 0.41433333333333333 0.023 0.020666666666666667
4 0.862 0.38866666666666666 0.027 0.02
4 0.885 0.38066666666666665 0.022 0.02
3 0.903 0.37566666666666665 0.021 0.015333333333333332
4 0.92225 0.368 0.0225 0.018666666666666665
4 0.89975 0.34099999999999997 0.0185 0.015333333333333332
4 0.92825 0.32066666666666666 0.0185 0.010666666666666666
4 0.9440000000000001 0.349 0.018000000000000002 0.016666666666666666
3 0.94025 0.35833333333333334 0.0175 0.014
5 0.78325 0.39566666666666667 0.0425 0.033999999999999996
3 0.81225 0.39299999999999996 0.0305 0.018
4 0.44275000000000003 0.6953333333333334 0.0535 0.06
3 0.509 0.6573333333333333 0.057 0.05333333333333333
4 0.57125 0.6253333333333333 0.0565 0.058666666666666666
3 0.5942500000000001 0.5843333333333333 0.0535 0.03666666666666667
3 0.23600000000000002 0.36233333333333334 0.026000000000000002 0.012666666666666666
4 0.26325 0.369 0.0235 0.016666666666666666
4 0.3215 0.34933333333333333 0.023 0.013333333333333332
4 0.3185 0.36266666666666664 0.022 0.012
3 0.35125 0.347 0.0195 0.01
3 0.68375 0.30866666666666664 0.0115 0.010666666666666666
