3 0.2425 0.129 0.053 0.026
3 0.257 0.11166666666666666 0.045 0.022
3 0.8095 0.03866666666666667 0.044 0.026666666666666665
3 0.81225 0.049999999999999996 0.0445 0.029333333333333333
3 0.8975 0.33566666666666667 0.093 0.048666666666666664
3 0.7987500000000001 0.329 0.0885 0.048666666666666664
3 0.6930000000000001 0.242 0.073 0.03866666666666667
3 0.7555000000000001 0.222 0.054 0.042666666666666665
3 0.519 0.238 0.069 0.04133333333333333
3 0.605 0.23933333333333331 0.045 0.04666666666666666
3 0.4325 0.23233333333333334 0.067 0.041999999999999996
3 0.34125 0.22899999999999998 0.0675 0.043333333333333335
3 0.398 0.31166666666666665 0.075 0.049999999999999996
3 0.2325 0.304 0.083 0.042666666666666665
3 0.07200000000000001 0.29933333333333334 0.073 0.036
3 0.04175 0.22466666666666665 0.0665 0.03733333333333333
3 0.11325 0.22733333333333333 0.0635 0.03733333333333333
3 0.28675 0.17666666666666667 0.035500000000000004 0.036
3 0.35100000000000003 0.056 0.025 0.028
3 0.373 0.11866666666666666 0.056 0.030666666666666665
3 0.33925 0.10333333333333333 0.0345 0.028
4 0.618 0.317 0.069 0.05266666666666667
3 0.96775 0.255 0.0645 0.03666666666666667
3 0.82925 0.12533333333333332 0.0375 0.028
5 0.86175 0.13766666666666666 0.0835 0.049999999999999996
4 0.33575 0.035333333333333335 0.0395 0.025333333333333333
3 0.35475 0.022666666666666665 0.0385 0.02
5 0.39375 0.025666666666666667 0.035500000000000004 0.04466666666666667
3 0.36525 0.010333333333333333 0.0365 0.014
2 0.02725 0.36433333333333334 0.0335 0.019333333333333334
2 0.016 0.3863333333333333 0.027 0.016666666666666666
2 0.609 0.5553333333333333 0.016 0.052
2 0.72175 0.36066666666666664 0.0135 0.032
9 0.7345 0.2763333333333333 0.029 0.018
9 0.63925 0.46599999999999997 0.0365 0.030666666666666665
9 0.62225 0.48666666666666664 0.035500000000000004 0.025333333333333333
9 0.68025 0.5803333333333334 0.0165 0.05933333333333333
9 0.906 0.9336666666666666 0.074 0.041999999999999996
9 0.83725 0.9703333333333333 0.0305 0.05933333333333333
9 0.78725 0.9653333333333333 0.0325 0.06799999999999999
6 0.64075 0.887 0.0645 0.051333333333333335
2 0.63975 0.851 0.0525 0.02333333333333333
6 0.679 0.45599999999999996 0.024 0.064
0 0.657 0.33666666666666667 0.009000000000000001 0.036
0 0.68175 0.3333333333333333 0.0135 0.03733333333333333
0 0.74025 0.356 0.0095 0.044
0 0.7075 0.49966666666666665 0.023 0.046
1 0.72275 0.344 0.0115 0.032
1 0.73825 0.26366666666666666 0.0115 0.018
0 0.41725 0.29 0.0095 0.03733333333333333
0 0.44075000000000003 0.29466666666666663 0.0145 0.03333333333333333
0 0.44075000000000003 0.25766666666666665 0.0105 0.019333333333333334
0 0.43875000000000003 0.27199999999999996 0.0105 0.029333333333333333
2 0.63875 0.6143333333333333 0.0455 0.024666666666666667
2 0.6435 0.7296666666666667 0.049 0.019333333333333334
2 0.643 0.7156666666666667 0.044 0.019333333333333334
2 0.63875 0.6956666666666667 0.0455 0.020666666666666667
0 0.779 0.5596666666666666 0.022 0.046
6 0.783 0.5323333333333333 0.028 0.05533333333333333
2 0.6445 0.8023333333333333 0.057 0.020666666666666667
2 0.63975 0.7673333333333333 0.0525 0.03333333333333333
2 0.63825 0.6753333333333333 0.0445 0.025333333333333333
2 0.643 0.754 0.046 0.024
2 0.63925 0.6316666666666666 0.0425 0.020666666666666667
9 0.64875 0.581 0.0365 0.03
9 0.66125 0.6386666666666666 0.0405 0.032
9 0.6455 0.6616666666666666 0.047 0.022
9 0.644 0.574 0.054 0.030666666666666665
9 0.65475 0.5553333333333333 0.0365 0.029333333333333333
9 0.65025 0.5206666666666666 0.0395 0.029333333333333333
9 0.65525 0.506 0.0335 0.028
9 0.669 0.9603333333333333 0.025 0.07533333333333334
