4 0.047857142857142855 0.3047619047619048 0.09571428571428571 0.10285714285714286
4 0.2175 0.32761904761904764 0.1392857142857143 0.10095238095238095
7 0.36964285714285716 0.3566666666666667 0.12357142857142857 0.07904761904761905
2 0.24928571428571428 0.43 0.054285714285714284 0.040952380952380955
9 0.4442857142857143 0.29428571428571426 0.047142857142857146 0.04
1 0.44285714285714284 0.2861904761904762 0.02142857142857143 0.05047619047619047
0 0.34285714285714286 0.2966666666666667 0.015714285714285715 0.05238095238095238
0 0.8175 0.02238095238095238 0.020714285714285713 0.04476190476190476
7 0.7960714285714285 0.02095238095238095 0.062142857142857146 0.04
7 0.6553571428571429 0.430952380952381 0.035 0.08857142857142856
7 0.7053571428571429 0.5466666666666666 0.125 0.2057142857142857
7 0.7392857142857143 0.8933333333333333 0.18285714285714286 0.21142857142857144
1 0.5471428571428572 0.6757142857142857 0.02857142857142857 0.05238095238095238
0 0.6882142857142857 0.7147619047619047 0.027857142857142858 0.058095238095238096
0 0.5328571428571428 0.48142857142857143 0.015714285714285715 0.05047619047619047
0 0.5489285714285714 0.4714285714285714 0.016428571428571428 0.05142857142857143
5 0.48642857142857143 0.5238095238095238 0.08 0.26095238095238094
7 0.7960714285714285 0.47095238095238096 0.08214285714285714 0.07333333333333333
0 0.7360714285714286 0.48238095238095235 0.02214285714285714 0.040952380952380955
0 0.7757142857142857 0.5109523809523809 0.024285714285714285 0.04857142857142857
0 0.7846428571428572 0.5014285714285714 0.025 0.04857142857142857
0 0.7714285714285715 0.4338095238095238 0.024285714285714285 0.06
7 0.7628571428571429 0.3923809523809524 0.15142857142857144 0.10095238095238095
7 0.8389285714285715 0.4038095238095238 0.056428571428571425 0.06476190476190476
7 0.9375 0.48523809523809525 0.04928571428571429 0.07142857142857142
4 0.6817857142857143 0.30142857142857143 0.10642857142857143 0.09047619047619047
0 0.7875 0.3519047619047619 0.020714285714285713 0.04857142857142857
0 0.81 0.36238095238095236 0.01 0.04666666666666667
0 0.8703571428571428 0.33095238095238094 0.027857142857142858 0.054285714285714284
0 0.9242857142857143 0.16047619047619047 0.027142857142857142 0.04857142857142857
0 0.9810714285714286 0.1676190476190476 0.029285714285714286 0.047619047619047616
1 0.9357142857142857 0.5304761904761904 0.03142857142857143 0.02857142857142857
1 0.9032142857142857 0.6514285714285715 0.025 0.04380952380952381
0 0.9325 0.6495238095238095 0.04071428571428572 0.05142857142857143
0 0.22892857142857143 0.8023809523809524 0.045 0.06380952380952382
0 0.25214285714285717 0.9204761904761904 0.03571428571428571 0.05238095238095238
