9 0.37499999999999994 0.8028756957328386 0.02139874739039666 0.021335807050092765
6 0.43736951983298533 0.8687384044526901 0.012526096033402922 0.043599257884972174
1 0.4796450939457202 0.8678107606679035 0.0073068893528183704 0.0287569573283859
9 0.4799060542797494 0.87847866419295 0.006784968684759916 0.03710575139146568
3 0.36743215031315235 0.8998144712430427 0.032359081419624215 0.0463821892393321
9 0.3703027139874739 0.8487940630797773 0.02453027139874739 0.03339517625231911
0 0.3896137787056367 0.7026901669758813 0.006784968684759916 0.02504638218923933
0 0.386482254697286 0.6897031539888683 0.0057411273486430055 0.03246753246753247
3 0.4819937369519833 0.5208719851576995 0.019311064718162838 0.036178107606679034
4 0.5088726513569937 0.5589053803339518 0.014613778705636741 0.043599257884972174
5 0.4350208768267223 0.5041743970315399 0.0360125260960334 0.026901669758812616
0 0.45641962421711896 0.37244897959183676 0.0036534446764091852 0.013914656771799629
3 0.4556367432150313 0.3998144712430427 0.027139874739039664 0.016697588126159554
1 0.49660751565762 0.4090909090909091 0.0036534446764091852 0.014842300556586271
9 0.49686847599164924 0.41419294990723565 0.0031315240083507304 0.015769944341372914
3 0.5177453027139874 0.3585343228200371 0.010438413361169102 0.01948051948051948
4 0.5354906054279749 0.3965677179962894 0.013569937369519832 0.036178107606679034
4 0.5550626304801669 0.42161410018552875 0.023486430062630476 0.02319109461966605
3 0.5762004175365344 0.5264378478664193 0.032359081419624215 0.026901669758812616
9 0.5754175365344467 0.4675324675324675 0.010960334029227557 0.014842300556586271
9 0.5733298538622129 0.44712430426716143 0.014091858037578286 0.01855287569573284
3 0.5506263048016701 0.6363636363636364 0.019832985386221292 0.05194805194805195
3 0.569937369519833 0.7852504638218925 0.020876826722338204 0.05844155844155844
1 0.540187891440501 0.8089053803339518 0.008350730688935281 0.022263450834879406
9 0.5404488517745302 0.814935064935065 0.0057411273486430055 0.03246753246753247
9 0.5879436325678496 0.9777365491651206 0.013048016701461376 0.04267161410018553
0 0.5902922755741127 0.962430426716141 0.008350730688935281 0.03246753246753247
9 0.6012526096033403 0.7300556586270872 0.018789144050104383 0.020408163265306124
9 0.6103862212943632 0.7462894248608535 0.022442588726513567 0.026901669758812616
7 0.5015657620041754 0.27736549165120594 0.0041753653444676405 0.014842300556586271
7 0.5013048016701461 0.22263450834879406 0.0026096033402922755 0.012987012987012988
4 0.5146137787056367 0.20037105751391465 0.0031315240083507304 0.00927643784786642
4 0.4342379958246346 0.5431354359925789 0.039665970772442584 0.03246753246753247
3 0.054540709812108554 0.5728200371057514 0.032881002087682666 0.04730983302411874
7 0.5474947807933194 0.3942486085343228 0.011482254697286011 0.022263450834879406
4 0.4767745302713987 0.21753246753246755 0.012004175365344467 0.013914656771799629
4 0.5274008350730688 0.22820037105751392 0.007828810020876827 0.016697588126159554
7 0.4921711899791231 0.2541743970315399 0.006263048016701461 0.012987012987012988
3 0.49425887265135693 0.2481447124304267 0.0073068893528183704 0.013914656771799629
3 0.4926931106471816 0.23979591836734696 0.008350730688935281 0.015769944341372914
6 0.519572025052192 0.24628942486085342 0.0036534446764091852 0.010204081632653062
1 0.519572025052192 0.2430426716141002 0.0036534446764091852 0.00927643784786642
