5 0.04285714285714286 0.024761904761904763 0.05714285714285714 0.049523809523809526
3 0.065 0.015714285714285715 0.037142857142857144 0.03142857142857143
0 0.08464285714285714 0.01619047619047619 0.007857142857142858 0.024761904761904763
3 0.19535714285714287 0.01904761904761905 0.035 0.0380952380952381
3 0.23357142857142857 0.021904761904761906 0.032857142857142856 0.03619047619047619
3 0.12892857142857142 0.14714285714285713 0.04214285714285714 0.05047619047619047
0 0.32571428571428573 0.7914285714285715 0.024285714285714285 0.03428571428571429
0 0.5189285714285714 0.02142857142857143 0.009285714285714286 0.021904761904761906
0 0.5125 0.06619047619047619 0.009285714285714286 0.018095238095238095
0 0.4925 0.15857142857142856 0.007857142857142858 0.023809523809523808
0 0.6392857142857142 0.006666666666666666 0.012857142857142857 0.011428571428571429
5 0.6071428571428571 0.045714285714285714 0.07 0.05714285714285714
4 0.6046428571428571 0.14809523809523809 0.06357142857142857 0.039047619047619046
5 0.595 0.2652380952380952 0.08857142857142856 0.06761904761904762
3 0.7467857142857143 0.14333333333333334 0.039285714285714285 0.04285714285714286
3 0.7392857142857143 0.06285714285714286 0.04857142857142857 0.030476190476190476
3 0.7378571428571429 0.04238095238095238 0.05 0.02761904761904762
3 0.7653571428571428 0.007142857142857143 0.03357142857142857 0.014285714285714285
3 0.7939285714285714 0.06333333333333334 0.047857142857142855 0.03142857142857143
3 0.8003571428571429 0.048095238095238094 0.047857142857142855 0.029523809523809525
3 0.8725 0.31333333333333335 0.07071428571428572 0.04380952380952381
3 0.8685714285714285 0.2557142857142857 0.06428571428571428 0.039047619047619046
3 0.8532142857142857 0.22285714285714286 0.05785714285714286 0.03238095238095238
3 0.8403571428571428 0.1957142857142857 0.062142857142857146 0.03333333333333333
3 0.8328571428571429 0.17142857142857143 0.06285714285714286 0.03428571428571429
3 0.8153571428571429 0.14 0.065 0.03428571428571429
3 0.8128571428571428 0.12380952380952381 0.055714285714285716 0.024761904761904763
3 0.8053571428571429 0.1 0.039285714285714285 0.02857142857142857
0 0.8692857142857143 0.27714285714285714 0.011428571428571429 0.02857142857142857
0 0.8896428571428572 0.27476190476190476 0.009285714285714286 0.025714285714285714
0 0.8771428571428571 0.2804761904761905 0.008571428571428572 0.021904761904761906
3 0.9357142857142857 0.07714285714285714 0.05285714285714286 0.03238095238095238
3 0.9325 0.05857142857142857 0.052142857142857144 0.02
3 0.9092857142857143 0.04380952380952381 0.04 0.026666666666666665
3 0.9714285714285714 0.02095238095238095 0.045714285714285714 0.02857142857142857
3 0.9803571428571428 0.03142857142857143 0.039285714285714285 0.022857142857142857
3 0.9825 0.04238095238095238 0.035 0.018095238095238095
3 0.9853571428571428 0.05761904761904762 0.029285714285714286 0.025714285714285714
4 0.9885714285714285 0.07571428571428572 0.022857142857142857 0.03142857142857143
3 0.9642857142857143 0.1519047619047619 0.06428571428571428 0.03333333333333333
5 0.97 0.18523809523809523 0.06 0.039047619047619046
3 0.9746428571428571 0.2138095238095238 0.05071428571428571 0.029523809523809525
3 0.9860714285714286 0.24714285714285714 0.027857142857142858 0.03333333333333333
0 0.3842857142857143 0.6585714285714286 0.018571428571428572 0.04285714285714286
0 0.6 0.8076190476190476 0.02142857142857143 0.03619047619047619
5 0.5925 0.3742857142857143 0.10357142857142858 0.08952380952380952
4 0.8664285714285714 0.3742857142857143 0.06714285714285714 0.049523809523809526
3 0.9057142857142857 0.49333333333333335 0.09 0.06285714285714286
3 0.9192857142857143 0.5847619047619048 0.10571428571428572 0.06476190476190476
3 0.9414285714285714 0.6442857142857142 0.09714285714285714 0.058095238095238096
3 0.9507142857142857 0.7114285714285714 0.09857142857142857 0.07047619047619047
