0 0.33321428571428574 0.5414285714285715 0.007857142857142858 0.02
4 0.3385714285714286 0.8276190476190476 0.03 0.08571428571428572
0 0.45357142857142857 0.8557142857142858 0.011428571428571429 0.05238095238095238
3 0.3678571428571429 0.699047619047619 0.02857142857142857 0.05904761904761905
0 0.4932142857142857 0.6476190476190476 0.005 0.017142857142857144
9 0.5367857142857143 0.58 0.012142857142857143 0.0380952380952381
9 0.5564285714285714 0.5304761904761904 0.012857142857142857 0.024761904761904763
9 0.5835714285714285 0.36666666666666664 0.004285714285714286 0.011428571428571429
9 0.5817857142857142 0.3238095238095238 0.0035714285714285713 0.011428571428571429
9 0.4539285714285714 0.37523809523809526 0.005 0.013333333333333332
9 0.4575 0.31952380952380954 0.0035714285714285713 0.014285714285714285
9 0.5628571428571428 0.1819047619047619 0.002857142857142857 0.007619047619047619
9 0.5714285714285714 0.2123809523809524 0.002857142857142857 0.007619047619047619
9 0.5771428571428572 0.2904761904761905 0.004285714285714286 0.011428571428571429
3 0.4039285714285714 0.14904761904761904 0.017857142857142856 0.008571428571428572
3 0.41678571428571426 0.1442857142857143 0.017857142857142856 0.008571428571428572
3 0.42678571428571427 0.1523809523809524 0.017857142857142856 0.009523809523809525
0 0.4278571428571429 0.16 0.002857142857142857 0.007619047619047619
0 0.40964285714285714 0.23238095238095238 0.002142857142857143 0.011428571428571429
0 0.4075 0.24142857142857144 0.002142857142857143 0.004761904761904762
0 0.39535714285714285 0.2342857142857143 0.002142857142857143 0.0038095238095238095
0 0.43392857142857144 0.23095238095238096 0.002142857142857143 0.006666666666666666
3 0.4160714285714286 0.20904761904761904 0.015 0.012380952380952381
0 0.4225 0.25 0.002142857142857143 0.010476190476190476
0 0.41464285714285715 0.26571428571428574 0.0035714285714285713 0.009523809523809525
3 0.415 0.4542857142857143 0.017142857142857144 0.03238095238095238
3 0.5332142857142858 0.4095238095238095 0.015 0.022857142857142857
3 0.4228571428571429 0.41523809523809524 0.02 0.03619047619047619
3 0.43 0.3919047619047619 0.015714285714285715 0.023809523809523808
3 0.4342857142857143 0.36857142857142855 0.014285714285714285 0.024761904761904763
3 0.44035714285714284 0.3404761904761905 0.012142857142857143 0.02
3 0.4467857142857143 0.30428571428571427 0.012142857142857143 0.018095238095238095
3 0.45035714285714284 0.2876190476190476 0.012142857142857143 0.02095238095238095
3 0.4539285714285714 0.27285714285714285 0.009285714285714286 0.01619047619047619
3 0.4575 0.2523809523809524 0.009285714285714286 0.015238095238095238
3 0.4642857142857143 0.22904761904761906 0.01 0.018095238095238095
3 0.44285714285714284 0.15 0.017142857142857144 0.010476190476190476
3 0.49107142857142855 0.15142857142857144 0.013571428571428571 0.009523809523809525
3 0.5382142857142858 0.0014285714285714286 0.0035714285714285713 0.002857142857142857
3 0.5385714285714286 0.008571428571428572 0.002857142857142857 0.0038095238095238095
3 0.5260714285714285 0.02761904761904762 0.0035714285714285713 0.005714285714285714
3 0.5335714285714286 0.03571428571428571 0.004285714285714286 0.004761904761904762
3 0.5335714285714286 0.0419047619047619 0.002857142857142857 0.0038095238095238095
3 0.5410714285714285 0.07476190476190477 0.005 0.004761904761904762
4 0.52 0.12904761904761905 0.005714285714285714 0.010476190476190476
3 0.4810714285714286 0.16 0.017857142857142856 0.011428571428571429
3 0.5239285714285714 0.15 0.019285714285714285 0.010476190476190476
3 0.5103571428571428 0.17047619047619048 0.010714285714285714 0.011428571428571429
3 0.5057142857142857 0.18285714285714286 0.008571428571428572 0.011428571428571429
3 0.5307142857142857 0.17952380952380953 0.007142857142857143 0.012380952380952381
3 0.5307142857142857 0.19666666666666666 0.007142857142857143 0.012380952380952381
3 0.5314285714285715 0.23285714285714285 0.01 0.012380952380952381
3 0.5175 0.23238095238095238 0.007857142857142858 0.013333333333333332
5 0.46964285714285714 0.14761904761904762 0.016428571428571428 0.013333333333333332
0 0.51 0.14904761904761904 0.002857142857142857 0.010476190476190476
3 0.4660714285714286 0.21095238095238095 0.009285714285714286 0.012380952380952381
0 0.4675 0.25523809523809526 0.002142857142857143 0.011428571428571429
3 0.5321428571428571 0.27380952380952384 0.011428571428571429 0.014285714285714285
3 0.5185714285714286 0.32047619047619047 0.01 0.018095238095238095
3 0.5385714285714286 0.30523809523809525 0.011428571428571429 0.018095238095238095
3 0.6014285714285714 0.37476190476190474 0.012857142857142857 0.018095238095238095
3 0.6039285714285715 0.39476190476190476 0.012142857142857143 0.018095238095238095
3 0.6064285714285714 0.41714285714285715 0.011428571428571429 0.022857142857142857
3 0.5928571428571429 0.3180952380952381 0.01 0.01904761904761905
3 0.59 0.2985714285714286 0.008571428571428572 0.01619047619047619
3 0.5807142857142857 0.22095238095238096 0.008571428571428572 0.011428571428571429
3 0.5796428571428571 0.20714285714285716 0.007857142857142858 0.012380952380952381
4 0.5828571428571429 0.24428571428571427 0.008571428571428572 0.014285714285714285
3 0.5460714285714285 0.22333333333333333 0.009285714285714286 0.014285714285714285
3 0.5442857142857143 0.18666666666666668 0.007142857142857143 0.011428571428571429
3 0.5453571428571429 0.17476190476190476 0.0064285714285714285 0.010476190476190476
3 0.5439285714285714 0.15571428571428572 0.017857142857142856 0.010476190476190476
3 0.5510714285714285 0.15 0.017857142857142856 0.010476190476190476
3 0.5892857142857143 0.15095238095238095 0.01 0.010476190476190476
3 0.5778571428571428 0.1661904761904762 0.012857142857142857 0.008571428571428572
3 0.5642857142857143 0.015714285714285715 0.005714285714285714 0.002857142857142857
3 0.5671428571428572 0.026666666666666665 0.008571428571428572 0.0038095238095238095
3 0.5653571428571429 0.02095238095238095 0.0064285714285714285 0.005714285714285714
3 0.5632142857142857 0.01 0.0064285714285714285 0.004761904761904762
3 0.5675 0.030952380952380953 0.007857142857142858 0.004761904761904762
3 0.5560714285714285 0.04047619047619048 0.005 0.008571428571428572
3 0.5678571428571428 0.03619047619047619 0.008571428571428572 0.0038095238095238095
3 0.57 0.040952380952380955 0.008571428571428572 0.0038095238095238095
3 0.5703571428571429 0.045714285714285714 0.007857142857142858 0.005714285714285714
3 0.5714285714285714 0.049523809523809526 0.007142857142857143 0.005714285714285714
3 0.5746428571428571 0.05476190476190476 0.007857142857142858 0.006666666666666666
3 0.5746428571428571 0.06095238095238095 0.007857142857142858 0.005714285714285714
3 0.5746428571428571 0.06523809523809523 0.007857142857142858 0.004761904761904762
3 0.5767857142857142 0.06904761904761905 0.010714285714285714 0.004761904761904762
3 0.5775 0.07380952380952381 0.010714285714285714 0.004761904761904762
3 0.5778571428571428 0.07857142857142857 0.01 0.004761904761904762
3 0.5782142857142857 0.08238095238095237 0.009285714285714286 0.004761904761904762
3 0.5789285714285715 0.08714285714285715 0.009285714285714286 0.006666666666666666
3 0.5835714285714285 0.09333333333333334 0.011428571428571429 0.005714285714285714
3 0.5857142857142857 0.09714285714285714 0.01 0.005714285714285714
3 0.5864285714285714 0.10238095238095238 0.01 0.004761904761904762
3 0.5871428571428572 0.1061904761904762 0.008571428571428572 0.004761904761904762
3 0.5860714285714286 0.11047619047619048 0.009285714285714286 0.005714285714285714
3 0.5864285714285714 0.11523809523809524 0.008571428571428572 0.005714285714285714
3 0.5925 0.12666666666666668 0.012142857142857143 0.005714285714285714
3 0.5921428571428572 0.1319047619047619 0.012857142857142857 0.006666666666666666
3 0.5971428571428572 0.13476190476190475 0.015714285714285715 0.006666666666666666
3 0.5960714285714286 0.14095238095238094 0.010714285714285714 0.007619047619047619
3 0.6085714285714285 0.14095238095238094 0.005714285714285714 0.009523809523809525
0 0.57 0.022857142857142857 0.0014285714285714286 0.0038095238095238095
0 0.5846428571428571 0.06285714285714286 0.002142857142857143 0.007619047619047619
4 0.5889285714285715 0.07809523809523809 0.0035714285714285713 0.007619047619047619
0 0.6003571428571428 0.11333333333333333 0.002142857142857143 0.007619047619047619
0 0.5975 0.11333333333333333 0.002142857142857143 0.005714285714285714
0 0.5939285714285715 0.11523809523809524 0.002142857142857143 0.0038095238095238095
9 0.6507142857142857 0.9557142857142857 0.014285714285714285 0.05047619047619047
3 0.6835714285714286 0.9571428571428572 0.03428571428571429 0.08571428571428572
3 0.6664285714285715 0.8228571428571428 0.03142857142857143 0.07809523809523809
9 0.63 0.7814285714285715 0.01 0.029523809523809525
0 0.6514285714285715 0.4723809523809524 0.004285714285714286 0.017142857142857144
0 0.6464285714285715 0.4714285714285714 0.004285714285714286 0.015238095238095238
3 0.6328571428571429 0.4552380952380952 0.01 0.01904761904761905
3 0.6871428571428572 0.14333333333333334 0.005714285714285714 0.010476190476190476
4 0.7125 0.14523809523809525 0.0064285714285714285 0.010476190476190476
3 0.6185714285714285 0.13904761904761906 0.007142857142857143 0.009523809523809525
3 0.6407142857142857 0.15285714285714286 0.008571428571428572 0.008571428571428572
3 0.6264285714285714 0.16238095238095238 0.008571428571428572 0.010476190476190476
3 0.6328571428571429 0.15619047619047619 0.008571428571428572 0.009523809523809525
3 0.6939285714285715 0.2438095238095238 0.016428571428571428 0.015238095238095238
0 0.7196428571428571 0.5290476190476191 0.005 0.014285714285714285
3 0.8221428571428572 0.59 0.03142857142857143 0.040952380952380955
3 0.8439285714285715 0.7838095238095238 0.03785714285714286 0.0761904761904762
3 0.8689285714285714 0.8904761904761904 0.039285714285714285 0.0761904761904762
1 0.5625 0.17952380952380953 0.002142857142857143 0.004761904761904762
3 0.5610714285714286 0.07952380952380952 0.005 0.004761904761904762
3 0.5625 0.09523809523809523 0.005 0.007619047619047619
3 0.5621428571428572 0.08666666666666667 0.004285714285714286 0.005714285714285714
1 0.5710714285714286 0.21047619047619048 0.0035714285714285713 0.0038095238095238095
1 0.5775 0.28809523809523807 0.0035714285714285713 0.004761904761904762
1 0.5814285714285714 0.3223809523809524 0.002857142857142857 0.008571428571428572
1 0.5835714285714285 0.36428571428571427 0.004285714285714286 0.006666666666666666
1 0.4585714285714286 0.3157142857142857 0.004285714285714286 0.006666666666666666
1 0.45285714285714285 0.37285714285714283 0.004285714285714286 0.006666666666666666
1 0.5575 0.5257142857142857 0.009285714285714286 0.015238095238095238
1 0.5389285714285714 0.5719047619047619 0.009285714285714286 0.01619047619047619
1 0.6289285714285714 0.7742857142857142 0.007857142857142858 0.013333333333333332
1 0.6507142857142857 0.940952380952381 0.008571428571428572 0.017142857142857144
