0 0.7739285714285714 0.7533333333333333 0.029285714285714286 0.0380952380952381
0 0.7785714285714286 0.7404761904761905 0.027142857142857142 0.035238095238095235
3 0.6357142857142857 0.7128571428571429 0.04857142857142857 0.05619047619047619
3 0.3964285714285714 0.8919047619047619 0.03 0.07333333333333333
3 0.3192857142857143 0.9428571428571428 0.03 0.07428571428571429
3 0.2739285714285714 0.8357142857142857 0.017857142857142856 0.035238095238095235
3 0.25785714285714284 0.8552380952380952 0.018571428571428572 0.0419047619047619
3 0.24142857142857144 0.8747619047619047 0.02 0.04285714285714286
0 0.27464285714285713 0.7209523809523809 0.0064285714285714285 0.009523809523809525
3 0.33214285714285713 0.6419047619047619 0.017142857142857144 0.017142857142857144
3 0.31892857142857145 0.6228571428571429 0.007857142857142858 0.009523809523809525
3 0.34714285714285714 0.5738095238095238 0.01 0.014285714285714285
3 0.3335714285714286 0.5766666666666667 0.005714285714285714 0.006666666666666666
3 0.3717857142857143 0.5742857142857143 0.007857142857142858 0.013333333333333332
3 0.365 0.5685714285714286 0.008571428571428572 0.013333333333333332
3 0.38285714285714284 0.5652380952380952 0.008571428571428572 0.014285714285714285
3 0.40714285714285714 0.5404761904761904 0.007142857142857143 0.010476190476190476
3 0.3867857142857143 0.5480952380952381 0.007857142857142858 0.012380952380952381
3 0.38321428571428573 0.5019047619047619 0.0035714285714285713 0.005714285714285714
3 0.37214285714285716 0.5066666666666667 0.004285714285714286 0.005714285714285714
3 0.3817857142857143 0.4795238095238095 0.0035714285714285713 0.004761904761904762
3 0.3775 0.4747619047619048 0.002142857142857143 0.004761904761904762
4 0.35964285714285715 0.490952380952381 0.005 0.006666666666666666
3 0.36464285714285716 0.4957142857142857 0.0064285714285714285 0.006666666666666666
4 0.3653571428571429 0.49047619047619045 0.005 0.005714285714285714
