0 0.7625000000000001 0.983 0.02 0.024666666666666667
0 0.78075 0.9336666666666666 0.0245 0.020666666666666667
5 0.35225 0.7623333333333333 0.0735 0.27266666666666667
9 0.45925 0.769 0.0195 0.046
9 0.5635 0.7176666666666667 0.015 0.049999999999999996
1 0.56375 0.7143333333333333 0.0145 0.02333333333333333
3 0.609 0.7046666666666667 0.055 0.13466666666666666
1 0.4385 0.7526666666666666 0.019 0.02
0 0.40575 0.7313333333333333 0.0105 0.022666666666666665
1 0.41475 0.7156666666666667 0.0085 0.014
0 0.458 0.7163333333333333 0.011 0.022
0 0.46975 0.7106666666666667 0.0135 0.024
0 0.48575 0.6736666666666666 0.0095 0.024666666666666667
0 0.45875 0.6956666666666667 0.0135 0.02333333333333333
6 0.50825 0.5713333333333334 0.0165 0.06133333333333333
1 0.50875 0.574 0.0145 0.026666666666666665
0 0.46875 0.5496666666666666 0.0095 0.02733333333333333
5 0.444 0.5046666666666666 0.041 0.13733333333333334
0 0.46725 0.5016666666666667 0.0115 0.024666666666666667
2 0.49025 0.48233333333333334 0.0115 0.035333333333333335
1 0.49 0.4703333333333333 0.012 0.026
6 0.4485 0.3763333333333333 0.035 0.102
5 0.5982500000000001 0.3873333333333333 0.0745 0.08533333333333333
4 0.5605 0.323 0.036000000000000004 0.07533333333333334
0 0.461 0.24266666666666667 0.01 0.03333333333333333
9 0.51875 0.2866666666666667 0.0115 0.030666666666666665
1 0.51875 0.2886666666666667 0.0085 0.016
1 0.5185 0.2783333333333333 0.011 0.022
9 0.432 0.26466666666666666 0.015 0.03333333333333333
1 0.43175 0.23533333333333334 0.0095 0.02
1 0.5377500000000001 0.174 0.0135 0.021333333333333333
5 0.5285 0.134 0.031 0.07066666666666667
0 0.46950000000000003 0.14266666666666666 0.008 0.030666666666666665
0 0.46125 0.142 0.0105 0.032
0 0.44775000000000004 0.181 0.0125 0.03133333333333333
4 0.4015 0.15366666666666667 0.069 0.054
9 0.45075 0.15433333333333332 0.0085 0.02333333333333333
1 0.45075 0.14833333333333332 0.0075 0.019333333333333334
3 0.43875000000000003 0.09533333333333333 0.025500000000000002 0.058666666666666666
2 0.50225 0.09899999999999999 0.0085 0.026
1 0.5025000000000001 0.09166666666666666 0.008 0.02333333333333333
6 0.48475 0.061 0.0125 0.03
1 0.484 0.05233333333333333 0.01 0.016666666666666666
9 0.49475 0.030333333333333334 0.0095 0.026
1 0.4945 0.026 0.009000000000000001 0.025333333333333333
0 0.5075000000000001 0.015 0.006 0.03
9 0.446 0.04733333333333333 0.007 0.024
0 0.4465 0.042666666666666665 0.01 0.030666666666666665
0 0.43225 0.04733333333333333 0.0085 0.028
5 0.41275 0.036333333333333336 0.0555 0.04066666666666666
3 0.45875 0.015333333333333332 0.0225 0.030666666666666665
