4 0.17535714285714285 0.9010152284263959 0.04357142857142857 0.09644670050761421
4 0.38535714285714284 0.7887055837563451 0.029285714285714286 0.07994923857868019
3 0.27285714285714285 0.7347715736040609 0.03142857142857143 0.09137055837563451
3 0.5025 0.7848984771573604 0.02642857142857143 0.10279187817258882
3 0.016428571428571428 0.47969543147208116 0.032857142857142856 0.04568527918781726
3 0.1417857142857143 0.5780456852791878 0.07071428571428572 0.052030456852791875
4 0.2875 0.4879441624365482 0.062142857142857146 0.04695431472081218
3 0.4685714285714286 0.6065989847715736 0.06428571428571428 0.055837563451776644
3 0.5921428571428572 0.5571065989847716 0.06714285714285714 0.050761421319796954
3 0.6371428571428571 0.5031725888324873 0.06571428571428571 0.052030456852791875
8 0.8171428571428572 0.7950507614213197 0.05285714285714286 0.15862944162436546
8 0.7475 0.44479695431472077 0.052142857142857144 0.14340101522842638
3 0.7260714285714286 0.3565989847715736 0.02214285714285714 0.053299492385786795
0 0.8921428571428571 0.26586294416243655 0.005714285714285714 0.021573604060913704
0 0.8975 0.26015228426395937 0.0064285714285714285 0.015228426395939085
8 0.8039285714285714 0.10532994923857868 0.030714285714285715 0.10659898477157359
0 0.7503571428571428 0.08185279187817258 0.0035714285714285713 0.016497461928934008
0 0.7528571428571429 0.07994923857868019 0.004285714285714286 0.017766497461928932
0 0.7664285714285715 0.12880710659898476 0.004285714285714286 0.021573604060913704
3 0.6296428571428572 0.03489847715736041 0.015 0.026649746192893398
3 0.6139285714285714 0.011421319796954314 0.015 0.02284263959390863
9 0.5714285714285714 0.014593908629441623 0.005714285714285714 0.016497461928934008
1 0.5710714285714286 0.012055837563451776 0.0064285714285714285 0.016497461928934008
4 0.5539285714285714 0.07931472081218273 0.016428571428571428 0.026649746192893398
4 0.6175 0.1364213197969543 0.015 0.04187817258883248
8 0.3439285714285714 0.07423857868020305 0.056428571428571425 0.09263959390862943
0 0.3867857142857143 0.02347715736040609 0.0035714285714285713 0.016497461928934008
0 0.39464285714285713 0.015228426395939085 0.0035714285714285713 0.015228426395939085
0 0.3975 0.014593908629441623 0.0035714285714285713 0.016497461928934008
0 0.4007142857142857 0.013324873096446699 0.002857142857142857 0.019035532994923856
0 0.4042857142857143 0.008883248730964466 0.004285714285714286 0.017766497461928932
0 0.3742857142857143 0.035532994923857864 0.002857142857142857 0.017766497461928932
0 0.38285714285714284 0.02030456852791878 0.004285714285714286 0.017766497461928932
0 0.36857142857142855 0.03045685279187817 0.004285714285714286 0.017766497461928932
0 0.2832142857142857 0.12119289340101522 0.0064285714285714285 0.019035532994923856
5 0.40214285714285714 0.15228426395939085 0.03857142857142857 0.055837563451776644
8 0.18714285714285714 0.08756345177664974 0.08142857142857143 0.09390862944162436
0 0.16464285714285715 0.2626903553299492 0.0064285714285714285 0.02284263959390863
4 0.5185714285714286 0.4562182741116751 0.02 0.06979695431472081
