0 0.3580375782881002 0.961038961038961 0.022964509394572022 0.06679035250463822
7 0.46581419624217113 0.961038961038961 0.09133611691022964 0.07606679035250465
9 0.38726513569937365 0.6595547309833024 0.03653444676409186 0.055658627087198514
0 0.45929018789144044 0.6419294990723562 0.020876826722338204 0.06493506493506494
0 0.4919102296450939 0.6326530612244898 0.02139874739039666 0.0705009276437848
0 0.4843423799582463 0.5936920222634509 0.018789144050104383 0.06493506493506494
0 0.5375782881002087 0.5064935064935066 0.018789144050104383 0.061224489795918366
1 0.7220772442588725 0.7309833024118738 0.02139874739039666 0.055658627087198514
1 0.7181628392484342 0.7843228200371057 0.026096033402922752 0.05473098330241188
9 0.7176409185803757 0.7402597402597403 0.045929018789144044 0.05194805194805195
9 0.7163361169102296 0.7940630797773655 0.05375782881002087 0.0463821892393321
1 0.683455114822547 0.35064935064935066 0.01826722338204593 0.03710575139146568
1 0.6954592901878913 0.3362708719851577 0.015135699373695197 0.039888682745825604
1 0.6798016701461377 0.3362708719851577 0.014091858037578286 0.03803339517625232
1 0.7022442588726513 0.362708719851577 0.019311064718162838 0.04267161410018553
1 0.7079853862212943 0.34786641929499074 0.019311064718162838 0.04267161410018553
1 0.7181628392484342 0.36595547309833026 0.016701461377870562 0.045454545454545456
1 0.7207724425887264 0.3687384044526902 0.013569937369519832 0.06215213358070501
9 0.9076200417536534 0.3933209647495362 0.024008350730688934 0.059369202226345084
9 0.9825156576200417 0.4035250463821892 0.03392484342379958 0.029684601113172542
6 0.9801670146137786 0.424860853432282 0.038622129436325675 0.0463821892393321
