3 0.44892857142857145 0.9338095238095238 0.155 0.11523809523809524
3 0.48035714285714287 0.4438095238095238 0.052142857142857144 0.05523809523809524
3 0.4425 0.35285714285714287 0.030714285714285715 0.04476190476190476
3 0.7460714285714286 0.44952380952380955 0.030714285714285715 0.05142857142857143
3 0.8346428571428571 0.5271428571428571 0.045 0.06380952380952382
3 0.9389285714285714 0.5252380952380953 0.060714285714285714 0.07904761904761905
3 0.8689285714285714 0.4038095238095238 0.04214285714285714 0.05333333333333333
3 0.8239285714285715 0.40095238095238095 0.04071428571428572 0.049523809523809526
3 0.7760714285714285 0.3676190476190476 0.03357142857142857 0.0419047619047619
3 0.6932142857142857 0.39571428571428574 0.027857142857142858 0.040952380952380955
3 0.15321428571428572 0.4719047619047619 0.075 0.040952380952380955
3 0.25107142857142856 0.37285714285714283 0.04357142857142857 0.04285714285714286
3 0.31214285714285717 0.32 0.03571428571428571 0.04
3 0.9567857142857142 0.41285714285714287 0.05357142857142857 0.06190476190476191
3 0.21071428571428572 0.42666666666666664 0.06428571428571428 0.0419047619047619
3 0.21071428571428572 0.4 0.06285714285714286 0.03619047619047619
3 0.20142857142857143 0.3495238095238095 0.041428571428571426 0.04
3 0.23607142857142857 0.3238095238095238 0.039285714285714285 0.03238095238095238
3 0.265 0.3019047619047619 0.03142857142857143 0.024761904761904763
3 0.26785714285714285 0.3314285714285714 0.03428571428571429 0.03619047619047619
3 0.2925 0.30714285714285716 0.03357142857142857 0.03142857142857143
3 0.32107142857142856 0.2814285714285714 0.030714285714285715 0.03142857142857143
3 0.2875 0.2780952380952381 0.02642857142857143 0.024761904761904763
3 0.15857142857142856 0.32571428571428573 0.04285714285714286 0.02857142857142857
3 0.1682142857142857 0.3080952380952381 0.04928571428571429 0.029523809523809525
3 0.18678571428571428 0.2966666666666667 0.04642857142857143 0.025714285714285714
3 0.21892857142857142 0.27666666666666667 0.04642857142857143 0.021904761904761906
3 0.23142857142857143 0.26857142857142857 0.04 0.022857142857142857
3 0.2557142857142857 0.24952380952380954 0.04285714285714286 0.02095238095238095
3 0.26857142857142857 0.24142857142857144 0.04 0.02
3 0.27785714285714286 0.2342857142857143 0.032857142857142856 0.022857142857142857
3 0.3582142857142857 0.25047619047619046 0.019285714285714285 0.022857142857142857
3 0.30892857142857144 0.2619047619047619 0.025 0.022857142857142857
3 0.3407142857142857 0.26666666666666666 0.024285714285714285 0.026666666666666665
6 0.2807142857142857 0.37666666666666665 0.025714285714285714 0.02761904761904762
6 0.15 0.40904761904761905 0.03428571428571429 0.02
0 0.13071428571428573 0.4061904761904762 0.011428571428571429 0.029523809523809525
0 0.09821428571428571 0.4680952380952381 0.012142857142857143 0.03333333333333333
0 0.09535714285714286 0.4419047619047619 0.010714285714285714 0.030476190476190476
0 0.0475 0.46476190476190476 0.015 0.03428571428571429
0 0.025357142857142856 0.4114285714285714 0.012142857142857143 0.030476190476190476
0 0.10321428571428572 0.5385714285714286 0.023571428571428573 0.039047619047619046
0 0.03535714285714286 0.5290476190476191 0.019285714285714285 0.039047619047619046
0 0.09678571428571428 0.6071428571428571 0.015 0.039047619047619046
0 0.4007142857142857 0.5123809523809524 0.011428571428571429 0.0380952380952381
0 0.1025 0.6014285714285714 0.012142857142857143 0.03142857142857143
9 0.10142857142857142 0.4980952380952381 0.03142857142857143 0.026666666666666665
2 0.05392857142857143 0.4066666666666667 0.020714285714285713 0.022857142857142857
2 0.20785714285714285 0.31523809523809526 0.015714285714285715 0.015238095238095238
0 0.09392857142857143 0.38666666666666666 0.012142857142857143 0.030476190476190476
1 0.04928571428571429 0.40095238095238095 0.015714285714285715 0.030476190476190476
1 0.20714285714285716 0.30857142857142855 0.011428571428571429 0.022857142857142857
0 0.007142857142857143 0.3961904761904762 0.01 0.02857142857142857
0 0.5296428571428572 0.5114285714285715 0.015 0.03428571428571429
0 0.7492857142857143 0.27714285714285714 0.007142857142857143 0.024761904761904763
0 0.78 0.24666666666666667 0.007142857142857143 0.022857142857142857
0 0.7660714285714286 0.21523809523809523 0.0064285714285714285 0.022857142857142857
0 0.6892857142857143 0.5676190476190476 0.011428571428571429 0.04
0 0.7303571428571428 0.5628571428571428 0.012142857142857143 0.04
0 0.8103571428571429 0.6171428571428571 0.015 0.0380952380952381
0 0.8392857142857143 0.6109523809523809 0.015714285714285715 0.04285714285714286
0 0.855 0.6404761904761904 0.011428571428571429 0.03333333333333333
0 0.8857142857142857 0.6071428571428571 0.018571428571428572 0.04476190476190476
0 0.8460714285714286 0.5866666666666667 0.016428571428571428 0.04
0 0.8760714285714286 0.6290476190476191 0.016428571428571428 0.04476190476190476
1 0.8414285714285714 0.6385714285714286 0.015714285714285715 0.025714285714285714
9 0.8435714285714285 0.6580952380952381 0.02857142857142857 0.049523809523809526
2 0.8471428571428572 0.5952380952380952 0.03428571428571429 0.026666666666666665
2 0.8803571428571428 0.6133333333333333 0.03357142857142857 0.03238095238095238
2 0.66 0.38047619047619047 0.01 0.021904761904761906
1 0.6607142857142857 0.37 0.008571428571428572 0.02
1 0.5839285714285715 0.18142857142857144 0.005 0.008571428571428572
9 0.5842857142857143 0.18714285714285714 0.005714285714285714 0.014285714285714285
9 0.745 0.2319047619047619 0.007142857142857143 0.01619047619047619
9 0.7303571428571428 0.20523809523809525 0.005 0.014285714285714285
2 0.7239285714285715 0.20047619047619047 0.0064285714285714285 0.012380952380952381
3 0.7135714285714285 0.18142857142857144 0.012857142857142857 0.021904761904761906
3 0.7078571428571429 0.17238095238095238 0.011428571428571429 0.017142857142857144
2 0.7625 0.27380952380952384 0.016428571428571428 0.01619047619047619
3 0.7810714285714285 0.2814285714285714 0.047857142857142855 0.023809523809523808
3 0.7878571428571428 0.28714285714285714 0.04857142857142857 0.021904761904761906
3 0.7942857142857143 0.30095238095238097 0.045714285714285714 0.02857142857142857
3 0.8178571428571428 0.3380952380952381 0.06142857142857143 0.030476190476190476
3 0.9132142857142858 0.4723809523809524 0.08642857142857142 0.05142857142857143
3 0.9803571428571428 0.5214285714285715 0.039285714285714285 0.07714285714285714
3 0.6867857142857143 0.3566666666666667 0.027857142857142858 0.035238095238095235
3 0.6810714285714285 0.3271428571428571 0.023571428571428573 0.03333333333333333
3 0.6764285714285714 0.30238095238095236 0.018571428571428572 0.025714285714285714
3 0.6671428571428571 0.2361904761904762 0.02142857142857143 0.030476190476190476
3 0.6842857142857143 0.20095238095238097 0.015714285714285715 0.02095238095238095
3 0.46714285714285714 0.1957142857142857 0.015714285714285715 0.018095238095238095
3 0.4789285714285714 0.18285714285714286 0.012142857142857143 0.015238095238095238
3 0.49357142857142855 0.16285714285714287 0.012857142857142857 0.017142857142857144
3 0.4982142857142857 0.15619047619047619 0.012142857142857143 0.017142857142857144
3 0.5057142857142857 0.14714285714285713 0.011428571428571429 0.012380952380952381
3 0.5217857142857143 0.12523809523809523 0.009285714285714286 0.012380952380952381
3 0.5489285714285714 0.10761904761904761 0.007857142857142858 0.009523809523809525
3 0.5842857142857143 0.10095238095238095 0.007142857142857143 0.009523809523809525
3 0.5917857142857142 0.08952380952380952 0.0064285714285714285 0.007619047619047619
3 0.5967857142857143 0.07285714285714286 0.0064285714285714285 0.006666666666666666
3 0.5567857142857143 0.09476190476190476 0.0064285714285714285 0.008571428571428572
5 0.5464285714285714 0.09142857142857143 0.007142857142857143 0.013333333333333332
3 0.5521428571428572 0.09 0.005714285714285714 0.006666666666666666
4 0.5382142857142858 0.09761904761904762 0.010714285714285714 0.010476190476190476
3 0.5360714285714285 0.10952380952380952 0.013571428571428571 0.007619047619047619
3 0.5357142857142857 0.11428571428571428 0.011428571428571429 0.009523809523809525
3 0.5303571428571429 0.1180952380952381 0.009285714285714286 0.009523809523809525
3 0.5196428571428572 0.11476190476190476 0.007857142857142858 0.010476190476190476
2 0.49392857142857144 0.18095238095238095 0.005 0.009523809523809525
1 0.4932142857142857 0.17666666666666667 0.005 0.008571428571428572
4 0.8253571428571429 0.35333333333333333 0.07357142857142857 0.0419047619047619
3 0.8264285714285714 0.3676190476190476 0.05714285714285714 0.03428571428571429
3 0.7446428571428572 0.4038095238095238 0.03214285714285714 0.04380952380952381
3 0.7371428571428571 0.36 0.03571428571428571 0.047619047619047616
