0 0.9264285714285714 0.8071065989847716 0.015714285714285715 0.02284263959390863
0 0.9903571428571428 0.9276649746192893 0.015 0.017766497461928932
0 0.9842857142857143 0.8794416243654821 0.017142857142857144 0.02030456852791878
0 0.8621428571428571 0.6846446700507614 0.011428571428571429 0.031725888324873094
0 0.8239285714285715 0.6275380710659898 0.010714285714285714 0.024111675126903553
3 0.6096428571428572 0.3623096446700507 0.055 0.03680203045685279
3 0.36642857142857144 0.2696700507614213 0.04857142857142857 0.03680203045685279
3 0.4375 0.2442893401015228 0.045 0.04187817258883248
3 0.35214285714285715 0.21954314720812182 0.045714285714285714 0.04060913705583756
3 0.020714285714285713 0.3229695431472081 0.03142857142857143 0.052030456852791875
3 0.05857142857142857 0.17766497461928932 0.03 0.050761421319796954
3 0.11535714285714285 0.11548223350253806 0.030714285714285715 0.053299492385786795
3 0.055357142857142855 0.3223350253807106 0.029285714285714286 0.048223350253807105
3 0.11535714285714285 0.19098984771573602 0.027857142857142858 0.03934010152284264
