0 0.16071428571428573 0.641497461928934 0.005714285714285714 0.024111675126903553
0 0.16035714285714286 0.682741116751269 0.0064285714285714285 0.02030456852791878
0 0.16071428571428573 0.6776649746192893 0.008571428571428572 0.02284263959390863
0 0.27714285714285714 0.8071065989847716 0.012857142857142857 0.03045685279187817
0 0.2392857142857143 0.9898477157360406 0.007142857142857143 0.017766497461928932
0 0.24571428571428572 0.9917512690355329 0.008571428571428572 0.013959390862944161
0 0.3960714285714286 0.5222081218274112 0.005 0.019035532994923856
0 0.385 0.5190355329949238 0.004285714285714286 0.017766497461928932
0 0.3871428571428571 0.5177664974619289 0.002857142857142857 0.017766497461928932
0 0.39 0.5209390862944162 0.004285714285714286 0.019035532994923856
0 0.39571428571428574 0.49048223350253806 0.004285714285714286 0.021573604060913704
0 0.4 0.4949238578680203 0.004285714285714286 0.02030456852791878
3 0.265 0.9600253807106598 0.025714285714285714 0.07741116751269035
3 0.1467857142857143 0.6821065989847716 0.02214285714285714 0.03934010152284264
3 0.15785714285714286 0.7201776649746192 0.024285714285714285 0.04695431472081218
3 0.2957142857142857 0.6307106598984771 0.03571428571428571 0.03045685279187817
3 0.3032142857142857 0.6027918781725888 0.03785714285714286 0.027918781725888322
0 0.2375 0.5266497461928934 0.005 0.02030456852791878
3 0.010357142857142856 0.9568527918781725 0.020714285714285713 0.08121827411167512
3 0.008928571428571428 0.7988578680203045 0.017857142857142856 0.06218274111675126
3 0.8228571428571428 0.9625634517766497 0.03 0.07233502538071065
3 0.8464285714285714 0.95748730964467 0.03571428571428571 0.07741116751269035
3 0.87 0.9486040609137055 0.03571428571428571 0.07741116751269035
3 0.8932142857142857 0.9467005076142131 0.04071428571428572 0.07868020304568528
3 0.9225 0.9486040609137055 0.04357142857142857 0.07741116751269035
3 0.9492857142857143 0.9428934010152283 0.047142857142857146 0.07614213197969542
3 0.9760714285714286 0.9447969543147208 0.04357142857142857 0.08502538071065989
3 0.9378571428571428 0.8845177664974618 0.04428571428571428 0.06345177664974619
3 0.8446428571428571 0.8864213197969543 0.04357142857142857 0.05964467005076142
3 0.8764285714285714 0.8851522842639593 0.03857142857142857 0.05710659898477157
4 0.9067857142857143 0.8857868020304568 0.039285714285714285 0.06345177664974619
3 0.5164285714285715 0.6300761421319796 0.02 0.05710659898477157
3 0.49392857142857144 0.3102791878172589 0.010714285714285714 0.021573604060913704
3 0.4875 0.2569796954314721 0.009285714285714286 0.019035532994923856
3 0.5042857142857143 0.24746192893401014 0.01 0.02284263959390863
3 0.48714285714285716 0.20431472081218272 0.008571428571428572 0.015228426395939085
3 0.4521428571428571 0.19543147208121825 0.01 0.02030456852791878
3 0.45035714285714284 0.17322335025380708 0.009285714285714286 0.019035532994923856
3 0.4632142857142857 0.16941624365482233 0.007857142857142858 0.016497461928934008
3 0.4832142857142857 0.14530456852791876 0.007857142857142858 0.016497461928934008
3 0.48142857142857143 0.11675126903553298 0.005714285714285714 0.012690355329949238
3 0.4546428571428571 0.12246192893401014 0.007857142857142858 0.011421319796954314
3 0.4585714285714286 0.10279187817258882 0.005714285714285714 0.01015228426395939
3 0.4828571428571429 0.09961928934010152 0.005714285714285714 0.011421319796954314
3 0.49214285714285716 0.10786802030456852 0.007142857142857143 0.012690355329949238
3 0.4657142857142857 0.07994923857868019 0.007142857142857143 0.012690355329949238
3 0.4710714285714286 0.08565989847715735 0.005 0.011421319796954314
3 0.48214285714285715 0.06725888324873096 0.005714285714285714 0.0076142131979695426
3 0.4932142857142857 0.07106598984771573 0.007857142857142858 0.012690355329949238
3 0.5203571428571429 0.041243654822335024 0.0064285714285714285 0.011421319796954314
3 0.5321428571428571 0.02982233502538071 0.007142857142857143 0.008883248730964466
3 0.5396428571428571 0.024111675126903553 0.007857142857142858 0.01015228426395939
8 0.495 0.13578680203045684 0.011428571428571429 0.04060913705583756
8 0.5792857142857143 0.3312182741116751 0.014285714285714285 0.050761421319796954
8 0.5953571428571428 0.3375634517766497 0.017857142857142856 0.055837563451776644
8 0.5582142857142857 0.2798223350253807 0.016428571428571428 0.049492385786802026
5 0.515 0.3527918781725888 0.02 0.06345177664974619
9 0.4425 0.3413705583756345 0.0064285714285714285 0.017766497461928932
4 0.4835714285714286 0.17703045685279187 0.008571428571428572 0.024111675126903553
5 0.5064285714285715 0.039974619289340096 0.01 0.013959390862944161
5 0.5882142857142857 0.1897208121827411 0.023571428571428573 0.024111675126903553
8 0.5546428571428571 0.25571065989847713 0.013571428571428571 0.031725888324873094
8 0.5764285714285714 0.299492385786802 0.014285714285714285 0.04568527918781726
8 0.5714285714285714 0.2728426395939086 0.015714285714285715 0.048223350253807105
8 0.5925 0.30076142131979694 0.015 0.050761421319796954
8 0.5875 0.2766497461928934 0.016428571428571428 0.048223350253807105
8 0.5792857142857143 0.2563451776649746 0.011428571428571429 0.03045685279187817
8 0.5660714285714286 0.2442893401015228 0.013571428571428571 0.04187817258883248
8 0.5639285714285714 0.22398477157360405 0.012142857142857143 0.03680203045685279
3 0.5367857142857143 0.3515228426395939 0.013571428571428571 0.03045685279187817
3 0.6035714285714285 0.9536802030456852 0.03571428571428571 0.08756345177664974
4 0.5253571428571429 0.2614213197969543 0.015 0.04568527918781726
0 0.555 0.21192893401015228 0.002857142857142857 0.01015228426395939
0 0.6414285714285715 0.3946700507614213 0.002857142857142857 0.015228426395939085
0 0.13892857142857143 0.6116751269035533 0.005 0.025380710659898477
