3 0.7653571428571428 0.7814285714285715 0.039285714285714285 0.054285714285714284
3 0.7253571428571428 0.7266666666666667 0.04214285714285714 0.049523809523809526
3 0.6396428571428572 0.7209523809523809 0.035 0.047619047619047616
3 0.6810714285714285 0.67 0.04071428571428572 0.04857142857142857
3 0.5917857142857142 0.6642857142857143 0.03642857142857143 0.04476190476190476
3 0.6432142857142857 0.6190476190476191 0.035 0.04380952380952381
3 0.5307142857142857 0.5738095238095238 0.03142857142857143 0.040952380952380955
3 0.4967857142857143 0.5285714285714286 0.027857142857142858 0.03619047619047619
3 0.5328571428571428 0.4776190476190476 0.03 0.037142857142857144
3 0.46714285714285714 0.49047619047619045 0.03 0.03619047619047619
4 0.4425 0.4519047619047619 0.029285714285714286 0.035238095238095235
3 0.4164285714285714 0.4180952380952381 0.027142857142857142 0.0380952380952381
3 0.3875 0.3647619047619048 0.02642857142857143 0.03238095238095238
9 0.44035714285714284 0.32142857142857145 0.012142857142857143 0.01619047619047619
