0 0.516 0.964 0.007 0.028
0 0.4965 0.877 0.005 0.02333333333333333
1 0.50225 0.8763333333333333 0.0075 0.018
2 0.49825 0.836 0.006500000000000001 0.021333333333333333
3 0.57875 0.8753333333333333 0.0365 0.06799999999999999
3 0.5690000000000001 0.7916666666666666 0.021 0.056666666666666664
3 0.55 0.7273333333333333 0.041 0.034666666666666665
3 0.56525 0.6003333333333333 0.0325 0.024666666666666667
3 0.5760000000000001 0.5896666666666667 0.029 0.019333333333333334
4 0.587 0.575 0.027 0.026
3 0.58875 0.5599999999999999 0.0275 0.02
4 0.58825 0.5436666666666666 0.0245 0.019333333333333334
3 0.58925 0.5326666666666666 0.025500000000000002 0.02
3 0.591 0.5226666666666666 0.026000000000000002 0.017333333333333333
3 0.5915 0.5106666666666666 0.026000000000000002 0.017333333333333333
3 0.59325 0.499 0.025500000000000002 0.016666666666666666
3 0.594 0.48533333333333334 0.022 0.017333333333333333
3 0.594 0.476 0.02 0.013333333333333332
3 0.5955 0.4683333333333333 0.024 0.014
3 0.59475 0.45999999999999996 0.0225 0.012
3 0.6 0.45299999999999996 0.021 0.012666666666666666
3 0.5962500000000001 0.444 0.0205 0.012
3 0.5982500000000001 0.4353333333333333 0.0205 0.012
3 0.5975 0.42566666666666664 0.02 0.011333333333333332
3 0.5962500000000001 0.413 0.0095 0.014
3 0.6012500000000001 0.39666666666666667 0.0165 0.012
9 0.49125 0.38966666666666666 0.0075 0.006
9 0.49275 0.38566666666666666 0.0075 0.008666666666666666
3 0.6055 0.31966666666666665 0.007 0.007333333333333333
4 0.60475 0.33466666666666667 0.0125 0.010666666666666666
3 0.6425 0.3343333333333333 0.007 0.008666666666666666
4 0.64075 0.35333333333333333 0.0115 0.012
3 0.643 0.364 0.008 0.010666666666666666
3 0.603 0.3473333333333333 0.007 0.012
3 0.64625 0.4103333333333333 0.0085 0.012666666666666666
3 0.645 0.39866666666666667 0.015 0.010666666666666666
3 0.64225 0.39 0.0135 0.010666666666666666
3 0.6415 0.3823333333333333 0.015 0.01
3 0.6475 0.43966666666666665 0.016 0.014
3 0.65 0.45766666666666667 0.018000000000000002 0.015333333333333332
3 0.6505 0.4713333333333333 0.015 0.016
3 0.65625 0.49266666666666664 0.0115 0.017333333333333333
3 0.6515 0.5203333333333333 0.025 0.019333333333333334
3 0.65325 0.5396666666666666 0.0265 0.018
3 0.65925 0.5556666666666666 0.0235 0.019333333333333334
3 0.6435 0.5866666666666667 0.016 0.026666666666666665
3 0.67475 0.5823333333333333 0.0305 0.022
3 0.67725 0.5993333333333333 0.0365 0.018666666666666665
4 0.67575 0.6153333333333333 0.0335 0.026666666666666665
5 0.6970000000000001 0.6253333333333333 0.043000000000000003 0.032
3 0.7035 0.6536666666666666 0.037 0.024666666666666667
3 0.6980000000000001 0.6843333333333333 0.04 0.024666666666666667
3 0.7115 0.706 0.042 0.025333333333333333
3 0.70775 0.7323333333333333 0.0395 0.024666666666666667
3 0.7055 0.7566666666666666 0.044 0.030666666666666665
3 0.71875 0.7913333333333333 0.043500000000000004 0.029333333333333333
3 0.7175 0.822 0.041 0.034666666666666665
3 0.715 0.862 0.032 0.04666666666666666
5 0.686 0.8963333333333333 0.06 0.06999999999999999
3 0.67775 0.968 0.0475 0.06266666666666666
9 0.2315 0.942 0.016 0.032
2 0.2715 0.7543333333333333 0.008 0.019333333333333334
9 0.27925 0.7493333333333333 0.0085 0.021333333333333333
9 0.30775 0.725 0.0125 0.011333333333333332
3 0.11875000000000001 0.7106666666666667 0.0425 0.04666666666666666
3 0.14425 0.7133333333333333 0.0455 0.05333333333333333
3 0.18875 0.6593333333333333 0.0365 0.02
3 0.1205 0.5483333333333333 0.031 0.018
3 0.1165 0.5136666666666666 0.027 0.022
3 0.1385 0.492 0.026000000000000002 0.022666666666666665
3 0.17025 0.4673333333333333 0.021500000000000002 0.021333333333333333
3 0.18975 0.45299999999999996 0.0195 0.018
4 0.20775000000000002 0.43666666666666665 0.0165 0.018666666666666665
3 0.21175 0.42866666666666664 0.0195 0.012
3 0.214 0.422 0.017 0.010666666666666666
3 0.218 0.41733333333333333 0.018000000000000002 0.010666666666666666
3 0.18025 0.523 0.0155 0.02333333333333333
4 0.21 0.489 0.022 0.018
3 0.23 0.4726666666666666 0.019 0.016
3 0.2115 0.5603333333333333 0.025 0.020666666666666667
9 0.28225 0.5153333333333333 0.0075 0.013333333333333332
9 0.1825 0.6016666666666667 0.005 0.011333333333333332
1 0.18225 0.598 0.0045000000000000005 0.010666666666666666
0 0.20500000000000002 0.622 0.007 0.014666666666666666
0 0.21125 0.6256666666666666 0.0075 0.016666666666666666
0 0.21225 0.62 0.006500000000000001 0.016
0 0.233 0.628 0.005 0.014666666666666666
0 0.22675 0.623 0.0075 0.015333333333333332
0 0.2265 0.6193333333333333 0.005 0.016
6 0.051250000000000004 0.356 0.0095 0.005333333333333333
1 0.04875 0.35366666666666663 0.0035 0.007333333333333333
9 0.3725 0.6486666666666666 0.014 0.012
1 0.37175 0.6443333333333333 0.0055 0.012666666666666666
9 0.3375 0.6403333333333333 0.014 0.01
1 0.33775 0.6376666666666666 0.006500000000000001 0.014
9 0.2645 0.6583333333333333 0.013000000000000001 0.012666666666666666
9 0.26825 0.6483333333333333 0.0135 0.012666666666666666
