3 0.4810714285714286 0.8724619289340101 0.02214285714285714 0.06725888324873096
3 0.6767857142857143 0.36548223350253806 0.013571428571428571 0.03045685279187817
3 0.6542857142857142 0.2506345177664974 0.008571428571428572 0.024111675126903553
3 0.6092857142857143 0.07296954314720812 0.008571428571428572 0.016497461928934008
3 0.465 0.5488578680203046 0.02857142857142857 0.03426395939086294
3 0.4685714285714286 0.5317258883248731 0.022857142857142857 0.032994923857868015
3 0.4585714285714286 0.5805837563451777 0.022857142857142857 0.03680203045685279
3 0.5560714285714285 0.12880710659898476 0.005 0.011421319796954314
3 0.5628571428571428 0.06916243654822335 0.004285714285714286 0.011421319796954314
3 0.6425 0.10469543147208121 0.015 0.011421319796954314
3 0.6514285714285715 0.09961928934010152 0.01 0.013959390862944161
3 0.6717857142857143 0.10152284263959391 0.015 0.012690355329949238
3 0.6317857142857143 0.07614213197969542 0.0064285714285714285 0.015228426395939085
3 0.6296428571428572 0.06472081218274112 0.005 0.012690355329949238
3 0.6292857142857143 0.05393401015228426 0.005714285714285714 0.013959390862944161
3 0.6278571428571429 0.046319796954314714 0.007142857142857143 0.013959390862944161
3 0.6285714285714286 0.039974619289340096 0.005714285714285714 0.011421319796954314
3 0.5732142857142857 0.07614213197969542 0.005 0.01015228426395939
3 0.5742857142857143 0.04378172588832487 0.004285714285714286 0.008883248730964466
3 0.5660714285714286 0.12944162436548223 0.007857142857142858 0.012690355329949238
3 0.5642857142857143 0.08692893401015228 0.008571428571428572 0.011421319796954314
3 0.5560714285714285 0.1383248730964467 0.0064285714285714285 0.012690355329949238
3 0.7482142857142857 0.09581218274111675 0.015 0.011421319796954314
3 0.7067857142857142 0.09961928934010152 0.02214285714285714 0.013959390862944161
4 0.45357142857142857 0.6008883248730964 0.027142857142857142 0.049492385786802026
4 0.4625 0.48540609137055835 0.027857142857142858 0.03934010152284264
4 0.6310714285714286 0.5786802030456852 0.016428571428571428 0.055837563451776644
4 0.73 0.766497461928934 0.022857142857142857 0.07360406091370558
8 0.5478571428571428 0.19606598984771573 0.011428571428571429 0.029187817258883246
8 0.5646428571428571 0.052030456852791875 0.0064285714285714285 0.017766497461928932
3 0.8214285714285714 0.09137055837563451 0.015714285714285715 0.015228426395939085
3 0.7714285714285715 0.07043147208121826 0.008571428571428572 0.016497461928934008
3 0.7778571428571428 0.09708121827411166 0.014285714285714285 0.013959390862944161
3 0.7635714285714286 0.05964467005076142 0.005714285714285714 0.017766497461928932
8 0.5296428571428572 0.39403553299492383 0.020714285714285713 0.07233502538071065
0 0.48678571428571427 0.5621827411167513 0.005 0.02030456852791878
0 0.47464285714285714 0.6637055837563451 0.005 0.02284263959390863
0 0.4664285714285714 0.6630710659898477 0.004285714285714286 0.021573604060913704
0 0.445 0.524746192893401 0.004285714285714286 0.019035532994923856
0 0.4642857142857143 0.45241116751269034 0.004285714285714286 0.016497461928934008
0 0.48035714285714287 0.4308375634517766 0.002142857142857143 0.016497461928934008
0 0.4860714285714286 0.4314720812182741 0.0035714285714285713 0.015228426395939085
0 0.485 0.45368020304568524 0.004285714285714286 0.016497461928934008
0 0.48214285714285715 0.4549492385786802 0.004285714285714286 0.019035532994923856
0 0.44821428571428573 0.5653553299492385 0.005 0.021573604060913704
0 0.47035714285714286 0.6541878172588832 0.005 0.019035532994923856
3 0.365 0.42576142131979694 0.03142857142857143 0.026649746192893398
