3 0.6035714285714285 0.1548223350253807 0.09285714285714286 0.11675126903553298
0 0.6507142857142857 0.6256345177664974 0.018571428571428572 0.04314720812182741
0 0.27035714285714285 0.5970812182741116 0.019285714285714285 0.026649746192893398
0 0.26 0.6345177664974618 0.02 0.02284263959390863
0 0.25857142857142856 0.6687817258883249 0.022857142857142857 0.027918781725888322
0 0.5628571428571428 0.40672588832487305 0.018571428571428572 0.04441624365482233
0 0.5464285714285714 0.3781725888324873 0.011428571428571429 0.03807106598984771
0 0.5367857142857143 0.38007614213197966 0.015 0.04695431472081218
0 0.4232142857142857 0.9003807106598984 0.02214285714285714 0.031725888324873094
0 0.545 0.9873096446700507 0.015714285714285715 0.02284263959390863
