1 0.19035714285714286 0.9328571428571428 0.002142857142857143 0.008571428571428572
0 0.24928571428571428 0.741904761904762 0.004285714285714286 0.015238095238095238
2 0.30178571428571427 0.6485714285714286 0.015 0.03238095238095238
0 0.30428571428571427 0.45666666666666667 0.008571428571428572 0.025714285714285714
3 0.35285714285714287 0.2785714285714286 0.02142857142857143 0.03142857142857143
3 0.3464285714285714 0.31285714285714283 0.024285714285714285 0.037142857142857144
0 0.38642857142857145 0.37333333333333335 0.007142857142857143 0.022857142857142857
0 0.3678571428571429 0.40190476190476193 0.008571428571428572 0.024761904761904763
9 0.3489285714285714 0.4452380952380952 0.012142857142857143 0.02761904761904762
2 0.32392857142857145 0.4695238095238095 0.010714285714285714 0.01904761904761905
9 0.3221428571428571 0.5157142857142857 0.017142857142857144 0.02761904761904762
3 0.47214285714285714 0.490952380952381 0.025714285714285714 0.06
3 0.4725 0.4114285714285714 0.023571428571428573 0.05523809523809524
9 0.5096428571428572 0.40095238095238095 0.009285714285714286 0.024761904761904763
3 0.4664285714285714 0.06857142857142857 0.011428571428571429 0.024761904761904763
3 0.46464285714285714 0.043333333333333335 0.010714285714285714 0.02
3 0.4642857142857143 0.02095238095238095 0.011428571428571429 0.017142857142857144
3 0.4828571428571429 0.022857142857142857 0.011428571428571429 0.01904761904761905
3 0.5207142857142857 0.010952380952380953 0.02 0.01619047619047619
3 0.5317857142857143 0.039047619047619046 0.009285714285714286 0.013333333333333332
3 0.5346428571428572 0.05238095238095238 0.010714285714285714 0.013333333333333332
3 0.5375 0.06904761904761905 0.012142857142857143 0.01619047619047619
3 0.5567857142857143 0.17285714285714285 0.017857142857142856 0.023809523809523808
3 0.5635714285714286 0.19714285714285715 0.017142857142857144 0.022857142857142857
3 0.5421428571428571 0.6652380952380952 0.032857142857142856 0.08857142857142856
9 0.545 0.08619047619047619 0.02 0.01619047619047619
3 0.5503571428571429 0.11285714285714285 0.020714285714285713 0.035238095238095235
9 0.6642857142857143 0.1761904761904762 0.01 0.015238095238095238
9 0.7478571428571429 0.8833333333333333 0.014285714285714285 0.035238095238095235
