3 0.8032142857142857 0.9803299492385786 0.02214285714285714 0.03680203045685279
3 0.8642857142857143 0.8826142131979695 0.027142857142857142 0.05964467005076142
3 0.7389285714285714 0.8388324873096447 0.023571428571428573 0.04314720812182741
4 0.9114285714285715 0.6802030456852791 0.027142857142857142 0.050761421319796954
3 0.42857142857142855 0.8236040609137055 0.014285714285714285 0.048223350253807105
3 0.5132142857142857 0.5323604060913705 0.025 0.026649746192893398
4 0.5360714285714285 0.49175126903553296 0.025 0.029187817258883246
3 0.6232142857142857 0.45050761421319796 0.020714285714285713 0.025380710659898477
3 0.6875 0.47144670050761417 0.023571428571428573 0.026649746192893398
3 0.7625 0.383248730964467 0.02214285714285714 0.025380710659898477
3 0.6414285714285715 0.3515228426395939 0.022857142857142857 0.025380710659898477
3 0.6267857142857143 0.33883248730964466 0.023571428571428573 0.02284263959390863
8 0.665 0.2880710659898477 0.055714285714285716 0.053299492385786795
0 0.5910714285714286 0.25380710659898476 0.0035714285714285713 0.0076142131979695426
0 0.5710714285714286 0.2614213197969543 0.0035714285714285713 0.012690355329949238
5 0.45357142857142857 0.3908629441624365 0.03142857142857143 0.035532994923857864
0 0.45035714285714284 0.37246192893401014 0.005 0.011421319796954314
4 0.34964285714285714 0.6097715736040609 0.027857142857142858 0.029187817258883246
3 0.3560714285714286 0.583756345177665 0.02642857142857143 0.03045685279187817
3 0.30857142857142855 0.5831218274111675 0.024285714285714285 0.026649746192893398
3 0.27 0.5583756345177665 0.022857142857142857 0.025380710659898477
5 0.30142857142857143 0.5368020304568527 0.04 0.04314720812182741
4 0.3025 0.4644670050761421 0.027857142857142858 0.027918781725888322
4 0.15035714285714286 0.41180203045685276 0.015 0.03934010152284264
3 0.41964285714285715 0.02982233502538071 0.010714285714285714 0.029187817258883246
