9 0.5228571428571429 0.9302030456852791 0.005714285714285714 0.02030456852791878
1 0.5225 0.9263959390862944 0.005 0.012690355329949238
3 0.5214285714285715 0.8540609137055837 0.008571428571428572 0.027918781725888322
3 0.5 0.8635786802030456 0.008571428571428572 0.029187817258883246
4 0.5060714285714286 0.6744923857868019 0.0064285714285714285 0.026649746192893398
5 0.4642857142857143 0.6986040609137055 0.011428571428571429 0.04695431472081218
4 0.4742857142857143 0.6434010152284263 0.007142857142857143 0.02030456852791878
3 0.4642857142857143 0.6370558375634517 0.008571428571428572 0.017766497461928932
5 0.4657142857142857 0.5958121827411167 0.01 0.03934010152284264
3 0.4742857142857143 0.5831218274111675 0.007142857142857143 0.019035532994923856
3 0.4710714285714286 0.5532994923857868 0.007857142857142858 0.015228426395939085
3 0.48892857142857143 0.5317258883248731 0.0064285714285714285 0.015228426395939085
8 0.5160714285714286 0.5304568527918782 0.009285714285714286 0.04314720812182741
4 0.5017857142857143 0.5088832487309645 0.0064285714285714285 0.02030456852791878
8 0.515 0.473984771573604 0.008571428571428572 0.04187817258883248
3 0.475 0.5203045685279187 0.005714285714285714 0.015228426395939085
4 0.46714285714285714 0.516497461928934 0.005714285714285714 0.017766497461928932
4 0.46785714285714286 0.4993654822335025 0.005714285714285714 0.016497461928934008
3 0.45964285714285713 0.49682741116751267 0.0064285714285714285 0.013959390862944161
3 0.47464285714285714 0.5006345177664975 0.0064285714285714285 0.013959390862944161
3 0.475 0.4828680203045685 0.005714285714285714 0.013959390862944161
3 0.46785714285714286 0.47842639593908626 0.005714285714285714 0.015228426395939085
3 0.45357142857142857 0.4727157360406091 0.005714285714285714 0.013959390862944161
3 0.4614285714285714 0.4631979695431472 0.005714285714285714 0.012690355329949238
3 0.475 0.4676395939086294 0.005714285714285714 0.013959390862944161
3 0.48142857142857143 0.47017766497461927 0.005714285714285714 0.013959390862944161
3 0.48892857142857143 0.47144670050761417 0.0064285714285714285 0.013959390862944161
5 0.5007142857142857 0.44352791878172587 0.011428571428571429 0.026649746192893398
3 0.5071428571428571 0.43718274111675126 0.01 0.013959390862944161
3 0.4467857142857143 0.44479695431472077 0.010714285714285714 0.013959390862944161
3 0.42 0.4359137055837563 0.014285714285714285 0.011421319796954314
3 0.4157142857142857 0.4282994923857868 0.012857142857142857 0.011421319796954314
3 0.3960714285714286 0.40862944162436543 0.012142857142857143 0.01015228426395939
8 0.38821428571428573 0.3978426395939086 0.017857142857142856 0.013959390862944161
3 0.41214285714285714 0.39847715736040606 0.012857142857142857 0.012690355329949238
3 0.43357142857142855 0.3978426395939086 0.012857142857142857 0.011421319796954314
3 0.4542857142857143 0.39847715736040606 0.01 0.01015228426395939
3 0.48857142857142855 0.40672588832487305 0.011428571428571429 0.011421319796954314
3 0.5475 0.41878172588832485 0.013571428571428571 0.012690355329949238
8 0.5703571428571429 0.4111675126903553 0.027857142857142858 0.02284263959390863
3 0.6085714285714285 0.4295685279187817 0.011428571428571429 0.013959390862944161
5 0.6232142857142857 0.43274111675126903 0.015 0.015228426395939085
8 0.6492857142857142 0.4282994923857868 0.017142857142857144 0.013959390862944161
3 0.6721428571428572 0.4276649746192893 0.017142857142857144 0.015228426395939085
3 0.6103571428571428 0.40862944162436543 0.012142857142857143 0.012690355329949238
8 0.7196428571428571 0.39847715736040606 0.027857142857142858 0.02284263959390863
3 0.8028571428571428 0.4346446700507614 0.012857142857142857 0.008883248730964466
3 0.7971428571428572 0.42703045685279184 0.015714285714285715 0.013959390862944161
5 0.7964285714285714 0.4181472081218274 0.02 0.019035532994923856
8 0.8335714285714285 0.4232233502538071 0.03142857142857143 0.024111675126903553
3 0.7564285714285715 0.35532994923857864 0.01 0.01015228426395939
3 0.6853571428571429 0.3147208121827411 0.0064285714285714285 0.01015228426395939
3 0.6789285714285714 0.3115482233502538 0.0064285714285714285 0.008883248730964466
3 0.6807142857142857 0.3026649746192893 0.007142857142857143 0.008883248730964466
8 0.6857142857142857 0.2975888324873096 0.005714285714285714 0.011421319796954314
4 0.6839285714285714 0.266497461928934 0.0064285714285714285 0.012690355329949238
3 0.6860714285714286 0.2785532994923858 0.007857142857142858 0.008883248730964466
5 0.6882142857142857 0.2645939086294416 0.007857142857142858 0.019035532994923856
3 0.8135714285714286 0.5767766497461928 0.014285714285714285 0.011421319796954314
3 0.8117857142857143 0.5685279187817258 0.016428571428571428 0.01015228426395939
3 0.8092857142857143 0.5621827411167513 0.012857142857142857 0.01015228426395939
3 0.8064285714285714 0.5558375634517766 0.014285714285714285 0.01015228426395939
3 0.8039285714285714 0.549492385786802 0.013571428571428571 0.01015228426395939
3 0.8014285714285714 0.5431472081218274 0.014285714285714285 0.01015228426395939
8 0.2732142857142857 0.38071065989847713 0.009285714285714286 0.032994923857868015
3 0.2775 0.35913705583756345 0.0064285714285714285 0.015228426395939085
3 0.2864285714285714 0.3109137055837563 0.007142857142857143 0.012690355329949238
3 0.29464285714285715 0.2836294416243655 0.005 0.011421319796954314
8 0.21821428571428572 0.44035532994923854 0.027857142857142858 0.02030456852791878
4 0.05178571428571429 0.42195431472081213 0.013571428571428571 0.016497461928934008
3 0.0625 0.4156091370558375 0.009285714285714286 0.013959390862944161
3 0.07392857142857143 0.39530456852791873 0.010714285714285714 0.013959390862944161
3 0.08607142857142858 0.3769035532994924 0.010714285714285714 0.012690355329949238
3 0.09071428571428572 0.36548223350253806 0.008571428571428572 0.012690355329949238
3 0.09714285714285714 0.3527918781725888 0.01 0.012690355329949238
5 0.4714285714285714 0.3889593908629441 0.014285714285714285 0.019035532994923856
3 0.45821428571428574 0.3895939086294416 0.010714285714285714 0.01015228426395939
3 0.48 0.37373096446700504 0.005714285714285714 0.011421319796954314
3 0.4710714285714286 0.3642131979695431 0.005 0.012690355329949238
3 0.48142857142857143 0.357233502538071 0.004285714285714286 0.011421319796954314
8 0.4707142857142857 0.33502538071065985 0.007142857142857143 0.032994923857868015
3 0.4975 0.35406091370558374 0.005 0.012690355329949238
8 0.5046428571428572 0.3527918781725888 0.005 0.02030456852791878
3 0.5032142857142857 0.3362944162436548 0.005 0.012690355329949238
3 0.5096428571428572 0.3356598984771573 0.005 0.013959390862944161
5 0.5014285714285714 0.2963197969543147 0.007142857142857143 0.024111675126903553
3 0.4992857142857143 0.26078680203045684 0.004285714285714286 0.008883248730964466
3 0.4732142857142857 0.25507614213197966 0.005 0.012690355329949238
3 0.47785714285714287 0.24619289340101522 0.004285714285714286 0.01015228426395939
8 0.4735714285714286 0.21700507614213196 0.005714285714285714 0.027918781725888322
3 0.4785714285714286 0.17258883248730963 0.004285714285714286 0.0076142131979695426
8 0.4739285714285714 0.149746192893401 0.005 0.015228426395939085
8 0.4739285714285714 0.12880710659898476 0.005 0.016497461928934008
8 0.4692857142857143 0.11928934010152284 0.005714285714285714 0.02284263959390863
8 0.4789285714285714 0.11548223350253806 0.005 0.02284263959390863
