9 0.7075 0.7976190476190477 0.039285714285714285 0.08476190476190476
9 0.6575 0.49142857142857144 0.02642857142857143 0.05904761904761905
9 0.6539285714285714 0.4638095238095238 0.04357142857142857 0.04
9 0.6467857142857143 0.45 0.039285714285714285 0.05619047619047619
9 0.6475 0.4423809523809524 0.04071428571428572 0.04476190476190476
9 0.6414285714285715 0.4257142857142857 0.041428571428571426 0.0419047619047619
2 0.6675 0.4461904761904762 0.03642857142857143 0.040952380952380955
2 0.7071428571428572 0.49142857142857144 0.04428571428571428 0.0380952380952381
2 0.675 0.3438095238095238 0.04285714285714286 0.03619047619047619
0 0.6542857142857142 0.2895238095238095 0.012857142857142857 0.05333333333333333
0 0.5278571428571428 0.3547619047619048 0.015714285714285715 0.05238095238095238
3 0.62 0.3295238095238095 0.05714285714285714 0.10095238095238095
3 0.55 0.3580952380952381 0.06428571428571428 0.10285714285714286
2 0.7153571428571428 0.6047619047619047 0.025 0.06285714285714286
3 0.6 0.1461904761904762 0.03857142857142857 0.054285714285714284
2 0.6096428571428572 0.09571428571428571 0.03214285714285714 0.03142857142857143
3 0.38392857142857145 0.9157142857142857 0.16357142857142856 0.16857142857142857
3 0.23642857142857143 0.8695238095238095 0.11142857142857143 0.2571428571428571
3 0.2867857142857143 0.6152380952380953 0.10071428571428571 0.1961904761904762
3 0.15785714285714286 0.6104761904761905 0.10571428571428572 0.1657142857142857
3 0.0675 0.5771428571428572 0.11357142857142857 0.16
3 0.13 0.4014285714285714 0.07857142857142857 0.11714285714285715
3 0.4132142857142857 0.780952380952381 0.14785714285714285 0.18285714285714286
3 0.42464285714285716 0.6547619047619048 0.145 0.15714285714285714
3 0.4425 0.5457142857142857 0.13785714285714284 0.12380952380952381
3 0.42428571428571427 0.4519047619047619 0.12714285714285714 0.10761904761904761
3 0.445 0.3861904761904762 0.11571428571428571 0.10380952380952381
3 0.4639285714285714 0.3333333333333333 0.10071428571428571 0.08952380952380952
0 0.48714285714285716 0.36333333333333334 0.017142857142857144 0.058095238095238096
3 0.48214285714285715 0.28523809523809524 0.08857142857142856 0.07333333333333333
3 0.5239285714285714 0.25666666666666665 0.09928571428571428 0.06761904761904762
4 0.535 0.20809523809523808 0.10428571428571429 0.06190476190476191
3 0.2017857142857143 0.28714285714285714 0.05357142857142857 0.09238095238095238
3 0.24357142857142858 0.18666666666666668 0.041428571428571426 0.07428571428571429
3 0.44107142857142856 0.18666666666666668 0.08071428571428571 0.05523809523809524
3 0.46714285714285714 0.15047619047619049 0.07428571428571429 0.049523809523809526
3 0.5282142857142857 0.1442857142857143 0.04214285714285714 0.06952380952380953
0 0.525 0.16666666666666666 0.012857142857142857 0.04380952380952381
3 0.46964285714285714 0.11761904761904762 0.07785714285714286 0.04857142857142857
3 0.4775 0.08761904761904762 0.08071428571428571 0.05523809523809524
3 0.4828571428571429 0.05904761904761905 0.06428571428571428 0.045714285714285714
3 0.48464285714285715 0.04 0.06928571428571428 0.05142857142857143
3 0.48857142857142855 0.018095238095238095 0.054285714285714284 0.03619047619047619
8 0.26285714285714284 0.2561904761904762 0.12571428571428572 0.259047619047619
3 0.35464285714285715 0.36666666666666664 0.05071428571428571 0.06666666666666667
3 0.33214285714285713 0.07809523809523809 0.045714285714285714 0.05714285714285714
3 0.38035714285714284 0.06571428571428571 0.03357142857142857 0.05142857142857143
3 0.39 0.021904761904761906 0.03142857142857143 0.0419047619047619
3 0.24964285714285714 0.01904761904761905 0.04071428571428572 0.0380952380952381
3 0.2282142857142857 0.043333333333333335 0.04357142857142857 0.04857142857142857
3 0.18821428571428572 0.02142857142857143 0.052142857142857144 0.04285714285714286
3 0.16642857142857143 0.04523809523809524 0.054285714285714284 0.04476190476190476
3 0.1492857142857143 0.06333333333333334 0.06 0.05619047619047619
3 0.13285714285714287 0.0919047619047619 0.05714285714285714 0.05047619047619047
4 0.20285714285714285 0.07904761904761905 0.05285714285714286 0.06666666666666667
3 0.165 0.13476190476190475 0.05285714285714286 0.06380952380952382
3 0.1075 0.12095238095238095 0.05928571428571429 0.05714285714285714
3 0.0825 0.1519047619047619 0.06785714285714285 0.06571428571428571
0 0.0975 0.1919047619047619 0.019285714285714285 0.039047619047619046
3 0.12392857142857143 0.1957142857142857 0.060714285714285714 0.07714285714285714
3 0.05142857142857143 0.17714285714285713 0.08 0.08190476190476191
3 0.032857142857142856 0.22333333333333333 0.06571428571428571 0.08476190476190476
3 0.07571428571428572 0.2652380952380952 0.07714285714285714 0.09047619047619047
3 0.03214285714285714 0.36238095238095236 0.06428571428571428 0.10952380952380952
3 0.7671428571428571 0.9466666666666667 0.11714285714285715 0.10666666666666666
