3 0.578 0.025333333333333333 0.011 0.013333333333333332
4 0.60925 0.043333333333333335 0.0195 0.017333333333333333
4 0.63375 0.08766666666666667 0.0285 0.026
4 0.63775 0.10833333333333332 0.035500000000000004 0.022
3 0.60925 0.121 0.043500000000000004 0.024666666666666667
9 0.657 0.12933333333333333 0.016 0.012
1 0.6567500000000001 0.123 0.006500000000000001 0.014
5 0.62825 0.13833333333333334 0.0545 0.048666666666666664
0 0.55825 0.09766666666666667 0.0045000000000000005 0.019333333333333334
9 0.5375 0.10466666666666666 0.004 0.013333333333333332
0 0.5377500000000001 0.10233333333333333 0.006500000000000001 0.016666666666666666
3 0.56075 0.11399999999999999 0.0245 0.02
4 0.51825 0.07933333333333333 0.0135 0.022666666666666665
1 0.524 0.09033333333333333 0.005 0.015333333333333332
9 0.5245 0.09366666666666666 0.004 0.014
0 0.50075 0.07533333333333334 0.0035 0.016
3 0.49375 0.07933333333333333 0.0145 0.02
3 0.49275 0.09666666666666666 0.0155 0.02
3 0.49325 0.11233333333333333 0.0145 0.020666666666666667
3 0.48875 0.128 0.0175 0.025333333333333333
1 0.50725 0.08499999999999999 0.0045000000000000005 0.011333333333333332
6 0.50675 0.08733333333333333 0.0075 0.017333333333333333
0 0.483 0.144 0.006 0.021333333333333333
3 0.52025 0.12766666666666665 0.0165 0.022
0 0.5305 0.13566666666666666 0.005 0.02333333333333333
0 0.54 0.13799999999999998 0.006 0.022666666666666665
0 0.54525 0.13699999999999998 0.0055 0.02333333333333333
0 0.5525 0.17666666666666667 0.006 0.025333333333333333
6 0.5635 0.17266666666666666 0.016 0.03733333333333333
0 0.492 0.181 0.007 0.024666666666666667
1 0.5325 0.186 0.007 0.021333333333333333
2 0.5327500000000001 0.191 0.0035 0.019333333333333334
6 0.5367500000000001 0.214 0.0145 0.025333333333333333
1 0.5347500000000001 0.204 0.0075 0.014666666666666666
0 0.55625 0.23066666666666666 0.006500000000000001 0.025333333333333333
3 0.47725 0.22466666666666665 0.0235 0.04533333333333333
9 0.4985 0.21166666666666667 0.007 0.019333333333333334
1 0.49875 0.205 0.0085 0.024666666666666667
9 0.50975 0.209 0.0055 0.019333333333333334
1 0.50925 0.20233333333333334 0.0075 0.02333333333333333
0 0.5397500000000001 0.2783333333333333 0.0085 0.03266666666666666
0 0.54025 0.26866666666666666 0.0085 0.03333333333333333
0 0.554 0.2753333333333333 0.008 0.030666666666666665
0 0.56375 0.26166666666666666 0.006500000000000001 0.026
5 0.57075 0.282 0.0275 0.052
5 0.5720000000000001 0.3373333333333333 0.036000000000000004 0.07066666666666667
4 0.456 0.36333333333333334 0.029 0.056
5 0.439 0.307 0.064 0.05933333333333333
5 0.42925 0.6126666666666667 0.0565 0.13466666666666666
6 0.49025 0.6436666666666666 0.0225 0.078
1 0.48975 0.642 0.0195 0.04666666666666666
9 0.5982500000000001 0.437 0.021500000000000002 0.03266666666666666
0 0.531 0.428 0.013000000000000001 0.04666666666666666
0 0.542 0.444 0.01 0.04133333333333333
0 0.555 0.4473333333333333 0.01 0.042666666666666665
0 0.60875 0.4706666666666667 0.0145 0.024
1 0.6235 0.5903333333333333 0.017 0.028666666666666667
4 0.6705 0.5756666666666667 0.126 0.07266666666666667
0 0.561 0.7793333333333333 0.017 0.03866666666666667
0 0.5715 0.8193333333333334 0.017 0.04933333333333333
3 0.61525 0.7736666666666666 0.07150000000000001 0.18466666666666667
1 0.70025 0.9793333333333333 0.0285 0.04133333333333333
0 0.41300000000000003 0.9603333333333333 0.022 0.06066666666666667
1 0.47325 0.9833333333333333 0.025500000000000002 0.03333333333333333
5 0.615 0.204 0.04 0.092
4 0.5965 0.15633333333333332 0.018000000000000002 0.038
0 0.56925 0.14666666666666667 0.0055 0.025333333333333333
0 0.57425 0.158 0.006500000000000001 0.026666666666666665
