9 0.12321428571428572 0.2695238095238095 0.023571428571428573 0.0380952380952381
0 0.15428571428571428 0.2571428571428571 0.015714285714285715 0.026666666666666665
0 0.1725 0.3295238095238095 0.02214285714285714 0.030476190476190476
3 0.15928571428571428 0.37333333333333335 0.03571428571428571 0.02857142857142857
3 0.08857142857142856 0.3038095238095238 0.03857142857142857 0.02857142857142857
3 0.13178571428571428 0.3976190476190476 0.04071428571428572 0.02761904761904762
3 0.13071428571428573 0.3142857142857143 0.03428571428571429 0.02857142857142857
2 0.08785714285714286 0.4442857142857143 0.02857142857142857 0.025714285714285714
1 0.0675 0.4204761904761905 0.025 0.012380952380952381
0 0.09142857142857143 0.34904761904761905 0.03 0.03142857142857143
0 0.09571428571428571 0.3314285714285714 0.027142857142857142 0.03238095238095238
0 0.07964285714285714 0.3323809523809524 0.027857142857142858 0.03238095238095238
0 0.08428571428571428 0.5771428571428572 0.03571428571428571 0.03238095238095238
0 0.3375 0.026666666666666665 0.012142857142857143 0.03428571428571429
0 0.49107142857142855 0.01904761904761905 0.010714285714285714 0.03619047619047619
0 0.5142857142857142 0.011428571428571429 0.01 0.022857142857142857
4 0.26035714285714284 0.4342857142857143 0.062142857142857146 0.14095238095238094
2 0.3992857142857143 0.4552380952380952 0.01 0.049523809523809526
1 0.44035714285714284 0.4180952380952381 0.02214285714285714 0.030476190476190476
0 0.47964285714285715 0.4504761904761905 0.016428571428571428 0.030476190476190476
0 0.5442857142857143 0.39571428571428574 0.011428571428571429 0.03142857142857143
0 0.5910714285714286 0.4219047619047619 0.012142857142857143 0.04
0 0.6171428571428571 0.36238095238095236 0.014285714285714285 0.037142857142857144
9 0.6039285714285715 0.03238095238095238 0.013571428571428571 0.03238095238095238
9 0.61 0.611904761904762 0.037142857142857144 0.035238095238095235
4 0.8267857142857142 0.8414285714285714 0.12357142857142857 0.15714285714285714
4 0.7167857142857142 0.8147619047619048 0.060714285714285714 0.20095238095238097
6 0.5325 0.9014285714285715 0.07071428571428572 0.07142857142857142
6 0.42928571428571427 0.8604761904761905 0.08571428571428572 0.1019047619047619
0 0.43285714285714283 0.6414285714285715 0.02 0.029523809523809525
0 0.4392857142857143 0.62 0.02 0.02857142857142857
3 0.3082142857142857 0.7214285714285714 0.062142857142857146 0.16666666666666666
0 0.021785714285714287 0.9333333333333333 0.04357142857142857 0.024761904761904763
0 0.01 0.9114285714285715 0.02 0.022857142857142857
3 0.03 0.8495238095238096 0.06 0.09333333333333334
