0 0.134 0.688 0.029 0.058666666666666666
0 0.161 0.5036666666666666 0.018000000000000002 0.043333333333333335
0 0.2955 0.49966666666666665 0.014 0.03266666666666666
0 0.30225 0.5336666666666666 0.0165 0.035333333333333335
0 0.3285 0.5356666666666666 0.012 0.04066666666666666
3 0.123 0.3223333333333333 0.06 0.035333333333333335
3 0.2015 0.251 0.05 0.02733333333333333
3 0.105 0.25 0.033 0.029333333333333333
5 0.12125 0.131 0.043500000000000004 0.04466666666666667
5 0.04175 0.103 0.0235 0.016666666666666666
3 0.158 0.09766666666666667 0.02 0.01
4 0.169 0.092 0.016 0.010666666666666666
3 0.29025 0.20566666666666666 0.0395 0.024666666666666667
3 0.295 0.193 0.04 0.016666666666666666
3 0.299 0.17966666666666667 0.036000000000000004 0.019333333333333334
3 0.30475 0.15766666666666665 0.0335 0.016666666666666666
3 0.30775 0.14866666666666667 0.0305 0.013333333333333332
3 0.30625 0.14033333333333334 0.0305 0.012666666666666666
3 0.30675 0.129 0.0275 0.012666666666666666
3 0.31 0.122 0.027 0.012
3 0.315 0.10966666666666666 0.013000000000000001 0.015333333333333332
3 0.31625000000000003 0.08833333333333333 0.0155 0.011333333333333332
3 0.35325 0.07633333333333334 0.0155 0.01
3 0.354 0.07366666666666666 0.015 0.006
3 0.3715 0.07266666666666667 0.009000000000000001 0.009333333333333332
3 0.3595 0.08466666666666667 0.018000000000000002 0.005333333333333333
3 0.361 0.08666666666666667 0.018000000000000002 0.006666666666666666
3 0.36125 0.08933333333333333 0.0175 0.008
3 0.36075 0.094 0.0195 0.008
3 0.36325 0.09833333333333333 0.0195 0.008666666666666666
3 0.364 0.103 0.021 0.01
3 0.366 0.11133333333333333 0.023 0.008
3 0.36675 0.11699999999999999 0.0245 0.012666666666666666
3 0.36875 0.12666666666666665 0.025500000000000002 0.013333333333333332
3 0.37075 0.13533333333333333 0.0265 0.010666666666666666
3 0.37275 0.13833333333333334 0.0285 0.012666666666666666
3 0.368 0.14633333333333332 0.029 0.015333333333333332
3 0.3785 0.16133333333333333 0.033 0.02
3 0.38925 0.20099999999999998 0.0405 0.022
3 0.3835 0.18533333333333332 0.038 0.02
9 0.41550000000000004 0.179 0.015 0.014
9 0.40025 0.12866666666666665 0.0125 0.010666666666666666
4 0.3435 0.054 0.011 0.006666666666666666
0 0.39075 0.13233333333333333 0.0035 0.015333333333333332
0 0.39475 0.13233333333333333 0.0035 0.012666666666666666
0 0.4025 0.14033333333333334 0.005 0.016666666666666666
0 0.41025 0.15766666666666665 0.0055 0.018
0 0.34700000000000003 0.163 0.006 0.018
0 0.3955 0.16066666666666665 0.005 0.018666666666666665
3 0.4445 0.21133333333333332 0.031 0.024
3 0.46575 0.21633333333333332 0.0315 0.024666666666666667
4 0.51725 0.22433333333333333 0.035500000000000004 0.03133333333333333
9 0.4915 0.20233333333333334 0.006 0.015333333333333332
0 0.50025 0.19333333333333333 0.0035 0.018666666666666665
0 0.40425 0.23233333333333334 0.0045000000000000005 0.02333333333333333
0 0.4025 0.23466666666666666 0.003 0.026666666666666665
1 0.36225 0.6376666666666666 0.0145 0.03133333333333333
1 0.34475 0.5433333333333333 0.0165 0.03733333333333333
1 0.4845 0.5606666666666666 0.02 0.04133333333333333
1 0.50625 0.5186666666666666 0.0095 0.030666666666666665
0 0.6825 0.6313333333333333 0.016 0.05466666666666666
1 0.9275 0.2663333333333333 0.012 0.020666666666666667
2 0.9237500000000001 0.27466666666666667 0.0175 0.014666666666666666
3 0.94575 0.24633333333333332 0.0605 0.03133333333333333
3 0.8575 0.25666666666666665 0.058 0.03333333333333333
0 0.81 0.24066666666666667 0.008 0.029333333333333333
3 0.7465 0.26 0.03 0.030666666666666665
3 0.71025 0.25866666666666666 0.0325 0.029333333333333333
3 0.6677500000000001 0.241 0.0175 0.02733333333333333
3 0.63025 0.243 0.0225 0.028666666666666667
3 0.5995 0.24666666666666665 0.022 0.029333333333333333
3 0.5720000000000001 0.23333333333333334 0.029 0.025333333333333333
3 0.54575 0.22833333333333333 0.0365 0.024666666666666667
0 0.25925 0.09866666666666667 0.0045000000000000005 0.010666666666666666
