3 0.46785714285714286 0.8804761904761905 0.037142857142857144 0.15714285714285714
3 0.56 0.8652380952380953 0.037142857142857144 0.11333333333333333
3 0.5253571428571429 0.5423809523809524 0.025 0.06380952380952382
3 0.4907142857142857 0.3538095238095238 0.018571428571428572 0.05047619047619047
0 0.33214285714285713 0.8052380952380952 0.01 0.03142857142857143
0 0.32035714285714284 0.799047619047619 0.007857142857142858 0.02857142857142857
0 0.3517857142857143 0.7980952380952381 0.009285714285714286 0.03238095238095238
0 0.39035714285714285 0.8261904761904761 0.010714285714285714 0.039047619047619046
0 0.3492857142857143 0.7304761904761905 0.008571428571428572 0.030476190476190476
5 0.3271428571428571 0.48904761904761906 0.054285714285714284 0.039047619047619046
0 0.4667857142857143 0.5480952380952381 0.005 0.018095238095238095
0 0.4614285714285714 0.5480952380952381 0.005714285714285714 0.02761904761904762
4 0.43 0.2857142857142857 0.03428571428571429 0.026666666666666665
9 0.4785714285714286 0.24952380952380954 0.02142857142857143 0.017142857142857144
0 0.4132142857142857 0.1361904761904762 0.0035714285714285713 0.011428571428571429
0 0.4307142857142857 0.06857142857142857 0.002857142857142857 0.011428571428571429
0 0.42428571428571427 0.06714285714285714 0.004285714285714286 0.012380952380952381
3 0.42964285714285716 0.12666666666666668 0.019285714285714285 0.01904761904761905
3 0.5010714285714286 0.15428571428571428 0.015 0.030476190476190476
3 0.4425 0.01904761904761905 0.013571428571428571 0.013333333333333332
1 0.5432142857142858 0.1219047619047619 0.005 0.007619047619047619
9 0.5432142857142858 0.12523809523809523 0.005 0.018095238095238095
0 0.5742857142857143 0.043333333333333335 0.002857142857142857 0.010476190476190476
0 0.5717857142857142 0.04380952380952381 0.0035714285714285713 0.013333333333333332
0 0.41678571428571426 0.11428571428571428 0.002142857142857143 0.011428571428571429
1 0.5871428571428572 0.6376190476190476 0.007142857142857143 0.014285714285714285
9 0.5864285714285714 0.6476190476190476 0.014285714285714285 0.03428571428571429
9 0.5610714285714286 0.37142857142857144 0.009285714285714286 0.022857142857142857
1 0.5617857142857143 0.36714285714285716 0.005 0.008571428571428572
4 0.5264285714285715 0.42952380952380953 0.018571428571428572 0.04380952380952381
4 0.5764285714285714 0.4228571428571429 0.02142857142857143 0.049523809523809526
1 0.5675 0.23904761904761904 0.0035714285714285713 0.009523809523809525
9 0.5671428571428572 0.24142857142857144 0.005714285714285714 0.02
0 0.5971428571428572 0.12238095238095238 0.002857142857142857 0.012380952380952381
0 0.5935714285714285 0.1219047619047619 0.002857142857142857 0.013333333333333332
1 0.6189285714285714 0.2538095238095238 0.0035714285714285713 0.006666666666666666
9 0.6192857142857143 0.26142857142857145 0.011428571428571429 0.01619047619047619
3 0.6353571428571428 0.3333333333333333 0.03357142857142857 0.024761904761904763
3 0.6342857142857142 0.2985714285714286 0.04285714285714286 0.023809523809523808
5 0.6278571428571429 0.31047619047619046 0.05714285714285714 0.02857142857142857
0 0.6921428571428572 0.31952380952380954 0.005714285714285714 0.018095238095238095
0 0.7014285714285714 0.3233333333333333 0.005714285714285714 0.023809523809523808
0 0.7135714285714285 0.33666666666666667 0.005714285714285714 0.023809523809523808
0 0.6596428571428572 0.5476190476190477 0.010714285714285714 0.026666666666666665
5 0.6703571428571429 0.5052380952380953 0.020714285714285713 0.035238095238095235
9 0.7160714285714286 0.6252380952380953 0.012142857142857143 0.025714285714285714
1 0.7160714285714286 0.6190476190476191 0.005 0.007619047619047619
0 0.7632142857142857 0.5071428571428571 0.0064285714285714285 0.021904761904761906
5 0.8114285714285714 0.9095238095238095 0.08 0.14095238095238094
5 0.7557142857142857 0.8638095238095238 0.037142857142857144 0.10095238095238095
