3 0.94975 0.592 0.0545 0.03733333333333333
3 0.88625 0.583 0.0605 0.043333333333333335
3 0.754 0.5566666666666666 0.054 0.04533333333333333
3 0.8170000000000001 0.5656666666666667 0.053 0.04066666666666666
3 0.82325 0.5956666666666667 0.0635 0.03933333333333333
0 0.83175 0.6286666666666666 0.0105 0.016
0 0.83375 0.6393333333333333 0.0085 0.02
3 0.94875 0.655 0.0405 0.033999999999999996
3 0.89725 0.6566666666666666 0.07050000000000001 0.048
3 0.8562500000000001 0.7246666666666667 0.0405 0.07733333333333334
5 0.7877500000000001 0.7456666666666666 0.0445 0.09
3 0.69325 0.605 0.0525 0.04733333333333333
3 0.60575 0.6413333333333333 0.0585 0.03866666666666667
3 0.72875 0.6993333333333334 0.0635 0.04
3 0.7282500000000001 0.6986666666666667 0.0635 0.04
3 0.6567500000000001 0.7036666666666667 0.0575 0.041999999999999996
3 0.59375 0.7126666666666667 0.0535 0.03866666666666667
0 0.495 0.5623333333333334 0.007 0.019333333333333334
0 0.54575 0.6033333333333333 0.006500000000000001 0.021333333333333333
0 0.5565 0.6043333333333333 0.006 0.019333333333333334
3 0.5225 0.6403333333333333 0.059000000000000004 0.038
3 0.4645 0.6306666666666666 0.048 0.06
3 0.52925 0.7176666666666667 0.0585 0.043333333333333335
3 0.46525 0.728 0.0555 0.03866666666666667
3 0.3945 0.71 0.064 0.04
3 0.34525 0.6083333333333333 0.0485 0.06466666666666666
3 0.3075 0.6283333333333333 0.042 0.06733333333333333
3 0.26025 0.65 0.0405 0.058666666666666666
3 0.41075 0.7693333333333333 0.0275 0.07466666666666666
3 0.37875000000000003 0.7763333333333333 0.0285 0.086
3 0.3395 0.7733333333333333 0.028 0.08133333333333333
3 0.305 0.7843333333333333 0.028 0.08066666666666666
3 0.27275 0.7909999999999999 0.0325 0.08066666666666666
3 0.23675000000000002 0.7893333333333333 0.0325 0.07733333333333334
3 0.2025 0.7889999999999999 0.033 0.078
3 0.2145 0.6686666666666666 0.054 0.050666666666666665
3 0.1545 0.6866666666666666 0.055 0.04
3 0.16275 0.7943333333333333 0.0345 0.07133333333333333
3 0.1235 0.7929999999999999 0.036000000000000004 0.08333333333333333
1 0.0615 0.6636666666666666 0.014 0.015333333333333332
3 0.039 0.6953333333333334 0.064 0.03866666666666667
3 0.0465 0.7583333333333333 0.074 0.04466666666666667
3 0.009000000000000001 0.8113333333333334 0.018000000000000002 0.07333333333333333
3 0.153 0.8776666666666666 0.074 0.049999999999999996
3 0.23625000000000002 0.8723333333333333 0.0735 0.048666666666666664
3 0.47250000000000003 0.8443333333333333 0.063 0.046
3 0.536 0.9233333333333333 0.07 0.044
3 0.71275 0.831 0.0685 0.046
3 0.6225 0.8453333333333333 0.07200000000000001 0.058666666666666666
9 0.6717500000000001 0.8696666666666666 0.021500000000000002 0.02333333333333333
0 0.668 0.865 0.015 0.018
