8 0.6992857142857143 0.34708121827411165 0.032857142857142856 0.18654822335025378
3 0.6639285714285714 0.3223350253807106 0.02214285714285714 0.06091370558375634
3 0.6514285714285715 0.13769035532994922 0.02142857142857143 0.052030456852791875
3 0.6196428571428572 0.7956852791878172 0.027857142857142858 0.12690355329949238
3 0.5525 0.8775380710659898 0.030714285714285715 0.11294416243654821
3 0.2417857142857143 0.7906091370558375 0.062142857142857146 0.08629441624365482
4 0.1742857142857143 0.8661167512690354 0.06714285714285714 0.10025380710659898
3 0.09321428571428571 0.9600253807106598 0.062142857142857146 0.07741116751269035
4 0.31357142857142856 0.5881979695431472 0.03571428571428571 0.08756345177664974
3 0.48964285714285716 0.2442893401015228 0.047857142857142855 0.07233502538071065
5 0.36678571428571427 0.20431472081218272 0.056428571428571425 0.08629441624365482
3 0.3271428571428571 0.3978426395939086 0.05285714285714286 0.08756345177664974
3 0.6117857142857143 0.02030456852791878 0.029285714285714286 0.04060913705583756
3 0.16071428571428573 0.3305837563451776 0.03 0.04441624365482233
4 0.09535714285714286 0.26015228426395937 0.027857142857142858 0.050761421319796954
3 0.11678571428571428 0.2480964467005076 0.02642857142857143 0.03680203045685279
5 0.2817857142857143 0.11802030456852791 0.05071428571428571 0.055837563451776644
5 0.34964285714285714 0.1281725888324873 0.04928571428571429 0.06345177664974619
5 0.3442857142857143 0.11357868020304568 0.05 0.06218274111675126
5 0.3342857142857143 0.10025380710659898 0.045714285714285714 0.055837563451776644
5 0.3217857142857143 0.08692893401015228 0.04214285714285714 0.06218274111675126
5 0.3075 0.07677664974619289 0.04928571428571429 0.06218274111675126
5 0.29642857142857143 0.06725888324873096 0.045714285714285714 0.06852791878172589
5 0.2775 0.046319796954314714 0.045 0.06218274111675126
3 0.1725 0.05964467005076142 0.02642857142857143 0.027918781725888322
5 0.23892857142857143 0.1814720812182741 0.06357142857142857 0.06345177664974619
5 0.22 0.15989847715736039 0.05714285714285714 0.06852791878172589
5 0.205 0.14720812182741116 0.06285714285714286 0.06852791878172589
5 0.18714285714285714 0.10532994923857868 0.05285714285714286 0.053299492385786795
4 0.13892857142857143 0.12626903553299493 0.03642857142857143 0.04441624365482233
3 0.14464285714285716 0.1446700507614213 0.035 0.04060913705583756
3 0.15357142857142858 0.16751269035532992 0.03571428571428571 0.035532994923857864
3 0.19428571428571428 0.24555837563451774 0.04285714285714286 0.049492385786802026
3 0.18964285714285714 0.22398477157360405 0.045 0.052030456852791875
4 0.17642857142857143 0.20050761421319796 0.041428571428571426 0.04568527918781726
4 0.16892857142857143 0.18274111675126903 0.04071428571428572 0.04314720812182741
3 0.1632142857142857 0.174492385786802 0.03642857142857143 0.03680203045685279
3 0.07857142857142857 0.17258883248730963 0.022857142857142857 0.03045685279187817
3 0.05857142857142857 0.1814720812182741 0.018571428571428572 0.03045685279187817
3 0.055357142857142855 0.22081218274111675 0.02642857142857143 0.048223350253807105
4 0.04071428571428572 0.1897208121827411 0.024285714285714285 0.03934010152284264
3 0.024285714285714285 0.20558375634517764 0.022857142857142857 0.04060913705583756
3 0.016785714285714286 0.23921319796954313 0.027857142857142858 0.04695431472081218
3 0.16035714285714286 0.048223350253807105 0.030714285714285715 0.032994923857868015
3 0.15464285714285714 0.04060913705583756 0.025 0.027918781725888322
3 0.14642857142857144 0.03109137055837563 0.027142857142857142 0.031725888324873094
3 0.14464285714285716 0.017766497461928932 0.029285714285714286 0.025380710659898477
3 0.10107142857142858 0.08565989847715735 0.030714285714285715 0.031725888324873094
3 0.09142857142857143 0.06408629441624365 0.03142857142857143 0.031725888324873094
3 0.10785714285714286 0.09581218274111675 0.03428571428571429 0.031725888324873094
4 0.06928571428571428 0.11230964467005075 0.04 0.03680203045685279
3 0.06392857142857143 0.10406091370558375 0.04071428571428572 0.035532994923857864
3 0.06 0.09200507614213198 0.032857142857142856 0.029187817258883246
3 0.05607142857142857 0.08248730964467005 0.035 0.032994923857868015
3 0.046785714285714285 0.061548223350253804 0.027857142857142858 0.029187817258883246
3 0.08214285714285714 0.048223350253807105 0.032857142857142856 0.03045685279187817
3 0.04214285714285714 0.05520304568527919 0.03142857142857143 0.031725888324873094
3 0.07357142857142857 0.03616751269035533 0.03 0.029187817258883246
3 0.06571428571428571 0.01713197969543147 0.03 0.026649746192893398
3 0.03428571428571429 0.04378172588832487 0.032857142857142856 0.031725888324873094
4 0.012142857142857143 0.1484771573604061 0.022857142857142857 0.035532994923857864
3 0.027142857142857142 0.022208121827411165 0.03 0.026649746192893398
0 0.43535714285714283 0.47017766497461927 0.012142857142857143 0.026649746192893398
0 0.4442857142857143 0.5139593908629442 0.008571428571428572 0.02284263959390863
0 0.4367857142857143 0.5114213197969543 0.007857142857142858 0.02284263959390863
0 0.445 0.5374365482233502 0.01 0.029187817258883246
0 0.24392857142857144 0.6821065989847716 0.012142857142857143 0.03426395939086294
0 0.38607142857142857 0.7106598984771573 0.009285714285714286 0.03045685279187817
0 0.21964285714285714 0.9784263959390862 0.016428571428571428 0.035532994923857864
0 0.4175 0.9676395939086294 0.010714285714285714 0.031725888324873094
0 0.4067857142857143 0.972715736040609 0.007857142857142858 0.026649746192893398
0 0.4025 0.9581218274111675 0.010714285714285714 0.02030456852791878
3 0.18 0.7258883248730964 0.04428571428571428 0.06091370558375634
3 0.2057142857142857 0.6890862944162436 0.04428571428571428 0.07614213197969542
0 0.38035714285714284 0.7055837563451776 0.010714285714285714 0.032994923857868015
