3 0.9029227557411272 0.4420222634508349 0.03549060542797494 0.06215213358070501
3 0.7554801670146137 0.5306122448979592 0.04018789144050104 0.08905380333951762
3 0.6550104384133612 0.5936920222634509 0.04070981210855949 0.09461966604823747
3 0.6137787056367432 0.6215213358070502 0.039665970772442584 0.0927643784786642
3 0.4728601252609603 0.6915584415584416 0.03653444676409186 0.11224489795918367
3 0.39926931106471814 0.19573283858998144 0.029227557411273482 0.07792207792207792
3 0.24947807933194152 0.788961038961039 0.030271398747390394 0.11038961038961038
3 0.19467640918580373 0.8163265306122449 0.03549060542797494 0.11873840445269017
9 0.14613778705636743 0.8520408163265306 0.012526096033402922 0.030612244897959183
0 0.16727557411273486 0.8933209647495362 0.007828810020876827 0.011131725417439703
9 0.17197286012526095 0.9239332096474954 0.012004175365344467 0.03896103896103896
1 0.17066805845511482 0.9540816326530612 0.015657620041753653 0.015769944341372914
1 0.18110647181628392 0.9749536178107607 0.011482254697286011 0.016697588126159554
3 0.11638830897703548 0.8636363636363636 0.038622129436325675 0.11688311688311688
3 0.06915448851774529 0.8840445269016698 0.0360125260960334 0.11873840445269017
3 0.0331419624217119 0.9058441558441559 0.03496868475991649 0.12523191094619665
7 0.13830897703549058 0.6906307977736549 0.04801670146137787 0.049165120593692026
