5 0.18571428571428572 0.7961904761904762 0.045714285714285714 0.12
5 0.2342857142857143 0.7804761904761904 0.05142857142857143 0.11523809523809524
5 0.29928571428571427 0.72 0.047142857142857146 0.08571428571428572
5 0.33964285714285714 0.6209523809523809 0.055 0.10095238095238095
5 0.3871428571428571 0.7104761904761905 0.047142857142857146 0.10476190476190476
8 0.41285714285714287 0.7085714285714285 0.037142857142857144 0.07238095238095238
5 0.5232142857142857 0.6404761904761904 0.062142857142857146 0.0980952380952381
5 0.5925 0.6180952380952381 0.04928571428571429 0.06285714285714286
5 0.6757142857142857 0.6247619047619047 0.06142857142857143 0.045714285714285714
4 0.6196428571428572 0.5923809523809523 0.029285714285714286 0.02857142857142857
4 0.6464285714285715 0.6057142857142858 0.025714285714285714 0.024761904761904763
3 0.6542857142857142 0.5880952380952381 0.03 0.025714285714285714
5 0.5521428571428572 0.5733333333333334 0.02857142857142857 0.04380952380952381
3 0.6364285714285715 0.569047619047619 0.02142857142857143 0.025714285714285714
3 0.5257142857142857 0.5642857142857143 0.024285714285714285 0.021904761904761906
3 0.5167857142857143 0.5495238095238095 0.02214285714285714 0.024761904761904763
3 0.5003571428571428 0.5361904761904762 0.020714285714285713 0.022857142857142857
5 0.7067857142857142 0.5995238095238096 0.045 0.04476190476190476
4 0.7203571428571428 0.5919047619047619 0.030714285714285715 0.03142857142857143
4 0.7457142857142857 0.5842857142857143 0.02857142857142857 0.025714285714285714
3 0.7303571428571428 0.5657142857142857 0.03357142857142857 0.03238095238095238
3 0.7046428571428571 0.5476190476190477 0.029285714285714286 0.026666666666666665
3 0.6710714285714285 0.5766666666666667 0.03357142857142857 0.03142857142857143
5 0.6475 0.550952380952381 0.03785714285714286 0.04285714285714286
5 0.6225 0.5776190476190476 0.030714285714285715 0.03333333333333333
3 0.5646428571428571 0.5661904761904762 0.030714285714285715 0.029523809523809525
3 0.5414285714285715 0.550952380952381 0.02 0.021904761904761906
3 0.5289285714285714 0.5314285714285715 0.025 0.02095238095238095
4 0.6635714285714286 0.5528571428571428 0.024285714285714285 0.025714285714285714
3 0.6742857142857143 0.549047619047619 0.03142857142857143 0.02761904761904762
7 0.7096428571428571 0.5152380952380953 0.023571428571428573 0.017142857142857144
5 0.5725 0.54 0.05785714285714286 0.06285714285714286
8 0.6 0.5433333333333333 0.04 0.04476190476190476
5 0.6125 0.5314285714285715 0.029285714285714286 0.02857142857142857
5 0.6175 0.5242857142857142 0.03357142857142857 0.029523809523809525
5 0.6392857142857142 0.5185714285714286 0.03571428571428571 0.029523809523809525
5 0.6060714285714286 0.4980952380952381 0.03214285714285714 0.03428571428571429
3 0.585 0.5190476190476191 0.024285714285714285 0.02095238095238095
3 0.5903571428571428 0.5095238095238095 0.02214285714285714 0.02095238095238095
3 0.565 0.5 0.027142857142857142 0.022857142857142857
3 0.5432142857142858 0.52 0.023571428571428573 0.01904761904761905
5 0.5060714285714286 0.518095238095238 0.02214285714285714 0.022857142857142857
5 0.6410714285714286 0.4880952380952381 0.05928571428571429 0.05238095238095238
3 0.5825 0.48428571428571426 0.025 0.02
5 0.5778571428571428 0.4942857142857143 0.03 0.02095238095238095
3 0.5621428571428572 0.4780952380952381 0.022857142857142857 0.017142857142857144
3 0.5396428571428571 0.48714285714285716 0.025 0.018095238095238095
3 0.5342857142857143 0.49952380952380954 0.02857142857142857 0.021904761904761906
3 0.5167857142857143 0.5052380952380953 0.02642857142857143 0.023809523809523808
3 0.4957142857142857 0.5061904761904762 0.025714285714285714 0.02
5 0.6828571428571428 0.48142857142857143 0.037142857142857144 0.029523809523809525
9 0.7403571428571428 0.48857142857142855 0.012142857142857143 0.011428571428571429
1 0.7407142857142857 0.4847619047619048 0.005714285714285714 0.011428571428571429
5 0.8357142857142857 0.49523809523809526 0.037142857142857144 0.03619047619047619
0 0.7842857142857143 0.4504761904761905 0.005714285714285714 0.013333333333333332
9 0.9125 0.5152380952380953 0.009285714285714286 0.015238095238095238
1 0.9121428571428571 0.5138095238095238 0.007142857142857143 0.010476190476190476
0 0.8907142857142857 0.5552380952380952 0.007142857142857143 0.015238095238095238
5 0.6807142857142857 0.7857142857142857 0.06142857142857143 0.06095238095238095
7 0.45571428571428574 0.5304761904761904 0.02142857142857143 0.02095238095238095
7 0.4639285714285714 0.5076190476190476 0.019285714285714285 0.017142857142857144
3 0.4517857142857143 0.4957142857142857 0.02214285714285714 0.018095238095238095
3 0.4725 0.49047619047619045 0.020714285714285713 0.017142857142857144
4 0.49714285714285716 0.4919047619047619 0.022857142857142857 0.021904761904761906
3 0.5078571428571429 0.48428571428571426 0.024285714285714285 0.023809523809523808
5 0.43857142857142856 0.48428571428571426 0.02142857142857143 0.02
3 0.48 0.48095238095238096 0.022857142857142857 0.017142857142857144
3 0.4907142857142857 0.4738095238095238 0.022857142857142857 0.018095238095238095
5 0.0175 0.8571428571428571 0.035 0.07428571428571429
3 0.0575 0.61 0.02214285714285714 0.03142857142857143
9 0.02857142857142857 0.5704761904761905 0.017142857142857144 0.015238095238095238
9 0.04535714285714286 0.5352380952380953 0.016428571428571428 0.011428571428571429
9 0.04642857142857143 0.5214285714285715 0.018571428571428572 0.012380952380952381
9 0.047142857142857146 0.5152380952380953 0.018571428571428572 0.009523809523809525
5 0.06678571428571428 0.48333333333333334 0.015 0.023809523809523808
5 0.3057142857142857 0.4438095238095238 0.032857142857142856 0.047619047619047616
5 0.14642857142857144 0.43 0.018571428571428572 0.035238095238095235
5 0.05285714285714286 0.4257142857142857 0.02857142857142857 0.01904761904761905
5 0.16214285714285714 0.3661904761904762 0.02142857142857143 0.014285714285714285
5 0.24357142857142858 0.3504761904761905 0.027142857142857142 0.01904761904761905
5 0.21214285714285713 0.3423809523809524 0.07285714285714286 0.03142857142857143
5 0.27035714285714285 0.3252380952380952 0.04071428571428572 0.021904761904761906
5 0.30892857142857144 0.3295238095238095 0.02642857142857143 0.01904761904761905
4 0.9489285714285715 0.9757142857142858 0.052142857142857144 0.04857142857142857
