5 0.29892857142857143 0.9270304568527918 0.056428571428571425 0.14340101522842638
5 0.1425 0.690989847715736 0.045 0.16624365482233502
3 0.5057142857142857 0.9511421319796953 0.027142857142857142 0.08756345177664974
3 0.4257142857142857 0.7379441624365481 0.027142857142857142 0.09263959390862943
3 0.28714285714285714 0.7874365482233502 0.032857142857142856 0.08248730964467005
3 0.3367857142857143 0.6681472081218274 0.029285714285714286 0.06472081218274112
8 0.5035714285714286 0.6522842639593908 0.027142857142857142 0.11675126903553298
8 0.46785714285714286 0.6085025380710659 0.024285714285714285 0.08756345177664974
3 0.34964285714285714 0.5133248730964467 0.02214285714285714 0.05964467005076142
3 0.38785714285714284 0.5012690355329948 0.022857142857142857 0.06091370558375634
3 0.43964285714285717 0.4511421319796954 0.020714285714285713 0.06725888324873096
3 0.4060714285714286 0.3565989847715736 0.019285714285714285 0.04568527918781726
3 0.37714285714285717 0.34644670050761417 0.02 0.04314720812182741
3 0.345 0.350253807106599 0.022857142857142857 0.048223350253807105
5 0.48035714285714287 0.2576142131979695 0.023571428571428573 0.09137055837563451
3 0.4546428571428571 0.16878172588832485 0.017857142857142856 0.048223350253807105
4 0.4232142857142857 0.16878172588832485 0.017857142857142856 0.04568527918781726
3 0.485 0.048223350253807105 0.014285714285714285 0.03807106598984771
3 0.43535714285714283 0.04441624365482233 0.013571428571428571 0.03045685279187817
3 0.4689285714285714 0.009517766497461928 0.016428571428571428 0.019035532994923856
5 0.4164285714285714 0.010786802030456852 0.02142857142857143 0.021573604060913704
3 0.05142857142857143 0.6986040609137055 0.025714285714285714 0.05456852791878172
4 0.10142857142857142 0.5019035532994923 0.02857142857142857 0.04695431472081218
4 0.1417857142857143 0.3432741116751269 0.02214285714285714 0.04441624365482233
3 0.15428571428571428 0.3102791878172589 0.02 0.029187817258883246
3 0.16 0.2766497461928934 0.02142857142857143 0.035532994923857864
3 0.16964285714285715 0.2411167512690355 0.019285714285714285 0.027918781725888322
3 0.2075 0.14276649746192893 0.013571428571428571 0.029187817258883246
3 0.19535714285714287 0.14720812182741116 0.015 0.027918781725888322
3 0.1982142857142857 0.12563451776649745 0.013571428571428571 0.027918781725888322
3 0.27214285714285713 0.06852791878172589 0.015714285714285715 0.025380710659898477
3 0.22285714285714286 0.052030456852791875 0.012857142857142857 0.015228426395939085
3 0.21678571428571428 0.07360406091370558 0.015 0.025380710659898477
0 0.6296428571428572 0.5634517766497461 0.009285714285714286 0.02284263959390863
0 0.6389285714285714 0.5196700507614213 0.009285714285714286 0.021573604060913704
0 0.6228571428571429 0.5196700507614213 0.007142857142857143 0.016497461928934008
0 0.6064285714285714 0.4993654822335025 0.008571428571428572 0.021573604060913704
0 0.6025 0.4365482233502538 0.007857142857142858 0.02284263959390863
0 0.5946428571428571 0.3959390862944162 0.007857142857142858 0.017766497461928932
0 0.7032142857142857 0.5019035532994923 0.009285714285714286 0.03426395939086294
0 0.6417857142857143 0.2696700507614213 0.0064285714285714285 0.016497461928934008
0 0.6153571428571428 0.25380710659898476 0.007857142857142858 0.015228426395939085
0 0.6221428571428571 0.17766497461928932 0.007142857142857143 0.012690355329949238
0 0.5782142857142857 0.18654822335025378 0.010714285714285714 0.035532994923857864
0 0.6067857142857143 0.07868020304568528 0.009285714285714286 0.02284263959390863
0 0.5964285714285714 0.07233502538071065 0.008571428571428572 0.02284263959390863
0 0.5321428571428571 0.04505076142131979 0.005714285714285714 0.019035532994923856
0 0.5396428571428571 0.16243654822335024 0.0064285714285714285 0.027918781725888322
0 0.5364285714285715 0.07868020304568528 0.007142857142857143 0.02030456852791878
0 0.6553571428571429 0.10152284263959391 0.0064285714285714285 0.017766497461928932
0 0.6532142857142857 0.07868020304568528 0.0064285714285714285 0.02284263959390863
0 0.6257142857142857 0.05012690355329949 0.005714285714285714 0.019035532994923856
0 0.6335714285714286 0.04314720812182741 0.004285714285714286 0.017766497461928932
0 0.6292857142857143 0.027918781725888322 0.004285714285714286 0.015228426395939085
0 0.6496428571428572 0.03934010152284264 0.009285714285714286 0.03045685279187817
0 0.5896428571428571 0.027918781725888322 0.013571428571428571 0.02284263959390863
0 0.5317857142857143 0.021573604060913704 0.010714285714285714 0.02030456852791878
8 0.2925 0.013324873096446699 0.025 0.026649746192893398
0 0.11 0.3546954314720812 0.011428571428571429 0.021573604060913704
0 0.10535714285714286 0.3610406091370558 0.007857142857142858 0.021573604060913704
0 0.13607142857142857 0.8553299492385786 0.010714285714285714 0.02284263959390863
0 0.12928571428571428 0.8692893401015228 0.011428571428571429 0.02284263959390863
4 0.09321428571428571 0.9612944162436547 0.035 0.0748730964467005
0 0.6364285714285715 0.04314720812182741 0.005714285714285714 0.015228426395939085
0 0.5360714285714285 0.046319796954314714 0.0064285714285714285 0.016497461928934008
0 0.6396428571428572 0.03426395939086294 0.0064285714285714285 0.017766497461928932
0 0.6167857142857143 0.18591370558375633 0.0035714285714285713 0.013959390862944161
0 0.6217857142857143 0.19543147208121825 0.0064285714285714285 0.02030456852791878
0 0.64 0.2785532994923858 0.004285714285714286 0.019035532994923856
0 0.6360714285714286 0.274746192893401 0.005 0.016497461928934008
