3 0.8903571428571428 0.24746192893401014 0.05071428571428571 0.08629441624365482
3 0.9664285714285714 0.12626903553299493 0.05 0.09517766497461928
5 0.8021428571428572 0.12436548223350252 0.07428571428571429 0.1649746192893401
1 0.5442857142857143 0.7112944162436547 0.017142857142857144 0.026649746192893398
1 0.5560714285714285 0.7043147208121827 0.015 0.02284263959390863
0 0.43607142857142855 0.6243654822335025 0.015 0.02284263959390863
0 0.43785714285714283 0.6472081218274112 0.015714285714285715 0.027918781725888322
0 0.46285714285714286 0.5482233502538071 0.012857142857142857 0.032994923857868015
0 0.425 0.5190355329949238 0.008571428571428572 0.03045685279187817
0 0.42607142857142855 0.523477157360406 0.007857142857142858 0.029187817258883246
0 0.43535714285714283 0.5107868020304568 0.0064285714285714285 0.029187817258883246
0 0.4542857142857143 0.48540609137055835 0.01 0.03426395939086294
0 0.705 0.5862944162436547 0.008571428571428572 0.032994923857868015
0 0.47535714285714287 0.3699238578680203 0.009285714285714286 0.019035532994923856
0 0.475 0.35850253807106597 0.008571428571428572 0.019035532994923856
0 0.5971428571428572 0.23350253807106597 0.007142857142857143 0.03045685279187817
0 0.6021428571428571 0.2576142131979695 0.005714285714285714 0.015228426395939085
1 0.5882142857142857 0.09010152284263959 0.015 0.015228426395939085
0 0.5896428571428571 0.07677664974619289 0.0035714285714285713 0.016497461928934008
0 0.5935714285714285 0.07423857868020305 0.007142857142857143 0.026649746192893398
0 0.6028571428571429 0.07360406091370558 0.007142857142857143 0.025380710659898477
0 0.595 0.04187817258883248 0.008571428571428572 0.027918781725888322
0 0.5832142857142857 0.04187817258883248 0.007857142857142858 0.025380710659898477
0 0.5439285714285714 0.10977157360406091 0.0064285714285714285 0.03426395939086294
0 0.4139285714285714 0.19289340101522842 0.0064285714285714285 0.03045685279187817
0 0.43607142857142855 0.15736040609137056 0.0064285714285714285 0.03045685279187817
0 0.4442857142857143 0.12119289340101522 0.008571428571428572 0.031725888324873094
0 0.41214285714285714 0.015228426395939085 0.007142857142857143 0.027918781725888322
0 0.45357142857142857 0.02030456852791878 0.008571428571428572 0.017766497461928932
0 0.5239285714285714 0.06091370558375634 0.0035714285714285713 0.012690355329949238
0 0.5232142857142857 0.07741116751269035 0.0035714285714285713 0.012690355329949238
0 0.5285714285714286 0.053299492385786795 0.004285714285714286 0.02284263959390863
0 0.5217857142857143 0.04505076142131979 0.005 0.016497461928934008
0 0.5275 0.028553299492385786 0.005 0.026649746192893398
0 0.5153571428571428 0.03680203045685279 0.0035714285714285713 0.017766497461928932
0 0.5203571428571429 0.016497461928934008 0.0064285714285714285 0.015228426395939085
0 0.5396428571428571 0.21192893401015228 0.005 0.027918781725888322
0 0.5439285714285714 0.20875634517766495 0.005 0.024111675126903553
0 0.545 0.21890862944162434 0.004285714285714286 0.021573604060913704
0 0.5482142857142858 0.22842639593908629 0.007857142857142858 0.032994923857868015
0 0.725 0.5704314720812182 0.01 0.026649746192893398
0 0.7289285714285715 0.583756345177665 0.016428571428571428 0.03045685279187817
0 0.5967857142857143 0.022208121827411165 0.005 0.019035532994923856
0 0.6021428571428571 0.02728426395939086 0.008571428571428572 0.024111675126903553
