4 0.19714285714285715 0.5585714285714286 0.07428571428571429 0.16095238095238096
4 0.2575 0.34 0.04928571428571429 0.09142857142857143
4 0.2814285714285714 0.25333333333333335 0.04285714285714286 0.07238095238095238
4 0.31285714285714283 0.13142857142857142 0.03571428571428571 0.05714285714285714
3 0.29428571428571426 0.19904761904761906 0.037142857142857144 0.05523809523809524
3 0.3367857142857143 0.04619047619047619 0.025 0.037142857142857144
3 0.3532142857142857 0.015714285714285715 0.020714285714285713 0.029523809523809525
3 0.4425 0.12 0.023571428571428573 0.04
0 0.5046428571428572 0.07047619047619047 0.0064285714285714285 0.02857142857142857
0 0.48035714285714287 0.23666666666666666 0.007857142857142858 0.037142857142857144
0 0.5178571428571429 0.32571428571428573 0.012857142857142857 0.0419047619047619
2 0.5192857142857142 0.3333333333333333 0.01 0.03238095238095238
3 0.5296428571428572 0.22 0.03214285714285714 0.045714285714285714
0 0.5628571428571428 0.17 0.008571428571428572 0.029523809523809525
3 0.5375 0.10714285714285714 0.04357142857142857 0.03142857142857143
3 0.5578571428571428 0.12380952380952381 0.054285714285714284 0.04
3 0.5482142857142858 0.3 0.035 0.05904761904761905
9 0.6107142857142858 0.25142857142857145 0.02857142857142857 0.024761904761904763
3 0.5646428571428571 0.41333333333333333 0.045 0.08190476190476191
4 0.5817857142857142 0.5933333333333334 0.056428571428571425 0.1295238095238095
9 0.6467857142857143 0.38333333333333336 0.03357142857142857 0.02761904761904762
9 0.6385714285714286 0.5057142857142857 0.03428571428571429 0.03428571428571429
0 0.6217857142857143 0.599047619047619 0.017857142857142856 0.049523809523809526
0 0.5275 0.7919047619047619 0.019285714285714285 0.04476190476190476
0 0.5432142857142858 0.8033333333333333 0.012142857142857143 0.05047619047619047
0 0.565 0.800952380952381 0.02 0.05333333333333333
5 0.7428571428571429 0.7823809523809524 0.20714285714285716 0.15142857142857144
5 0.7185714285714285 0.6919047619047619 0.2057142857142857 0.14761904761904762
