3 0.5935714285714285 0.05476190476190476 0.007142857142857143 0.008571428571428572
3 0.5878571428571429 0.05904761904761905 0.011428571428571429 0.011428571428571429
3 0.5728571428571428 0.06380952380952382 0.015714285714285715 0.009523809523809525
3 0.5696428571428571 0.060476190476190475 0.013571428571428571 0.008571428571428572
3 0.5903571428571428 0.09666666666666666 0.017857142857142856 0.010476190476190476
9 0.5717857142857142 0.07714285714285714 0.007857142857142858 0.005714285714285714
0 0.53 0.15619047619047619 0.004285714285714286 0.007619047619047619
0 0.5564285714285714 0.15571428571428572 0.002857142857142857 0.006666666666666666
5 0.5196428571428572 0.16666666666666666 0.04642857142857143 0.026666666666666665
4 0.5232142857142857 0.2 0.02642857142857143 0.017142857142857144
3 0.48642857142857143 0.2 0.025714285714285714 0.017142857142857144
9 0.5689285714285715 0.28714285714285714 0.0064285714285714285 0.014285714285714285
9 0.5532142857142857 0.27904761904761904 0.009285714285714286 0.013333333333333332
9 0.5425 0.2733333333333333 0.007857142857142858 0.013333333333333332
9 0.53 0.27285714285714285 0.01 0.014285714285714285
9 0.5260714285714285 0.2704761904761905 0.007857142857142858 0.011428571428571429
9 0.5225 0.26571428571428574 0.007857142857142858 0.011428571428571429
9 0.5178571428571429 0.2623809523809524 0.005714285714285714 0.012380952380952381
9 0.4882142857142857 0.25523809523809526 0.005 0.013333333333333332
9 0.4832142857142857 0.25476190476190474 0.0064285714285714285 0.01619047619047619
9 0.475 0.25666666666666665 0.005714285714285714 0.014285714285714285
9 0.4692857142857143 0.2571428571428571 0.004285714285714286 0.013333333333333332
9 0.4657142857142857 0.26142857142857145 0.005714285714285714 0.01619047619047619
9 0.45964285714285713 0.2638095238095238 0.005 0.015238095238095238
3 0.5557142857142857 0.3376190476190476 0.037142857142857144 0.023809523809523808
5 0.5507142857142857 0.36142857142857143 0.04428571428571428 0.023809523809523808
5 0.5503571428571429 0.38 0.045 0.024761904761904763
3 0.5503571428571429 0.3976190476190476 0.04071428571428572 0.023809523809523808
3 0.47285714285714286 0.38285714285714284 0.024285714285714285 0.02857142857142857
9 0.4492857142857143 0.34809523809523807 0.015714285714285715 0.010476190476190476
9 0.46214285714285713 0.3519047619047619 0.014285714285714285 0.010476190476190476
9 0.46285714285714286 0.3585714285714286 0.012857142857142857 0.010476190476190476
9 0.4614285714285714 0.3638095238095238 0.012857142857142857 0.009523809523809525
9 0.44642857142857145 0.35714285714285715 0.015714285714285715 0.009523809523809525
9 0.445 0.36428571428571427 0.015714285714285715 0.010476190476190476
9 0.43964285714285717 0.37333333333333335 0.017857142857142856 0.011428571428571429
9 0.44 0.38142857142857145 0.011428571428571429 0.008571428571428572
9 0.435 0.38761904761904764 0.014285714285714285 0.013333333333333332
3 0.5482142857142858 0.4276190476190476 0.03785714285714286 0.024761904761904763
4 0.5407142857142857 0.4438095238095238 0.047142857142857146 0.03428571428571429
3 0.5342857142857143 0.46904761904761905 0.047142857142857146 0.02761904761904762
5 0.5271428571428571 0.49238095238095236 0.05285714285714286 0.02857142857142857
3 0.5321428571428571 0.5171428571428571 0.05 0.03428571428571429
4 0.5221428571428571 0.5438095238095239 0.04857142857142857 0.03619047619047619
3 0.5128571428571429 0.5666666666666667 0.041428571428571426 0.02857142857142857
3 0.5096428571428572 0.5904761904761905 0.04214285714285714 0.03238095238095238
3 0.5028571428571429 0.62 0.04428571428571428 0.03428571428571429
9 0.4092857142857143 0.4519047619047619 0.018571428571428572 0.02
7 0.425 0.49333333333333335 0.012857142857142857 0.030476190476190476
9 0.39785714285714285 0.5014285714285714 0.017142857142857144 0.014285714285714285
9 0.4010714285714286 0.5123809523809524 0.016428571428571428 0.013333333333333332
3 0.38785714285714284 0.5290476190476191 0.047142857142857146 0.03142857142857143
3 0.38285714285714284 0.5538095238095239 0.03571428571428571 0.03333333333333333
3 0.37035714285714283 0.580952380952381 0.04642857142857143 0.03428571428571429
3 0.3607142857142857 0.6052380952380952 0.047142857142857146 0.035238095238095235
3 0.3485714285714286 0.6376190476190476 0.04428571428571428 0.039047619047619046
3 0.33714285714285713 0.6671428571428571 0.047142857142857146 0.039047619047619046
3 0.32857142857142857 0.7014285714285714 0.041428571428571426 0.039047619047619046
3 0.4925 0.7038095238095238 0.062142857142857146 0.04380952380952381
3 0.48464285714285715 0.7461904761904762 0.06785714285714285 0.04666666666666667
3 0.23142857142857143 0.939047619047619 0.05857142857142857 0.05523809523809524
9 0.25642857142857145 0.9747619047619047 0.037142857142857144 0.025714285714285714
9 0.21714285714285714 0.9738095238095238 0.03428571428571429 0.023809523809523808
3 0.21821428571428572 0.9861904761904762 0.07357142857142857 0.025714285714285714
1 0.6496428571428572 0.2557142857142857 0.0035714285714285713 0.010476190476190476
9 0.6492857142857142 0.26 0.007142857142857143 0.013333333333333332
5 0.7514285714285714 0.4819047619047619 0.03142857142857143 0.08190476190476191
5 0.63 0.5376190476190477 0.02857142857142857 0.07523809523809524
5 0.8007142857142857 0.16952380952380952 0.025714285714285714 0.024761904761904763
3 0.8289285714285715 0.13238095238095238 0.02214285714285714 0.013333333333333332
