3 0.5430584551148225 0.6692949907235621 0.03079331941544885 0.05102040816326531
3 0.47364300626304795 0.5756029684601113 0.03079331941544885 0.03246753246753247
0 0.5206158663883089 0.5695732838589982 0.006784968684759916 0.022263450834879406
0 0.5234864300626304 0.5732838589981447 0.0041753653444676405 0.016697588126159554
1 0.5508872651356993 0.5941558441558442 0.006784968684759916 0.01948051948051948
1 0.5480167014613778 0.5913729128014842 0.009394572025052192 0.021335807050092765
0 0.383089770354906 0.4355287569573284 0.0041753653444676405 0.013914656771799629
0 0.3943110647181628 0.43413729128014844 0.0036534446764091852 0.014842300556586271
0 0.4637265135699373 0.5320037105751392 0.004697286012526096 0.015769944341372914
0 0.46189979123173275 0.5301484230055659 0.0031315240083507304 0.0176252319109462
