9 0.6735 0.944 0.013000000000000001 0.04933333333333333
9 0.70025 0.9473333333333332 0.0145 0.04533333333333333
9 0.613 0.967 0.016 0.035333333333333335
6 0.5945 0.894 0.047 0.026666666666666665
2 0.59975 0.8786666666666666 0.0305 0.014666666666666666
2 0.60475 0.8473333333333333 0.029500000000000002 0.013333333333333332
2 0.603 0.8366666666666667 0.028 0.012
2 0.6012500000000001 0.8256666666666667 0.0285 0.018
2 0.604 0.816 0.025 0.013333333333333332
2 0.60175 0.8053333333333333 0.0265 0.016
2 0.6015 0.7919999999999999 0.028 0.013333333333333332
2 0.60175 0.7823333333333333 0.0275 0.012666666666666666
2 0.599 0.7723333333333333 0.028 0.015333333333333332
2 0.6025 0.7333333333333333 0.028 0.013333333333333332
2 0.602 0.7233333333333333 0.028 0.014666666666666666
2 0.585 0.6753333333333333 0.012 0.036
9 0.609 0.7556666666666666 0.025 0.012666666666666666
9 0.615 0.745 0.027 0.015333333333333332
9 0.62975 0.6953333333333334 0.0105 0.03733333333333333
9 0.61 0.7093333333333333 0.026000000000000002 0.016
9 0.61125 0.6973333333333334 0.0225 0.02
9 0.6015 0.692 0.025 0.022666666666666665
9 0.611 0.6476666666666666 0.026000000000000002 0.02333333333333333
9 0.616 0.6363333333333333 0.022 0.018
6 0.69825 0.6593333333333333 0.0145 0.04666666666666666
9 0.5945 0.622 0.022 0.014666666666666666
9 0.60675 0.605 0.025500000000000002 0.02733333333333333
6 0.632 0.5906666666666667 0.016 0.050666666666666665
0 0.63575 0.624 0.0115 0.022666666666666665
0 0.6715 0.622 0.011 0.021333333333333333
0 0.6845 0.501 0.011 0.022
0 0.64 0.475 0.01 0.024666666666666667
0 0.61925 0.48433333333333334 0.0075 0.019333333333333334
0 0.65275 0.44866666666666666 0.0115 0.022666666666666665
2 0.665 0.49033333333333334 0.009000000000000001 0.026
1 0.6665 0.482 0.007 0.024
9 0.6355000000000001 0.4686666666666667 0.015 0.022666666666666665
4 0.5935 0.4666666666666667 0.05 0.04933333333333333
3 0.72175 0.46799999999999997 0.0625 0.034666666666666665
3 0.79325 0.475 0.0645 0.035333333333333335
3 0.8695 0.479 0.052000000000000005 0.03266666666666666
0 0.7915 0.45 0.015 0.021333333333333333
0 0.80825 0.45 0.0145 0.021333333333333333
0 0.806 0.441 0.011 0.02333333333333333
0 0.8065 0.43066666666666664 0.012 0.021333333333333333
0 0.7927500000000001 0.43166666666666664 0.0095 0.022
0 0.8025 0.424 0.011 0.021333333333333333
3 0.8585 0.389 0.049 0.03133333333333333
4 0.9255 0.38866666666666666 0.045 0.034666666666666665
3 0.769 0.36666666666666664 0.031 0.052
3 0.70175 0.35133333333333333 0.0385 0.04
3 0.652 0.37466666666666665 0.055 0.032
5 0.7917500000000001 0.24866666666666665 0.0635 0.03866666666666667
3 0.77625 0.23366666666666666 0.0455 0.024666666666666667
3 0.768 0.126 0.039 0.026666666666666665
3 0.7675000000000001 0.11299999999999999 0.044 0.022
3 0.76375 0.10033333333333333 0.0375 0.020666666666666667
5 0.68075 0.11933333333333333 0.0505 0.04133333333333333
3 0.6745 0.094 0.044 0.029333333333333333
3 0.681 0.08166666666666667 0.041 0.024666666666666667
3 0.73875 0.04433333333333333 0.0265 0.024666666666666667
4 0.805 0.04633333333333333 0.039 0.02733333333333333
3 0.81775 0.041999999999999996 0.0335 0.021333333333333333
3 0.82725 0.03333333333333333 0.035500000000000004 0.022666666666666665
4 0.9885 0.11399999999999999 0.023 0.030666666666666665
9 0.967 0.11 0.011 0.017333333333333333
3 0.98275 0.05533333333333333 0.0335 0.021333333333333333
1 0.96825 0.105 0.0085 0.018
1 0.9400000000000001 0.09366666666666666 0.009000000000000001 0.014
1 0.93625 0.08733333333333333 0.0075 0.012
9 0.93325 0.042333333333333334 0.006500000000000001 0.011333333333333332
1 0.93425 0.03766666666666667 0.0055 0.012666666666666666
7 0.58475 0.375 0.0335 0.03666666666666667
3 0.51875 0.37033333333333335 0.0535 0.03266666666666666
3 0.43075 0.45699999999999996 0.0565 0.03666666666666667
3 0.452 0.36766666666666664 0.052000000000000005 0.035333333333333335
4 0.371 0.4513333333333333 0.051000000000000004 0.03733333333333333
3 0.3805 0.36333333333333334 0.054 0.03333333333333333
3 0.30475 0.45166666666666666 0.059500000000000004 0.035333333333333335
3 0.1805 0.44766666666666666 0.057 0.033999999999999996
3 0.194 0.36266666666666664 0.052000000000000005 0.030666666666666665
3 0.13575 0.361 0.0535 0.03
0 0.15625 0.3753333333333333 0.0115 0.021333333333333333
3 0.0225 0.4403333333333333 0.045 0.035333333333333335
3 0.06525 0.35933333333333334 0.0525 0.030666666666666665
3 0.01725 0.359 0.0345 0.03
3 0.32525 0.298 0.0275 0.04
3 0.27875 0.2363333333333333 0.043500000000000004 0.02733333333333333
3 0.28650000000000003 0.21166666666666667 0.043000000000000003 0.028666666666666667
3 0.38575 0.22266666666666665 0.0455 0.025333333333333333
0 0.321 0.22899999999999998 0.007 0.020666666666666667
0 0.324 0.22333333333333333 0.008 0.02
3 0.358 0.19799999999999998 0.024 0.034666666666666665
3 0.3605 0.12833333333333333 0.023 0.03266666666666666
9 0.32175 0.118 0.0115 0.016
3 0.34475 0.10099999999999999 0.035500000000000004 0.024666666666666667
3 0.35875 0.07833333333333332 0.0365 0.020666666666666667
5 0.396 0.089 0.029 0.046
6 0.41525 0.10933333333333332 0.0135 0.025333333333333333
3 0.3665 0.06633333333333333 0.033 0.020666666666666667
3 0.3735 0.05633333333333333 0.032 0.022
3 0.382 0.04766666666666666 0.031 0.019333333333333334
3 0.3915 0.03833333333333333 0.032 0.020666666666666667
9 0.45 0.19833333333333333 0.008 0.022
2 0.456 0.20033333333333334 0.005 0.018
9 0.37925000000000003 0.191 0.0075 0.016666666666666666
9 0.39125 0.19166666666666665 0.0095 0.022
2 0.39775 0.19333333333333333 0.0055 0.017333333333333333
9 0.4035 0.19133333333333333 0.005 0.018666666666666665
9 0.40775 0.194 0.0055 0.017333333333333333
9 0.38875 0.16666666666666666 0.0105 0.02
9 0.39575 0.16599999999999998 0.006500000000000001 0.02
2 0.40225 0.16733333333333333 0.0075 0.018666666666666665
2 0.40725 0.16966666666666666 0.0045000000000000005 0.019333333333333334
2 0.41100000000000003 0.17099999999999999 0.005 0.016666666666666666
2 0.4185 0.16933333333333334 0.006 0.02
2 0.42575 0.17133333333333334 0.0055 0.02
2 0.43125 0.17033333333333334 0.0055 0.019333333333333334
2 0.43475 0.17033333333333334 0.0055 0.018
2 0.439 0.17133333333333334 0.006 0.018666666666666665
2 0.444 0.17033333333333334 0.006 0.018
9 0.44725000000000004 0.17033333333333334 0.0095 0.019333333333333334
6 0.4235 0.12433333333333332 0.009000000000000001 0.018
2 0.16475 0.5156666666666666 0.0225 0.014
2 0.15525 0.534 0.0245 0.017333333333333333
2 0.1405 0.5693333333333334 0.025 0.014666666666666666
2 0.1365 0.584 0.022 0.013333333333333332
2 0.11275 0.6456666666666666 0.0275 0.016666666666666666
9 0.1045 0.6739999999999999 0.025 0.022666666666666665
9 0.13875 0.6 0.0315 0.014666666666666666
9 0.738 0.9173333333333333 0.032 0.026666666666666665
