3 0.30214285714285716 0.9404761904761905 0.20714285714285716 0.11904761904761904
4 0.5489285714285714 0.8333333333333334 0.1692857142857143 0.18476190476190477
3 0.6964285714285714 0.8523809523809524 0.16714285714285715 0.18095238095238095
4 0.8496428571428571 0.6371428571428571 0.1492857142857143 0.14095238095238094
3 0.2782142857142857 0.8152380952380952 0.1692857142857143 0.1657142857142857
3 0.05857142857142857 0.8866666666666667 0.11714285714285715 0.10476190476190476
3 0.0525 0.6771428571428572 0.105 0.11619047619047619
0 0.20214285714285715 0.6176190476190476 0.02142857142857143 0.058095238095238096
0 0.23714285714285716 0.5828571428571429 0.025714285714285714 0.05714285714285714
9 0.1992857142857143 0.6095238095238096 0.03142857142857143 0.0380952380952381
9 0.2292857142857143 0.6009523809523809 0.041428571428571426 0.0419047619047619
9 0.28464285714285714 0.6019047619047619 0.045 0.0380952380952381
3 0.25785714285714284 0.5595238095238095 0.12285714285714286 0.06761904761904762
4 0.29714285714285715 0.5219047619047619 0.11142857142857143 0.06666666666666667
3 0.3289285714285714 0.4861904761904762 0.10928571428571429 0.06
0 0.3796428571428571 0.518095238095238 0.015 0.05523809523809524
2 0.345 0.38952380952380955 0.03142857142857143 0.026666666666666665
4 0.58 0.5219047619047619 0.10285714285714286 0.09142857142857143
3 0.5328571428571428 0.4961904761904762 0.09142857142857143 0.07428571428571429
3 0.5032142857142857 0.46714285714285714 0.10071428571428571 0.06571428571428571
3 0.4828571428571429 0.4357142857142857 0.07714285714285714 0.04857142857142857
3 0.45071428571428573 0.4157142857142857 0.08428571428571428 0.054285714285714284
3 0.43285714285714283 0.3942857142857143 0.08 0.0419047619047619
3 0.40535714285714286 0.37666666666666665 0.06785714285714285 0.04285714285714286
3 0.39107142857142857 0.36095238095238097 0.07642857142857143 0.0380952380952381
4 0.36964285714285716 0.34523809523809523 0.06642857142857143 0.04285714285714286
3 0.7067857142857142 0.45380952380952383 0.08928571428571429 0.06380952380952382
3 0.7921428571428571 0.4423809523809524 0.07 0.07142857142857142
4 0.7053571428571429 0.4038095238095238 0.09785714285714285 0.08
3 0.6585714285714286 0.38333333333333336 0.06857142857142857 0.05619047619047619
3 0.56 0.3319047619047619 0.06428571428571428 0.04857142857142857
3 0.5242857142857142 0.3252380952380952 0.06857142857142857 0.04666666666666667
3 0.5053571428571428 0.31047619047619046 0.06357142857142857 0.0380952380952381
3 0.48642857142857143 0.2980952380952381 0.055714285714285716 0.0380952380952381
3 0.5464285714285714 0.2904761904761905 0.047142857142857146 0.03619047619047619
4 0.6075 0.25666666666666665 0.02642857142857143 0.035238095238095235
8 0.475 0.23904761904761904 0.10142857142857142 0.08571428571428572
4 0.43785714285714283 0.2604761904761905 0.037142857142857144 0.04285714285714286
4 0.47285714285714286 0.2814285714285714 0.02857142857142857 0.03333333333333333
3 0.39321428571428574 0.25333333333333335 0.04071428571428572 0.03428571428571429
4 0.36357142857142855 0.23333333333333334 0.02142857142857143 0.02857142857142857
4 0.3364285714285714 0.22285714285714286 0.018571428571428572 0.02857142857142857
3 0.41035714285714286 0.22857142857142856 0.030714285714285715 0.026666666666666665
4 0.5932142857142857 0.20523809523809525 0.03785714285714286 0.029523809523809525
3 0.6460714285714285 0.2195238095238095 0.04357142857142857 0.025714285714285714
0 0.6857142857142857 0.21 0.005714285714285714 0.025714285714285714
3 0.5453571428571429 0.1919047619047619 0.035 0.021904761904761906
3 0.4925 0.17857142857142858 0.02642857142857143 0.02
3 0.4667857142857143 0.16952380952380952 0.023571428571428573 0.02095238095238095
3 0.445 0.16333333333333333 0.018571428571428572 0.01619047619047619
4 0.4232142857142857 0.15666666666666668 0.017857142857142856 0.018095238095238095
4 0.40035714285714286 0.15095238095238095 0.019285714285714285 0.01619047619047619
4 0.37035714285714283 0.14238095238095239 0.02214285714285714 0.018095238095238095
4 0.22714285714285715 0.09619047619047619 0.018571428571428572 0.017142857142857144
3 0.325 0.12238095238095238 0.017142857142857144 0.012380952380952381
3 0.3585714285714286 0.12095238095238095 0.014285714285714285 0.009523809523809525
3 0.3782142857142857 0.12761904761904763 0.020714285714285713 0.009523809523809525
0 0.35214285714285715 0.13380952380952382 0.004285714285714286 0.01619047619047619
0 0.09107142857142857 0.52 0.019285714285714285 0.049523809523809526
3 0.7864285714285715 0.5457142857142857 0.12 0.07809523809523809
3 0.9264285714285714 0.4042857142857143 0.08 0.06761904761904762
0 0.8975 0.40523809523809523 0.010714285714285714 0.039047619047619046
0 0.8567857142857143 0.3780952380952381 0.013571428571428571 0.04
3 0.7585714285714286 0.31523809523809526 0.07 0.045714285714285714
3 0.7503571428571428 0.2580952380952381 0.056428571428571425 0.02857142857142857
3 0.8046428571428571 0.2623809523809524 0.05357142857142857 0.03142857142857143
0 0.87 0.2633333333333333 0.012857142857142857 0.03333333333333333
0 0.9567857142857142 0.2823809523809524 0.010714285714285714 0.03333333333333333
0 0.9778571428571429 0.31142857142857144 0.011428571428571429 0.02857142857142857
0 0.9857142857142858 0.26285714285714284 0.01 0.030476190476190476
0 0.9864285714285714 0.29619047619047617 0.01 0.030476190476190476
3 0.4392857142857143 0.6466666666666666 0.14 0.11047619047619048
3 0.46285714285714286 0.7223809523809523 0.14857142857142858 0.13047619047619047
0 0.35642857142857143 0.6214285714285714 0.017142857142857144 0.06190476190476191
0 0.35928571428571426 0.6323809523809524 0.014285714285714285 0.049523809523809526
1 0.03571428571428571 0.42952380952380953 0.03571428571428571 0.05523809523809524
1 0.06464285714285714 0.41904761904761906 0.02214285714285714 0.05142857142857143
1 0.15928571428571428 0.370952380952381 0.022857142857142857 0.035238095238095235
1 0.1682142857142857 0.35619047619047617 0.017857142857142856 0.04
1 0.18285714285714286 0.3466666666666667 0.024285714285714285 0.04
1 0.19607142857142856 0.3376190476190476 0.020714285714285713 0.04285714285714286
0 0.21428571428571427 0.3019047619047619 0.018571428571428572 0.05333333333333333
1 0.21107142857142858 0.3238095238095238 0.02642857142857143 0.0380952380952381
1 0.2225 0.31666666666666665 0.013571428571428571 0.03333333333333333
1 0.26 0.29904761904761906 0.017142857142857144 0.0419047619047619
1 0.26964285714285713 0.29 0.015 0.03142857142857143
1 0.2810714285714286 0.2814285714285714 0.019285714285714285 0.03333333333333333
1 0.2592857142857143 0.2704761904761905 0.012857142857142857 0.026666666666666665
1 0.2717857142857143 0.2652380952380952 0.013571428571428571 0.025714285714285714
1 0.23535714285714285 0.44857142857142857 0.020714285714285713 0.03238095238095238
1 0.24821428571428572 0.4471428571428571 0.02214285714285714 0.023809523809523808
1 0.21642857142857141 0.47285714285714286 0.024285714285714285 0.029523809523809525
1 0.22392857142857142 0.4676190476190476 0.019285714285714285 0.0380952380952381
0 0.2025 0.44476190476190475 0.020714285714285713 0.05142857142857143
1 0.17785714285714285 0.5238095238095238 0.018571428571428572 0.03619047619047619
1 0.16535714285714287 0.5214285714285715 0.017857142857142856 0.03142857142857143
0 0.01 0.5776190476190476 0.02 0.04666666666666667
1 0.011428571428571429 0.5985714285714285 0.022857142857142857 0.029523809523809525
1 0.0525 0.5190476190476191 0.020714285714285713 0.03428571428571429
1 0.075 0.5161904761904762 0.017142857142857144 0.04380952380952381
1 0.045714285714285714 0.5333333333333333 0.015714285714285715 0.0419047619047619
1 0.062142857142857146 0.530952380952381 0.017142857142857144 0.04285714285714286
1 0.044642857142857144 0.5547619047619048 0.015 0.025714285714285714
1 0.05892857142857143 0.5485714285714286 0.023571428571428573 0.03238095238095238
1 0.045 0.5895238095238096 0.018571428571428572 0.03619047619047619
1 0.0425 0.5828571428571429 0.019285714285714285 0.04
1 0.06964285714285715 0.5795238095238096 0.019285714285714285 0.03333333333333333
1 0.105 0.5661904761904762 0.022857142857142857 0.037142857142857144
1 0.10607142857142857 0.5747619047619048 0.019285714285714285 0.035238095238095235
