3 0.13107142857142856 0.7380952380952381 0.06785714285714285 0.17523809523809525
3 0.2689285714285714 0.49714285714285716 0.055 0.15619047619047619
0 0.20285714285714285 0.4614285714285714 0.027142857142857142 0.023809523809523808
3 0.16964285714285715 0.5447619047619048 0.09357142857142857 0.14476190476190476
3 0.17642857142857143 0.3638095238095238 0.06714285714285714 0.13714285714285715
3 0.15178571428571427 0.17285714285714285 0.06357142857142857 0.15142857142857144
3 0.15714285714285714 0.0419047619047619 0.05857142857142857 0.0838095238095238
2 0.036071428571428574 0.4604761904761905 0.03214285714285714 0.035238095238095235
2 0.021785714285714287 0.4957142857142857 0.030714285714285715 0.054285714285714284
0 0.7210714285714286 0.6242857142857143 0.020714285714285713 0.021904761904761906
0 0.6992857142857143 0.6538095238095238 0.02 0.023809523809523808
0 0.4228571428571429 0.7647619047619048 0.015714285714285715 0.022857142857142857
0 0.5121428571428571 0.6233333333333333 0.012857142857142857 0.01619047619047619
3 0.4725 0.9352380952380952 0.05357142857142857 0.1295238095238095
3 0.8578571428571429 0.9528571428571428 0.12714285714285714 0.08476190476190476
9 0.9817857142857143 0.7538095238095238 0.03642857142857143 0.04285714285714286
