3 0.2675 0.8609523809523809 0.055 0.14285714285714285
3 0.2767857142857143 0.7133333333333334 0.05357142857142857 0.1219047619047619
5 0.14964285714285713 0.6566666666666666 0.09928571428571428 0.15714285714285714
4 0.1125 0.3638095238095238 0.08357142857142857 0.05333333333333333
4 0.17214285714285715 0.19238095238095237 0.08 0.05904761904761905
3 0.1757142857142857 0.13333333333333333 0.08142857142857143 0.049523809523809526
3 0.05607142857142857 0.13142857142857142 0.055 0.08761904761904762
3 0.1975 0.019523809523809523 0.08214285714285714 0.039047619047619046
3 0.1792857142857143 0.08952380952380952 0.06142857142857143 0.047619047619047616
1 0.18035714285714285 0.3985714285714286 0.017857142857142856 0.01619047619047619
9 0.18642857142857142 0.40476190476190477 0.03142857142857143 0.013333333333333332
4 0.465 0.33285714285714285 0.037142857142857144 0.10571428571428572
0 0.6903571428571429 0.4147619047619048 0.015 0.025714285714285714
0 0.8042857142857143 0.8085714285714286 0.02142857142857143 0.017142857142857144
0 0.7964285714285714 0.9704761904761905 0.02 0.024761904761904763
0 0.7739285714285714 0.6223809523809524 0.015 0.035238095238095235
3 0.8010714285714285 0.7119047619047619 0.052142857142857144 0.13428571428571429
3 0.9010714285714285 0.2966666666666667 0.08928571428571429 0.058095238095238096
3 0.92 0.23666666666666666 0.08428571428571428 0.05619047619047619
3 0.9382142857142857 0.11857142857142858 0.085 0.05047619047619047
0 0.9717857142857143 0.06857142857142857 0.02214285714285714 0.02857142857142857
0 0.9885714285714285 0.09761904761904762 0.02142857142857143 0.037142857142857144
0 0.7221428571428572 0.055714285714285716 0.017142857142857144 0.02761904761904762
1 0.8989285714285714 0.04285714285714286 0.007857142857142858 0.013333333333333332
2 0.7175 0.06380952380952382 0.025 0.02857142857142857
0 0.89 0.04 0.017142857142857144 0.030476190476190476
