0 0.2982142857142857 0.2719047619047619 0.017857142857142856 0.02761904761904762
0 0.2725 0.24047619047619048 0.016428571428571428 0.03333333333333333
0 0.47464285714285714 0.3871428571428571 0.010714285714285714 0.029523809523809525
0 0.445 0.3657142857142857 0.008571428571428572 0.02857142857142857
0 0.4585714285714286 0.36047619047619045 0.012857142857142857 0.02761904761904762
2 0.19964285714285715 0.21285714285714286 0.023571428571428573 0.023809523809523808
1 0.21214285714285713 0.22666666666666666 0.014285714285714285 0.026666666666666665
1 0.1925 0.27285714285714285 0.016428571428571428 0.025714285714285714
1 0.2932142857142857 0.4561904761904762 0.015 0.022857142857142857
0 0.29214285714285715 0.47 0.015714285714285715 0.029523809523809525
0 0.30785714285714283 0.490952380952381 0.015714285714285715 0.029523809523809525
0 0.3271428571428571 0.4857142857142857 0.012857142857142857 0.03238095238095238
0 0.3221428571428571 0.46 0.01 0.026666666666666665
0 0.17142857142857143 0.5280952380952381 0.018571428571428572 0.023809523809523808
0 0.18714285714285714 0.5214285714285715 0.012857142857142857 0.02761904761904762
0 0.19785714285714287 0.5323809523809524 0.014285714285714285 0.03238095238095238
0 0.19 0.5485714285714286 0.017142857142857144 0.02857142857142857
0 0.2839285714285714 0.7819047619047619 0.02642857142857143 0.030476190476190476
0 0.30178571428571427 0.7752380952380953 0.020714285714285713 0.03428571428571429
9 0.31464285714285717 0.7180952380952381 0.03357142857142857 0.030476190476190476
2 0.3175 0.8533333333333333 0.039285714285714285 0.02095238095238095
0 0.23 0.9595238095238096 0.02142857142857143 0.025714285714285714
1 0.44607142857142856 0.6823809523809524 0.017857142857142856 0.035238095238095235
0 0.4207142857142857 0.4114285714285714 0.014285714285714285 0.02857142857142857
0 0.4607142857142857 0.42857142857142855 0.012857142857142857 0.03428571428571429
0 0.49535714285714283 0.42714285714285716 0.013571428571428571 0.03142857142857143
2 0.48428571428571426 0.2619047619047619 0.018571428571428572 0.02857142857142857
9 0.5007142857142857 0.22476190476190477 0.01 0.02857142857142857
6 0.5096428571428572 0.20333333333333334 0.013571428571428571 0.01619047619047619
6 0.5889285714285715 0.23714285714285716 0.025 0.022857142857142857
0 0.5814285714285714 0.2895238095238095 0.011428571428571429 0.0380952380952381
0 0.5457142857142857 0.15619047619047619 0.014285714285714285 0.03619047619047619
0 0.6310714285714286 0.18857142857142858 0.007857142857142858 0.03428571428571429
0 0.6410714285714286 0.2019047619047619 0.010714285714285714 0.03428571428571429
0 0.6728571428571428 0.2638095238095238 0.007142857142857143 0.02857142857142857
0 0.7632142857142857 0.24619047619047618 0.012142857142857143 0.029523809523809525
0 0.7678571428571429 0.25952380952380955 0.011428571428571429 0.029523809523809525
0 0.7332142857142857 0.3 0.009285714285714286 0.030476190476190476
1 0.7321428571428571 0.4580952380952381 0.008571428571428572 0.022857142857142857
2 0.71 0.6342857142857142 0.024285714285714285 0.05333333333333333
0 0.9121428571428571 0.13333333333333333 0.014285714285714285 0.0380952380952381
0 0.9471428571428572 0.011428571428571429 0.017142857142857144 0.022857142857142857
1 0.9067857142857143 0.27285714285714285 0.013571428571428571 0.03142857142857143
1 0.8942857142857142 0.26476190476190475 0.008571428571428572 0.02857142857142857
0 0.8810714285714286 0.4138095238095238 0.016428571428571428 0.029523809523809525
0 0.9003571428571429 0.4361904761904762 0.017857142857142856 0.03238095238095238
0 0.8503571428571428 0.4142857142857143 0.017857142857142856 0.03619047619047619
0 0.8746428571428572 0.4552380952380952 0.016428571428571428 0.03428571428571429
2 0.8471428571428572 0.4680952380952381 0.024285714285714285 0.029523809523809525
1 0.9610714285714286 0.3861904761904762 0.009285714285714286 0.029523809523809525
1 0.9457142857142857 0.3742857142857143 0.015714285714285715 0.026666666666666665
0 0.7871428571428571 0.5242857142857142 0.012857142857142857 0.025714285714285714
0 0.79 0.5147619047619048 0.014285714285714285 0.02761904761904762
0 0.8692857142857143 0.6138095238095238 0.025714285714285714 0.02761904761904762
0 0.9089285714285714 0.5523809523809524 0.017857142857142856 0.03238095238095238
0 0.8160714285714286 0.680952380952381 0.02214285714285714 0.02857142857142857
0 0.815 0.6566666666666666 0.017142857142857144 0.018095238095238095
0 0.8853571428571428 0.7061904761904761 0.020714285714285713 0.02
0 0.9203571428571429 0.72 0.02214285714285714 0.030476190476190476
1 0.8992857142857142 0.7647619047619048 0.022857142857142857 0.02095238095238095
1 0.9571428571428572 0.84 0.012857142857142857 0.04
1 0.8871428571428571 0.8914285714285715 0.022857142857142857 0.0380952380952381
1 0.8628571428571429 0.900952380952381 0.022857142857142857 0.024761904761904763
1 0.955 0.8966666666666666 0.022857142857142857 0.02761904761904762
1 0.9796428571428571 0.8766666666666667 0.029285714285714286 0.029523809523809525
1 0.5392857142857143 0.2480952380952381 0.012857142857142857 0.02761904761904762
