9 0.13375 0.9633333333333333 0.0675 0.07333333333333333
9 0.7325 0.977 0.037 0.046
9 0.80025 0.9723333333333333 0.0475 0.05533333333333333
0 0.9595 0.9349999999999999 0.039 0.11399999999999999
1 0.528 0.94 0.013000000000000001 0.032
0 0.355 0.8946666666666666 0.026000000000000002 0.10666666666666666
0 0.4875 0.9093333333333333 0.03 0.10666666666666666
0 0.54725 0.9043333333333333 0.0155 0.08866666666666666
0 0.52725 0.867 0.0195 0.09533333333333333
1 0.43425 0.8213333333333334 0.0275 0.06133333333333333
9 0.433 0.844 0.029 0.088
0 0.606 0.9556666666666667 0.028 0.08866666666666666
7 0.31225 0.8156666666666667 0.0575 0.13266666666666665
2 0.279 0.6693333333333333 0.04 0.04933333333333333
0 0.55075 0.748 0.0395 0.07066666666666667
0 0.59875 0.8396666666666667 0.0245 0.074
0 0.5815 0.7166666666666667 0.018000000000000002 0.06266666666666666
0 0.5750000000000001 0.6946666666666667 0.016 0.05333333333333333
0 0.5545 0.7003333333333334 0.018000000000000002 0.06333333333333332
0 0.5305 0.691 0.027 0.06066666666666667
0 0.47225 0.761 0.0205 0.08066666666666666
9 0.50675 0.75 0.0415 0.072
9 0.50275 0.706 0.0305 0.07333333333333333
0 0.452 0.6933333333333334 0.02 0.07733333333333334
1 0.40575 0.6703333333333333 0.0195 0.038
1 0.40675 0.6553333333333333 0.0205 0.04
9 0.40650000000000003 0.6699999999999999 0.018000000000000002 0.05466666666666666
0 0.49225 0.6699999999999999 0.0135 0.06
0 0.50575 0.6663333333333333 0.0085 0.03666666666666667
0 0.48725 0.656 0.0145 0.06
0 0.5185 0.643 0.018000000000000002 0.06066666666666667
0 0.52125 0.6376666666666666 0.0055 0.05533333333333333
1 0.50525 0.6176666666666667 0.0095 0.02333333333333333
0 0.5055000000000001 0.6253333333333333 0.012 0.058666666666666666
0 0.5125 0.6096666666666667 0.013000000000000001 0.048666666666666664
0 0.526 0.602 0.026000000000000002 0.042666666666666665
0 0.55625 0.612 0.0265 0.044
0 0.487 0.6 0.011 0.056
0 0.46325 0.5893333333333333 0.0145 0.058666666666666666
0 0.43525 0.587 0.0145 0.057999999999999996
0 0.38325000000000004 0.6016666666666667 0.0145 0.056666666666666664
1 0.37275 0.6033333333333333 0.0105 0.034666666666666665
2 0.3715 0.617 0.011 0.028666666666666667
0 0.35575 0.6183333333333333 0.0195 0.06066666666666667
0 0.3315 0.631 0.018000000000000002 0.056666666666666664
7 0.33725 0.5406666666666666 0.0265 0.042666666666666665
0 0.4965 0.571 0.014 0.05266666666666667
0 0.5115000000000001 0.5653333333333334 0.012 0.04666666666666666
0 0.522 0.566 0.024 0.04533333333333333
0 0.55775 0.5676666666666667 0.0095 0.04733333333333333
9 0.48775 0.5529999999999999 0.0135 0.03933333333333333
1 0.5005000000000001 0.5469999999999999 0.014 0.02333333333333333
0 0.533 0.5266666666666666 0.011 0.044
0 0.54575 0.524 0.0095 0.042666666666666665
0 0.53 0.48933333333333334 0.009000000000000001 0.034666666666666665
0 0.536 0.48966666666666664 0.006 0.035333333333333335
0 0.4985 0.5126666666666666 0.005 0.026666666666666665
0 0.50425 0.508 0.0075 0.028
7 0.28725 0.488 0.0195 0.03333333333333333
7 0.3175 0.48666666666666664 0.032 0.024
0 0.49675 0.5006666666666667 0.0095 0.03866666666666667
0 0.50125 0.48466666666666663 0.006500000000000001 0.032
0 0.50625 0.48333333333333334 0.0075 0.029333333333333333
0 0.53225 0.46266666666666667 0.006500000000000001 0.029333333333333333
0 0.4845 0.489 0.009000000000000001 0.038
0 0.46575 0.49 0.0125 0.04133333333333333
0 0.37675000000000003 0.487 0.0115 0.03933333333333333
9 0.3835 0.49133333333333334 0.009000000000000001 0.03333333333333333
0 0.3735 0.4726666666666666 0.006 0.032
1 0.3645 0.4713333333333333 0.012 0.024
0 0.34925 0.4723333333333333 0.0075 0.03266666666666666
1 0.47025 0.441 0.0085 0.03133333333333333
2 0.46925 0.44766666666666666 0.006500000000000001 0.02333333333333333
0 0.493 0.43966666666666665 0.004 0.02333333333333333
0 0.4985 0.441 0.006 0.03133333333333333
0 0.519 0.4343333333333333 0.007 0.03266666666666666
0 0.498 0.432 0.006 0.025333333333333333
0 0.49425 0.42866666666666664 0.0045000000000000005 0.029333333333333333
0 0.517 0.421 0.007 0.02333333333333333
0 0.51325 0.40099999999999997 0.0055 0.019333333333333334
0 0.512 0.3943333333333333 0.005 0.019333333333333334
0 0.50525 0.39799999999999996 0.0045000000000000005 0.021333333333333333
0 0.49275 0.40399999999999997 0.0055 0.016
0 0.484 0.4043333333333333 0.004 0.024666666666666667
2 0.48675 0.4076666666666667 0.0035 0.018
0 0.49675 0.39566666666666667 0.006500000000000001 0.020666666666666667
0 0.48875 0.3913333333333333 0.0035 0.02
0 0.4865 0.3823333333333333 0.006 0.019333333333333334
0 0.48075 0.382 0.0055 0.022666666666666665
0 0.47750000000000004 0.36866666666666664 0.005 0.017333333333333333
0 0.47200000000000003 0.369 0.005 0.020666666666666667
1 0.4665 0.377 0.006 0.018
2 0.46675 0.3833333333333333 0.0035 0.013333333333333332
7 0.41225 0.43266666666666664 0.0145 0.028
2 0.40375 0.425 0.0055 0.020666666666666667
0 0.37375 0.438 0.0055 0.028
3 0.43925000000000003 0.38066666666666665 0.0185 0.021333333333333333
0 0.439 0.363 0.006 0.018
0 0.46375 0.35833333333333334 0.0055 0.016666666666666666
3 0.47875 0.36 0.0145 0.016
4 0.49925 0.37466666666666665 0.0155 0.025333333333333333
4 0.496 0.35933333333333334 0.015 0.018666666666666665
4 0.49575 0.35033333333333333 0.0125 0.018
3 0.49025 0.344 0.0145 0.016
3 0.46725 0.331 0.0105 0.008666666666666666
3 0.45175 0.33466666666666667 0.0105 0.014666666666666666
3 0.43475 0.346 0.0185 0.014666666666666666
0 0.45225 0.3473333333333333 0.0045000000000000005 0.013333333333333332
0 0.45475 0.3373333333333333 0.0035 0.013333333333333332
0 0.4585 0.33666666666666667 0.003 0.014666666666666666
0 0.45875 0.344 0.0055 0.014666666666666666
2 0.46075 0.346 0.0025 0.010666666666666666
0 0.485 0.3353333333333333 0.003 0.013333333333333332
0 0.489 0.33499999999999996 0.004 0.014
2 0.39125 0.39766666666666667 0.0205 0.01
5 0.47525 0.3233333333333333 0.0095 0.016
3 0.45825 0.31866666666666665 0.0085 0.009333333333333332
3 0.486 0.319 0.009000000000000001 0.01
1 0.4815 0.32066666666666666 0.002 0.008
1 0.483 0.322 0.002 0.008
2 0.48225 0.32466666666666666 0.0035 0.006666666666666666
