2 0.7545000000000001 0.7066666666666667 0.016 0.017333333333333333
0 0.834 0.773 0.009000000000000001 0.020666666666666667
0 0.84375 0.782 0.0075 0.02
3 0.842 0.5573333333333333 0.031 0.032
3 0.90725 0.5783333333333334 0.0335 0.04066666666666666
0 0.67775 0.48433333333333334 0.0045000000000000005 0.018
0 0.6545 0.46799999999999997 0.005 0.017333333333333333
0 0.65725 0.476 0.0055 0.018666666666666665
3 0.135 0.4766666666666666 0.025 0.025333333333333333
3 0.1575 0.486 0.026000000000000002 0.029333333333333333
3 0.147 0.522 0.027 0.030666666666666665
3 0.211 0.523 0.043000000000000003 0.024666666666666667
8 0.20325000000000001 0.5593333333333333 0.0505 0.036
1 0.186 0.5656666666666667 0.006 0.015333333333333332
3 0.1455 0.23466666666666666 0.021 0.012
3 0.15375 0.22999999999999998 0.0195 0.012
8 0.41600000000000004 0.2823333333333333 0.06 0.03133333333333333
3 0.53325 0.33566666666666667 0.0125 0.019333333333333334
3 0.526 0.32 0.011 0.018666666666666665
3 0.5315 0.302 0.013000000000000001 0.021333333333333333
0 0.506 0.2533333333333333 0.004 0.012
3 0.50825 0.244 0.0195 0.010666666666666666
3 0.548 0.2813333333333333 0.02 0.016
0 0.5605 0.2633333333333333 0.004 0.012
0 0.582 0.30766666666666664 0.004 0.012666666666666666
0 0.57675 0.31366666666666665 0.0045000000000000005 0.012666666666666666
3 0.56375 0.307 0.0205 0.011333333333333332
4 0.55875 0.3203333333333333 0.0095 0.018
9 0.5105000000000001 0.359 0.003 0.015333333333333332
1 0.5105000000000001 0.35733333333333334 0.003 0.012
2 0.31875000000000003 0.499 0.0035 0.014
2 0.30125 0.515 0.0045000000000000005 0.014
2 0.358 0.5003333333333333 0.004 0.015333333333333332
2 0.32975 0.5163333333333333 0.0055 0.015333333333333332
2 0.3195 0.5223333333333333 0.014 0.011333333333333332
0 0.32 0.521 0.006 0.019333333333333334
9 0.34125 0.5446666666666666 0.0145 0.012
1 0.3405 0.5406666666666666 0.007 0.014666666666666666
0 0.40325 0.5713333333333334 0.0045000000000000005 0.018666666666666665
2 0.35575 0.5286666666666666 0.0105 0.014666666666666666
1 0.35675 0.526 0.006500000000000001 0.018666666666666665
2 0.35425 0.5183333333333333 0.006500000000000001 0.015333333333333332
9 0.40775 0.5326666666666666 0.0125 0.014666666666666666
1 0.40825 0.5286666666666666 0.006500000000000001 0.014666666666666666
9 0.4335 0.5183333333333333 0.01 0.014
1 0.4335 0.5146666666666666 0.004 0.014666666666666666
8 0.43425 0.483 0.0145 0.041999999999999996
8 0.47675 0.48633333333333334 0.0145 0.043333333333333335
9 0.5075000000000001 0.47933333333333333 0.004 0.016
0 0.45925 0.4706666666666667 0.0045000000000000005 0.016
9 0.46175 0.4726666666666666 0.0035 0.014666666666666666
1 0.45225 0.448 0.0045000000000000005 0.013333333333333332
2 0.452 0.4513333333333333 0.003 0.010666666666666666
0 0.4675 0.247 0.003 0.011333333333333332
0 0.46125 0.252 0.0035 0.009333333333333332
9 0.45675 0.30433333333333334 0.0075 0.008666666666666666
1 0.45725 0.30133333333333334 0.0035 0.010666666666666666
9 0.46475 0.29966666666666664 0.0085 0.007333333333333333
1 0.46475 0.29766666666666663 0.0035 0.01
3 0.591 0.271 0.024 0.015333333333333332
3 0.64375 0.2723333333333333 0.0195 0.012666666666666666
3 0.8275 0.239 0.02 0.012666666666666666
3 0.7375 0.27366666666666667 0.023 0.011333333333333332
3 0.744 0.2583333333333333 0.022 0.01
3 0.7455 0.264 0.018000000000000002 0.009333333333333332
3 0.7202500000000001 0.2693333333333333 0.0205 0.010666666666666666
3 0.7030000000000001 0.25766666666666665 0.019 0.012666666666666666
3 0.711 0.263 0.02 0.012666666666666666
3 0.6970000000000001 0.2753333333333333 0.022 0.013333333333333332
3 0.6900000000000001 0.2683333333333333 0.022 0.012666666666666666
3 0.682 0.263 0.023 0.011333333333333332
3 0.67575 0.2573333333333333 0.0205 0.012
3 0.6605 0.267 0.02 0.012666666666666666
3 0.6455 0.26066666666666666 0.022 0.013333333333333332
3 0.62 0.26066666666666666 0.022 0.013333333333333332
5 0.62775 0.2633333333333333 0.025500000000000002 0.017333333333333333
8 0.631 0.25266666666666665 0.056 0.026666666666666665
5 0.5377500000000001 0.4383333333333333 0.0205 0.05266666666666667
