3 0.20607142857142857 0.13380952380952382 0.07071428571428572 0.04476190476190476
0 0.3585714285714286 0.4742857142857143 0.012857142857142857 0.013333333333333332
0 0.3407142857142857 0.5361904761904762 0.01 0.011428571428571429
2 0.4092857142857143 0.5861904761904762 0.024285714285714285 0.006666666666666666
5 0.19071428571428573 0.6833333333333333 0.047142857142857146 0.11904761904761904
3 0.018571428571428572 0.900952380952381 0.037142857142857144 0.09904761904761905
3 0.2760714285714286 0.6785714285714286 0.03357142857142857 0.09238095238095238
4 0.23857142857142857 0.920952380952381 0.03428571428571429 0.08190476190476191
4 0.275 0.9228571428571428 0.03 0.0761904761904762
3 0.31107142857142855 0.9233333333333333 0.03214285714285714 0.09619047619047619
3 0.3489285714285714 0.9266666666666666 0.03214285714285714 0.10095238095238095
3 0.38821428571428573 0.9228571428571428 0.030714285714285715 0.09714285714285714
4 0.39 0.6866666666666666 0.02857142857142857 0.10666666666666666
3 0.4282142857142857 0.689047619047619 0.02642857142857143 0.08285714285714285
4 0.4660714285714286 0.6923809523809524 0.029285714285714286 0.09714285714285714
3 0.8778571428571429 0.14952380952380953 0.06714285714285714 0.04380952380952381
3 0.9725 0.15666666666666668 0.055 0.04285714285714286
4 0.9878571428571429 0.43047619047619046 0.024285714285714285 0.0380952380952381
4 0.9535714285714286 0.9438095238095238 0.04285714285714286 0.11047619047619048
3 0.9128571428571428 0.9428571428571428 0.037142857142857144 0.10095238095238095
4 0.8735714285714286 0.9447619047619048 0.037142857142857144 0.09714285714285714
3 0.8057142857142857 0.9247619047619048 0.037142857142857144 0.10857142857142857
4 0.7260714285714286 0.9338095238095238 0.03357142857142857 0.09428571428571429
4 0.5696428571428571 0.9295238095238095 0.027857142857142858 0.09904761904761905
4 0.4639285714285714 0.9319047619047619 0.030714285714285715 0.1019047619047619
3 0.42607142857142855 0.9295238095238095 0.027857142857142858 0.08190476190476191
5 0.5282142857142857 0.9347619047619048 0.025 0.08095238095238096
3 0.5321428571428571 0.6961904761904761 0.03 0.08952380952380952
0 0.4967857142857143 0.7485714285714286 0.007857142857142858 0.011428571428571429
3 0.5703571428571429 0.6952380952380952 0.030714285714285715 0.09523809523809523
3 0.6453571428571429 0.6876190476190476 0.030714285714285715 0.09523809523809523
4 0.9053571428571429 0.6980952380952381 0.039285714285714285 0.08571428571428572
3 0.8664285714285714 0.6966666666666667 0.037142857142857144 0.08857142857142856
3 0.7625 0.699047619047619 0.03357142857142857 0.09714285714285714
4 0.6896428571428571 0.6947619047619048 0.029285714285714286 0.08095238095238096
4 0.6882142857142857 0.5571428571428572 0.03357142857142857 0.09333333333333334
3 0.6089285714285714 0.5657142857142857 0.030714285714285715 0.08571428571428572
0 0.7985714285714286 0.8428571428571429 0.017142857142857144 0.017142857142857144
