0 0.48178571428571426 0.5185714285714286 0.0064285714285714285 0.018095238095238095
3 0.6028571428571429 0.5119047619047619 0.017142857142857144 0.021904761904761906
3 0.6035714285714285 0.4795238095238095 0.015714285714285715 0.02
3 0.6128571428571429 0.43476190476190474 0.012857142857142857 0.014285714285714285
3 0.6182142857142857 0.38857142857142857 0.009285714285714286 0.009523809523809525
3 0.5860714285714286 0.39380952380952383 0.012142857142857143 0.01619047619047619
3 0.6225 0.3566666666666667 0.009285714285714286 0.008571428571428572
3 0.6375 0.3357142857142857 0.0064285714285714285 0.006666666666666666
3 0.6328571428571429 0.3119047619047619 0.004285714285714286 0.006666666666666666
0 0.45535714285714285 0.6214285714285714 0.007857142857142858 0.039047619047619046
4 0.5628571428571428 0.35333333333333333 0.008571428571428572 0.011428571428571429
3 0.5703571428571429 0.3442857142857143 0.007857142857142858 0.008571428571428572
3 0.5485714285714286 0.259047619047619 0.005714285714285714 0.005714285714285714
3 0.6339285714285714 0.29619047619047617 0.005 0.0038095238095238095
3 0.6410714285714286 0.30333333333333334 0.005 0.004761904761904762
4 0.6282142857142857 0.3295238095238095 0.0064285714285714285 0.009523809523809525
3 0.6421428571428571 0.29523809523809524 0.005714285714285714 0.005714285714285714
3 0.6425 0.28904761904761905 0.005 0.004761904761904762
3 0.6339285714285714 0.29095238095238096 0.005 0.004761904761904762
3 0.6371428571428571 0.2866666666666667 0.004285714285714286 0.0038095238095238095
3 0.6067857142857143 0.2838095238095238 0.005 0.0038095238095238095
9 0.6428571428571429 0.32285714285714284 0.002857142857142857 0.005714285714285714
9 0.6603571428571429 0.32904761904761903 0.002142857142857143 0.004761904761904762
9 0.6642857142857143 0.370952380952381 0.002857142857142857 0.006666666666666666
9 0.6603571428571429 0.3219047619047619 0.002142857142857143 0.005714285714285714
9 0.6228571428571429 0.4104761904761905 0.002857142857142857 0.009523809523809525
9 0.6825 0.4638095238095238 0.005 0.011428571428571429
0 0.6735714285714286 0.46285714285714286 0.004285714285714286 0.015238095238095238
9 0.6871428571428572 0.5471428571428572 0.004285714285714286 0.01619047619047619
9 0.6796428571428571 0.5476190476190477 0.005 0.017142857142857144
9 0.6928571428571428 0.6261904761904762 0.005714285714285714 0.018095238095238095
2 0.695 0.7495238095238095 0.005714285714285714 0.026666666666666665
2 0.7064285714285714 0.7519047619047619 0.008571428571428572 0.029523809523809525
2 0.7167857142857142 0.7485714285714286 0.007857142857142858 0.026666666666666665
3 0.7353571428571428 0.8914285714285715 0.047857142857142855 0.08761904761904762
3 0.7014285714285714 0.6776190476190476 0.018571428571428572 0.040952380952380955
3 0.7039285714285715 0.5147619047619048 0.030714285714285715 0.04666666666666667
3 0.7117857142857142 0.2652380952380952 0.0064285714285714285 0.004761904761904762
3 0.9710714285714286 0.6266666666666667 0.04071428571428572 0.02857142857142857
3 0.7625 0.7495238095238095 0.05357142857142857 0.09142857142857143
1 0.6960714285714286 0.7380952380952381 0.007857142857142858 0.022857142857142857
1 0.7064285714285714 0.7390476190476191 0.005714285714285714 0.024761904761904763
1 0.7164285714285714 0.7380952380952381 0.007142857142857143 0.022857142857142857
1 0.68 0.5414285714285715 0.004285714285714286 0.012380952380952381
1 0.6871428571428572 0.5414285714285715 0.004285714285714286 0.012380952380952381
1 0.6928571428571428 0.6209523809523809 0.004285714285714286 0.009523809523809525
1 0.6832142857142857 0.4604761904761905 0.0035714285714285713 0.010476190476190476
1 0.6646428571428571 0.36857142857142855 0.0035714285714285713 0.005714285714285714
1 0.6425 0.3219047619047619 0.002142857142857143 0.0038095238095238095
1 0.6610714285714285 0.31952380952380954 0.002142857142857143 0.0009523809523809524
1 0.6610714285714285 0.32476190476190475 0.002142857142857143 0.0019047619047619048
1 0.6228571428571429 0.4076190476190476 0.002857142857142857 0.007619047619047619
