3 0.49 0.9651015228426395 0.024285714285714285 0.06725888324873096
3 0.44035714285714284 0.5387055837563451 0.023571428571428573 0.07994923857868019
4 0.45071428571428573 0.4029187817258883 0.024285714285714285 0.07994923857868019
3 0.39 0.40545685279187815 0.022857142857142857 0.07741116751269035
3 0.39785714285714285 0.3013959390862944 0.02142857142857143 0.06979695431472081
3 0.435 0.2918781725888325 0.022857142857142857 0.07106598984771573
3 0.4632142857142857 0.29251269035532995 0.020714285714285713 0.07233502538071065
3 0.32357142857142857 0.5615482233502538 0.02142857142857143 0.08248730964467005
3 0.3107142857142857 0.43337563451776645 0.024285714285714285 0.06725888324873096
3 0.2935714285714286 0.3413705583756345 0.024285714285714285 0.07106598984771573
