5 0.4782142857142857 0.897208121827411 0.035 0.11421319796954314
5 0.3989285714285714 0.656725888324873 0.027857142857142858 0.08756345177664974
5 0.4325 0.41053299492385786 0.019285714285714285 0.05710659898477157
5 0.4853571428571429 0.25253807106598986 0.015 0.02284263959390863
5 0.5564285714285714 0.21002538071065988 0.014285714285714285 0.019035532994923856
3 0.6846428571428571 0.8654822335025381 0.030714285714285715 0.07106598984771573
3 0.47 0.6884517766497461 0.02142857142857143 0.04695431472081218
3 0.6353571428571428 0.6986040609137055 0.025 0.05456852791878172
3 0.6253571428571428 0.5901015228426395 0.020714285714285713 0.04060913705583756
3 0.45035714285714284 0.5038071065989848 0.015 0.03045685279187817
3 0.45821428571428574 0.5875634517766497 0.017857142857142856 0.035532994923857864
3 0.4357142857142857 0.6738578680203046 0.02142857142857143 0.04568527918781726
3 0.49785714285714283 0.4885786802030456 0.015714285714285715 0.032994923857868015
3 0.5460714285714285 0.44670050761421315 0.015 0.027918781725888322
3 0.45321428571428574 0.4359137055837563 0.013571428571428571 0.024111675126903553
3 0.5360714285714285 0.407994923857868 0.012142857142857143 0.026649746192893398
3 0.45821428571428574 0.36865482233502533 0.010714285714285714 0.019035532994923856
3 0.48857142857142855 0.33502538071065985 0.01 0.017766497461928932
3 0.4657142857142857 0.33502538071065985 0.008571428571428572 0.015228426395939085
3 0.4714285714285714 0.3166243654822335 0.008571428571428572 0.013959390862944161
3 0.5382142857142858 0.30583756345177665 0.007857142857142858 0.015228426395939085
3 0.5378571428571428 0.28743654822335024 0.01 0.016497461928934008
3 0.5664285714285714 0.24746192893401014 0.008571428571428572 0.012690355329949238
3 0.5078571428571429 0.2614213197969543 0.008571428571428572 0.012690355329949238
3 0.5989285714285715 0.41941624365482233 0.020714285714285713 0.019035532994923856
3 0.585 0.42576142131979694 0.02142857142857143 0.016497461928934008
3 0.5117857142857143 0.23413705583756345 0.009285714285714286 0.013959390862944161
3 0.5185714285714286 0.25253807106598986 0.008571428571428572 0.015228426395939085
3 0.5464285714285714 0.22906091370558374 0.01 0.011421319796954314
3 0.5714285714285714 0.22715736040609136 0.007142857142857143 0.01015228426395939
3 0.5775 0.20939086294416243 0.009285714285714286 0.01015228426395939
4 0.5207142857142857 0.6706852791878172 0.024285714285714285 0.06218274111675126
4 0.46285714285714286 0.3026649746192893 0.008571428571428572 0.016497461928934008
4 0.5475 0.27220812182741116 0.009285714285714286 0.016497461928934008
4 0.46785714285714286 0.27538071065989844 0.011428571428571429 0.017766497461928932
8 0.42642857142857143 0.3445431472081218 0.015714285714285715 0.029187817258883246
9 0.4307142857142857 0.48477157360406087 0.005714285714285714 0.017766497461928932
9 0.44642857142857145 0.33502538071065985 0.005714285714285714 0.017766497461928932
3 0.6092857142857143 0.39911167512690354 0.015714285714285715 0.016497461928934008
5 0.6153571428571428 0.44352791878172587 0.035 0.024111675126903553
5 0.0775 0.47335025380710655 0.035 0.027918781725888322
5 0.08428571428571428 0.5006345177664975 0.045714285714285714 0.03426395939086294
3 0.9292857142857143 0.5862944162436547 0.017142857142857144 0.03045685279187817
3 0.9353571428571429 0.565989847715736 0.016428571428571428 0.025380710659898477
3 0.9407142857142857 0.5526649746192893 0.015714285714285715 0.026649746192893398
