3 0.0875 0.11992385786802029 0.009285714285714286 0.013959390862944161
3 0.08928571428571429 0.157994923857868 0.01 0.016497461928934008
4 0.07571428571428572 0.141497461928934 0.008571428571428572 0.021573604060913704
5 0.11535714285714285 0.12436548223350252 0.016428571428571428 0.025380710659898477
3 0.06285714285714286 0.19352791878172587 0.018571428571428572 0.021573604060913704
3 0.3221428571428571 0.6027918781725888 0.018571428571428572 0.032994923857868015
4 0.3492857142857143 0.7354060913705583 0.032857142857142856 0.04441624365482233
8 0.405 0.21637055837563451 0.041428571428571426 0.04441624365482233
3 0.4925 0.47017766497461927 0.02214285714285714 0.019035532994923856
3 0.6107142857142858 0.416243654822335 0.02 0.02030456852791878
1 0.6814285714285714 0.17893401015228425 0.002857142857142857 0.0076142131979695426
9 0.6814285714285714 0.1814720812182741 0.002857142857142857 0.01015228426395939
4 0.6378571428571429 0.04441624365482233 0.007142857142857143 0.012690355329949238
4 0.6842857142857143 0.01015228426395939 0.008571428571428572 0.01015228426395939
4 0.7096428571428571 0.02728426395939086 0.007857142857142858 0.011421319796954314
4 0.8167857142857143 0.1846446700507614 0.013571428571428571 0.013959390862944161
3 0.8003571428571429 0.09200507614213198 0.012142857142857143 0.013959390862944161
3 0.8657142857142857 0.1630710659898477 0.014285714285714285 0.019035532994923856
4 0.8378571428571429 0.13071065989847716 0.012857142857142857 0.02030456852791878
0 0.8578571428571429 0.22335025380710657 0.002857142857142857 0.012690355329949238
0 0.8425 0.2296954314720812 0.0035714285714285713 0.01015228426395939
0 0.8453571428571428 0.23223350253807104 0.0035714285714285713 0.012690355329949238
8 0.9785714285714285 0.2214467005076142 0.041428571428571426 0.03426395939086294
8 0.9846428571428572 0.20304568527918782 0.030714285714285715 0.032994923857868015
8 0.9914285714285714 0.1846446700507614 0.017142857142857144 0.031725888324873094
5 0.7646428571428572 0.027918781725888322 0.016428571428571428 0.015228426395939085
5 0.7675 0.025380710659898477 0.013571428571428571 0.015228426395939085
4 0.835 0.05647208121827411 0.011428571428571429 0.013959390862944161
5 0.7953571428571429 0.07360406091370558 0.015 0.02030456852791878
5 0.8514285714285714 0.06852791878172589 0.017142857142857144 0.017766497461928932
4 0.8385714285714285 0.005076142131979695 0.01 0.0076142131979695426
4 0.8689285714285714 0.0069796954314720805 0.007857142857142858 0.006345177664974619
8 0.9135714285714286 0.01015228426395939 0.017142857142857144 0.012690355329949238
