3 0.3982142857142857 0.64 0.045 0.07238095238095238
3 0.45071428571428573 0.5519047619047619 0.045714285714285714 0.07142857142857142
0 0.012142857142857143 0.24619047619047618 0.007142857142857143 0.021904761904761906
0 0.155 0.36095238095238097 0.008571428571428572 0.02095238095238095
0 0.18535714285714286 0.3657142857142857 0.007857142857142858 0.01904761904761905
0 0.19464285714285715 0.39904761904761904 0.007857142857142858 0.022857142857142857
0 0.17535714285714285 0.39380952380952383 0.0064285714285714285 0.02
0 0.16392857142857142 0.38476190476190475 0.009285714285714286 0.01904761904761905
0 0.24607142857142858 0.22857142857142856 0.005 0.02095238095238095
0 0.19107142857142856 0.5228571428571429 0.009285714285714286 0.024761904761904763
0 0.04 0.6257142857142857 0.008571428571428572 0.02095238095238095
0 0.05607142857142857 0.6347619047619047 0.007857142857142858 0.01619047619047619
0 0.11928571428571429 0.6214285714285714 0.01 0.025714285714285714
0 0.1417857142857143 0.6347619047619047 0.010714285714285714 0.023809523809523808
0 0.15607142857142858 0.6104761904761905 0.0064285714285714285 0.026666666666666665
7 0.0525 0.32857142857142857 0.03642857142857143 0.024761904761904763
9 0.04857142857142857 0.25761904761904764 0.014285714285714285 0.01619047619047619
9 0.045714285714285714 0.27904761904761904 0.017142857142857144 0.02095238095238095
9 0.08428571428571428 0.29428571428571426 0.012857142857142857 0.017142857142857144
9 0.08 0.2723809523809524 0.011428571428571429 0.02095238095238095
9 0.061785714285714284 0.2780952380952381 0.012142857142857143 0.02095238095238095
9 0.12571428571428572 0.31285714285714283 0.005714285714285714 0.021904761904761906
9 0.09464285714285714 0.33285714285714285 0.015 0.012380952380952381
9 0.1357142857142857 0.31238095238095237 0.007142857142857143 0.022857142857142857
9 0.14464285714285716 0.30904761904761907 0.007857142857142858 0.02
9 0.13857142857142857 0.2823809523809524 0.005714285714285714 0.023809523809523808
9 0.12892857142857142 0.2838095238095238 0.007857142857142858 0.022857142857142857
9 0.11214285714285714 0.2876190476190476 0.008571428571428572 0.02095238095238095
9 0.12071428571428572 0.2857142857142857 0.005714285714285714 0.02095238095238095
9 0.15428571428571428 0.2947619047619048 0.005714285714285714 0.02
9 0.1657142857142857 0.3157142857142857 0.01 0.023809523809523808
9 0.1825 0.3109523809523809 0.007857142857142858 0.02
9 0.19214285714285714 0.30952380952380953 0.007142857142857143 0.022857142857142857
9 0.18535714285714286 0.27476190476190476 0.007857142857142858 0.02
9 0.19535714285714287 0.27476190476190476 0.007857142857142858 0.021904761904761906
9 0.20535714285714285 0.29285714285714287 0.0064285714285714285 0.02
9 0.21892857142857142 0.2704761904761905 0.0064285714285714285 0.01904761904761905
9 0.22 0.2947619047619048 0.007142857142857143 0.025714285714285714
9 0.22857142857142856 0.29 0.008571428571428572 0.018095238095238095
9 0.2357142857142857 0.3047619047619048 0.007142857142857143 0.022857142857142857
9 0.24464285714285713 0.2842857142857143 0.010714285714285714 0.023809523809523808
9 0.3107142857142857 0.25666666666666665 0.007142857142857143 0.023809523809523808
9 0.30142857142857143 0.25857142857142856 0.008571428571428572 0.021904761904761906
9 0.29 0.26095238095238094 0.007142857142857143 0.022857142857142857
9 0.275 0.28 0.011428571428571429 0.02095238095238095
9 0.265 0.2642857142857143 0.005714285714285714 0.02
9 0.2575 0.2680952380952381 0.005 0.018095238095238095
9 0.24964285714285714 0.2633333333333333 0.007857142857142858 0.02
9 0.2717857142857143 0.2619047619047619 0.005 0.015238095238095238
2 0.2825 0.26 0.005 0.017142857142857144
2 0.22642857142857142 0.26761904761904765 0.007142857142857143 0.022857142857142857
2 0.2082142857142857 0.2733333333333333 0.0035714285714285713 0.015238095238095238
2 0.175 0.27714285714285714 0.007142857142857143 0.02095238095238095
2 0.15071428571428572 0.2761904761904762 0.005714285714285714 0.017142857142857144
2 0.1025 0.28809523809523807 0.005 0.02
9 0.16 0.2752380952380952 0.005714285714285714 0.01904761904761905
0 0.16607142857142856 0.2866666666666667 0.0064285714285714285 0.01904761904761905
1 0.3132142857142857 0.2966666666666667 0.010714285714285714 0.01619047619047619
9 0.3582142857142857 0.2857142857142857 0.019285714285714285 0.015238095238095238
9 0.32285714285714284 0.6047619047619047 0.018571428571428572 0.04
9 0.2557142857142857 0.5933333333333334 0.02142857142857143 0.026666666666666665
0 0.3435714285714286 0.780952380952381 0.01 0.0380952380952381
0 0.3578571428571429 0.7738095238095238 0.011428571428571429 0.035238095238095235
0 0.49214285714285716 0.14523809523809525 0.004285714285714286 0.018095238095238095
0 0.49607142857142855 0.14666666666666667 0.0035714285714285713 0.017142857142857144
0 0.5 0.14904761904761904 0.002857142857142857 0.01619047619047619
3 0.49107142857142855 0.20904761904761904 0.04214285714285714 0.02761904761904762
3 0.5035714285714286 0.19047619047619047 0.03571428571428571 0.024761904761904763
3 0.5292857142857142 0.1742857142857143 0.041428571428571426 0.026666666666666665
3 0.5360714285714285 0.15666666666666668 0.03785714285714286 0.023809523809523808
3 0.5485714285714286 0.14333333333333334 0.037142857142857144 0.02761904761904762
3 0.5621428571428572 0.12476190476190477 0.041428571428571426 0.02095238095238095
3 0.5871428571428572 0.09619047619047619 0.04 0.02857142857142857
3 0.5303571428571429 0.24047619047619048 0.027857142857142858 0.040952380952380955
3 0.48964285714285716 0.24714285714285714 0.04214285714285714 0.04285714285714286
4 0.4307142857142857 0.2814285714285714 0.04428571428571428 0.03142857142857143
3 0.4125 0.18571428571428572 0.05785714285714286 0.049523809523809526
3 0.5671428571428572 0.44904761904761903 0.047142857142857146 0.058095238095238096
0 0.375 0.8276190476190476 0.005714285714285714 0.026666666666666665
0 0.36428571428571427 0.8304761904761905 0.005714285714285714 0.022857142857142857
0 0.6782142857142857 0.43714285714285717 0.0064285714285714285 0.02095238095238095
3 0.7064285714285714 0.2138095238095238 0.03142857142857143 0.037142857142857144
9 0.7175 0.2642857142857143 0.012142857142857143 0.018095238095238095
0 0.5978571428571429 0.1838095238095238 0.004285714285714286 0.022857142857142857
3 0.6010714285714286 0.08476190476190476 0.03642857142857143 0.026666666666666665
3 0.6371428571428571 0.05 0.03142857142857143 0.02
3 0.6478571428571429 0.03666666666666667 0.032857142857142856 0.021904761904761906
3 0.6553571428571429 0.023809523809523808 0.03642857142857143 0.022857142857142857
3 0.6642857142857143 0.014761904761904763 0.03 0.018095238095238095
3 0.6635714285714286 0.009047619047619047 0.03 0.01619047619047619
3 0.6753571428571429 0.007142857142857143 0.029285714285714286 0.014285714285714285
3 0.6167857142857143 0.062380952380952384 0.03214285714285714 0.02
0 0.5807142857142857 0.05047619047619047 0.004285714285714286 0.011428571428571429
0 0.8325 0.16428571428571428 0.007857142857142858 0.018095238095238095
0 0.7875 0.3109523809523809 0.005 0.025714285714285714
1 0.2546428571428571 0.5885714285714285 0.012142857142857143 0.015238095238095238
1 0.7182142857142857 0.2604761904761905 0.0064285714285714285 0.012380952380952381
