3 0.4875 0.7036802030456852 0.02642857142857143 0.06218274111675126
4 0.4857142857142857 0.6262690355329948 0.027142857142857142 0.06472081218274112
3 0.4675 0.4898477157360406 0.023571428571428573 0.048223350253807105
3 0.5671428571428572 0.39340101522842635 0.025714285714285714 0.055837563451776644
4 0.6810714285714285 0.055837563451776644 0.023571428571428573 0.055837563451776644
3 0.8089285714285714 0.4993654822335025 0.019285714285714285 0.052030456852791875
3 0.8203571428571429 0.4295685279187817 0.020714285714285713 0.052030456852791875
3 0.8039285714285714 0.3946700507614213 0.017857142857142856 0.04314720812182741
3 0.835 0.357233502538071 0.017142857142857144 0.04695431472081218
0 0.7989285714285714 0.7836294416243654 0.007857142857142858 0.013959390862944161
0 0.8610714285714286 0.8559644670050761 0.007857142857142858 0.008883248730964466
3 0.9175 0.9809644670050761 0.039285714285714285 0.035532994923857864
3 0.16857142857142857 0.6427664974619289 0.022857142857142857 0.04695431472081218
4 0.14857142857142858 0.6275380710659898 0.03 0.06218274111675126
3 0.1925 0.26840101522842635 0.03214285714285714 0.03680203045685279
4 0.20464285714285715 0.23730964467005075 0.03357142857142857 0.04060913705583756
3 0.16892857142857143 0.21319796954314718 0.03214285714285714 0.035532994923857864
3 0.16142857142857142 0.24175126903553298 0.025714285714285714 0.031725888324873094
