0 0.3068893528183716 0.05658627087198516 0.012526096033402922 0.03153988868274583
3 0.09185803757828809 0.8186456400742115 0.12004175365344466 0.25139146567717996
3 0.19493736951983295 0.7843228200371057 0.11951983298538621 0.24953617810760667
3 0.2750521920668058 0.7003710575139147 0.11169102296450939 0.2077922077922078
3 0.3536012526096033 0.6437847866419295 0.09655532359081419 0.19109461966604824
3 0.42797494780793316 0.5811688311688312 0.09707724425887264 0.1567717996289425
3 0.4926931106471816 0.5255102040816326 0.11064718162839247 0.15862708719851576
3 0.5558455114822547 0.4995361781076067 0.10855949895615866 0.1326530612244898
3 0.6030793319415448 0.4601113172541744 0.11012526096033402 0.12244897959183673
3 0.6409185803757829 0.41419294990723565 0.10229645093945719 0.10853432282003711
3 0.6985908141962421 0.3970315398886827 0.10177453027139874 0.09833024118738405
3 0.7335594989561586 0.36363636363636365 0.10281837160751564 0.09647495361781076
4 0.7601774530271398 0.32142857142857145 0.09029227557411272 0.09740259740259741
3 0.7886221294363256 0.29730983302411873 0.09812108559498955 0.0862708719851577
3 0.824634655532359 0.2852504638218924 0.08977035490605427 0.08441558441558442
3 0.8410751565762004 0.2541743970315399 0.08402922755741127 0.07421150278293136
7 0.7951461377870563 0.8910018552875696 0.10803757828810019 0.17161410018552875
