3 0.11892857142857143 0.05 0.020714285714285713 0.029523809523809525
3 0.14892857142857144 0.1742857142857143 0.029285714285714286 0.04380952380952381
3 0.18428571428571427 0.22 0.024285714285714285 0.04380952380952381
0 0.2542857142857143 0.05380952380952381 0.005714285714285714 0.02
0 0.10892857142857143 0.33666666666666667 0.012142857142857143 0.021904761904761906
0 0.09 0.4076190476190476 0.012857142857142857 0.022857142857142857
0 0.185 0.4261904761904762 0.011428571428571429 0.021904761904761906
3 0.295 0.3557142857142857 0.041428571428571426 0.04857142857142857
3 0.2082142857142857 0.36047619047619045 0.027857142857142858 0.05619047619047619
1 0.2739285714285714 0.31761904761904763 0.007857142857142858 0.010476190476190476
4 0.39714285714285713 0.38952380952380955 0.05285714285714286 0.05523809523809524
9 0.14714285714285713 0.2976190476190476 0.014285714285714285 0.018095238095238095
9 0.12428571428571429 0.4247619047619048 0.027142857142857142 0.013333333333333332
9 0.12214285714285714 0.4361904761904762 0.03142857142857143 0.007619047619047619
9 0.17964285714285713 0.3295238095238095 0.012142857142857143 0.024761904761904763
9 0.15321428571428572 0.2642857142857143 0.015 0.014285714285714285
9 0.13285714285714287 0.3842857142857143 0.02 0.02
9 0.125 0.37857142857142856 0.02142857142857143 0.014285714285714285
9 0.13964285714285715 0.26095238095238094 0.013571428571428571 0.011428571428571429
0 0.13214285714285715 0.26571428571428574 0.008571428571428572 0.017142857142857144
1 0.17892857142857144 0.32047619047619047 0.009285714285714286 0.012380952380952381
1 0.17607142857142857 0.46714285714285714 0.009285714285714286 0.012380952380952381
9 0.15678571428571428 0.5133333333333333 0.010714285714285714 0.026666666666666665
9 0.17821428571428571 0.47333333333333333 0.013571428571428571 0.02095238095238095
1 0.1525 0.26142857142857145 0.010714285714285714 0.014285714285714285
1 0.14714285714285713 0.29095238095238096 0.007142857142857143 0.012380952380952381
1 0.13964285714285715 0.25523809523809526 0.009285714285714286 0.011428571428571429
0 0.13464285714285715 0.530952380952381 0.016428571428571428 0.02
0 0.12 0.5752380952380952 0.011428571428571429 0.017142857142857144
3 0.15321428571428572 0.6433333333333333 0.04214285714285714 0.08476190476190476
9 0.2732142857142857 0.5628571428571428 0.025 0.04380952380952381
1 0.2689285714285714 0.5538095238095239 0.0064285714285714285 0.012380952380952381
8 0.3821428571428571 0.5542857142857143 0.11571428571428571 0.09142857142857143
3 0.2757142857142857 0.8071428571428572 0.07 0.08285714285714285
9 0.07428571428571429 0.9585714285714285 0.018571428571428572 0.035238095238095235
9 0.08214285714285714 0.8542857142857143 0.014285714285714285 0.02857142857142857
9 0.08857142857142856 0.8266666666666667 0.012857142857142857 0.02857142857142857
9 0.02035714285714286 0.7904761904761904 0.03357142857142857 0.02857142857142857
9 0.03142857142857143 0.7466666666666667 0.027142857142857142 0.01904761904761905
9 0.03892857142857143 0.6923809523809524 0.03357142857142857 0.02095238095238095
4 0.11964285714285715 0.7771428571428571 0.05357142857142857 0.06857142857142857
4 0.1407142857142857 0.719047619047619 0.045714285714285714 0.05333333333333333
0 0.0925 0.8314285714285714 0.020714285714285713 0.011428571428571429
9 0.018571428571428572 0.8114285714285714 0.027142857142857142 0.04
9 0.020714285714285713 0.7704761904761904 0.032857142857142856 0.026666666666666665
9 0.039285714285714285 0.7304761904761905 0.025714285714285714 0.024761904761904763
9 0.03321428571428572 0.7128571428571429 0.02642857142857143 0.023809523809523808
9 0.07428571428571429 0.69 0.024285714285714285 0.018095238095238095
9 0.0525 0.6685714285714286 0.023571428571428573 0.017142857142857144
9 0.0525 0.6561904761904762 0.030714285714285715 0.01904761904761905
9 0.05 0.6471428571428571 0.03142857142857143 0.01619047619047619
9 0.05 0.6376190476190476 0.025714285714285714 0.010476190476190476
9 0.07107142857142858 0.6271428571428571 0.017857142857142856 0.02
9 0.05857142857142857 0.6214285714285714 0.022857142857142857 0.018095238095238095
9 0.05607142857142857 0.6138095238095238 0.017857142857142856 0.02
7 0.5707142857142857 0.05238095238095238 0.012857142857142857 0.030476190476190476
1 0.5675 0.05714285714285714 0.0035714285714285713 0.013333333333333332
3 0.6246428571428572 0.07238095238095238 0.03357142857142857 0.01904761904761905
3 0.6264285714285714 0.08952380952380952 0.032857142857142856 0.02095238095238095
3 0.6425 0.015714285714285715 0.039285714285714285 0.021904761904761906
3 0.6221428571428571 0.10809523809523809 0.025714285714285714 0.021904761904761906
3 0.5882142857142857 0.21619047619047618 0.04214285714285714 0.024761904761904763
3 0.5835714285714285 0.2319047619047619 0.045714285714285714 0.02761904761904762
3 0.6278571428571429 0.06190476190476191 0.03428571428571429 0.017142857142857144
9 0.5703571428571429 0.14238095238095239 0.0064285714285714285 0.021904761904761906
3 0.6035714285714285 0.4580952380952381 0.03142857142857143 0.06285714285714286
3 0.5517857142857143 0.42142857142857143 0.039285714285714285 0.029523809523809525
0 0.5717857142857142 0.5733333333333334 0.009285714285714286 0.01904761904761905
9 0.5039285714285714 0.5152380952380953 0.010714285714285714 0.03428571428571429
3 0.48892857142857143 0.4895238095238095 0.03357142857142857 0.07047619047619047
4 0.4992857142857143 0.4147619047619048 0.02142857142857143 0.07904761904761905
4 0.7442857142857143 0.05476190476190476 0.03571428571428571 0.035238095238095235
9 0.5660714285714286 0.8666666666666667 0.020714285714285713 0.02857142857142857
0 0.5585714285714286 0.8738095238095238 0.008571428571428572 0.012380952380952381
3 0.725 0.44952380952380955 0.05142857142857143 0.03619047619047619
3 0.7332142857142857 0.39714285714285713 0.05071428571428571 0.03619047619047619
3 0.7332142857142857 0.370952380952381 0.052142857142857144 0.037142857142857144
3 0.7342857142857143 0.3466666666666667 0.047142857142857146 0.03619047619047619
3 0.7353571428571428 0.3038095238095238 0.04642857142857143 0.03238095238095238
3 0.735 0.2804761904761905 0.04857142857142857 0.03142857142857143
