3 0.3389285714285714 0.9676190476190476 0.06928571428571428 0.06476190476190476
3 0.35428571428571426 0.7309523809523809 0.05142857142857143 0.13428571428571429
3 0.31357142857142856 0.6866666666666666 0.04857142857142857 0.12571428571428572
3 0.33071428571428574 0.5223809523809524 0.04428571428571428 0.11333333333333333
3 0.2857142857142857 0.5361904761904762 0.04285714285714286 0.11238095238095239
3 0.3492857142857143 0.3780952380952381 0.05 0.11619047619047619
3 0.49178571428571427 0.4666666666666667 0.035 0.09142857142857143
3 0.4142857142857143 0.10761904761904761 0.03857142857142857 0.09904761904761905
3 0.38607142857142857 0.02857142857142857 0.03642857142857143 0.05714285714285714
4 0.37214285714285716 0.14095238095238094 0.037142857142857144 0.08952380952380952
3 0.7032142857142857 0.20523809523809525 0.039285714285714285 0.09238095238095238
3 0.7096428571428571 0.31857142857142856 0.03785714285714286 0.09619047619047619
3 0.7175 0.46 0.04214285714285714 0.11238095238095239
3 0.7221428571428572 0.6009523809523809 0.041428571428571426 0.12380952380952381
3 0.7296428571428571 0.7714285714285715 0.04928571428571429 0.14285714285714285
3 0.7335714285714285 0.9419047619047619 0.047142857142857146 0.11238095238095239
0 0.2517857142857143 0.7547619047619047 0.017857142857142856 0.018095238095238095
1 0.41285714285714287 0.8928571428571429 0.017142857142857144 0.023809523809523808
9 0.4157142857142857 0.8942857142857142 0.012857142857142857 0.06095238095238095
9 0.1432142857142857 0.9780952380952381 0.039285714285714285 0.02857142857142857
9 0.14892857142857144 0.8866666666666667 0.047857142857142855 0.03428571428571429
2 0.1575 0.8266666666666667 0.030714285714285715 0.049523809523809526
4 0.37357142857142855 0.2542857142857143 0.03571428571428571 0.10666666666666666
9 0.6257142857142857 0.31857142857142856 0.012857142857142857 0.05047619047619047
1 0.6260714285714286 0.31523809523809526 0.017857142857142856 0.026666666666666665
0 0.7367857142857143 0.0680952380952381 0.012142857142857143 0.03333333333333333
0 0.7421428571428571 0.06476190476190476 0.014285714285714285 0.03428571428571429
