3 0.15428571428571428 0.7004761904761905 0.055714285714285716 0.0980952380952381
3 0.25857142857142856 0.6538095238095238 0.037142857142857144 0.07523809523809524
3 0.30964285714285716 0.611904761904762 0.030714285714285715 0.06761904761904762
3 0.27 0.5742857142857143 0.03571428571428571 0.06476190476190476
5 0.32 0.5119047619047619 0.037142857142857144 0.07523809523809524
3 0.28285714285714286 0.4866666666666667 0.03571428571428571 0.05714285714285714
3 0.32392857142857145 0.44666666666666666 0.029285714285714286 0.0419047619047619
3 0.7685714285714286 0.9238095238095239 0.12571428571428572 0.09333333333333334
3 0.9017857142857143 0.8914285714285715 0.11214285714285714 0.09142857142857143
0 0.43214285714285716 0.3223809523809524 0.008571428571428572 0.02761904761904762
1 0.42464285714285716 0.37857142857142856 0.0064285714285714285 0.014285714285714285
2 0.42464285714285716 0.3852380952380952 0.0064285714285714285 0.014285714285714285
1 0.46464285714285714 0.8242857142857143 0.013571428571428571 0.037142857142857144
1 0.4764285714285714 0.7771428571428571 0.014285714285714285 0.03619047619047619
1 0.04428571428571428 0.8419047619047619 0.015714285714285715 0.024761904761904763
1 0.0825 0.7609523809523809 0.017857142857142856 0.02857142857142857
1 0.08642857142857142 0.7285714285714285 0.017142857142857144 0.02857142857142857
1 0.6514285714285715 0.7585714285714286 0.014285714285714285 0.021904761904761906
1 0.6607142857142857 0.7914285714285715 0.017142857142857144 0.03428571428571429
1 0.5671428571428572 0.7538095238095238 0.011428571428571429 0.023809523809523808
9 0.5667857142857143 0.7647619047619048 0.03357142857142857 0.017142857142857144
9 0.6478571428571429 0.7671428571428571 0.027142857142857142 0.01619047619047619
9 0.6525 0.7966666666666666 0.03642857142857143 0.02
9 0.47785714285714287 0.7785714285714286 0.032857142857142856 0.037142857142857144
9 0.4625 0.830952380952381 0.03642857142857143 0.02761904761904762
9 0.04392857142857143 0.8447619047619047 0.02642857142857143 0.02857142857142857
9 0.08642857142857142 0.77 0.015714285714285715 0.04476190476190476
9 0.08892857142857143 0.741904761904762 0.016428571428571428 0.02095238095238095
