0 0.8871428571428571 0.7819047619047619 0.014285714285714285 0.030476190476190476
0 0.8532142857142857 0.7552380952380953 0.017857142857142856 0.03238095238095238
0 0.7707142857142857 0.6938095238095238 0.018571428571428572 0.03142857142857143
0 0.7821428571428571 0.6942857142857143 0.014285714285714285 0.03238095238095238
0 0.6253571428571428 0.5885714285714285 0.012142857142857143 0.024761904761904763
0 0.6314285714285715 0.5876190476190476 0.01 0.022857142857142857
0 0.6371428571428571 0.5814285714285714 0.011428571428571429 0.025714285714285714
0 0.5725 0.5461904761904762 0.010714285714285714 0.023809523809523808
0 0.5789285714285715 0.5438095238095239 0.009285714285714286 0.022857142857142857
0 0.5289285714285714 0.5414285714285715 0.007857142857142858 0.02761904761904762
0 0.5307142857142857 0.5342857142857143 0.007142857142857143 0.026666666666666665
0 0.4132142857142857 0.48238095238095235 0.0064285714285714285 0.023809523809523808
0 0.42214285714285715 0.47904761904761906 0.005714285714285714 0.024761904761904763
0 0.4278571428571429 0.4804761904761905 0.005714285714285714 0.02761904761904762
0 0.43357142857142855 0.48095238095238096 0.007142857142857143 0.022857142857142857
0 0.4225 0.47333333333333333 0.0064285714285714285 0.022857142857142857
0 0.4521428571428571 0.47095238095238096 0.007142857142857143 0.02
0 0.46214285714285713 0.41285714285714287 0.007142857142857143 0.023809523809523808
0 0.20642857142857143 0.4604761904761905 0.007142857142857143 0.02
0 0.225 0.44333333333333336 0.008571428571428572 0.023809523809523808
0 0.2642857142857143 0.46095238095238095 0.005714285714285714 0.02095238095238095
0 0.2617857142857143 0.4552380952380952 0.0064285714285714285 0.02095238095238095
0 0.29642857142857143 0.4542857142857143 0.008571428571428572 0.01904761904761905
0 0.29678571428571426 0.44857142857142857 0.010714285714285714 0.01904761904761905
0 0.2932142857142857 0.4261904761904762 0.007857142857142858 0.018095238095238095
0 0.2960714285714286 0.42428571428571427 0.007857142857142858 0.018095238095238095
0 0.3092857142857143 0.3952380952380952 0.007142857142857143 0.01904761904761905
3 0.20035714285714284 0.3580952380952381 0.03357142857142857 0.02095238095238095
0 0.20785714285714285 0.30047619047619045 0.005714285714285714 0.012380952380952381
0 0.15428571428571428 0.23047619047619047 0.004285714285714286 0.013333333333333332
0 0.19142857142857142 0.21904761904761905 0.005714285714285714 0.011428571428571429
0 0.1875 0.21666666666666667 0.005 0.010476190476190476
0 0.1475 0.2195238095238095 0.0035714285714285713 0.012380952380952381
0 0.10035714285714285 0.2257142857142857 0.0064285714285714285 0.011428571428571429
0 0.02 0.21619047619047618 0.005714285714285714 0.013333333333333332
0 0.010357142857142856 0.20666666666666667 0.0064285714285714285 0.013333333333333332
0 0.02107142857142857 0.16142857142857142 0.005 0.008571428571428572
0 0.0175 0.16238095238095238 0.005 0.008571428571428572
0 0.4210714285714286 0.3119047619047619 0.005 0.01619047619047619
0 0.42892857142857144 0.31285714285714283 0.0035714285714285713 0.012380952380952381
0 0.4307142857142857 0.3057142857142857 0.004285714285714286 0.013333333333333332
0 0.4275 0.30714285714285716 0.0035714285714285713 0.012380952380952381
0 0.4225 0.3057142857142857 0.0035714285714285713 0.015238095238095238
0 0.4367857142857143 0.29714285714285715 0.0035714285714285713 0.015238095238095238
0 0.43357142857142855 0.29714285714285715 0.004285714285714286 0.015238095238095238
4 0.3482142857142857 0.22476190476190477 0.016428571428571428 0.017142857142857144
3 0.36357142857142855 0.19142857142857142 0.012857142857142857 0.011428571428571429
5 0.34785714285714286 0.18904761904761905 0.017142857142857144 0.018095238095238095
0 0.4317857142857143 0.24952380952380954 0.0035714285714285713 0.009523809523809525
