5 0.4664285714285714 0.590952380952381 0.024285714285714285 0.04857142857142857
5 0.5746428571428571 0.8876190476190476 0.052142857142857144 0.12
5 0.5128571428571429 0.7947619047619048 0.03428571428571429 0.06761904761904762
5 0.4975 0.6247619047619047 0.02214285714285714 0.05714285714285714
5 0.4714285714285714 0.5371428571428571 0.02 0.04
5 0.44642857142857145 0.5176190476190476 0.011428571428571429 0.023809523809523808
5 0.43714285714285717 0.4723809523809524 0.017142857142857144 0.0380952380952381
5 0.4446428571428571 0.43952380952380954 0.013571428571428571 0.03333333333333333
5 0.4 0.4066666666666667 0.024285714285714285 0.030476190476190476
5 0.44285714285714284 0.3871428571428571 0.015714285714285715 0.014285714285714285
5 0.5035714285714286 0.37142857142857144 0.054285714285714284 0.02095238095238095
5 0.515 0.3638095238095238 0.037142857142857144 0.013333333333333332
5 0.45964285714285713 0.37761904761904763 0.02642857142857143 0.014285714285714285
5 0.23035714285714284 0.40714285714285714 0.04357142857142857 0.018095238095238095
5 0.23607142857142857 0.42095238095238097 0.035 0.02095238095238095
5 0.2782142857142857 0.4066666666666667 0.04071428571428572 0.01904761904761905
5 0.2857142857142857 0.41095238095238096 0.041428571428571426 0.02
0 0.4782142857142857 0.39714285714285713 0.002142857142857143 0.007619047619047619
3 0.4546428571428571 0.43714285714285717 0.0064285714285714285 0.009523809523809525
3 0.4521428571428571 0.4638095238095238 0.007142857142857143 0.011428571428571429
3 0.5171428571428571 0.4957142857142857 0.011428571428571429 0.01619047619047619
3 0.4617857142857143 0.5042857142857143 0.009285714285714286 0.014285714285714285
3 0.45607142857142857 0.48904761904761906 0.009285714285714286 0.014285714285714285
3 0.4514285714285714 0.5395238095238095 0.011428571428571429 0.01619047619047619
3 0.5160714285714286 0.5642857142857143 0.013571428571428571 0.021904761904761906
3 0.45571428571428574 0.559047619047619 0.011428571428571429 0.017142857142857144
3 0.44785714285714284 0.4990476190476191 0.008571428571428572 0.015238095238095238
3 0.4432142857142857 0.6214285714285714 0.013571428571428571 0.029523809523809525
4 0.48678571428571427 0.6828571428571428 0.017857142857142856 0.03238095238095238
4 0.5653571428571429 0.679047619047619 0.015 0.03238095238095238
3 0.4725 0.6347619047619047 0.015 0.025714285714285714
3 0.5153571428571428 0.7052380952380952 0.016428571428571428 0.03142857142857143
3 0.5239285714285714 0.75 0.019285714285714285 0.035238095238095235
3 0.49392857142857144 0.7276190476190476 0.017857142857142856 0.03619047619047619
3 0.5410714285714285 0.8042857142857143 0.020714285714285713 0.04476190476190476
3 0.5264285714285715 0.8733333333333333 0.024285714285714285 0.05333333333333333
3 0.4975 0.9342857142857143 0.023571428571428573 0.06285714285714286
3 0.4635714285714286 0.9671428571428572 0.024285714285714285 0.06380952380952382
8 0.5571428571428572 0.9623809523809523 0.055714285714285716 0.07523809523809524
9 0.6982142857142857 0.9147619047619048 0.020714285714285713 0.018095238095238095
6 0.5892857142857143 0.7838095238095238 0.015714285714285715 0.03428571428571429
6 0.5975 0.8161904761904762 0.015 0.02857142857142857
6 0.635 0.7795238095238095 0.015714285714285715 0.029523809523809525
6 0.6078571428571429 0.8147619047619048 0.014285714285714285 0.029523809523809525
6 0.6003571428571428 0.7852380952380953 0.010714285714285714 0.023809523809523808
6 0.6617857142857143 0.82 0.03214285714285714 0.02095238095238095
6 0.6582142857142858 0.8071428571428572 0.035 0.023809523809523808
6 0.6528571428571428 0.7942857142857143 0.032857142857142856 0.022857142857142857
0 0.57 0.6376190476190476 0.004285714285714286 0.012380952380952381
0 0.5671428571428572 0.6271428571428571 0.002857142857142857 0.010476190476190476
0 0.5692857142857143 0.6133333333333333 0.004285714285714286 0.011428571428571429
3 0.5117857142857143 0.5438095238095239 0.013571428571428571 0.01904761904761905
9 0.49214285714285716 0.5123809523809524 0.005714285714285714 0.007619047619047619
4 0.45607142857142857 0.47523809523809524 0.007857142857142858 0.013333333333333332
8 0.4828571428571429 0.5733333333333334 0.018571428571428572 0.03619047619047619
9 0.4610714285714286 0.8714285714285714 0.007857142857142858 0.02857142857142857
9 0.44285714285714284 0.8495238095238096 0.004285714285714286 0.026666666666666665
9 0.4392857142857143 0.7714285714285715 0.004285714285714286 0.024761904761904763
9 0.43214285714285716 0.7047619047619048 0.004285714285714286 0.01904761904761905
6 0.41892857142857143 0.7195238095238096 0.013571428571428571 0.03142857142857143
1 0.43142857142857144 0.7023809523809523 0.005714285714285714 0.010476190476190476
1 0.4392857142857143 0.7671428571428571 0.005714285714285714 0.012380952380952381
1 0.4432142857142857 0.8438095238095238 0.005 0.015238095238095238
1 0.4610714285714286 0.8676190476190476 0.007857142857142858 0.015238095238095238
4 0.39464285714285713 0.36666666666666664 0.0064285714285714285 0.015238095238095238
3 0.4107142857142857 0.36095238095238097 0.004285714285714286 0.007619047619047619
8 0.40535714285714286 0.36428571428571427 0.007857142857142858 0.02
0 0.31892857142857145 0.44 0.002142857142857143 0.007619047619047619
0 0.295 0.38857142857142857 0.0014285714285714286 0.005714285714285714
5 0.17 0.31666666666666665 0.02 0.008571428571428572
3 0.47035714285714286 0.35619047619047617 0.0064285714285714285 0.005714285714285714
