3 0.8410714285714286 0.141497461928934 0.04357142857142857 0.07994923857868019
3 0.9778571428571429 0.6954314720812182 0.04428571428571428 0.14720812182741116
3 0.2075 0.10025380710659898 0.05928571428571429 0.053299492385786795
0 0.7575 0.4181472081218274 0.007857142857142858 0.03934010152284264
0 0.7685714285714286 0.4232233502538071 0.011428571428571429 0.031725888324873094
0 0.6932142857142857 0.40164974619289334 0.012142857142857143 0.031725888324873094
0 0.6996428571428571 0.12055837563451775 0.007857142857142858 0.027918781725888322
0 0.7453571428571428 0.16434010152284262 0.0064285714285714285 0.03426395939086294
0 0.7517857142857143 0.16687817258883247 0.0064285714285714285 0.03426395939086294
0 0.7589285714285714 0.17005076142131978 0.005 0.035532994923857864
1 0.6853571428571429 0.10913705583756345 0.007857142857142858 0.015228426395939085
1 0.6757142857142857 0.10723350253807105 0.008571428571428572 0.019035532994923856
1 0.6671428571428571 0.11040609137055837 0.007142857142857143 0.02030456852791878
1 0.6275 0.10977157360406091 0.0064285714285714285 0.021573604060913704
1 0.6589285714285714 0.11167512690355329 0.009285714285714286 0.017766497461928932
0 0.7467857142857143 0.07677664974619289 0.0064285714285714285 0.026649746192893398
0 0.7525 0.07931472081218273 0.007857142857142858 0.031725888324873094
1 0.6178571428571429 0.17258883248730963 0.008571428571428572 0.03045685279187817
1 0.6171428571428571 0.10723350253807105 0.005714285714285714 0.019035532994923856
1 0.465 0.7252538071065989 0.011428571428571429 0.024111675126903553
1 0.4625 0.9295685279187816 0.016428571428571428 0.026649746192893398
1 0.46285714285714286 0.9175126903553299 0.008571428571428572 0.02284263959390863
0 0.7203571428571428 0.05456852791878172 0.0064285714285714285 0.03045685279187817
1 0.7171428571428572 0.041243654822335024 0.007142857142857143 0.016497461928934008
