3 0.44575000000000004 0.8793333333333333 0.0815 0.22933333333333333
3 0.445 0.6863333333333334 0.061 0.13799999999999998
3 0.43425 0.5506666666666666 0.0475 0.092
3 0.42525 0.4663333333333333 0.0385 0.06733333333333333
3 0.421 0.321 0.029 0.041999999999999996
3 0.41825 0.15 0.0155 0.021333333333333333
3 0.4175 0.122 0.013000000000000001 0.018666666666666665
3 0.463 0.11566666666666667 0.013000000000000001 0.016666666666666666
3 0.4165 0.10233333333333333 0.011 0.014
3 0.41600000000000004 0.08766666666666667 0.009000000000000001 0.01
4 0.43075 0.077 0.0085 0.012666666666666666
3 0.43975000000000003 0.041999999999999996 0.0055 0.006666666666666666
3 0.41875 0.033999999999999996 0.0055 0.005333333333333333
4 0.45375 0.065 0.0075 0.011333333333333332
3 0.5295 0.16066666666666665 0.035 0.018666666666666665
3 0.5942500000000001 0.13966666666666666 0.0165 0.015333333333333332
3 0.53925 0.11699999999999999 0.0135 0.015333333333333332
3 0.56 0.10833333333333332 0.01 0.012666666666666666
3 0.65375 0.14666666666666667 0.0185 0.018666666666666665
3 0.7165 0.22166666666666665 0.031 0.02733333333333333
3 0.684 0.23566666666666666 0.025 0.024666666666666667
3 0.9 0.30066666666666664 0.056 0.04
3 0.9695 0.349 0.061 0.04733333333333333
3 0.969 0.4683333333333333 0.062 0.057999999999999996
4 0.9745 0.692 0.051000000000000004 0.08933333333333333
3 0.43 0.407 0.048 0.056666666666666664
3 0.4215 0.2886666666666667 0.027 0.036
3 0.42175 0.2663333333333333 0.0235 0.03266666666666666
3 0.422 0.13866666666666666 0.014 0.016
3 0.4165 0.081 0.008 0.008666666666666666
3 0.4165 0.07533333333333334 0.008 0.009333333333333332
3 0.41675 0.071 0.0085 0.008666666666666666
3 0.41625 0.065 0.0075 0.008666666666666666
3 0.41625 0.062 0.0075 0.008
3 0.4165 0.058666666666666666 0.007 0.008
3 0.41625 0.056666666666666664 0.0075 0.006666666666666666
3 0.41625 0.054 0.006500000000000001 0.008
3 0.4165 0.049666666666666665 0.006 0.008666666666666666
3 0.427 0.030666666666666665 0.005 0.005333333333333333
3 0.41625 0.03266666666666666 0.0045000000000000005 0.005333333333333333
3 0.41575 0.028 0.0045000000000000005 0.005333333333333333
3 0.461 0.033 0.004 0.006
3 0.48 0.028999999999999998 0.004 0.004666666666666666
3 0.48275 0.03166666666666666 0.0045000000000000005 0.004666666666666666
3 0.48175 0.04033333333333333 0.0045000000000000005 0.006
3 0.48975 0.036333333333333336 0.0055 0.006
3 0.4855 0.035333333333333335 0.005 0.005333333333333333
3 0.485 0.055 0.007 0.007333333333333333
3 0.49225 0.06033333333333333 0.0075 0.008666666666666666
3 0.48775 0.06766666666666667 0.0075 0.008666666666666666
3 0.49 0.07333333333333333 0.007 0.008
3 0.4995 0.04433333333333333 0.007 0.006
0 0.49475 0.054 0.0025 0.008
0 0.509 0.05733333333333333 0.002 0.008
0 0.5065000000000001 0.05733333333333333 0.002 0.008
1 0.50875 0.063 0.0035 0.004666666666666666
1 0.50525 0.049666666666666665 0.0025 0.004666666666666666
1 0.50225 0.05366666666666667 0.0025 0.007333333333333333
9 0.50525 0.051666666666666666 0.0025 0.006
9 0.502 0.057666666666666665 0.003 0.007333333333333333
9 0.50825 0.06466666666666666 0.0035 0.005333333333333333
9 0.532 0.09733333333333333 0.004 0.008
9 0.53125 0.08566666666666667 0.0025 0.007333333333333333
0 0.5315 0.08333333333333333 0.003 0.006666666666666666
0 0.532 0.095 0.003 0.008666666666666666
0 0.51625 0.051333333333333335 0.0025 0.008
0 0.5315 0.06033333333333333 0.002 0.008666666666666666
0 0.5337500000000001 0.06 0.0025 0.008
3 0.51175 0.05433333333333333 0.0085 0.006
3 0.5135 0.056 0.007 0.006666666666666666
3 0.51575 0.058666666666666666 0.0085 0.006666666666666666
3 0.522 0.06433333333333333 0.01 0.008666666666666666
3 0.5275 0.067 0.008 0.01
3 0.529 0.06833333333333333 0.008 0.008666666666666666
3 0.53325 0.07066666666666667 0.0105 0.005333333333333333
3 0.53 0.07466666666666666 0.009000000000000001 0.008
3 0.5327500000000001 0.07633333333333334 0.0085 0.008666666666666666
4 0.5415 0.07633333333333334 0.009000000000000001 0.01
3 0.5465 0.08366666666666667 0.015 0.01
3 0.554 0.08933333333333333 0.01 0.010666666666666666
3 0.5595 0.09733333333333333 0.016 0.012
0 0.5655 0.09133333333333334 0.003 0.013333333333333332
0 0.56325 0.082 0.0025 0.010666666666666666
3 0.5815 0.09133333333333334 0.023 0.012
3 0.5795 0.09466666666666666 0.02 0.012
3 0.5690000000000001 0.10366666666666666 0.012 0.011333333333333332
3 0.586 0.11133333333333333 0.018000000000000002 0.013333333333333332
4 0.57825 0.10633333333333334 0.0115 0.012666666666666666
3 0.5875 0.11866666666666666 0.018000000000000002 0.012
4 0.5845 0.12333333333333332 0.022 0.016
3 0.5945 0.12733333333333333 0.02 0.012
3 0.603 0.13266666666666665 0.017 0.014666666666666666
3 0.61425 0.142 0.0165 0.014666666666666666
3 0.6235 0.147 0.025 0.018
9 0.63975 0.14966666666666667 0.0105 0.015333333333333332
0 0.6375000000000001 0.16666666666666666 0.007 0.016
0 0.65725 0.16699999999999998 0.0035 0.016666666666666666
3 0.64525 0.16699999999999998 0.0175 0.020666666666666667
0 0.6667500000000001 0.147 0.0045000000000000005 0.016666666666666666
4 0.674 0.177 0.042 0.028666666666666667
4 0.713 0.17366666666666666 0.024 0.028666666666666667
0 0.71425 0.19066666666666665 0.0055 0.021333333333333333
0 0.71825 0.19133333333333333 0.0045000000000000005 0.018666666666666665
4 0.75725 0.181 0.0335 0.026
4 0.792 0.18066666666666667 0.035 0.024
4 0.8300000000000001 0.18233333333333332 0.037 0.022
4 0.83725 0.20066666666666666 0.0455 0.028
4 0.79325 0.22699999999999998 0.0425 0.028666666666666667
4 0.789 0.20166666666666666 0.041 0.02733333333333333
4 0.81475 0.17233333333333334 0.025500000000000002 0.024666666666666667
4 0.84225 0.177 0.0265 0.024666666666666667
4 0.86825 0.18033333333333332 0.0305 0.026
4 0.88925 0.17966666666666667 0.0235 0.02333333333333333
4 0.86075 0.16833333333333333 0.0235 0.018
4 0.88125 0.16666666666666666 0.0245 0.02
4 0.9085 0.17866666666666667 0.027 0.024
4 0.936 0.17866666666666667 0.036000000000000004 0.026666666666666665
4 0.9295 0.17033333333333334 0.026000000000000002 0.020666666666666667
5 0.9745 0.16866666666666666 0.045 0.030666666666666665
3 0.9915 0.17266666666666666 0.017 0.018666666666666665
5 0.9655 0.19766666666666666 0.06 0.038
5 0.9065 0.20733333333333331 0.066 0.029333333333333333
2 0.9045 0.24866666666666665 0.019 0.016
3 0.863 0.20299999999999999 0.032 0.019333333333333334
3 0.807 0.20266666666666666 0.033 0.022666666666666665
3 0.78525 0.22033333333333333 0.0535 0.024666666666666667
5 0.77225 0.16166666666666665 0.0555 0.04066666666666666
3 0.81125 0.24366666666666667 0.0475 0.022
3 0.8165 0.258 0.051000000000000004 0.029333333333333333
3 0.837 0.27066666666666667 0.055 0.028
4 0.87025 0.2783333333333333 0.0645 0.035333333333333335
3 0.93925 0.33066666666666666 0.0505 0.03866666666666667
3 0.9635 0.41633333333333333 0.073 0.05266666666666667
9 0.51975 0.566 0.0135 0.04
1 0.51975 0.5473333333333333 0.0155 0.03866666666666667
3 0.5665 0.22533333333333333 0.031 0.032
4 0.52475 0.14533333333333334 0.0365 0.022666666666666665
3 0.5195 0.112 0.013000000000000001 0.012
3 0.55 0.11399999999999999 0.013000000000000001 0.013333333333333332
3 0.54775 0.04133333333333333 0.0125 0.006666666666666666
3 0.54625 0.03866666666666667 0.0135 0.006666666666666666
3 0.546 0.03766666666666667 0.014 0.007333333333333333
3 0.53825 0.03266666666666666 0.0105 0.005333333333333333
3 0.5525 0.033 0.01 0.006
3 0.57575 0.03966666666666666 0.0125 0.006
4 0.58 0.053 0.014 0.007333333333333333
0 0.558 0.043333333333333335 0.002 0.008
5 0.56825 0.04533333333333333 0.0075 0.010666666666666666
4 0.55225 0.064 0.0155 0.009333333333333332
4 0.55825 0.06533333333333333 0.0175 0.012
3 0.56025 0.06999999999999999 0.0165 0.008
3 0.5650000000000001 0.07066666666666667 0.019 0.010666666666666666
3 0.5665 0.074 0.018000000000000002 0.009333333333333332
3 0.5815 0.06999999999999999 0.012 0.009333333333333332
4 0.578 0.07966666666666666 0.018000000000000002 0.01
4 0.581 0.08133333333333333 0.019 0.012
4 0.5845 0.08233333333333333 0.02 0.011333333333333332
4 0.58925 0.08466666666666667 0.0205 0.010666666666666666
4 0.59175 0.086 0.0185 0.012
4 0.6062500000000001 0.07233333333333333 0.0195 0.014
0 0.4435 0.2603333333333333 0.008 0.02733333333333333
0 0.447 0.31033333333333335 0.01 0.03
0 0.47475 0.2876666666666667 0.0115 0.03
0 0.47950000000000004 0.27666666666666667 0.006 0.028
0 0.46825 0.27366666666666667 0.0075 0.028666666666666667
1 0.5 0.15466666666666667 0.005 0.012
9 0.5 0.16033333333333333 0.005 0.011333333333333332
0 0.39925 0.08266666666666667 0.0035 0.010666666666666666
0 0.403 0.08166666666666667 0.003 0.011333333333333332
0 0.806 0.27 0.009000000000000001 0.029333333333333333
4 0.339 0.05533333333333333 0.008 0.010666666666666666
