3 0.1742857142857143 0.8257142857142857 0.20857142857142857 0.10285714285714286
3 0.07107142857142858 0.7176190476190476 0.14214285714285715 0.08857142857142856
3 0.06607142857142857 0.6061904761904762 0.13214285714285715 0.07523809523809524
3 0.26107142857142857 0.530952380952381 0.11785714285714285 0.058095238095238096
3 0.4307142857142857 0.6304761904761905 0.14142857142857143 0.0838095238095238
3 0.45107142857142857 0.7057142857142857 0.17214285714285715 0.09714285714285714
3 0.7546428571428572 0.7380952380952381 0.19071428571428573 0.09904761904761905
3 0.6939285714285715 0.48904761904761906 0.12928571428571428 0.06952380952380953
3 0.8035714285714286 0.3523809523809524 0.09857142857142857 0.05714285714285714
7 0.67 0.3519047619047619 0.06714285714285714 0.06
3 0.29714285714285715 0.3585714285714286 0.06571428571428571 0.05619047619047619
3 0.05785714285714286 0.37142857142857144 0.10142857142857142 0.05904761904761905
3 0.01607142857142857 0.4085714285714286 0.027857142857142858 0.05142857142857143
3 0.03142857142857143 0.3080952380952381 0.03857142857142857 0.04285714285714286
3 0.08142857142857143 0.30142857142857143 0.03857142857142857 0.04476190476190476
3 0.16607142857142856 0.27904761904761904 0.04214285714285714 0.0419047619047619
3 0.19785714285714287 0.2642857142857143 0.041428571428571426 0.035238095238095235
3 0.22428571428571428 0.24333333333333335 0.06285714285714286 0.039047619047619046
3 0.24321428571428572 0.23095238095238096 0.055 0.03142857142857143
3 0.2417857142857143 0.20904761904761904 0.05071428571428571 0.023809523809523808
3 0.25785714285714284 0.20095238095238097 0.04285714285714286 0.02857142857142857
3 0.26285714285714284 0.1838095238095238 0.045714285714285714 0.022857142857142857
3 0.27214285714285713 0.16904761904761906 0.03571428571428571 0.02
3 0.2807142857142857 0.16428571428571428 0.037142857142857144 0.025714285714285714
3 0.2864285714285714 0.15428571428571428 0.032857142857142856 0.02095238095238095
3 0.3271428571428571 0.24047619047619048 0.02857142857142857 0.039047619047619046
3 0.3092857142857143 0.27666666666666667 0.03 0.058095238095238096
0 0.2925 0.23095238095238096 0.015 0.03333333333333333
0 0.445 0.37952380952380954 0.011428571428571429 0.037142857142857144
9 0.49642857142857144 0.3385714285714286 0.018571428571428572 0.037142857142857144
9 0.5528571428571428 0.3580952380952381 0.012857142857142857 0.04
9 0.5675 0.33380952380952383 0.012142857142857143 0.04666666666666667
0 0.8792857142857143 0.2985714285714286 0.014285714285714285 0.029523809523809525
3 0.9271428571428572 0.24142857142857144 0.047142857142857146 0.037142857142857144
3 0.535 0.07476190476190477 0.012857142857142857 0.018095238095238095
3 0.41928571428571426 0.13523809523809524 0.012857142857142857 0.01904761904761905
0 0.4089285714285714 0.11761904761904762 0.009285714285714286 0.02
0 0.3992857142857143 0.07047619047619047 0.004285714285714286 0.02095238095238095
0 0.40464285714285714 0.07238095238095238 0.005 0.017142857142857144
9 0.6303571428571428 0.15904761904761905 0.012142857142857143 0.024761904761904763
5 0.8692857142857143 0.25523809523809526 0.06571428571428571 0.07238095238095238
4 0.9735714285714285 0.22285714285714286 0.04 0.0419047619047619
4 0.9703571428571428 0.38095238095238093 0.05928571428571429 0.06095238095238095
4 0.11 0.4061904761904762 0.07857142857142857 0.06761904761904762
4 0.12678571428571428 0.2857142857142857 0.060714285714285714 0.05142857142857143
3 0.4185714285714286 0.22857142857142856 0.02142857142857143 0.02857142857142857
0 0.41785714285714287 0.23666666666666666 0.01 0.03142857142857143
8 0.5914285714285714 0.11333333333333333 0.03857142857142857 0.05142857142857143
3 0.4878571428571429 0.03 0.007142857142857143 0.010476190476190476
3 0.48214285714285715 0.02 0.005714285714285714 0.005714285714285714
1 0.5675 0.33476190476190476 0.012142857142857143 0.04285714285714286
1 0.5521428571428572 0.3538095238095238 0.011428571428571429 0.03142857142857143
1 0.4742857142857143 0.3242857142857143 0.012857142857142857 0.035238095238095235
1 0.4967857142857143 0.3385714285714286 0.010714285714285714 0.035238095238095235
2 0.4732142857142857 0.33095238095238094 0.02642857142857143 0.03142857142857143
1 0.6314285714285715 0.15666666666666668 0.007142857142857143 0.01619047619047619
