5 0.14 0.08248730964467005 0.02142857142857143 0.04568527918781726
5 0.1725 0.07170050761421319 0.02214285714285714 0.05964467005076142
4 0.14464285714285716 0.2715736040609137 0.013571428571428571 0.03045685279187817
3 0.16035714285714286 0.19987309644670048 0.009285714285714286 0.024111675126903553
3 0.12678571428571428 0.36738578680203043 0.012142857142857143 0.031725888324873094
3 0.11535714285714285 0.26776649746192893 0.012142857142857143 0.027918781725888322
3 0.2057142857142857 0.21319796954314718 0.01 0.03045685279187817
3 0.2092857142857143 0.13451776649746192 0.007142857142857143 0.03045685279187817
3 0.325 0.4416243654822335 0.01 0.032994923857868015
5 0.06 0.516497461928934 0.02 0.050761421319796954
4 0.052142857142857144 0.49048223350253806 0.014285714285714285 0.03426395939086294
3 0.3539285714285714 0.4092639593908629 0.009285714285714286 0.03426395939086294
3 0.07535714285714286 0.6611675126903552 0.012142857142857143 0.035532994923857864
3 0.05785714285714286 0.7785532994923857 0.012857142857142857 0.03934010152284264
3 0.08392857142857142 0.7607868020304568 0.012142857142857143 0.04441624365482233
3 0.18357142857142858 0.8946700507614213 0.017142857142857144 0.02284263959390863
5 0.03428571428571429 0.8426395939086294 0.024285714285714285 0.07360406091370558
4 0.029642857142857144 0.6230964467005076 0.015 0.03807106598984771
4 0.365 0.6802030456852791 0.012857142857142857 0.035532994923857864
4 0.41964285714285715 0.6357868020304568 0.013571428571428571 0.032994923857868015
4 0.45785714285714285 0.758248730964467 0.012857142857142857 0.031725888324873094
4 0.42928571428571427 0.641497461928934 0.01 0.029187817258883246
4 0.4957142857142857 0.6916243654822335 0.011428571428571429 0.035532994923857864
4 0.5057142857142857 0.7011421319796953 0.01 0.03426395939086294
4 0.45607142857142857 0.6662436548223349 0.012142857142857143 0.032994923857868015
4 0.16071428571428573 0.9549492385786801 0.014285714285714285 0.03934010152284264
4 0.1707142857142857 0.8420050761421319 0.014285714285714285 0.03934010152284264
4 0.26607142857142857 0.91497461928934 0.012142857142857143 0.032994923857868015
4 0.24535714285714286 0.9016497461928933 0.013571428571428571 0.031725888324873094
4 0.255 0.9092639593908629 0.015714285714285715 0.03680203045685279
4 0.24714285714285714 0.8515228426395939 0.012857142857142857 0.03045685279187817
4 0.20107142857142857 0.8172588832487309 0.017857142857142856 0.035532994923857864
3 0.19214285714285714 0.8083756345177664 0.011428571428571429 0.027918781725888322
3 0.18285714285714286 0.7988578680203045 0.015714285714285715 0.03426395939086294
3 0.18714285714285714 0.8604060913705583 0.015714285714285715 0.03807106598984771
3 0.1982142857142857 0.8635786802030456 0.015 0.03680203045685279
3 0.1792857142857143 0.8464467005076142 0.011428571428571429 0.03045685279187817
3 0.22678571428571428 0.8883248730964466 0.015 0.03807106598984771
3 0.23464285714285715 0.8946700507614213 0.012142857142857143 0.035532994923857864
3 0.23857142857142857 0.8432741116751269 0.014285714285714285 0.03426395939086294
3 0.17142857142857143 0.9606598984771573 0.014285714285714285 0.03807106598984771
3 0.18178571428571427 0.9651015228426395 0.013571428571428571 0.031725888324873094
3 0.19071428571428573 0.9790609137055837 0.014285714285714285 0.03934010152284264
3 0.39964285714285713 0.7576142131979695 0.013571428571428571 0.032994923857868015
3 0.4307142857142857 0.7798223350253807 0.012857142857142857 0.03426395939086294
3 0.4392857142857143 0.7880710659898477 0.012857142857142857 0.035532994923857864
3 0.4760714285714286 0.6757614213197969 0.013571428571428571 0.03680203045685279
3 0.4860714285714286 0.6840101522842639 0.010714285714285714 0.032994923857868015
3 0.4471428571428571 0.656725888324873 0.014285714285714285 0.03426395939086294
3 0.43785714285714283 0.6522842639593908 0.011428571428571429 0.03045685279187817
3 0.275 0.9225888324873096 0.015714285714285715 0.03807106598984771
3 0.20035714285714284 0.9809644670050761 0.013571428571428571 0.03045685279187817
9 0.285 0.9010152284263959 0.01 0.01015228426395939
9 0.2875 0.8927664974619288 0.009285714285714286 0.011421319796954314
9 0.2910714285714286 0.8756345177664974 0.010714285714285714 0.015228426395939085
9 0.28964285714285715 0.8876903553299492 0.012142857142857143 0.011421319796954314
9 0.15607142857142858 0.8426395939086294 0.007857142857142858 0.017766497461928932
9 0.43214285714285716 0.8451776649746192 0.004285714285714286 0.015228426395939085
9 0.42678571428571427 0.8458121827411167 0.0035714285714285713 0.013959390862944161
9 0.42178571428571426 0.840736040609137 0.005 0.016497461928934008
9 0.40714285714285714 0.8261421319796953 0.005714285714285714 0.017766497461928932
9 0.38857142857142857 0.8147208121827411 0.004285714285714286 0.017766497461928932
9 0.37785714285714284 0.8071065989847716 0.008571428571428572 0.012690355329949238
9 0.3657142857142857 0.8052030456852791 0.005714285714285714 0.019035532994923856
9 0.3610714285714286 0.7944162436548222 0.009285714285714286 0.012690355329949238
9 0.3532142857142857 0.7848984771573604 0.009285714285714286 0.011421319796954314
4 0.5171428571428571 0.9708121827411167 0.012857142857142857 0.04060913705583756
4 0.5189285714285714 0.7195431472081217 0.010714285714285714 0.035532994923857864
3 0.5278571428571428 0.7315989847715736 0.011428571428571429 0.026649746192893398
5 0.5285714285714286 0.4416243654822335 0.012857142857142857 0.03807106598984771
3 0.7171428571428572 0.5539340101522843 0.01 0.026649746192893398
3 0.7503571428571428 0.2975888324873096 0.012142857142857143 0.031725888324873094
3 0.7828571428571428 0.5412436548223349 0.011428571428571429 0.031725888324873094
4 0.8435714285714285 0.748730964467005 0.022857142857142857 0.02284263959390863
4 0.9071428571428571 0.8483502538071065 0.02142857142857143 0.021573604060913704
4 0.9196428571428571 0.7944162436548222 0.02214285714285714 0.02284263959390863
4 0.8996428571428572 0.9022842639593908 0.020714285714285713 0.02284263959390863
3 0.8975 0.9257614213197969 0.019285714285714285 0.019035532994923856
3 0.8928571428571429 0.9524111675126903 0.022857142857142857 0.026649746192893398
3 0.8285714285714286 0.8020304568527918 0.015714285714285715 0.017766497461928932
4 0.8260714285714286 0.825507614213198 0.017857142857142856 0.024111675126903553
4 0.8235714285714286 0.8496192893401014 0.018571428571428572 0.021573604060913704
4 0.8032142857142857 0.9549492385786801 0.016428571428571428 0.024111675126903553
4 0.805 0.9771573604060912 0.018571428571428572 0.02030456852791878
