5 0.5443632567849687 0.698051948051948 0.11482254697286011 0.12523191094619665
3 0.6461377870563674 0.5700371057513914 0.04279749478079332 0.05102040816326531
3 0.6612734864300626 0.8858998144712431 0.06054279749478079 0.07606679035250465
3 0.7205114822546972 0.9192949907235621 0.07359081419624217 0.0927643784786642
3 0.7283402922755741 0.8371985157699443 0.07045929018789143 0.075139146567718
5 0.8924843423799581 0.48840445269016697 0.09185803757828809 0.08812615955473098
3 0.10151356993736951 0.21846011131725418 0.017223382045929016 0.0176252319109462
3 0.17693110647181626 0.18692022263450836 0.016701461377870562 0.0176252319109462
5 0.21920668058455112 0.15166975881261596 0.022964509394572022 0.026901669758812616
0 0.24660751565762 0.1790352504638219 0.0036534446764091852 0.012987012987012988
5 0.27453027139874736 0.09554730983302412 0.024008350730688934 0.0352504638218924
4 0.4261482254697286 0.11734693877551021 0.0057411273486430055 0.013914656771799629
4 0.418580375782881 0.1062152133580705 0.006263048016701461 0.012059369202226345
5 0.4055323590814196 0.09972170686456401 0.010438413361169102 0.021335807050092765
7 0.41910229645093944 0.1345083487940631 0.006263048016701461 0.011131725417439703
5 0.4010960334029227 0.14888682745825604 0.014091858037578286 0.013914656771799629
7 0.39065762004175364 0.14749536178107606 0.009916492693110646 0.014842300556586271
4 0.38074112734864296 0.150278293135436 0.010960334029227557 0.014842300556586271
3 0.37291231732776614 0.15352504638218925 0.015135699373695197 0.013914656771799629
3 0.3640396659707724 0.15769944341372913 0.010960334029227557 0.012987012987012988
3 0.383089770354906 0.16094619666048238 0.01774530271398747 0.012059369202226345
5 0.6286534446764092 0.10807050092764378 0.03183716075156576 0.02319109461966605
5 0.6184759916492693 0.10111317254174397 0.027139874739039664 0.022263450834879406
5 0.638830897703549 0.11641929499072357 0.04175365344467641 0.026901669758812616
5 0.6717118997912317 0.1280148423005566 0.031315240083507306 0.020408163265306124
5 0.6946764091858036 0.14007421150278293 0.025052192066805843 0.01855287569573284
5 0.6902400835073068 0.10714285714285715 0.04123173277661795 0.0287569573283859
5 0.6437891440501043 0.07792207792207792 0.0360125260960334 0.025974025974025976
5 0.6524008350730688 0.07606679035250465 0.028183716075156573 0.025974025974025976
5 0.6584029227557411 0.07653061224489796 0.023486430062630476 0.026901669758812616
5 0.667536534446764 0.07421150278293136 0.027139874739039664 0.020408163265306124
5 0.6988517745302714 0.0927643784786642 0.04070981210855949 0.022263450834879406
5 0.705375782881002 0.09230055658627087 0.04227557411273486 0.01948051948051948
5 0.7304279749478079 0.08441558441558442 0.04331941544885177 0.027829313543599257
5 0.7184237995824634 0.06539888682745826 0.03810020876826722 0.021335807050092765
5 0.725991649269311 0.11781076066790352 0.030271398747390394 0.027829313543599257
5 0.7351252609603339 0.11178107606679036 0.03810020876826722 0.0287569573283859
9 0.9572025052192066 0.21150278293135436 0.010438413361169102 0.00927643784786642
7 0.9355427974947808 0.22959183673469388 0.01826722338204593 0.02319109461966605
9 0.9545929018789143 0.2662337662337662 0.012526096033402922 0.012987012987012988
9 0.9219728601252609 0.23330241187384046 0.009916492693110646 0.012059369202226345
9 0.8836116910229644 0.23330241187384046 0.006263048016701461 0.010204081632653062
9 0.8943110647181628 0.24165120593692022 0.007828810020876827 0.010204081632653062
6 0.8940501043841336 0.23608534322820038 0.015657620041753653 0.013914656771799629
3 0.8752609603340291 0.24582560296846012 0.022964509394572022 0.016697588126159554
3 0.8679540709812108 0.25 0.020876826722338204 0.01948051948051948
3 0.8588204592901878 0.25463821892393323 0.02139874739039666 0.01948051948051948
0 0.8308977035490605 0.25834879406307976 0.0041753653444676405 0.013914656771799629
0 0.8050626304801669 0.25510204081632654 0.004697286012526096 0.016697588126159554
3 0.7398225469728601 0.29684601113172543 0.02766179540709812 0.020408163265306124
3 0.6711899791231732 0.33534322820037105 0.029227557411273482 0.02504638218923933
6 0.6719728601252609 0.3042671614100186 0.013048016701461376 0.00927643784786642
9 0.6565762004175365 0.300556586270872 0.008350730688935281 0.011131725417439703
0 0.6915448851774529 0.28710575139146566 0.0041753653444676405 0.015769944341372914
9 0.7142484342379958 0.2884972170686456 0.0057411273486430055 0.00927643784786642
6 0.775313152400835 0.36038961038961037 0.012004175365344467 0.015769944341372914
1 0.7768789144050103 0.3557513914656772 0.006784968684759916 0.013914656771799629
5 0.6088204592901878 0.44944341372912805 0.06002087682672233 0.05287569573283859
5 0.5707202505219207 0.4179035250463822 0.0464509394572025 0.036178107606679034
1 0.5811586638830897 0.4267161410018553 0.004697286012526096 0.01855287569573284
2 0.5801148225469728 0.4318181818181818 0.012004175365344467 0.015769944341372914
9 0.5409707724425886 0.41280148423005564 0.013048016701461376 0.016697588126159554
5 0.5180062630480167 0.4359925788497217 0.05271398747390396 0.04267161410018553
5 0.41910229645093944 0.5380333951762524 0.08977035490605427 0.0705009276437848
5 0.3405532359081419 0.48283858998144713 0.03079331941544885 0.08070500927643785
5 0.29201461377870563 0.4972170686456401 0.04540709812108559 0.10018552875695733
0 0.36221294363256784 0.5088126159554731 0.006263048016701461 0.0287569573283859
0 0.3661273486430062 0.5037105751391465 0.006784968684759916 0.027829313543599257
0 0.3528183716075156 0.5658627087198516 0.0073068893528183704 0.029684601113172542
5 0.22625260960334026 0.5255102040816326 0.07045929018789143 0.11224489795918367
5 0.16231732776617952 0.5602968460111317 0.029227557411273482 0.07792207792207792
5 0.1270876826722338 0.5538033395176253 0.05480167014613778 0.10204081632653061
5 0.08794363256784968 0.5774582560296846 0.056889352818371604 0.12337662337662338
5 0.2719206680584551 0.575139146567718 0.05427974947807933 0.03896103896103896
5 0.2946242171189979 0.6015769944341373 0.10594989561586637 0.08998144712430427
1 0.6372651356993736 0.4044526901669759 0.008350730688935281 0.020408163265306124
9 0.6359603340292275 0.4109461966604824 0.012004175365344467 0.014842300556586271
