3 0.40785714285714286 0.28095238095238095 0.06428571428571428 0.06095238095238095
3 0.45821428571428574 0.21761904761904763 0.052142857142857144 0.06
3 0.5196428571428572 0.3047619047619048 0.065 0.06857142857142857
3 0.4907142857142857 0.1819047619047619 0.047142857142857146 0.049523809523809526
4 0.5410714285714285 0.2604761904761905 0.07071428571428572 0.054285714285714284
3 0.5678571428571428 0.23285714285714285 0.06142857142857143 0.04857142857142857
3 0.6028571428571429 0.19047619047619047 0.07 0.045714285714285714
3 0.6375 0.1619047619047619 0.06642857142857143 0.04
3 0.655 0.13047619047619047 0.06285714285714286 0.0380952380952381
3 0.6657142857142857 0.11666666666666667 0.047142857142857146 0.03333333333333333
3 0.6796428571428571 0.10428571428571429 0.05785714285714286 0.040952380952380955
3 0.6675 0.07857142857142857 0.056428571428571425 0.035238095238095235
4 0.6778571428571428 0.05047619047619047 0.047142857142857146 0.030476190476190476
3 0.5296428571428572 0.13523809523809524 0.03785714285714286 0.045714285714285714
3 0.45821428571428574 0.14476190476190476 0.035 0.04380952380952381
3 0.4857142857142857 0.11190476190476191 0.041428571428571426 0.039047619047619046
3 0.39357142857142857 0.20952380952380953 0.05285714285714286 0.05523809523809524
3 0.5032142857142857 0.07142857142857142 0.03642857142857143 0.03428571428571429
3 0.5417857142857143 0.05523809523809524 0.029285714285714286 0.030476190476190476
3 0.5796428571428571 0.062380952380952384 0.029285714285714286 0.04285714285714286
3 0.6032142857142857 0.03761904761904762 0.027857142857142858 0.039047619047619046
3 0.6232142857142857 0.018571428571428572 0.027857142857142858 0.02761904761904762
3 0.57 0.029047619047619048 0.02857142857142857 0.03142857142857143
3 0.23892857142857143 0.05 0.039285714285714285 0.04476190476190476
3 0.2910714285714286 0.029523809523809525 0.02214285714285714 0.04
3 0.15178571428571427 0.10380952380952381 0.03214285714285714 0.045714285714285714
0 0.27 0.05380952380952381 0.01 0.03333333333333333
0 0.4132142857142857 0.37285714285714283 0.016428571428571428 0.04666666666666667
0 0.35678571428571426 0.3380952380952381 0.017857142857142856 0.045714285714285714
0 0.33071428571428574 0.43523809523809526 0.018571428571428572 0.045714285714285714
0 0.525 0.3523809523809524 0.017142857142857144 0.0380952380952381
0 0.6325 0.690952380952381 0.017857142857142856 0.054285714285714284
0 0.6425 0.6361904761904762 0.019285714285714285 0.05333333333333333
0 0.6357142857142857 0.5519047619047619 0.018571428571428572 0.05238095238095238
0 0.585 0.5947619047619047 0.015714285714285715 0.05238095238095238
0 0.49607142857142855 0.6671428571428571 0.017857142857142856 0.05619047619047619
0 0.4592857142857143 0.7066666666666667 0.02 0.045714285714285714
0 0.5996428571428571 0.8138095238095238 0.03214285714285714 0.05047619047619047
0 0.3389285714285714 0.7376190476190476 0.02214285714285714 0.04857142857142857
0 0.5689285714285715 0.6504761904761904 0.017857142857142856 0.05333333333333333
0 0.7010714285714286 0.689047619047619 0.020714285714285713 0.058095238095238096
0 0.725 0.66 0.018571428571428572 0.05333333333333333
0 0.7632142857142857 0.6747619047619048 0.02214285714285714 0.04857142857142857
0 0.7403571428571428 0.731904761904762 0.02642857142857143 0.05047619047619047
0 0.5642857142857143 0.6271428571428571 0.015714285714285715 0.05047619047619047
0 0.33071428571428574 0.6871428571428572 0.02 0.04666666666666667
0 0.5378571428571428 0.5633333333333334 0.017142857142857144 0.04285714285714286
0 0.5435714285714286 0.5223809523809524 0.018571428571428572 0.040952380952380955
0 0.5875 0.4828571428571429 0.013571428571428571 0.045714285714285714
0 0.5925 0.46476190476190476 0.013571428571428571 0.045714285714285714
1 0.13964285714285715 0.6466666666666666 0.025 0.05142857142857143
1 0.28035714285714286 0.44857142857142857 0.02214285714285714 0.045714285714285714
2 0.1432142857142857 0.6614285714285715 0.056428571428571425 0.04666666666666667
9 0.18214285714285713 0.8561904761904762 0.047142857142857146 0.08761904761904762
9 0.4539285714285714 0.4166666666666667 0.039285714285714285 0.04857142857142857
0 0.45571428571428574 0.40285714285714286 0.014285714285714285 0.049523809523809526
3 0.21821428571428572 0.9328571428571428 0.1392857142857143 0.12857142857142856
3 0.905 0.9561904761904761 0.19 0.0838095238095238
2 0.6675 0.24952380952380954 0.030714285714285715 0.02857142857142857
2 0.6403571428571428 0.2833333333333333 0.029285714285714286 0.023809523809523808
