5 0.3578571428571429 0.7085714285714285 0.08571428571428572 0.18666666666666668
3 0.6814285714285714 0.7971428571428572 0.07857142857142857 0.13333333333333333
4 0.6596428571428572 0.6461904761904762 0.052142857142857144 0.1019047619047619
3 0.38607142857142857 0.539047619047619 0.04642857142857143 0.08190476190476191
3 0.40535714285714286 0.45380952380952383 0.039285714285714285 0.07142857142857142
3 0.6296428571428572 0.5271428571428571 0.07785714285714286 0.07904761904761905
3 0.40964285714285714 0.36714285714285716 0.035 0.06190476190476191
3 0.4185714285714286 0.30952380952380953 0.03428571428571429 0.06095238095238095
3 0.6010714285714286 0.38333333333333336 0.05928571428571429 0.05619047619047619
3 0.5957142857142858 0.34095238095238095 0.054285714285714284 0.05904761904761905
3 0.4317857142857143 0.2638095238095238 0.03642857142857143 0.045714285714285714
3 0.59 0.2985714285714286 0.04857142857142857 0.037142857142857144
3 0.42678571428571427 0.21904761904761905 0.039285714285714285 0.0380952380952381
3 0.4317857142857143 0.1880952380952381 0.02642857142857143 0.03333333333333333
3 0.4392857142857143 0.15571428571428572 0.027142857142857142 0.037142857142857144
4 0.4342857142857143 0.13476190476190475 0.047142857142857146 0.03142857142857143
3 0.4232142857142857 0.10761904761904761 0.045 0.026666666666666665
3 0.44571428571428573 0.09285714285714286 0.02 0.023809523809523808
3 0.4475 0.07428571428571429 0.016428571428571428 0.015238095238095238
3 0.45035714285714284 0.060476190476190475 0.013571428571428571 0.02
3 0.4525 0.04619047619047619 0.015 0.014285714285714285
3 0.45357142857142857 0.03333333333333333 0.014285714285714285 0.013333333333333332
3 0.42714285714285716 0.029523809523809525 0.015714285714285715 0.02095238095238095
3 0.45321428571428574 0.014285714285714285 0.027857142857142858 0.01904761904761905
3 0.5832142857142857 0.27285714285714285 0.056428571428571425 0.039047619047619046
3 0.5735714285714286 0.25 0.05857142857142857 0.03333333333333333
3 0.5689285714285715 0.22523809523809524 0.052142857142857144 0.029523809523809525
3 0.5728571428571428 0.20476190476190476 0.047142857142857146 0.02857142857142857
3 0.5628571428571428 0.19238095238095237 0.041428571428571426 0.02095238095238095
3 0.5625 0.17333333333333334 0.045 0.024761904761904763
3 0.5532142857142857 0.1523809523809524 0.04214285714285714 0.02095238095238095
3 0.5485714285714286 0.13857142857142857 0.041428571428571426 0.021904761904761906
3 0.5571428571428572 0.12571428571428572 0.047142857142857146 0.024761904761904763
3 0.5614285714285714 0.10380952380952381 0.041428571428571426 0.026666666666666665
3 0.5471428571428572 0.09619047619047619 0.04428571428571428 0.02095238095238095
3 0.6335714285714286 0.11904761904761904 0.055714285714285716 0.03238095238095238
3 0.5464285714285714 0.07761904761904762 0.03857142857142857 0.02
3 0.5425 0.060476190476190475 0.03642857142857143 0.021904761904761906
3 0.5435714285714286 0.05380952380952381 0.037142857142857144 0.02
3 0.5407142857142857 0.04285714285714286 0.03428571428571429 0.015238095238095238
4 0.5357142857142857 0.03190476190476191 0.041428571428571426 0.02761904761904762
3 0.5364285714285715 0.01619047619047619 0.032857142857142856 0.02095238095238095
3 0.535 0.010476190476190476 0.03142857142857143 0.01904761904761905
5 0.635 0.43047619047619046 0.06428571428571428 0.12
