4 0.025 0.13705583756345177 0.037142857142857144 0.055837563451776644
4 0.0125 0.3394670050761421 0.025 0.052030456852791875
4 0.0725 0.04885786802030456 0.039285714285714285 0.05710659898477157
3 0.19607142857142856 0.2563451776649746 0.03785714285714286 0.050761421319796954
3 0.2617857142857143 0.5520304568527918 0.03357142857142857 0.03807106598984771
8 0.3467857142857143 0.6903553299492385 0.095 0.06091370558375634
4 0.43642857142857144 0.4543147208121827 0.03571428571428571 0.04314720812182741
3 0.3982142857142857 0.3515228426395939 0.03214285714285714 0.04060913705583756
3 0.36428571428571427 0.18401015228426396 0.03571428571428571 0.053299492385786795
4 0.41892857142857143 0.18527918781725886 0.035 0.055837563451776644
3 0.5078571428571429 0.013959390862944161 0.02857142857142857 0.027918781725888322
4 0.5264285714285715 0.09835025380710659 0.027142857142857142 0.06472081218274112
3 0.5496428571428571 0.17258883248730963 0.017857142857142856 0.05837563451776649
4 0.6625 0.1763959390862944 0.03357142857142857 0.055837563451776644
4 0.6767857142857143 0.149746192893401 0.03357142857142857 0.053299492385786795
3 0.6953571428571429 0.12436548223350252 0.03214285714285714 0.050761421319796954
8 0.5625 0.315989847715736 0.075 0.10406091370558375
3 0.6857142857142857 0.46383248730964466 0.03428571428571429 0.04441624365482233
3 0.6589285714285714 0.5241116751269035 0.035 0.04314720812182741
5 0.7167857142857142 0.7956852791878172 0.05071428571428571 0.053299492385786795
3 0.7710714285714285 0.6180203045685279 0.03357142857142857 0.04060913705583756
4 0.8507142857142858 0.8794416243654821 0.03428571428571429 0.04060913705583756
4 0.9810714285714286 0.9181472081218274 0.03785714285714286 0.04187817258883248
4 0.9217857142857143 0.8362944162436547 0.03357142857142857 0.04314720812182741
3 0.9496428571428571 0.7417512690355329 0.03642857142857143 0.04695431472081218
3 0.8303571428571429 0.6637055837563451 0.03642857142857143 0.03807106598984771
4 0.8817857142857143 0.6928934010152283 0.039285714285714285 0.048223350253807105
8 0.9314285714285714 0.6770304568527918 0.09714285714285714 0.10025380710659898
9 0.7907142857142857 0.5590101522842639 0.012857142857142857 0.016497461928934008
1 0.7921428571428571 0.5621827411167513 0.005714285714285714 0.012690355329949238
3 0.9853571428571428 0.6288071065989848 0.025 0.04695431472081218
3 0.9403571428571429 0.5685279187817258 0.02214285714285714 0.050761421319796954
3 0.9217857142857143 0.549492385786802 0.025 0.048223350253807105
4 0.9603571428571429 0.5831218274111675 0.025 0.05456852791878172
5 0.8757142857142857 0.34010152284263956 0.06571428571428571 0.09898477157360405
5 0.7960714285714285 0.23413705583756345 0.08214285714285714 0.12309644670050761
4 0.7410714285714286 0.2982233502538071 0.03785714285714286 0.03045685279187817
4 0.7603571428571428 0.32868020304568524 0.039285714285714285 0.03045685279187817
4 0.7867857142857143 0.357233502538071 0.04071428571428572 0.029187817258883246
4 0.8082142857142857 0.3845177664974619 0.035 0.02284263959390863
4 0.8528571428571429 0.4416243654822335 0.03857142857142857 0.027918781725888322
3 0.8278571428571428 0.41243654822335024 0.03428571428571429 0.025380710659898477
