3 0.38607142857142857 0.9752380952380952 0.03214285714285714 0.049523809523809526
3 0.6278571428571429 0.8814285714285715 0.04428571428571428 0.06761904761904762
3 0.4107142857142857 0.7542857142857143 0.024285714285714285 0.05904761904761905
5 0.4014285714285714 0.8542857142857143 0.037142857142857144 0.11619047619047619
5 0.4325 0.5966666666666667 0.039285714285714285 0.16285714285714287
3 0.3417857142857143 0.4957142857142857 0.023571428571428573 0.02
3 0.43357142857142855 0.47904761904761906 0.015714285714285715 0.02857142857142857
3 0.4667857142857143 0.38333333333333336 0.013571428571428571 0.023809523809523808
3 0.4825 0.27714285714285714 0.009285714285714286 0.015238095238095238
5 0.49892857142857144 0.1719047619047619 0.0064285714285714285 0.012380952380952381
