3 0.29464285714285715 0.5 0.045 0.08952380952380952
3 0.3342857142857143 0.45285714285714285 0.04857142857142857 0.09238095238095238
3 0.23 0.2980952380952381 0.03428571428571429 0.06857142857142857
3 0.28 0.30428571428571427 0.037142857142857144 0.06571428571428571
3 0.2392857142857143 0.19095238095238096 0.032857142857142856 0.058095238095238096
3 0.15142857142857144 0.06523809523809523 0.03428571428571429 0.05047619047619047
3 0.23785714285714285 0.09095238095238095 0.024285714285714285 0.04285714285714286
3 0.44 0.6166666666666667 0.05285714285714286 0.1
3 0.4132142857142857 0.6861904761904762 0.05785714285714286 0.10761904761904761
3 0.40714285714285714 0.8747619047619047 0.06285714285714286 0.12666666666666668
3 0.5707142857142857 0.8319047619047619 0.06428571428571428 0.11714285714285715
3 0.015714285714285715 0.10809523809523809 0.03 0.023809523809523808
3 0.02035714285714286 0.13238095238095238 0.04071428571428572 0.022857142857142857
3 0.019642857142857142 0.15666666666666668 0.03642857142857143 0.023809523809523808
3 0.021785714285714287 0.18285714285714286 0.04214285714285714 0.02857142857142857
3 0.02 0.21142857142857144 0.037142857142857144 0.017142857142857144
3 0.021785714285714287 0.24476190476190476 0.04214285714285714 0.03238095238095238
3 0.029642857142857144 0.2842857142857143 0.056428571428571425 0.04285714285714286
3 0.0975 0.05619047619047619 0.030714285714285715 0.05142857142857143
3 0.10785714285714286 0.10857142857142857 0.032857142857142856 0.05142857142857143
3 0.12321428571428572 0.16476190476190475 0.03785714285714286 0.06095238095238095
3 0.1432142857142857 0.23714285714285716 0.03642857142857143 0.05523809523809524
7 0.15607142857142858 0.1895238095238095 0.02214285714285714 0.0419047619047619
3 0.15964285714285714 0.29285714285714287 0.03785714285714286 0.06380952380952382
3 0.2910714285714286 0.1738095238095238 0.035 0.054285714285714284
3 0.31607142857142856 0.23 0.039285714285714285 0.054285714285714284
3 0.18607142857142858 0.37857142857142856 0.04071428571428572 0.06761904761904762
3 0.24071428571428571 0.5433333333333333 0.05142857142857143 0.09047619047619047
3 0.04107142857142857 0.3980952380952381 0.075 0.06285714285714286
3 0.05785714285714286 0.44142857142857145 0.07285714285714286 0.06
3 0.08964285714285715 0.5214285714285715 0.065 0.05238095238095238
3 0.09821428571428571 0.5785714285714286 0.085 0.06952380952380953
3 0.11035714285714286 0.6214285714285714 0.07785714285714286 0.06952380952380953
3 0.17142857142857143 0.8928571428571429 0.09142857142857143 0.09428571428571429
3 0.17035714285714285 0.9671428571428572 0.10214285714285715 0.06190476190476191
3 0.32321428571428573 0.8738095238095238 0.05785714285714286 0.12285714285714286
9 0.25785714285714284 0.8347619047619048 0.03 0.01619047619047619
9 0.2867857142857143 0.9514285714285714 0.029285714285714286 0.022857142857142857
9 0.2517857142857143 0.8990476190476191 0.029285714285714286 0.022857142857142857
3 0.2092857142857143 0.4633333333333333 0.05285714285714286 0.06952380952380953
5 0.3382142857142857 0.014761904761904763 0.062142857142857146 0.02761904761904762
4 0.35892857142857143 0.06333333333333334 0.055 0.039047619047619046
3 0.37214285714285716 0.0838095238095238 0.054285714285714284 0.04380952380952381
3 0.3742857142857143 0.11333333333333333 0.05142857142857143 0.045714285714285714
3 0.4075 0.17047619047619048 0.05785714285714286 0.049523809523809526
3 0.42607142857142855 0.19523809523809524 0.05785714285714286 0.045714285714285714
3 0.4417857142857143 0.2280952380952381 0.062142857142857146 0.04857142857142857
3 0.4689285714285714 0.28476190476190477 0.062142857142857146 0.05333333333333333
3 0.4853571428571429 0.3109523809523809 0.05928571428571429 0.04666666666666667
3 0.5017857142857143 0.3457142857142857 0.07071428571428572 0.049523809523809526
3 0.5128571428571429 0.3838095238095238 0.06571428571428571 0.05904761904761905
3 0.5539285714285714 0.44047619047619047 0.062142857142857146 0.05619047619047619
4 0.35285714285714287 0.31666666666666665 0.037142857142857144 0.058095238095238096
9 0.3807142857142857 0.3080952380952381 0.007142857142857143 0.018095238095238095
9 0.39035714285714285 0.31952380952380954 0.0064285714285714285 0.018095238095238095
0 0.4017857142857143 0.3242857142857143 0.0035714285714285713 0.01619047619047619
9 0.36964285714285716 0.3557142857142857 0.025 0.02
3 0.3892857142857143 0.4042857142857143 0.045714285714285714 0.07714285714285714
3 0.445 0.5276190476190477 0.05 0.08190476190476191
3 0.51 0.6871428571428572 0.06428571428571428 0.1019047619047619
3 0.5246428571428572 0.9561904761904761 0.06642857142857143 0.08761904761904762
9 0.44535714285714284 0.02761904761904762 0.023571428571428573 0.015238095238095238
9 0.49357142857142855 0.08904761904761904 0.022857142857142857 0.014285714285714285
9 0.5032142857142857 0.10523809523809524 0.017857142857142856 0.018095238095238095
0 0.4925 0.07952380952380952 0.007857142857142858 0.012380952380952381
9 0.5342857142857143 0.15761904761904763 0.02142857142857143 0.02
3 0.6314285714285715 0.9728571428571429 0.05142857142857143 0.054285714285714284
6 0.655 0.3423809523809524 0.02 0.023809523809523808
9 0.7114285714285714 0.4238095238095238 0.011428571428571429 0.02857142857142857
0 0.6328571428571429 0.44952380952380955 0.007142857142857143 0.02095238095238095
0 0.6425 0.4480952380952381 0.007857142857142858 0.03142857142857143
3 0.5689285714285715 0.4866666666666667 0.06785714285714285 0.06476190476190476
3 0.5957142857142858 0.518095238095238 0.06571428571428571 0.07047619047619047
3 0.6192857142857143 0.5552380952380952 0.07428571428571429 0.07047619047619047
3 0.6321428571428571 0.6047619047619047 0.07714285714285714 0.07809523809523809
3 0.66 0.6457142857142857 0.08285714285714285 0.08
3 0.6942857142857143 0.7038095238095238 0.08142857142857143 0.08
3 0.7257142857142858 0.79 0.09 0.08095238095238096
3 0.7878571428571428 0.8747619047619047 0.08714285714285715 0.1
3 0.8146428571428571 0.9476190476190476 0.09642857142857143 0.10095238095238095
9 0.9710714285714286 0.7733333333333333 0.027857142857142858 0.0380952380952381
9 0.8757142857142857 0.6966666666666667 0.014285714285714285 0.035238095238095235
