3 0.285 0.053299492385786795 0.02 0.035532994923857864
3 0.4042857142857143 0.18401015228426396 0.018571428571428572 0.04060913705583756
3 0.13178571428571428 0.1611675126903553 0.030714285714285715 0.04060913705583756
3 0.2 0.04505076142131979 0.024285714285714285 0.031725888324873094
3 0.24142857142857144 0.09517766497461928 0.022857142857142857 0.035532994923857864
3 0.40714285714285714 0.10786802030456852 0.014285714285714285 0.03807106598984771
3 0.07357142857142857 0.524746192893401 0.045714285714285714 0.07994923857868019
3 0.9767857142857143 0.30012690355329946 0.020714285714285713 0.03934010152284264
3 0.8885714285714286 0.2728426395939086 0.02142857142857143 0.035532994923857864
3 0.8496428571428571 0.3711928934010152 0.025 0.04187817258883248
3 0.8296428571428571 0.4143401015228426 0.027857142857142858 0.05456852791878172
3 0.8107142857142857 0.4682741116751269 0.027142857142857142 0.04314720812182741
3 0.5160714285714286 0.4175126903553299 0.017857142857142856 0.053299492385786795
4 0.8628571428571429 0.3299492385786802 0.027142857142857142 0.053299492385786795
4 0.78 0.5831218274111675 0.02857142857142857 0.07741116751269035
4 0.9560714285714286 0.23223350253807104 0.030714285714285715 0.03807106598984771
0 0.6910714285714286 0.31535532994923854 0.0064285714285714285 0.024111675126903553
0 0.6553571428571429 0.32868020304568524 0.0064285714285714285 0.02284263959390863
0 0.5525 0.15545685279187815 0.0064285714285714285 0.024111675126903553
0 0.5782142857142857 0.12373096446700507 0.005 0.016497461928934008
0 0.5825 0.12119289340101522 0.005 0.019035532994923856
0 0.6932142857142857 0.09581218274111675 0.005 0.016497461928934008
0 0.9217857142857143 0.10723350253807105 0.0064285714285714285 0.019035532994923856
0 0.8521428571428571 0.08121827411167512 0.005714285714285714 0.017766497461928932
0 0.7267857142857143 0.20621827411167512 0.005 0.021573604060913704
0 0.7307142857142858 0.20685279187817257 0.004285714285714286 0.017766497461928932
3 0.3107142857142857 0.19923857868020303 0.015714285714285715 0.032994923857868015
3 0.2739285714285714 0.8115482233502538 0.030714285714285715 0.07741116751269035
3 0.37214285714285716 0.8026649746192893 0.032857142857142856 0.10786802030456852
4 0.3767857142857143 0.6516497461928934 0.029285714285714286 0.09010152284263959
4 0.39 0.4460659898477157 0.022857142857142857 0.0748730964467005
8 0.33464285714285713 0.1782994923857868 0.029285714285714286 0.08756345177664974
8 0.5310714285714285 0.2595177664974619 0.020714285714285713 0.12563451776649745
3 0.4060714285714286 0.024746192893401013 0.010714285714285714 0.026649746192893398
3 0.28285714285714286 0.008248730964467004 0.018571428571428572 0.016497461928934008
3 0.9842857142857143 0.03807106598984771 0.011428571428571429 0.02284263959390863
3 0.9892857142857143 0.024746192893401013 0.012857142857142857 0.029187817258883246
8 0.9267857142857143 0.029187817258883246 0.04642857142857143 0.053299492385786795
3 0.3410714285714286 0.09708121827411166 0.013571428571428571 0.029187817258883246
