9 0.13775 0.777 0.10350000000000001 0.11533333333333333
2 0.034 0.769 0.056 0.094
6 0.11775000000000001 0.7096666666666667 0.1935 0.13666666666666666
1 0.5397500000000001 0.9213333333333333 0.0665 0.12133333333333333
9 0.5405 0.95 0.053 0.09999999999999999
1 0.81 0.723 0.065 0.102
9 0.807 0.752 0.026000000000000002 0.13466666666666666
0 0.2935 0.947 0.06 0.106
0 0.25675 0.8713333333333333 0.0475 0.12
1 0.29725 0.8089999999999999 0.0505 0.118
1 0.25625 0.7316666666666667 0.051500000000000004 0.11399999999999999
1 0.273 0.6603333333333333 0.055 0.08066666666666666
0 0.23875000000000002 0.622 0.021500000000000002 0.07733333333333334
1 0.69025 0.7063333333333333 0.0385 0.078
2 0.68875 0.7233333333333333 0.0385 0.11333333333333333
0 0.46950000000000003 0.7163333333333333 0.025 0.074
0 0.46725 0.6783333333333333 0.0275 0.12066666666666666
0 0.41100000000000003 0.6416666666666666 0.028 0.12466666666666666
0 0.481 0.5933333333333333 0.016 0.06
0 0.49975 0.579 0.025500000000000002 0.10333333333333333
0 0.4255 0.46366666666666667 0.022 0.09
1 0.71 0.4923333333333333 0.035 0.08333333333333333
9 0.708 0.5083333333333333 0.018000000000000002 0.06999999999999999
1 0.601 0.499 0.028 0.094
2 0.6002500000000001 0.532 0.0275 0.07066666666666667
0 0.55425 0.481 0.0365 0.10066666666666667
2 0.546 0.5056666666666666 0.028 0.07666666666666666
2 0.5895 0.38766666666666666 0.026000000000000002 0.08466666666666667
1 0.63575 0.3983333333333333 0.0205 0.04733333333333333
2 0.63225 0.4136666666666666 0.0185 0.054
0 0.54625 0.389 0.021500000000000002 0.07666666666666666
0 0.533 0.39966666666666667 0.015 0.04733333333333333
1 0.45075 0.3893333333333333 0.0235 0.044
3 0.442 0.329 0.114 0.06999999999999999
3 0.45625 0.29333333333333333 0.10350000000000001 0.05466666666666666
1 0.64175 0.352 0.0085 0.04
1 0.64075 0.3463333333333333 0.0205 0.057999999999999996
1 0.632 0.3406666666666667 0.015 0.04666666666666666
9 0.63925 0.36866666666666664 0.0305 0.03733333333333333
0 0.63825 0.3173333333333333 0.0125 0.05733333333333333
1 0.65 0.284 0.013000000000000001 0.044
1 0.6657500000000001 0.27699999999999997 0.0125 0.03266666666666666
1 0.6002500000000001 0.26266666666666666 0.0155 0.026666666666666665
0 0.58025 0.26066666666666666 0.0115 0.052
1 0.56325 0.24666666666666665 0.0125 0.028
1 0.55075 0.23866666666666667 0.0125 0.030666666666666665
1 0.54525 0.236 0.0115 0.026666666666666665
1 0.535 0.22899999999999998 0.011 0.024666666666666667
1 0.54975 0.29166666666666663 0.0175 0.04066666666666666
9 0.5495 0.312 0.017 0.04
1 0.5397500000000001 0.262 0.0125 0.036
9 0.5407500000000001 0.27666666666666667 0.0175 0.025333333333333333
0 0.517 0.2876666666666667 0.014 0.05533333333333333
0 0.50025 0.2573333333333333 0.0105 0.048
0 0.4895 0.263 0.01 0.043333333333333335
0 0.5145 0.213 0.008 0.035333333333333335
0 0.48925 0.21333333333333332 0.0105 0.03333333333333333
1 0.48275 0.21633333333333332 0.0075 0.022
9 0.48825 0.22799999999999998 0.0165 0.022666666666666665
0 0.38575 0.2593333333333333 0.0135 0.050666666666666665
1 0.40750000000000003 0.2513333333333333 0.016 0.03866666666666667
0 0.4265 0.22433333333333333 0.01 0.043333333333333335
0 0.46725 0.209 0.0095 0.03933333333333333
0 0.46 0.215 0.007 0.022
0 0.453 0.21266666666666667 0.008 0.029333333333333333
0 0.4435 0.22366666666666665 0.008 0.035333333333333335
0 0.43325 0.21166666666666667 0.0075 0.019333333333333334
0 0.4425 0.206 0.01 0.036
2 0.449 0.22833333333333333 0.017 0.024666666666666667
0 0.49575 0.19533333333333333 0.0095 0.032
1 0.47500000000000003 0.18166666666666667 0.007 0.019333333333333334
1 0.468 0.18066666666666667 0.007 0.017333333333333333
1 0.4575 0.18333333333333332 0.008 0.018666666666666665
1 0.4605 0.17433333333333334 0.009000000000000001 0.024666666666666667
0 0.45075 0.18666666666666665 0.0075 0.036
0 0.4435 0.16799999999999998 0.007 0.026666666666666665
0 0.4185 0.17866666666666667 0.009000000000000001 0.034666666666666665
0 0.40800000000000003 0.17933333333333332 0.009000000000000001 0.032
1 0.4345 0.158 0.008 0.018666666666666665
9 0.4345 0.16566666666666666 0.008 0.019333333333333334
0 0.42225 0.16766666666666666 0.0075 0.03
0 0.41250000000000003 0.15966666666666665 0.007 0.020666666666666667
0 0.404 0.161 0.005 0.02333333333333333
1 0.40875 0.16133333333333333 0.0045000000000000005 0.013333333333333332
9 0.41375 0.16733333333333333 0.0095 0.02
4 0.39175 0.132 0.021500000000000002 0.026666666666666665
