0 0.39525 0.9546666666666667 0.0165 0.034666666666666665
9 0.42425 0.95 0.035500000000000004 0.052
0 0.37575000000000003 0.945 0.0155 0.04066666666666666
0 0.48125 0.861 0.0155 0.035333333333333335
0 0.43275 0.824 0.0225 0.032
2 0.4295 0.829 0.018000000000000002 0.048666666666666664
0 0.47300000000000003 0.7606666666666666 0.011 0.034666666666666665
2 0.49225 0.7653333333333333 0.0225 0.04133333333333333
0 0.496 0.76 0.018000000000000002 0.03866666666666667
9 0.21575 0.958 0.0455 0.03333333333333333
9 0.152 0.9286666666666666 0.045 0.03733333333333333
1 0.14825 0.9259999999999999 0.0225 0.04533333333333333
0 0.1905 0.8633333333333333 0.021 0.036
1 0.1895 0.8553333333333333 0.01 0.018666666666666665
2 0.26325 0.758 0.0265 0.036
0 0.31125 0.7406666666666667 0.0115 0.030666666666666665
0 0.3255 0.7276666666666667 0.016 0.03
0 0.308 0.719 0.013000000000000001 0.033999999999999996
2 0.3355 0.7036666666666667 0.017 0.038
9 0.3555 0.703 0.02 0.041999999999999996
1 0.356 0.699 0.022 0.03266666666666666
4 0.42625 0.6856666666666666 0.0785 0.11666666666666667
9 0.3625 0.6553333333333333 0.021 0.03733333333333333
6 0.401 0.6063333333333333 0.037 0.033999999999999996
0 0.4965 0.615 0.014 0.038
0 0.528 0.7046666666666667 0.011 0.032
0 0.5205 0.6986666666666667 0.012 0.032
0 0.5705 0.6763333333333333 0.012 0.035333333333333335
0 0.594 0.6736666666666666 0.01 0.041999999999999996
0 0.5765 0.6256666666666666 0.01 0.035333333333333335
2 0.56325 0.629 0.0165 0.038
0 0.5625 0.6216666666666667 0.016 0.033999999999999996
2 0.47950000000000004 0.5773333333333334 0.028 0.021333333333333333
1 0.47950000000000004 0.5723333333333334 0.013000000000000001 0.03266666666666666
3 0.55875 0.57 0.0545 0.06533333333333333
0 0.54775 0.504 0.0055 0.021333333333333333
0 0.52875 0.4963333333333333 0.0075 0.028666666666666667
0 0.58225 0.4983333333333333 0.0115 0.03133333333333333
4 0.734 0.5303333333333333 0.068 0.05933333333333333
0 0.64275 0.5223333333333333 0.0125 0.03133333333333333
0 0.6915 0.5216666666666666 0.008 0.019333333333333334
0 0.6885 0.5136666666666666 0.01 0.03133333333333333
0 0.6795 0.5036666666666666 0.009000000000000001 0.03
0 0.66525 0.49 0.0125 0.028
9 0.65225 0.476 0.0125 0.026666666666666665
1 0.65375 0.47 0.0115 0.021333333333333333
0 0.667 0.4663333333333333 0.012 0.026
0 0.6905 0.47 0.011 0.02
0 0.6945 0.45266666666666666 0.009000000000000001 0.026666666666666665
9 0.5915 0.46366666666666667 0.011 0.02733333333333333
9 0.58225 0.4563333333333333 0.0095 0.024666666666666667
2 0.56825 0.45766666666666667 0.0155 0.024666666666666667
0 0.636 0.44766666666666666 0.01 0.028666666666666667
9 0.68325 0.45066666666666666 0.0185 0.021333333333333333
1 0.685 0.4473333333333333 0.01 0.024
0 0.70925 0.45266666666666666 0.0085 0.025333333333333333
9 0.7095 0.42733333333333334 0.02 0.017333333333333333
0 0.685 0.43566666666666665 0.009000000000000001 0.024666666666666667
9 0.6105 0.43766666666666665 0.017 0.02333333333333333
6 0.646 0.4126666666666666 0.017 0.034666666666666665
9 0.59475 0.438 0.0145 0.025333333333333333
0 0.549 0.471 0.006 0.026
0 0.577 0.44666666666666666 0.008 0.025333333333333333
0 0.02525 0.8913333333333333 0.0335 0.04133333333333333
0 0.0365 0.8053333333333333 0.033 0.028
2 0.061 0.819 0.028 0.038
0 0.65375 0.39066666666666666 0.0095 0.024
0 0.7155 0.4033333333333333 0.008 0.025333333333333333
0 0.70575 0.39466666666666667 0.0075 0.026666666666666665
0 0.69425 0.39799999999999996 0.0075 0.018666666666666665
0 0.68625 0.39266666666666666 0.0095 0.025333333333333333
0 0.68325 0.387 0.0095 0.02733333333333333
0 0.651 0.3813333333333333 0.009000000000000001 0.026666666666666665
0 0.66525 0.3853333333333333 0.0075 0.018666666666666665
0 0.6617500000000001 0.36666666666666664 0.0075 0.018666666666666665
0 0.66925 0.366 0.0075 0.022666666666666665
0 0.7292500000000001 0.39866666666666667 0.0105 0.026666666666666665
0 0.719 0.382 0.007 0.024
0 0.74275 0.3943333333333333 0.0145 0.020666666666666667
0 0.728 0.39166666666666666 0.009000000000000001 0.02333333333333333
0 0.735 0.386 0.01 0.025333333333333333
0 0.6845 0.35433333333333333 0.006 0.016666666666666666
0 0.67975 0.3406666666666667 0.0085 0.022666666666666665
0 0.752 0.37366666666666665 0.009000000000000001 0.024666666666666667
0 0.7055 0.328 0.006 0.014666666666666666
0 0.70175 0.3223333333333333 0.0075 0.022
0 0.744 0.3506666666666667 0.009000000000000001 0.024
0 0.74 0.347 0.011 0.026
0 0.76475 0.36166666666666664 0.0115 0.022
0 0.7585000000000001 0.35533333333333333 0.008 0.021333333333333333
0 0.75375 0.349 0.0095 0.024666666666666667
0 0.7655000000000001 0.35133333333333333 0.009000000000000001 0.02
0 0.77875 0.32766666666666666 0.0105 0.02333333333333333
0 0.7847500000000001 0.33199999999999996 0.0095 0.016
0 0.79125 0.32466666666666666 0.0095 0.017333333333333333
0 0.786 0.30433333333333334 0.007 0.022
0 0.71975 0.304 0.0095 0.018666666666666665
2 0.7212500000000001 0.30433333333333334 0.0085 0.022
0 0.68925 0.3133333333333333 0.006500000000000001 0.02
6 0.6735 0.285 0.011 0.022
0 0.7545000000000001 0.2793333333333333 0.007 0.02
0 0.77375 0.2653333333333333 0.006500000000000001 0.018666666666666665
6 0.76125 0.267 0.0135 0.019333333333333334
0 0.752 0.26166666666666666 0.009000000000000001 0.020666666666666667
0 0.8165 0.2836666666666667 0.011 0.024666666666666667
0 0.8225 0.26466666666666666 0.009000000000000001 0.018666666666666665
0 0.8285 0.259 0.01 0.022
0 0.82575 0.25033333333333335 0.0085 0.019333333333333334
0 0.83575 0.262 0.006500000000000001 0.017333333333333333
1 0.8385 0.23766666666666666 0.008 0.015333333333333332
2 0.837 0.243 0.01 0.014
3 0.81375 0.21766666666666665 0.021500000000000002 0.019333333333333334
0 0.8170000000000001 0.224 0.007 0.017333333333333333
0 0.8210000000000001 0.22533333333333333 0.005 0.016
0 0.82825 0.22266666666666665 0.0085 0.02
4 0.8635 0.22666666666666666 0.018000000000000002 0.024
0 0.847 0.20866666666666667 0.008 0.018666666666666665
0 0.84 0.211 0.007 0.015333333333333332
0 0.8355 0.20866666666666667 0.006 0.014666666666666666
0 0.8320000000000001 0.20466666666666666 0.006 0.017333333333333333
0 0.8280000000000001 0.20566666666666666 0.005 0.012666666666666666
0 0.8200000000000001 0.19933333333333333 0.007 0.016
0 0.8445 0.188 0.007 0.016
3 0.86525 0.19966666666666666 0.0185 0.018
3 0.8805000000000001 0.20266666666666666 0.019 0.021333333333333333
3 0.8895000000000001 0.19066666666666665 0.017 0.021333333333333333
3 0.89525 0.175 0.0145 0.020666666666666667
0 0.8612500000000001 0.18766666666666665 0.0075 0.016666666666666666
0 0.864 0.18966666666666665 0.004 0.01
0 0.84975 0.17833333333333332 0.0055 0.014
3 0.839 0.16633333333333333 0.021 0.016666666666666666
4 0.83725 0.15533333333333332 0.025500000000000002 0.02
3 0.86925 0.14933333333333332 0.0155 0.018666666666666665
9 0.897 0.14933333333333332 0.008 0.010666666666666666
1 0.898 0.14566666666666667 0.005 0.01
3 0.87325 0.13266666666666665 0.0165 0.013333333333333332
4 0.64625 0.05266666666666667 0.0115 0.012
5 0.39975 0.10766666666666666 0.0485 0.033999999999999996
3 0.458 0.10166666666666667 0.016 0.011333333333333332
