3 0.7987500000000001 0.5386666666666666 0.0655 0.124
4 0.752 0.23466666666666666 0.037 0.06933333333333333
4 0.5962500000000001 0.09333333333333332 0.0545 0.042666666666666665
4 0.4815 0.9226666666666666 0.066 0.15466666666666667
5 0.5345 0.5133333333333333 0.07200000000000001 0.21466666666666667
5 0.793 0.2846666666666667 0.08 0.06933333333333333
5 0.6295000000000001 0.3416666666666667 0.049 0.118
5 0.6365000000000001 0.25033333333333335 0.035 0.082
5 0.7235 0.09866666666666667 0.03 0.058666666666666666
5 0.61725 0.024333333333333332 0.0505 0.04066666666666666
0 0.50625 0.78 0.0165 0.036
0 0.79425 0.6406666666666666 0.0175 0.03866666666666667
0 0.8255 0.6563333333333333 0.03 0.035333333333333335
0 0.86 0.6603333333333333 0.031 0.038
0 0.58425 0.47333333333333333 0.0125 0.04133333333333333
0 0.5845 0.49466666666666664 0.007 0.025333333333333333
0 0.66725 0.39966666666666667 0.0125 0.04066666666666666
0 0.656 0.35566666666666663 0.012 0.033999999999999996
0 0.6575 0.33599999999999997 0.012 0.028
0 0.743 0.3173333333333333 0.02 0.030666666666666665
0 0.7295 0.29433333333333334 0.014 0.038
0 0.71575 0.22699999999999998 0.0135 0.038
0 0.6607500000000001 0.18466666666666667 0.0125 0.03333333333333333
0 0.6647500000000001 0.12666666666666665 0.0085 0.032
0 0.6555 0.13033333333333333 0.008 0.03133333333333333
0 0.6495 0.152 0.008 0.030666666666666665
0 0.64575 0.15233333333333332 0.0105 0.022
1 0.7322500000000001 0.131 0.0135 0.024666666666666667
0 0.6605 0.13 0.006 0.026666666666666665
0 0.744 0.33266666666666667 0.013000000000000001 0.028
1 0.7465 0.3463333333333333 0.007 0.018
0 0.8075 0.38866666666666666 0.021 0.04133333333333333
9 0.71275 0.441 0.0185 0.046
0 0.7125 0.43366666666666664 0.018000000000000002 0.03133333333333333
0 0.6565 0.23066666666666666 0.012 0.028
1 0.658 0.24466666666666667 0.007 0.010666666666666666
0 0.70525 0.026666666666666665 0.0075 0.025333333333333333
0 0.70475 0.019333333333333334 0.0095 0.028
