3 0.26107142857142857 0.9371827411167512 0.013571428571428571 0.029187817258883246
3 0.2567857142857143 0.9828680203045684 0.019285714285714285 0.031725888324873094
3 0.36642857142857144 0.6973350253807106 0.014285714285714285 0.031725888324873094
4 0.32035714285714284 0.8940355329949238 0.015 0.03680203045685279
5 0.3225 0.9244923857868019 0.023571428571428573 0.05710659898477157
5 0.37714285714285717 0.7925126903553299 0.03142857142857143 0.07741116751269035
3 0.31142857142857144 0.8280456852791878 0.015714285714285715 0.03426395939086294
4 0.3707142857142857 0.7201776649746192 0.017142857142857144 0.031725888324873094
4 0.42678571428571427 0.6751269035532994 0.013571428571428571 0.03045685279187817
4 0.4446428571428571 0.6300761421319796 0.013571428571428571 0.029187817258883246
5 0.3782142857142857 0.6300761421319796 0.03357142857142857 0.07741116751269035
3 0.46285714285714286 0.5875634517766497 0.011428571428571429 0.02030456852791878
3 0.4782142857142857 0.5507614213197969 0.012142857142857143 0.025380710659898477
4 0.42714285714285716 0.5920050761421319 0.011428571428571429 0.026649746192893398
5 0.46 0.5564720812182741 0.017142857142857144 0.04187817258883248
8 0.42 0.5717005076142132 0.015714285714285715 0.03426395939086294
8 0.42857142857142855 0.6262690355329948 0.018571428571428572 0.03934010152284264
3 0.5085714285714286 0.473984771573604 0.012857142857142857 0.021573604060913704
3 0.485 0.5006345177664975 0.008571428571428572 0.021573604060913704
4 0.4575 0.47969543147208116 0.009285714285714286 0.017766497461928932
5 0.5057142857142857 0.4111675126903553 0.022857142857142857 0.048223350253807105
4 0.5271428571428571 0.4365482233502538 0.008571428571428572 0.02284263959390863
5 0.5371428571428571 0.3813451776649746 0.02 0.04441624365482233
4 0.5514285714285714 0.38197969543147203 0.012857142857142857 0.02284263959390863
4 0.5207142857142857 0.31852791878172587 0.007142857142857143 0.017766497461928932
3 0.5171428571428571 0.4308375634517766 0.012857142857142857 0.016497461928934008
3 0.5682142857142857 0.350253807106599 0.010714285714285714 0.017766497461928932
3 0.5642857142857143 0.3305837563451776 0.011428571428571429 0.019035532994923856
3 0.5528571428571428 0.324238578680203 0.01 0.019035532994923856
3 0.5746428571428571 0.2766497461928934 0.010714285714285714 0.015228426395939085
9 0.54 0.41053299492385786 0.005714285714285714 0.011421319796954314
1 0.5410714285714285 0.4098984771573604 0.0035714285714285713 0.01015228426395939
4 0.5810714285714286 0.299492385786802 0.010714285714285714 0.02284263959390863
3 0.5839285714285715 0.3210659898477157 0.010714285714285714 0.02284263959390863
3 0.6007142857142858 0.28680203045685276 0.011428571428571429 0.017766497461928932
3 0.6175 0.1884517766497462 0.009285714285714286 0.016497461928934008
8 0.55 0.2347715736040609 0.02 0.048223350253807105
5 0.6246428571428572 0.2182741116751269 0.020714285714285713 0.035532994923857864
4 0.6471428571428571 0.27411167512690354 0.012857142857142857 0.02030456852791878
0 0.6089285714285714 0.9359137055837563 0.0035714285714285713 0.006345177664974619
0 0.6175 0.9746192893401014 0.0035714285714285713 0.0076142131979695426
0 0.6282142857142857 0.9473350253807106 0.0035714285714285713 0.006345177664974619
0 0.6307142857142857 0.9340101522842639 0.002857142857142857 0.0076142131979695426
0 0.6385714285714286 0.9498730964467005 0.002857142857142857 0.006345177664974619
0 0.6317857142857143 0.9435279187817258 0.0035714285714285713 0.006345177664974619
5 0.5639285714285714 0.7093908629441624 0.04214285714285714 0.048223350253807105
5 0.5657142857142857 0.6897208121827411 0.03428571428571429 0.03934010152284264
8 0.5735714285714286 0.6757614213197969 0.041428571428571426 0.04187817258883248
0 0.6346428571428572 0.6180203045685279 0.0035714285714285713 0.01015228426395939
4 0.6578571428571428 0.13007614213197968 0.008571428571428572 0.016497461928934008
4 0.6560714285714285 0.18908629441624364 0.013571428571428571 0.02284263959390863
3 0.6721428571428572 0.15101522842639592 0.008571428571428572 0.015228426395939085
4 0.7210714285714286 0.08248730964467005 0.007857142857142858 0.017766497461928932
5 0.6689285714285714 0.6719543147208121 0.027857142857142858 0.03426395939086294
5 0.6632142857142858 0.7220812182741116 0.029285714285714286 0.032994923857868015
5 0.7260714285714286 0.039974619289340096 0.015 0.026649746192893398
