9 0.13714285714285715 0.9519047619047619 0.03428571428571429 0.03142857142857143
9 0.0325 0.9042857142857142 0.030714285714285715 0.05238095238095238
9 0.0067857142857142855 0.9038095238095238 0.013571428571428571 0.0380952380952381
9 0.015714285714285715 0.8866666666666667 0.022857142857142857 0.04
9 0.08107142857142857 0.8304761904761905 0.015 0.0419047619047619
9 0.11571428571428571 0.8238095238095238 0.02142857142857143 0.04380952380952381
9 0.10321428571428572 0.8095238095238095 0.017857142857142856 0.0419047619047619
1 0.012142857142857143 0.83 0.012857142857142857 0.018095238095238095
1 0.02642857142857143 0.8304761904761905 0.014285714285714285 0.022857142857142857
1 0.031071428571428573 0.8166666666666667 0.017857142857142856 0.02
1 0.0275 0.8061904761904762 0.013571428571428571 0.02
1 0.013928571428571429 0.810952380952381 0.015 0.02
1 0.05392857142857143 0.799047619047619 0.019285714285714285 0.01904761904761905
1 0.0675 0.7938095238095239 0.012142857142857143 0.01619047619047619
1 0.08214285714285714 0.7780952380952381 0.018571428571428572 0.02095238095238095
1 0.07035714285714285 0.7742857142857142 0.015 0.01904761904761905
1 0.05285714285714286 0.79 0.015714285714285715 0.014285714285714285
1 0.04535714285714286 0.7804761904761904 0.013571428571428571 0.01619047619047619
0 0.062142857142857146 0.7442857142857143 0.014285714285714285 0.02
1 0.11214285714285714 0.7519047619047619 0.01 0.014285714285714285
0 0.27964285714285714 0.660952380952381 0.012142857142857143 0.024761904761904763
1 0.26107142857142857 0.5885714285714285 0.009285714285714286 0.015238095238095238
3 0.32821428571428574 0.6757142857142857 0.05357142857142857 0.07714285714285714
9 0.3028571428571429 0.5914285714285714 0.022857142857142857 0.022857142857142857
9 0.2817857142857143 0.5761904761904761 0.025 0.02095238095238095
9 0.2764285714285714 0.5661904761904762 0.024285714285714285 0.021904761904761906
2 0.32357142857142857 0.5219047619047619 0.015714285714285715 0.022857142857142857
0 0.38642857142857145 0.46 0.005714285714285714 0.015238095238095238
0 0.31535714285714284 0.49 0.010714285714285714 0.01619047619047619
9 0.44357142857142856 0.47095238095238096 0.02142857142857143 0.02
9 0.45357142857142857 0.4180952380952381 0.015714285714285715 0.022857142857142857
9 0.4957142857142857 0.5247619047619048 0.02142857142857143 0.017142857142857144
9 0.5010714285714286 0.5128571428571429 0.023571428571428573 0.025714285714285714
9 0.5092857142857142 0.5057142857142857 0.024285714285714285 0.022857142857142857
9 0.5160714285714286 0.4942857142857143 0.02214285714285714 0.02095238095238095
9 0.5228571428571429 0.4866666666666667 0.022857142857142857 0.026666666666666665
1 0.4592857142857143 0.4004761904761905 0.01 0.01619047619047619
1 0.46714285714285714 0.40095238095238095 0.007142857142857143 0.013333333333333332
9 0.5053571428571428 0.3514285714285714 0.013571428571428571 0.01904761904761905
0 0.5325 0.37857142857142856 0.0064285714285714285 0.021904761904761906
6 0.5471428571428572 0.37761904761904763 0.03 0.04476190476190476
0 0.5246428571428572 0.29714285714285715 0.007857142857142858 0.01904761904761905
9 0.5492857142857143 0.2947619047619048 0.014285714285714285 0.018095238095238095
0 0.5514285714285714 0.2885714285714286 0.007142857142857143 0.01904761904761905
3 0.6146428571428572 0.2480952380952381 0.04071428571428572 0.029523809523809525
3 0.6539285714285714 0.20809523809523808 0.039285714285714285 0.029523809523809525
3 0.6682142857142858 0.3333333333333333 0.04642857142857143 0.03428571428571429
3 0.7364285714285714 0.2542857142857143 0.04 0.0380952380952381
8 0.6153571428571428 0.6752380952380952 0.05785714285714286 0.20761904761904762
3 0.8125 0.6966666666666667 0.04928571428571429 0.08285714285714285
5 0.7292857142857143 0.5652380952380952 0.13142857142857142 0.2180952380952381
3 0.8271428571428572 0.4014285714285714 0.03428571428571429 0.04476190476190476
5 0.8814285714285715 0.2823809523809524 0.07285714285714286 0.11714285714285715
9 0.7703571428571429 0.319047619047619 0.013571428571428571 0.02095238095238095
1 0.7725 0.3138095238095238 0.009285714285714286 0.02
1 0.8285714285714286 0.23952380952380953 0.008571428571428572 0.01619047619047619
9 0.8285714285714286 0.24285714285714285 0.012857142857142857 0.01904761904761905
9 0.8935714285714286 0.14904761904761904 0.011428571428571429 0.018095238095238095
1 0.8953571428571429 0.14142857142857143 0.009285714285714286 0.014285714285714285
5 0.7985714285714286 0.22 0.07285714285714286 0.10285714285714286
5 0.8460714285714286 0.15571428571428572 0.05785714285714286 0.08476190476190476
3 0.9485714285714286 0.1761904761904762 0.025714285714285714 0.026666666666666665
5 0.975 0.10523809523809524 0.05 0.09619047619047619
3 0.8914285714285715 0.09571428571428571 0.022857142857142857 0.025714285714285714
5 0.9246428571428571 0.05238095238095238 0.035 0.049523809523809526
5 0.9471428571428572 0.023333333333333334 0.04 0.04666666666666667
7 0.7632142857142857 0.11142857142857143 0.020714285714285713 0.022857142857142857
5 0.7592857142857142 0.10047619047619048 0.032857142857142856 0.025714285714285714
9 0.7375 0.0919047619047619 0.012142857142857143 0.01619047619047619
5 0.7889285714285714 0.07809523809523809 0.04928571428571429 0.04
3 0.8078571428571428 0.04047619047619048 0.03142857142857143 0.02
9 0.8242857142857143 0.025238095238095237 0.015714285714285715 0.012380952380952381
2 0.8192857142857143 0.02238095238095238 0.014285714285714285 0.012380952380952381
0 0.3442857142857143 0.830952380952381 0.008571428571428572 0.014285714285714285
0 0.35464285714285715 0.83 0.010714285714285714 0.023809523809523808
9 0.37357142857142855 0.7814285714285715 0.025714285714285714 0.03142857142857143
1 0.37285714285714283 0.7795238095238095 0.018571428571428572 0.02761904761904762
9 0.5889285714285715 0.9057142857142857 0.025 0.045714285714285714
1 0.5914285714285714 0.9042857142857142 0.02 0.03333333333333333
