5 0.4278571428571429 0.6495238095238095 0.07857142857142857 0.12571428571428572
5 0.4228571428571429 0.7423809523809524 0.022857142857142857 0.039047619047619046
5 0.22035714285714286 0.3342857142857143 0.027857142857142858 0.03238095238095238
5 0.1357142857142857 0.28523809523809524 0.01 0.01619047619047619
3 0.23035714285714284 0.40285714285714286 0.010714285714285714 0.015238095238095238
3 0.23357142857142857 0.39 0.01 0.012380952380952381
5 0.06428571428571428 0.18476190476190477 0.008571428571428572 0.009523809523809525
5 0.07214285714285715 0.18904761904761905 0.005714285714285714 0.010476190476190476
3 0.07178571428571429 0.21476190476190476 0.0064285714285714285 0.008571428571428572
3 0.07857142857142857 0.22142857142857142 0.004285714285714286 0.004761904761904762
3 0.08892857142857143 0.2361904761904762 0.005 0.005714285714285714
3 0.09857142857142857 0.24333333333333335 0.005714285714285714 0.006666666666666666
3 0.1125 0.2580952380952381 0.005 0.007619047619047619
3 0.13964285714285715 0.27904761904761904 0.0064285714285714285 0.009523809523809525
3 0.155 0.2976190476190476 0.007142857142857143 0.006666666666666666
5 0.0875 0.20666666666666667 0.005 0.007619047619047619
5 0.10035714285714285 0.21619047619047618 0.012142857142857143 0.013333333333333332
3 0.6767857142857143 0.5728571428571428 0.025 0.023809523809523808
3 0.6907142857142857 0.5642857142857143 0.025714285714285714 0.025714285714285714
3 0.6410714285714286 0.5261904761904762 0.020714285714285713 0.02
3 0.695 0.5071428571428571 0.02142857142857143 0.018095238095238095
