3 0.41714285714285715 0.4104761904761905 0.01 0.013333333333333332
5 0.42178571428571426 0.49714285714285716 0.030714285714285715 0.045714285714285714
0 0.2835714285714286 0.5495238095238095 0.01 0.02857142857142857
0 0.2792857142857143 0.5495238095238095 0.007142857142857143 0.024761904761904763
3 0.6432142857142857 0.6580952380952381 0.047857142857142855 0.045714285714285714
3 0.5067857142857143 0.5852380952380952 0.025 0.02761904761904762
3 0.5967857142857143 0.5547619047619048 0.03642857142857143 0.03333333333333333
3 0.6289285714285714 0.5514285714285714 0.03214285714285714 0.030476190476190476
3 0.6114285714285714 0.5233333333333333 0.032857142857142856 0.02761904761904762
3 0.47785714285714287 0.5066666666666667 0.022857142857142857 0.022857142857142857
3 0.47035714285714286 0.47333333333333333 0.017857142857142856 0.02095238095238095
3 0.45571428571428574 0.4195238095238095 0.011428571428571429 0.012380952380952381
3 0.5114285714285715 0.4 0.011428571428571429 0.011428571428571429
3 0.4614285714285714 0.4361904761904762 0.012857142857142857 0.013333333333333332
3 0.46285714285714286 0.44761904761904764 0.015714285714285715 0.01904761904761905
3 0.47 0.45714285714285713 0.018571428571428572 0.01904761904761905
5 0.5364285714285715 0.42666666666666664 0.02 0.022857142857142857
3 0.5735714285714286 0.46 0.022857142857142857 0.017142857142857144
3 0.5978571428571429 0.4614285714285714 0.018571428571428572 0.01619047619047619
3 0.5571428571428572 0.4561904761904762 0.022857142857142857 0.017142857142857144
3 0.5471428571428572 0.4461904761904762 0.02142857142857143 0.012380952380952381
3 0.6203571428571428 0.49666666666666665 0.03642857142857143 0.021904761904761906
3 0.6585714285714286 0.48857142857142855 0.04428571428571428 0.02095238095238095
3 0.6203571428571428 0.4595238095238095 0.02214285714285714 0.02
3 0.6453571428571429 0.4614285714285714 0.019285714285714285 0.018095238095238095
3 0.6685714285714286 0.4585714285714286 0.02 0.02
3 0.7046428571428571 0.48238095238095235 0.04071428571428572 0.02
3 0.9242857142857143 0.5752380952380952 0.04285714285714286 0.0380952380952381
3 0.9617857142857142 0.5780952380952381 0.027857142857142858 0.04
