4 0.36857142857142855 0.06619047619047619 0.012857142857142857 0.021904761904761906
3 0.19321428571428573 0.19904761904761906 0.025 0.015238095238095238
4 0.20642857142857143 0.18428571428571427 0.02 0.021904761904761906
0 0.22 0.1880952380952381 0.004285714285714286 0.008571428571428572
3 0.32392857142857145 0.08904761904761904 0.012142857142857143 0.01619047619047619
3 0.3464285714285714 0.07571428571428572 0.008571428571428572 0.012380952380952381
3 0.3485714285714286 0.06714285714285714 0.011428571428571429 0.008571428571428572
3 0.3610714285714286 0.08285714285714285 0.005 0.011428571428571429
5 0.45035714285714284 0.24 0.029285714285714286 0.05333333333333333
1 0.8014285714285714 0.7152380952380952 0.01 0.013333333333333332
9 0.8028571428571428 0.7223809523809523 0.011428571428571429 0.029523809523809525
4 0.8814285714285715 0.6085714285714285 0.04428571428571428 0.0761904761904762
4 0.7278571428571429 0.5995238095238096 0.05 0.12476190476190477
4 0.37642857142857145 0.04428571428571428 0.008571428571428572 0.008571428571428572
4 0.5389285714285714 0.19904761904761906 0.016428571428571428 0.030476190476190476
3 0.5292857142857142 0.28904761904761905 0.014285714285714285 0.023809523809523808
3 0.5467857142857143 0.18714285714285714 0.007857142857142858 0.008571428571428572
3 0.5410714285714285 0.1742857142857143 0.005 0.009523809523809525
4 0.6553571428571429 0.1461904761904762 0.007857142857142858 0.014285714285714285
8 0.6910714285714286 0.18666666666666668 0.019285714285714285 0.04380952380952381
4 0.6921428571428572 0.3171428571428571 0.03 0.07238095238095238
3 0.5982142857142857 0.008571428571428572 0.0035714285714285713 0.005714285714285714
3 0.6010714285714286 0.005238095238095238 0.005 0.004761904761904762
4 0.6860714285714286 0.06761904761904762 0.023571428571428573 0.013333333333333332
3 0.6907142857142857 0.10285714285714286 0.011428571428571429 0.013333333333333332
4 0.71 0.15571428571428572 0.014285714285714285 0.021904761904761906
0 0.7178571428571429 0.15571428571428572 0.004285714285714286 0.006666666666666666
3 0.6321428571428571 0.02238095238095238 0.014285714285714285 0.006666666666666666
3 0.7067857142857142 0.11714285714285715 0.019285714285714285 0.007619047619047619
3 0.7775 0.15 0.02214285714285714 0.010476190476190476
3 0.7582142857142857 0.27 0.030714285714285715 0.01619047619047619
3 0.8014285714285714 0.28714285714285714 0.017142857142857144 0.021904761904761906
3 0.7771428571428571 0.28476190476190477 0.017142857142857144 0.01904761904761905
3 0.7539285714285714 0.23476190476190475 0.013571428571428571 0.018095238095238095
3 0.7378571428571429 0.23142857142857143 0.012857142857142857 0.017142857142857144
3 0.7478571428571429 0.19714285714285715 0.017142857142857144 0.015238095238095238
4 0.74 0.15285714285714286 0.022857142857142857 0.014285714285714285
4 0.7482142857142857 0.28 0.013571428571428571 0.022857142857142857
4 0.7221428571428572 0.3352380952380952 0.024285714285714285 0.04380952380952381
4 0.7303571428571428 0.13904761904761906 0.027857142857142858 0.017142857142857144
1 0.7096428571428571 0.24761904761904763 0.0035714285714285713 0.009523809523809525
9 0.7089285714285715 0.25 0.0064285714285714285 0.010476190476190476
4 0.8342857142857143 0.2619047619047619 0.02857142857142857 0.01904761904761905
0 0.8496428571428571 0.30238095238095236 0.005 0.014285714285714285
4 0.8225 0.3580952380952381 0.03214285714285714 0.026666666666666665
4 0.915 0.3319047619047619 0.03428571428571429 0.021904761904761906
3 0.9375 0.3495238095238095 0.035 0.024761904761904763
4 0.8942857142857142 0.4438095238095238 0.06142857142857143 0.03428571428571429
0 0.8685714285714285 0.2919047619047619 0.004285714285714286 0.012380952380952381
