3 0.337 0.9436666666666667 0.138 0.11266666666666666
3 0.92925 0.862 0.1385 0.11866666666666666
0 0.487 0.502 0.01 0.03733333333333333
3 0.38625 0.502 0.0755 0.044
0 0.399 0.48066666666666663 0.005 0.018666666666666665
0 0.40425 0.475 0.0075 0.02733333333333333
3 0.212 0.4583333333333333 0.067 0.041999999999999996
0 0.1995 0.46199999999999997 0.013000000000000001 0.032
3 0.1095 0.41733333333333333 0.058 0.03733333333333333
3 0.0105 0.22166666666666665 0.021 0.018
3 0.03125 0.22166666666666665 0.0285 0.022
3 0.052000000000000005 0.22799999999999998 0.033 0.02
3 0.10200000000000001 0.22433333333333333 0.025 0.019333333333333334
3 0.169 0.18666666666666665 0.026000000000000002 0.014666666666666666
3 0.20775000000000002 0.2563333333333333 0.0365 0.018
3 0.176 0.27499999999999997 0.036000000000000004 0.019333333333333334
3 0.14225000000000002 0.26766666666666666 0.0345 0.020666666666666667
3 0.1215 0.2643333333333333 0.034 0.018
3 0.28575 0.29266666666666663 0.0375 0.025333333333333333
3 0.296 0.271 0.034 0.018
3 0.2615 0.25666666666666665 0.034 0.021333333333333333
0 0.29875 0.33999999999999997 0.006500000000000001 0.021333333333333333
0 0.33425 0.322 0.0045000000000000005 0.018666666666666665
9 0.32775 0.319 0.0105 0.014
3 0.32575 0.25566666666666665 0.0345 0.019333333333333334
3 0.3805 0.252 0.034 0.022666666666666665
3 0.394 0.24866666666666665 0.029 0.017333333333333333
3 0.46125 0.217 0.0235 0.011333333333333332
0 0.426 0.24833333333333332 0.002 0.01
0 0.42725 0.247 0.0025 0.01
