3 0.11357142857142857 0.25047619047619046 0.08714285714285715 0.05904761904761905
0 0.16107142857142856 0.25142857142857145 0.020714285714285713 0.047619047619047616
3 0.0975 0.31333333333333335 0.09357142857142857 0.06857142857142857
8 0.0375 0.4280952380952381 0.075 0.1819047619047619
8 0.2332142857142857 0.3223809523809524 0.2007142857142857 0.23904761904761904
8 0.11107142857142857 0.6838095238095238 0.22214285714285714 0.5028571428571429
0 0.4725 0.8757142857142857 0.04214285714285714 0.11333333333333333
0 0.5228571428571429 0.8395238095238096 0.037142857142857144 0.07523809523809524
0 0.5014285714285714 0.7533333333333333 0.024285714285714285 0.10476190476190476
0 0.5242857142857142 0.741904761904762 0.02857142857142857 0.08
3 0.7125 0.7323809523809524 0.095 0.2342857142857143
2 0.6917857142857143 0.579047619047619 0.05928571428571429 0.05523809523809524
2 0.4253571428571429 0.48 0.09642857142857143 0.13714285714285715
3 0.605 0.48142857142857143 0.06857142857142857 0.12285714285714286
0 0.7310714285714286 0.4123809523809524 0.02214285714285714 0.05333333333333333
3 0.42 0.34809523809523807 0.06285714285714286 0.08476190476190476
3 0.6153571428571428 0.37047619047619046 0.05071428571428571 0.10095238095238095
3 0.30357142857142855 0.18095238095238095 0.04 0.049523809523809526
3 0.3417857142857143 0.15095238095238095 0.04071428571428572 0.05047619047619047
3 0.3692857142857143 0.12571428571428572 0.03428571428571429 0.0380952380952381
3 0.4114285714285714 0.11857142857142858 0.03428571428571429 0.039047619047619046
3 0.39321428571428574 0.10047619047619048 0.027857142857142858 0.04666666666666667
3 0.41892857142857143 0.07666666666666666 0.02642857142857143 0.039047619047619046
3 0.44107142857142856 0.06142857142857143 0.02642857142857143 0.025714285714285714
3 0.4546428571428571 0.04619047619047619 0.025 0.02761904761904762
3 0.4664285714285714 0.030476190476190476 0.015714285714285715 0.03619047619047619
3 0.49107142857142855 0.022857142857142857 0.025 0.026666666666666665
3 0.49714285714285716 0.18476190476190477 0.04428571428571428 0.05333333333333333
3 0.5510714285714285 0.07333333333333333 0.019285714285714285 0.02857142857142857
8 0.40714285714285714 0.2019047619047619 0.11142857142857143 0.1676190476190476
4 0.3625 0.19095238095238096 0.05357142857142857 0.07904761904761905
4 0.6892857142857143 0.4 0.045714285714285714 0.10285714285714286
3 0.6807142857142857 0.3233333333333333 0.05 0.06952380952380953
3 0.6203571428571428 0.28714285714285714 0.04214285714285714 0.06571428571428571
3 0.6317857142857143 0.22952380952380952 0.03642857142857143 0.047619047619047616
3 0.5857142857142857 0.19428571428571428 0.03428571428571429 0.049523809523809526
3 0.6335714285714286 0.17238095238095238 0.032857142857142856 0.0419047619047619
3 0.6392857142857142 0.13714285714285715 0.02857142857142857 0.04
3 0.5903571428571428 0.15761904761904763 0.027857142857142858 0.029523809523809525
3 0.6014285714285714 0.1295238095238095 0.032857142857142856 0.04
3 0.6139285714285714 0.08761904761904762 0.025 0.03238095238095238
3 0.6735714285714286 0.10476190476190476 0.027142857142857142 0.0380952380952381
3 0.6110714285714286 0.056666666666666664 0.017857142857142856 0.025714285714285714
3 0.6521428571428571 0.06285714285714286 0.025714285714285714 0.026666666666666665
3 0.6907142857142857 0.07523809523809524 0.045714285714285714 0.030476190476190476
3 0.6935714285714286 0.05857142857142857 0.04428571428571428 0.025714285714285714
3 0.6939285714285715 0.05 0.052142857142857144 0.02
3 0.6928571428571428 0.03619047619047619 0.045714285714285714 0.022857142857142857
3 0.6507142857142857 0.021904761904761906 0.017142857142857144 0.02095238095238095
3 0.6257142857142857 0.027142857142857142 0.018571428571428572 0.018095238095238095
3 0.625 0.014285714285714285 0.017142857142857144 0.01904761904761905
5 0.5964285714285714 0.03238095238095238 0.024285714285714285 0.05333333333333333
0 0.5746428571428571 0.09047619047619047 0.010714285714285714 0.030476190476190476
0 0.6742857142857143 0.1661904761904762 0.012857142857142857 0.037142857142857144
0 0.7828571428571428 0.3219047619047619 0.02 0.05714285714285714
0 0.7692857142857142 0.32476190476190475 0.02142857142857143 0.05714285714285714
0 0.8053571428571429 0.7952380952380952 0.04071428571428572 0.08571428571428572
0 0.9160714285714285 0.5014285714285714 0.02642857142857143 0.058095238095238096
