0 0.1875 0.9438095238095238 0.045 0.08
0 0.6603571428571429 0.6547619047619048 0.030714285714285715 0.054285714285714284
0 0.2225 0.7209523809523809 0.052142857142857144 0.06285714285714286
3 0.46 0.741904761904762 0.18857142857142858 0.14095238095238094
3 0.12464285714285714 0.6419047619047619 0.07785714285714286 0.18285714285714286
3 0.2782142857142857 0.5580952380952381 0.07357142857142857 0.13714285714285715
3 0.9642857142857143 0.6823809523809524 0.07142857142857142 0.11904761904761904
3 0.8310714285714286 0.7176190476190476 0.17357142857142857 0.1361904761904762
3 0.9678571428571429 0.3119047619047619 0.06428571428571428 0.13238095238095238
3 0.9253571428571429 0.3242857142857143 0.09785714285714285 0.1361904761904762
3 0.8071428571428572 0.30666666666666664 0.08571428571428572 0.1295238095238095
4 0.7475 0.2680952380952381 0.08357142857142857 0.12666666666666668
4 0.4882142857142857 0.5676190476190476 0.165 0.1180952380952381
4 0.4446428571428571 0.36857142857142855 0.125 0.10857142857142857
4 0.3967857142857143 0.3171428571428571 0.11071428571428571 0.1219047619047619
4 0.26535714285714285 0.3933333333333333 0.07357142857142857 0.1657142857142857
0 0.5817857142857142 0.4438095238095238 0.016428571428571428 0.05523809523809524
0 0.5278571428571428 0.27714285714285714 0.015714285714285715 0.05904761904761905
0 0.4878571428571429 0.22952380952380952 0.01 0.05333333333333333
0 0.5046428571428572 0.2195238095238095 0.012142857142857143 0.05047619047619047
0 0.6910714285714286 0.15571428571428572 0.015 0.05047619047619047
3 0.5417857142857143 0.17095238095238094 0.08214285714285714 0.0980952380952381
3 0.4975 0.16047619047619047 0.08357142857142857 0.09428571428571429
3 0.46714285714285714 0.13285714285714287 0.08285714285714285 0.07333333333333333
3 0.20357142857142857 0.1742857142857143 0.06142857142857143 0.07428571428571429
4 0.29392857142857143 0.1976190476190476 0.05785714285714286 0.10952380952380952
3 0.30785714285714283 0.12523809523809523 0.04428571428571428 0.06380952380952382
3 0.31892857142857145 0.04285714285714286 0.03785714285714286 0.06285714285714286
3 0.029285714285714286 0.3619047619047619 0.05714285714285714 0.1295238095238095
3 0.055714285714285716 0.24857142857142858 0.08285714285714285 0.10666666666666666
3 0.10464285714285715 0.15857142857142856 0.062142857142857146 0.08285714285714285
3 0.1367857142857143 0.0838095238095238 0.055 0.07428571428571429
3 0.22464285714285714 0.02095238095238095 0.04357142857142857 0.04
3 0.3339285714285714 0.012857142857142857 0.030714285714285715 0.025714285714285714
0 0.22857142857142856 0.2361904761904762 0.01 0.03428571428571429
0 0.23357142857142857 0.25333333333333335 0.007142857142857143 0.03619047619047619
