0 0.439 0.02333333333333333 0.005 0.02
3 0.42475 0.06166666666666666 0.0085 0.019333333333333334
4 0.4225 0.07533333333333334 0.008 0.017333333333333333
3 0.42025 0.091 0.0105 0.019333333333333334
9 0.4335 0.12366666666666666 0.005 0.016666666666666666
8 0.52875 0.06733333333333333 0.0175 0.050666666666666665
3 0.55375 0.01633333333333333 0.0095 0.014
3 0.55525 0.028333333333333332 0.0085 0.012666666666666666
3 0.557 0.03933333333333333 0.01 0.013333333333333332
3 0.55825 0.051333333333333335 0.0105 0.017333333333333333
3 0.561 0.06566666666666666 0.009000000000000001 0.018
3 0.56275 0.082 0.0115 0.017333333333333333
3 0.56575 0.095 0.0125 0.015333333333333332
3 0.5695 0.10866666666666666 0.013000000000000001 0.016
3 0.63875 0.112 0.0235 0.013333333333333332
3 0.6395000000000001 0.13366666666666666 0.024 0.015333333333333332
3 0.66325 0.135 0.0225 0.014
3 0.6505 0.149 0.024 0.015333333333333332
3 0.51525 0.13266666666666665 0.0105 0.02
3 0.57425 0.17933333333333332 0.0245 0.02
3 0.54675 0.21166666666666667 0.0135 0.019333333333333334
3 0.54575 0.2623333333333333 0.0155 0.028666666666666667
3 0.55225 0.3143333333333333 0.0165 0.03133333333333333
4 0.595 0.307 0.015 0.02733333333333333
3 0.609 0.4056666666666667 0.018000000000000002 0.03666666666666667
3 0.6145 0.44366666666666665 0.017 0.03266666666666666
3 0.6072500000000001 0.496 0.0205 0.04533333333333333
3 0.743 0.4713333333333333 0.028 0.03733333333333333
3 0.73 0.542 0.028 0.048
0 0.72575 0.515 0.0085 0.015333333333333332
3 0.795 0.469 0.024 0.033999999999999996
0 0.62825 0.5306666666666666 0.0075 0.021333333333333333
0 0.59475 0.5243333333333333 0.006500000000000001 0.020666666666666667
0 0.584 0.5243333333333333 0.006 0.020666666666666667
3 0.63675 0.5893333333333333 0.0205 0.03733333333333333
3 0.644 0.6496666666666666 0.024 0.049999999999999996
3 0.6545 0.7246666666666667 0.028 0.06
3 0.6735 0.8136666666666666 0.031 0.05933333333333333
3 0.71225 0.983 0.0305 0.033999999999999996
3 0.4605 0.23566666666666666 0.016 0.03266666666666666
3 0.46225 0.319 0.0155 0.03666666666666667
3 0.3985 0.27466666666666667 0.013000000000000001 0.025333333333333333
3 0.39575 0.30233333333333334 0.0135 0.028666666666666667
3 0.39075 0.34833333333333333 0.0145 0.03266666666666666
3 0.38775 0.3783333333333333 0.0175 0.035333333333333335
0 0.406 0.33066666666666666 0.005 0.017333333333333333
0 0.35475 0.42066666666666663 0.0055 0.016
0 0.35100000000000003 0.42 0.005 0.016
3 0.38025000000000003 0.4343333333333333 0.0175 0.04066666666666666
4 0.3765 0.46599999999999997 0.018000000000000002 0.03733333333333333
4 0.36875 0.517 0.021500000000000002 0.056666666666666664
4 0.36325 0.5906666666666667 0.0195 0.05733333333333333
0 0.33825 0.595 0.0055 0.015333333333333332
0 0.3315 0.5983333333333333 0.005 0.016666666666666666
3 0.34650000000000003 0.7306666666666667 0.025 0.06533333333333333
3 0.33825 0.8083333333333333 0.0285 0.06733333333333333
0 0.352 0.8493333333333333 0.008 0.018666666666666665
4 0.3235 0.9109999999999999 0.033 0.09666666666666666
3 0.44125000000000003 0.958 0.0245 0.08399999999999999
8 0.40900000000000003 0.7723333333333333 0.037 0.17133333333333334
3 0.44925 0.7346666666666667 0.021500000000000002 0.07066666666666667
3 0.48275 0.7946666666666666 0.0245 0.08266666666666667
3 0.0805 0.5296666666666666 0.044 0.03
3 0.09225 0.49966666666666665 0.0425 0.03
