0 0.032857142857142856 0.2957142857142857 0.024285714285714285 0.037142857142857144
0 0.0975 0.20857142857142857 0.016428571428571428 0.03428571428571429
0 0.11392857142857143 0.03571428571428571 0.012142857142857143 0.025714285714285714
0 0.175 0.06904761904761905 0.014285714285714285 0.02761904761904762
3 0.18571428571428572 0.09476190476190476 0.03857142857142857 0.04476190476190476
3 0.26821428571428574 0.09666666666666666 0.02642857142857143 0.040952380952380955
3 0.30785714285714283 0.16428571428571428 0.037142857142857144 0.06571428571428571
3 0.15321428571428572 0.3080952380952381 0.016428571428571428 0.035238095238095235
3 0.13714285714285715 0.31761904761904763 0.017142857142857144 0.039047619047619046
3 0.15107142857142858 0.22952380952380952 0.016428571428571428 0.0380952380952381
9 0.26357142857142857 0.3676190476190476 0.018571428571428572 0.03238095238095238
1 0.2567857142857143 0.34523809523809523 0.015 0.025714285714285714
0 0.055714285714285716 0.23666666666666666 0.017142857142857144 0.037142857142857144
0 0.04285714285714286 0.23809523809523808 0.012857142857142857 0.04
0 0.1717857142857143 0.52 0.023571428571428573 0.0419047619047619
0 0.10035714285714285 0.6409523809523809 0.025 0.05142857142857143
3 0.04285714285714286 0.6314285714285715 0.08571428571428572 0.08761904761904762
3 0.5617857142857143 0.7961904761904762 0.125 0.22666666666666666
3 0.39107142857142857 0.36952380952380953 0.06785714285714285 0.09523809523809523
3 0.5267857142857143 0.2342857142857143 0.05071428571428571 0.06285714285714286
3 0.4446428571428571 0.11904761904761904 0.03785714285714286 0.04
3 0.36214285714285716 0.06904761904761905 0.03142857142857143 0.040952380952380955
3 0.33107142857142857 0.034761904761904765 0.029285714285714286 0.037142857142857144
3 0.3167857142857143 0.010952380952380953 0.025 0.021904761904761906
3 0.37142857142857144 0.011428571428571429 0.027142857142857142 0.022857142857142857
0 0.635 0.09333333333333334 0.008571428571428572 0.0380952380952381
0 0.6432142857142857 0.09142857142857143 0.009285714285714286 0.03238095238095238
3 0.7282142857142857 0.02761904761904762 0.04642857142857143 0.03238095238095238
3 0.6746428571428571 0.16857142857142857 0.047857142857142855 0.047619047619047616
3 0.7739285714285714 0.048095238095238094 0.04928571428571429 0.035238095238095235
3 0.8103571428571429 0.09952380952380953 0.05357142857142857 0.037142857142857144
5 0.8067857142857143 0.1595238095238095 0.06785714285714285 0.04285714285714286
0 0.7621428571428571 0.17047619047619048 0.014285714285714285 0.045714285714285714
0 0.8239285714285715 0.24428571428571427 0.012142857142857143 0.04666666666666667
0 0.8282142857142857 0.19047619047619047 0.012142857142857143 0.030476190476190476
0 0.7621428571428571 0.30142857142857143 0.02 0.035238095238095235
0 0.7564285714285715 0.2838095238095238 0.012857142857142857 0.030476190476190476
3 0.9285714285714286 0.259047619047619 0.07714285714285714 0.05142857142857143
8 0.9846428571428572 0.21476190476190476 0.030714285714285715 0.06190476190476191
3 0.3442857142857143 0.7838095238095238 0.07285714285714286 0.1523809523809524
9 0.7335714285714285 0.42142857142857143 0.024285714285714285 0.035238095238095235
1 0.7335714285714285 0.4014285714285714 0.017142857142857144 0.05047619047619047
