3 0.45975 0.191 0.0045000000000000005 0.004666666666666666
3 0.466 0.188 0.005 0.006666666666666666
3 0.47375 0.18466666666666667 0.0055 0.005333333333333333
3 0.484 0.17866666666666667 0.005 0.006666666666666666
3 0.49675 0.17766666666666667 0.0055 0.006
3 0.50225 0.19233333333333333 0.0115 0.02333333333333333
3 0.51225 0.17566666666666667 0.0055 0.008666666666666666
3 0.51275 0.19133333333333333 0.0075 0.017333333333333333
3 0.4805 0.18533333333333332 0.005 0.006666666666666666
3 0.46825 0.20066666666666666 0.0055 0.008
3 0.456 0.208 0.007 0.008
3 0.4585 0.22799999999999998 0.005 0.010666666666666666
3 0.468 0.22599999999999998 0.008 0.008
3 0.47775 0.19933333333333333 0.0055 0.006666666666666666
3 0.48825 0.18866666666666665 0.006500000000000001 0.008
3 0.48 0.207 0.007 0.007333333333333333
3 0.48725 0.195 0.006500000000000001 0.004666666666666666
3 0.48725 0.20333333333333334 0.0055 0.006666666666666666
3 0.48775 0.209 0.0045000000000000005 0.006
8 0.5 0.21066666666666667 0.012 0.016
3 0.50975 0.20933333333333332 0.006500000000000001 0.010666666666666666
3 0.483 0.221 0.006 0.01
3 0.49075 0.21733333333333332 0.0055 0.006666666666666666
3 0.49375 0.22899999999999998 0.0055 0.008666666666666666
3 0.48975 0.247 0.0075 0.008666666666666666
8 0.50575 0.23433333333333334 0.0115 0.019333333333333334
3 0.50125 0.24833333333333332 0.0075 0.006
3 0.47475 0.27799999999999997 0.0075 0.010666666666666666
3 0.442 0.24333333333333332 0.006 0.010666666666666666
3 0.44025000000000003 0.206 0.006500000000000001 0.009333333333333332
3 0.52175 0.20666666666666667 0.0045000000000000005 0.008
3 0.5155 0.22266666666666665 0.007 0.012
3 0.52225 0.23566666666666666 0.006500000000000001 0.01
0 0.516 0.24166666666666667 0.003 0.012666666666666666
3 0.52625 0.24833333333333332 0.0095 0.015333333333333332
4 0.53025 0.26066666666666666 0.0115 0.010666666666666666
3 0.50075 0.2573333333333333 0.0085 0.008
4 0.4855 0.27266666666666667 0.009000000000000001 0.014666666666666666
3 0.4965 0.26766666666666666 0.007 0.01
3 0.49 0.2816666666666667 0.009000000000000001 0.008666666666666666
3 0.501 0.282 0.007 0.008
3 0.50675 0.2743333333333333 0.0085 0.008666666666666666
3 0.5105000000000001 0.258 0.008 0.008
3 0.51725 0.27699999999999997 0.006500000000000001 0.008666666666666666
3 0.53125 0.27466666666666667 0.0165 0.009333333333333332
4 0.55325 0.27599999999999997 0.0135 0.010666666666666666
3 0.58525 0.27566666666666667 0.0165 0.008666666666666666
0 0.55825 0.267 0.0055 0.007333333333333333
0 0.51725 0.2896666666666667 0.0025 0.007333333333333333
3 0.52175 0.29166666666666663 0.0055 0.006
0 0.49325 0.293 0.0045000000000000005 0.011333333333333332
3 0.505 0.29766666666666663 0.009000000000000001 0.01
3 0.51625 0.30166666666666664 0.0075 0.012666666666666666
4 0.5295 0.30933333333333335 0.009000000000000001 0.016
3 0.522 0.323 0.01 0.012666666666666666
3 0.5115000000000001 0.33066666666666666 0.008 0.012
3 0.5285 0.3436666666666667 0.01 0.015333333333333332
3 0.538 0.33466666666666667 0.009000000000000001 0.012
3 0.55625 0.305 0.0075 0.01
3 0.558 0.32266666666666666 0.01 0.010666666666666666
3 0.562 0.33066666666666666 0.007 0.009333333333333332
3 0.56525 0.3383333333333333 0.0085 0.01
3 0.56925 0.3486666666666667 0.0105 0.012
3 0.577 0.364 0.011 0.012
3 0.54775 0.361 0.0105 0.014
3 0.535 0.36366666666666664 0.01 0.011333333333333332
3 0.55575 0.388 0.0115 0.014666666666666666
3 0.54425 0.3973333333333333 0.0105 0.013333333333333332
0 0.5795 0.39466666666666667 0.004 0.010666666666666666
3 0.59075 0.39999999999999997 0.0135 0.014666666666666666
3 0.59675 0.41733333333333333 0.0115 0.014666666666666666
3 0.6075 0.437 0.015 0.015333333333333332
3 0.62125 0.45666666666666667 0.0175 0.02
3 0.57575 0.4323333333333333 0.0135 0.018
3 0.561 0.442 0.012 0.017333333333333333
3 0.56925 0.4666666666666667 0.0145 0.022666666666666665
3 0.5670000000000001 0.5093333333333333 0.014 0.021333333333333333
4 0.4635 0.484 0.021 0.06133333333333333
1 0.7365 0.7863333333333333 0.007 0.015333333333333332
9 0.73675 0.7896666666666666 0.0105 0.024666666666666667
3 0.73075 0.6709999999999999 0.025500000000000002 0.033999999999999996
1 0.70825 0.6726666666666666 0.006500000000000001 0.013333333333333332
2 0.70725 0.6773333333333333 0.0075 0.018666666666666665
3 0.716 0.6393333333333333 0.024 0.029333333333333333
1 0.69475 0.6433333333333333 0.0075 0.014666666666666666
2 0.6940000000000001 0.648 0.008 0.016
1 0.65925 0.6083333333333333 0.006500000000000001 0.012666666666666666
1 0.67775 0.6093333333333333 0.006500000000000001 0.014666666666666666
1 0.6885 0.6076666666666667 0.007 0.011333333333333332
1 0.67575 0.6283333333333333 0.006500000000000001 0.012666666666666666
9 0.6587500000000001 0.6116666666666667 0.0055 0.014
2 0.677 0.613 0.006 0.011333333333333332
2 0.68875 0.6133333333333333 0.0055 0.013333333333333332
9 0.6755 0.6353333333333333 0.007 0.017333333333333333
2 0.65 0.5116666666666666 0.006 0.015333333333333332
2 0.657 0.525 0.013000000000000001 0.01
9 0.6687500000000001 0.5403333333333333 0.0205 0.022
3 0.67925 0.5636666666666666 0.0245 0.02733333333333333
1 0.47600000000000003 0.4703333333333333 0.006 0.008666666666666666
2 0.47550000000000003 0.477 0.004 0.007333333333333333
1 0.48325 0.48933333333333334 0.006500000000000001 0.009333333333333332
9 0.4825 0.4933333333333333 0.005 0.010666666666666666
3 0.45775 0.44466666666666665 0.0125 0.018666666666666665
3 0.45725 0.42766666666666664 0.0115 0.015333333333333332
3 0.456 0.4136666666666666 0.009000000000000001 0.015333333333333332
3 0.45475 0.39966666666666667 0.0105 0.014
3 0.45325 0.387 0.0095 0.014
3 0.452 0.3723333333333333 0.009000000000000001 0.015333333333333332
3 0.45125 0.36066666666666664 0.0085 0.010666666666666666
3 0.45025 0.347 0.0075 0.014
4 0.46375 0.522 0.0135 0.030666666666666665
3 0.4655 0.5499999999999999 0.014 0.025333333333333333
3 0.46925 0.5786666666666667 0.0155 0.029333333333333333
3 0.47200000000000003 0.623 0.016 0.035333333333333335
1 0.48725 0.6363333333333333 0.0045000000000000005 0.015333333333333332
2 0.488 0.644 0.004 0.016
0 0.453 0.7086666666666667 0.01 0.024
3 0.47425 0.695 0.0165 0.03666666666666667
3 0.47225 0.7336666666666667 0.0185 0.041999999999999996
3 0.47125 0.7826666666666666 0.0205 0.04666666666666666
3 0.47275 0.8366666666666667 0.0205 0.056
4 0.47725 0.9079999999999999 0.0195 0.064
2 0.7575000000000001 0.65 0.013000000000000001 0.010666666666666666
0 0.76825 0.688 0.0055 0.017333333333333333
2 0.76525 0.6886666666666666 0.0125 0.013333333333333332
4 0.766 0.7546666666666666 0.032 0.048
1 0.75625 0.7969999999999999 0.006500000000000001 0.014
2 0.756 0.8029999999999999 0.009000000000000001 0.020666666666666667
3 0.7865 0.8066666666666666 0.029 0.04533333333333333
1 0.845 0.7956666666666666 0.006 0.020666666666666667
2 0.84075 0.7953333333333333 0.0155 0.016
3 0.70525 0.867 0.0325 0.049999999999999996
8 0.77075 0.9259999999999999 0.0885 0.148
4 0.82475 0.9233333333333333 0.0445 0.06
3 0.304 0.38566666666666666 0.024 0.014
3 0.8190000000000001 0.3233333333333333 0.009000000000000001 0.008
3 0.80075 0.26966666666666667 0.0095 0.01
3 0.673 0.18266666666666667 0.01 0.010666666666666666
2 0.9117500000000001 0.9673333333333333 0.0155 0.022666666666666665
2 0.908 0.9923333333333333 0.019 0.015333333333333332
