3 0.4614285714285714 0.04441624365482233 0.025714285714285714 0.055837563451776644
0 0.45107142857142857 0.08565989847715735 0.0064285714285714285 0.03426395939086294
0 0.5307142857142857 0.03426395939086294 0.007142857142857143 0.032994923857868015
3 0.5553571428571429 0.04885786802030456 0.03357142857142857 0.05964467005076142
0 0.5382142857142858 0.09581218274111675 0.0064285714285714285 0.03426395939086294
0 0.5428571428571428 0.11802030456852791 0.007142857142857143 0.03045685279187817
4 0.5764285714285714 0.11548223350253806 0.037142857142857144 0.07106598984771573
5 0.61 0.21700507614213196 0.05857142857142857 0.13705583756345177
4 0.48392857142857143 0.1281725888324873 0.03214285714285714 0.06598984771573603
4 0.5025 0.20431472081218272 0.035 0.08883248730964466
3 0.5239285714285714 0.30583756345177665 0.03785714285714286 0.08883248730964466
3 0.5542857142857143 0.4035532994923858 0.04 0.09390862944162436
0 0.6503571428571429 0.22715736040609136 0.009285714285714286 0.035532994923857864
0 0.6625 0.21002538071065988 0.0064285714285714285 0.031725888324873094
0 0.6796428571428571 0.2531725888324873 0.0064285714285714285 0.03426395939086294
0 0.6732142857142858 0.2836294416243655 0.007857142857142858 0.031725888324873094
0 0.6703571428571429 0.2576142131979695 0.0064285714285714285 0.032994923857868015
0 0.6617857142857143 0.2519035532994924 0.0064285714285714285 0.021573604060913704
0 0.6678571428571428 0.24682741116751267 0.004285714285714286 0.024111675126903553
0 0.665 0.24619289340101522 0.007142857142857143 0.035532994923857864
9 0.6421428571428571 0.31408629441624364 0.03 0.03680203045685279
9 0.6464285714285715 0.32550761421319796 0.03142857142857143 0.03934010152284264
9 0.6535714285714286 0.3381979695431472 0.024285714285714285 0.031725888324873094
9 0.6539285714285714 0.35215736040609136 0.03357142857142857 0.03934010152284264
9 0.6589285714285714 0.3623096446700507 0.03214285714285714 0.03934010152284264
9 0.66 0.38007614213197966 0.03142857142857143 0.03680203045685279
9 0.665 0.38832487309644664 0.02857142857142857 0.03807106598984771
9 0.6678571428571428 0.4029187817258883 0.025714285714285714 0.029187817258883246
9 0.6739285714285714 0.4156091370558375 0.029285714285714286 0.031725888324873094
9 0.6757142857142857 0.4289340101522842 0.03 0.04568527918781726
9 0.6817857142857143 0.4441624365482233 0.03357142857142857 0.04060913705583756
9 0.6882142857142857 0.46573604060913704 0.04071428571428572 0.03045685279187817
9 0.6896428571428571 0.4758883248730964 0.027857142857142858 0.032994923857868015
9 0.6953571428571429 0.49302030456852786 0.027857142857142858 0.029187817258883246
9 0.7003571428571429 0.5088832487309645 0.027857142857142858 0.035532994923857864
9 0.7085714285714285 0.5222081218274112 0.03571428571428571 0.03934010152284264
9 0.7089285714285715 0.5393401015228426 0.02642857142857143 0.025380710659898477
9 0.7135714285714285 0.5520304568527918 0.03428571428571429 0.035532994923857864
9 0.7153571428571428 0.572969543147208 0.027857142857142858 0.03426395939086294
0 0.7907142857142857 0.6053299492385786 0.012857142857142857 0.03045685279187817
0 0.4782142857142857 0.4809644670050761 0.009285714285714286 0.032994923857868015
0 0.4832142857142857 0.4758883248730964 0.007857142857142858 0.027918781725888322
0 0.4942857142857143 0.4695431472081218 0.007142857142857143 0.032994923857868015
0 0.5185714285714286 0.46002538071065985 0.01 0.03426395939086294
0 0.5035714285714286 0.49999999999999994 0.008571428571428572 0.032994923857868015
0 0.5139285714285714 0.5101522842639593 0.009285714285714286 0.032994923857868015
0 0.5335714285714286 0.5310913705583756 0.008571428571428572 0.03680203045685279
0 0.5453571428571429 0.5298223350253807 0.009285714285714286 0.029187817258883246
0 0.3875 0.6161167512690355 0.009285714285714286 0.031725888324873094
9 0.4132142857142857 0.5958121827411167 0.019285714285714285 0.021573604060913704
0 0.4767857142857143 0.5805837563451777 0.009285714285714286 0.026649746192893398
0 0.44142857142857145 0.7461928934010151 0.011428571428571429 0.025380710659898477
0 0.4253571428571429 0.7531725888324873 0.007857142857142858 0.029187817258883246
0 0.4135714285714286 0.7550761421319796 0.007142857142857143 0.025380710659898477
0 0.4235714285714286 0.7404822335025381 0.005714285714285714 0.029187817258883246
0 0.4232142857142857 0.7182741116751269 0.010714285714285714 0.025380710659898477
0 0.42964285714285716 0.697969543147208 0.009285714285714286 0.02284263959390863
0 0.6228571428571429 0.8565989847715736 0.012857142857142857 0.027918781725888322
0 0.62 0.8261421319796953 0.008571428571428572 0.03045685279187817
2 0.635 0.7931472081218274 0.012857142857142857 0.04060913705583756
