4 0.38726513569937365 0.852504638218924 0.0720250521920668 0.06307977736549165
4 0.39170146137787054 0.7922077922077922 0.05897703549060542 0.06307977736549165
3 0.43997912317327764 0.7128942486085343 0.06680584551148225 0.05658627087198516
4 0.44859081419624214 0.6623376623376623 0.04958246346555323 0.055658627087198514
3 0.4465031315240083 0.6210575139146568 0.055845511482254695 0.045454545454545456
3 0.4613778705636743 0.5774582560296846 0.052192066805845504 0.036178107606679034
3 0.5394050104384133 0.46985157699443414 0.022442588726513567 0.05658627087198516
3 0.49582463465553234 0.37987012987012986 0.04070981210855949 0.03803339517625232
4 0.5054801670146137 0.34786641929499074 0.03392484342379958 0.029684601113172542
4 0.508089770354906 0.30565862708719854 0.03496868475991649 0.030612244897959183
4 0.521920668058455 0.25510204081632654 0.024008350730688934 0.02411873840445269
3 0.5221816283924843 0.18877551020408165 0.012004175365344467 0.02319109461966605
4 0.5255741127348642 0.1461038961038961 0.020876826722338204 0.02319109461966605
3 0.6077766179540709 0.07328385899814471 0.022442588726513567 0.016697588126159554
3 0.7019832985386221 0.075139146567718 0.019832985386221292 0.012987012987012988
3 0.7150313152400835 0.15769944341372913 0.012526096033402922 0.025974025974025976
3 0.7254697286012526 0.08534322820037106 0.018789144050104383 0.016697588126159554
3 0.8126304801670146 0.09415584415584416 0.020876826722338204 0.013914656771799629
3 0.8460334029227556 0.10667903525046382 0.026096033402922752 0.022263450834879406
3 0.6518789144050103 0.030148423005565864 0.006263048016701461 0.0176252319109462
3 0.642223382045929 0.019944341372912802 0.008872651356993735 0.015769944341372914
3 0.5315762004175365 0.23747680890538034 0.02661795407098121 0.027829313543599257
1 0.9102296450939457 0.5538033395176253 0.0041753653444676405 0.022263450834879406
9 0.9081419624217119 0.5653988868274583 0.015657620041753653 0.026901669758812616
9 0.5558455114822547 0.5718923933209648 0.0073068893528183704 0.02504638218923933
1 0.9746868475991648 0.7087198515769945 0.008872651356993735 0.02411873840445269
9 0.9707724425887264 0.7189239332096475 0.016701461377870562 0.04267161410018553
3 0.6187369519832985 0.06957328385899815 0.017223382045929016 0.016697588126159554
1 0.5548016701461377 0.5570500927643784 0.008350730688935281 0.0176252319109462
9 0.3418580375782881 0.672077922077922 0.015657620041753653 0.02319109461966605
9 0.2575678496868476 0.9225417439703154 0.02766179540709812 0.026901669758812616
9 0.3003653444676409 0.8056586270871985 0.02453027139874739 0.03246753246753247
9 0.37526096033402917 0.5658627087198516 0.019832985386221292 0.022263450834879406
2 0.4086638830897703 0.47680890538033394 0.013569937369519832 0.02411873840445269
0 0.5438413361169102 0.34740259740259744 0.005219206680584551 0.021335807050092765
0 0.5514091858037578 0.3358070500927644 0.0036534446764091852 0.020408163265306124
0 0.5485386221294363 0.3274582560296846 0.0041753653444676405 0.02411873840445269
9 0.4830375782881002 0.23747680890538034 0.009916492693110646 0.014842300556586271
4 0.7575678496868475 0.07467532467532467 0.025574112734864297 0.0176252319109462
