5 0.45825 0.6136666666666667 0.0195 0.022
5 0.47300000000000003 0.631 0.017 0.028666666666666667
3 0.444 0.9319999999999999 0.022 0.056
0 0.491 0.8406666666666667 0.005 0.021333333333333333
0 0.49375 0.8646666666666666 0.0055 0.022666666666666665
0 0.50825 0.8686666666666666 0.0045000000000000005 0.021333333333333333
0 0.50075 0.8686666666666666 0.0035 0.022666666666666665
0 0.50375 0.866 0.0035 0.021333333333333333
1 0.50125 0.843 0.006500000000000001 0.008666666666666666
0 0.45075 0.62 0.0035 0.010666666666666666
