3 0.29928571428571427 0.9147619047619048 0.14714285714285713 0.17047619047619048
3 0.3560714285714286 0.7114285714285714 0.08785714285714286 0.13142857142857142
3 0.4064285714285714 0.4895238095238095 0.054285714285714284 0.07047619047619047
3 0.6535714285714286 0.6228571428571429 0.16428571428571428 0.09523809523809523
3 0.6092857142857143 0.5476190476190477 0.12571428571428572 0.06857142857142857
3 0.6007142857142858 0.4661904761904762 0.1 0.04285714285714286
3 0.5735714285714286 0.41904761904761906 0.08142857142857143 0.05333333333333333
3 0.545 0.39714285714285713 0.032857142857142856 0.05523809523809524
3 0.7367857142857143 0.5571428571428572 0.08642857142857142 0.10857142857142857
3 0.6846428571428571 0.45380952380952383 0.060714285714285714 0.08476190476190476
3 0.41535714285714287 0.4280952380952381 0.045 0.06571428571428571
3 0.4317857142857143 0.38285714285714284 0.04214285714285714 0.06476190476190476
3 0.4367857142857143 0.3504761904761905 0.029285714285714286 0.026666666666666665
3 0.4375 0.32476190476190475 0.027857142857142858 0.03619047619047619
3 0.49535714285714283 0.2866666666666667 0.023571428571428573 0.030476190476190476
3 0.57 0.36428571428571427 0.07857142857142857 0.04285714285714286
3 0.5528571428571428 0.35333333333333333 0.06285714285714286 0.024761904761904763
3 0.5482142857142858 0.3357142857142857 0.060714285714285714 0.03333333333333333
3 0.5546428571428571 0.32285714285714284 0.062142857142857146 0.02857142857142857
3 0.5514285714285714 0.3142857142857143 0.06 0.03619047619047619
3 0.5539285714285714 0.3038095238095238 0.056428571428571425 0.03238095238095238
3 0.6046428571428571 0.31285714285714283 0.030714285714285715 0.04476190476190476
3 0.15928571428571428 0.4623809523809524 0.054285714285714284 0.08285714285714285
3 0.1025 0.4338095238095238 0.07071428571428572 0.06
3 0.032857142857142856 0.35523809523809524 0.06571428571428571 0.06285714285714286
3 0.09071428571428572 0.3304761904761905 0.05 0.04380952380952381
3 0.13071428571428573 0.3028571428571429 0.045714285714285714 0.0419047619047619
3 0.20714285714285716 0.34 0.045714285714285714 0.0419047619047619
3 0.20357142857142857 0.3076190476190476 0.04428571428571428 0.03428571428571429
3 0.46035714285714285 0.2180952380952381 0.012142857142857143 0.015238095238095238
3 0.4517857142857143 0.2623809523809524 0.016428571428571428 0.018095238095238095
3 0.4542857142857143 0.25285714285714284 0.015714285714285715 0.01619047619047619
3 0.45607142857142857 0.24333333333333335 0.015 0.01619047619047619
3 0.3107142857142857 0.23285714285714285 0.014285714285714285 0.018095238095238095
0 0.5046428571428572 0.6414285714285715 0.016428571428571428 0.07523809523809524
0 0.5232142857142857 0.6409523809523809 0.016428571428571428 0.0761904761904762
0 0.5057142857142857 0.3861904761904762 0.011428571428571429 0.04666666666666667
0 0.4828571428571429 0.35904761904761906 0.007142857142857143 0.03619047619047619
0 0.47464285714285714 0.35714285714285715 0.009285714285714286 0.03619047619047619
0 0.4760714285714286 0.259047619047619 0.0064285714285714285 0.022857142857142857
0 0.4689285714285714 0.25761904761904764 0.0064285714285714285 0.018095238095238095
0 0.47464285714285714 0.23238095238095238 0.005 0.013333333333333332
0 0.48428571428571426 0.24142857142857144 0.005714285714285714 0.01619047619047619
0 0.48892857142857143 0.24047619047619048 0.005 0.014285714285714285
0 0.4992857142857143 0.23904761904761904 0.005714285714285714 0.017142857142857144
0 0.7714285714285715 0.4861904761904762 0.017142857142857144 0.06380952380952382
9 0.8353571428571429 0.48428571428571426 0.02642857142857143 0.04285714285714286
0 0.8778571428571429 0.6747619047619048 0.032857142857142856 0.07523809523809524
9 0.7478571428571429 0.3933333333333333 0.02 0.03238095238095238
0 0.6664285714285715 0.33904761904761904 0.008571428571428572 0.03238095238095238
0 0.6760714285714285 0.34095238095238095 0.009285714285714286 0.03428571428571429
2 0.6639285714285714 0.3942857142857143 0.025 0.026666666666666665
3 0.5328571428571428 0.2842857142857143 0.05 0.025714285714285714
3 0.5653571428571429 0.26095238095238094 0.017857142857142856 0.024761904761904763
3 0.5264285714285715 0.26761904761904765 0.04285714285714286 0.01904761904761905
3 0.5307142857142857 0.2714285714285714 0.04 0.015238095238095238
3 0.6053571428571428 0.24857142857142858 0.03357142857142857 0.01904761904761905
3 0.59 0.2419047619047619 0.03 0.01904761904761905
3 0.5792857142857143 0.2361904761904762 0.024285714285714285 0.015238095238095238
3 0.5282142857142857 0.2580952380952381 0.035 0.01904761904761905
8 0.16035714285714286 0.2652380952380952 0.07214285714285715 0.05238095238095238
8 0.16178571428571428 0.24952380952380954 0.12214285714285714 0.05333333333333333
4 0.5796428571428571 0.9228571428571428 0.10642857142857143 0.15428571428571428
4 0.5810714285714286 0.43761904761904763 0.08071428571428571 0.054285714285714284
8 0.3142857142857143 0.2704761904761905 0.04428571428571428 0.08952380952380952
4 0.6017857142857143 0.49857142857142855 0.11214285714285714 0.06190476190476191
3 0.12392857142857143 0.5423809523809524 0.05785714285714286 0.07333333333333333
0 0.9667857142857142 0.6147619047619047 0.02642857142857143 0.06571428571428571
0 0.99 0.6347619047619047 0.017142857142857144 0.037142857142857144
9 0.7603571428571428 0.40476190476190477 0.010714285714285714 0.024761904761904763
