4 0.6103571428571428 0.2703045685279188 0.019285714285714285 0.06598984771573603
8 0.23964285714285713 0.3248730964467005 0.06928571428571428 0.06091370558375634
8 0.6246428571428572 0.7906091370558375 0.15357142857142858 0.17005076142131978
8 0.37642857142857145 0.8908629441624365 0.22857142857142856 0.21573604060913704
3 0.49178571428571427 0.7385786802030456 0.07785714285714286 0.10152284263959391
9 0.7385714285714285 0.7620558375634517 0.027142857142857142 0.07233502538071065
9 0.7603571428571428 0.7468274111675126 0.03642857142857143 0.07233502538071065
9 0.7532142857142857 0.7601522842639593 0.03357142857142857 0.08629441624365482
9 0.7907142857142857 0.7271573604060914 0.03571428571428571 0.07106598984771573
9 0.8042857142857143 0.715736040609137 0.032857142857142856 0.06598984771573603
9 0.8153571428571429 0.7138324873096447 0.029285714285714286 0.0748730964467005
9 0.8589285714285714 0.6884517766497461 0.03214285714285714 0.07233502538071065
9 0.8742857142857143 0.6833756345177664 0.02857142857142857 0.06472081218274112
9 0.8378571428571429 0.706218274111675 0.032857142857142856 0.06725888324873096
9 0.8496428571428571 0.6928934010152283 0.027857142857142858 0.06091370558375634
9 0.8835714285714286 0.6719543147208121 0.022857142857142857 0.06725888324873096
0 0.6071428571428571 0.9289340101522842 0.012857142857142857 0.048223350253807105
0 0.5753571428571429 0.964467005076142 0.020714285714285713 0.03807106598984771
0 0.8392857142857143 0.39974619289340096 0.012857142857142857 0.04060913705583756
0 0.8271428571428572 0.38007614213197966 0.011428571428571429 0.031725888324873094
0 0.8046428571428571 0.3895939086294416 0.012142857142857143 0.035532994923857864
0 0.7871428571428571 0.43210659898477155 0.011428571428571429 0.031725888324873094
0 0.8221428571428572 0.4143401015228426 0.015714285714285715 0.03934010152284264
0 0.38392857142857145 0.6021573604060914 0.010714285714285714 0.04187817258883248
0 0.33214285714285713 0.6161167512690355 0.014285714285714285 0.03934010152284264
0 0.30464285714285716 0.6243654822335025 0.017857142857142856 0.04060913705583756
0 0.10892857142857143 0.7138324873096447 0.016428571428571428 0.04187817258883248
0 0.35 0.43274111675126903 0.007142857142857143 0.027918781725888322
0 0.465 0.07931472081218273 0.005714285714285714 0.024111675126903553
0 0.46 0.07614213197969542 0.005714285714285714 0.02284263959390863
0 0.18964285714285714 0.28743654822335024 0.007857142857142858 0.029187817258883246
0 0.17821428571428571 0.28172588832487305 0.007857142857142858 0.02284263959390863
0 0.7039285714285715 0.16941624365482233 0.007857142857142858 0.026649746192893398
0 0.6942857142857143 0.17322335025380708 0.007142857142857143 0.024111675126903553
0 0.7092857142857143 0.15736040609137056 0.007142857142857143 0.025380710659898477
0 0.7057142857142857 0.2531725888324873 0.007142857142857143 0.024111675126903553
0 0.7503571428571428 0.2017766497461929 0.0064285714285714285 0.02284263959390863
4 0.7732142857142857 0.04758883248730964 0.016428571428571428 0.05964467005076142
0 0.3292857142857143 0.5761421319796954 0.008571428571428572 0.03045685279187817
0 0.3407142857142857 0.4156091370558375 0.011428571428571429 0.024111675126903553
9 0.23714285714285716 0.5996192893401014 0.012857142857142857 0.03680203045685279
0 0.8792857142857143 0.7969543147208121 0.015714285714285715 0.04060913705583756
