4 0.9092857142857143 0.5222081218274112 0.06142857142857143 0.07233502538071065
3 0.685 0.8280456852791878 0.04428571428571428 0.10279187817258882
3 0.31107142857142855 0.7233502538071065 0.047857142857142855 0.09390862944162436
4 0.26857142857142857 0.641497461928934 0.06 0.10025380710659898
4 0.3807142857142857 0.4295685279187817 0.045714285714285714 0.07741116751269035
4 0.20464285714285715 0.7671319796954315 0.065 0.11040609137055837
8 0.4785714285714286 0.17195431472081216 0.08571428571428572 0.07741116751269035
3 0.2571428571428571 0.23667512690355327 0.037142857142857144 0.052030456852791875
3 0.22142857142857142 0.2848984771573604 0.03571428571428571 0.052030456852791875
3 0.19357142857142856 0.33248730964467005 0.032857142857142856 0.048223350253807105
3 0.15107142857142858 0.38197969543147203 0.04357142857142857 0.07868020304568528
3 0.07 0.4961928934010152 0.05 0.07106598984771573
4 0.09035714285714286 0.39911167512690354 0.056428571428571425 0.049492385786802026
8 0.16464285714285715 0.28743654822335024 0.06642857142857143 0.10025380710659898
8 0.02 0.5647208121827411 0.03571428571428571 0.12182741116751268
9 0.10678571428571429 0.8432741116751269 0.02642857142857143 0.03934010152284264
9 0.06428571428571428 0.899746192893401 0.032857142857142856 0.04060913705583756
9 0.054285714285714284 0.8654822335025381 0.025714285714285714 0.03807106598984771
9 0.020714285714285713 0.9276649746192893 0.024285714285714285 0.04060913705583756
8 0.8042857142857143 0.11992385786802029 0.055714285714285716 0.11548223350253806
8 0.4564285714285714 0.09263959390862943 0.08571428571428572 0.08121827411167512
8 0.485 0.06725888324873096 0.07571428571428572 0.08629441624365482
8 0.5846428571428571 0.07614213197969542 0.07214285714285715 0.08883248730964466
8 0.5535714285714286 0.026649746192893398 0.08428571428571428 0.04568527918781726
0 0.3792857142857143 0.1846446700507614 0.011428571428571429 0.024111675126903553
0 0.42607142857142855 0.2715736040609137 0.0064285714285714285 0.027918781725888322
0 0.4114285714285714 0.2728426395939086 0.01 0.027918781725888322
0 0.09714285714285714 0.758248730964467 0.015714285714285715 0.031725888324873094
0 0.08678571428571429 0.7601522842639593 0.010714285714285714 0.02284263959390863
0 0.07928571428571428 0.7703045685279187 0.008571428571428572 0.02030456852791878
0 0.07571428571428572 0.7874365482233502 0.012857142857142857 0.029187817258883246
9 0.09321428571428571 0.7918781725888324 0.03214285714285714 0.035532994923857864
1 0.09178571428571429 0.7918781725888324 0.017857142857142856 0.02284263959390863
