5 0.39107142857142857 0.6961904761904761 0.1707142857142857 0.10476190476190476
3 0.07535714285714286 0.8957142857142857 0.08928571428571429 0.07333333333333333
3 0.5360714285714285 0.7390476190476191 0.08214285714285714 0.06285714285714286
9 0.6303571428571428 0.729047619047619 0.04071428571428572 0.025714285714285714
4 0.4710714285714286 0.32476190476190475 0.03214285714285714 0.05142857142857143
4 0.5246428571428572 0.3647619047619048 0.03642857142857143 0.06476190476190476
3 0.5489285714285714 0.3519047619047619 0.030714285714285715 0.04857142857142857
3 0.5717857142857142 0.3457142857142857 0.030714285714285715 0.05523809523809524
3 0.6014285714285714 0.3342857142857143 0.032857142857142856 0.06857142857142857
3 0.6260714285714286 0.3295238095238095 0.03214285714285714 0.06285714285714286
3 0.6532142857142857 0.32142857142857145 0.030714285714285715 0.05619047619047619
4 0.6628571428571428 0.26 0.04428571428571428 0.0380952380952381
3 0.6821428571428572 0.31333333333333335 0.02857142857142857 0.06476190476190476
4 0.7096428571428571 0.30238095238095236 0.027857142857142858 0.06380952380952382
4 0.7367857142857143 0.30047619047619045 0.027857142857142858 0.05047619047619047
4 0.7589285714285714 0.2842857142857143 0.027857142857142858 0.05619047619047619
3 0.8057142857142857 0.28714285714285714 0.03857142857142857 0.054285714285714284
3 0.8264285714285714 0.2752380952380952 0.03857142857142857 0.05523809523809524
3 0.8510714285714286 0.2642857142857143 0.039285714285714285 0.05619047619047619
3 0.8760714285714286 0.2580952380952381 0.03642857142857143 0.049523809523809526
3 0.9021428571428571 0.25333333333333335 0.04 0.049523809523809526
3 0.9421428571428572 0.24761904761904763 0.04857142857142857 0.06666666666666667
9 0.8535714285714285 0.20714285714285716 0.014285714285714285 0.029523809523809525
9 0.8296428571428571 0.21619047619047618 0.010714285714285714 0.022857142857142857
9 0.8175 0.2180952380952381 0.009285714285714286 0.022857142857142857
9 0.8053571428571429 0.22380952380952382 0.012142857142857143 0.02857142857142857
9 0.7892857142857143 0.2280952380952381 0.017142857142857144 0.023809523809523808
3 0.7603571428571428 0.4180952380952381 0.052142857142857144 0.03619047619047619
4 0.7007142857142857 0.42666666666666664 0.047142857142857146 0.04
3 0.6428571428571429 0.44761904761904764 0.05 0.04
3 0.8167857142857143 0.9028571428571428 0.06357142857142857 0.05904761904761905
3 0.865 0.8114285714285714 0.03428571428571429 0.09142857142857143
3 0.7146428571428571 0.9 0.06928571428571428 0.06285714285714286
3 0.8014285714285714 0.8647619047619047 0.08285714285714285 0.0761904761904762
9 0.9171428571428571 0.7595238095238095 0.02 0.040952380952380955
