6 0.5078288100208768 0.35018552875695735 0.015657620041753653 0.05473098330241188
1 0.5075678496868475 0.34833024118738404 0.008872651356993735 0.026901669758812616
6 0.4284968684759916 0.6034322820037106 0.022964509394572022 0.0862708719851577
0 0.37499999999999994 0.7166048237476809 0.014091858037578286 0.030612244897959183
2 0.2369519832985386 0.7787569573283859 0.013569937369519832 0.05102040816326531
5 0.5762004175365344 0.7583487940630798 0.12526096033402923 0.10667903525046382
6 0.5498434237995824 0.8761595547309833 0.08611691022964509 0.08998144712430427
4 0.5613256784968684 0.9526901669758813 0.07150313152400835 0.07977736549165121
2 0.6004697286012526 0.9499072356215214 0.013048016701461376 0.0686456400742115
2 0.6620563674321502 0.7560296846011132 0.032881002087682666 0.02411873840445269
2 0.6873695198329853 0.6929499072356216 0.027139874739039664 0.025974025974025976
9 0.7124217118997912 0.7903525046382189 0.032359081419624215 0.027829313543599257
6 0.7445198329853862 0.7462894248608535 0.028705636743215027 0.10111317254174397
6 0.7348643006263047 0.9072356215213359 0.04175365344467641 0.09461966604823747
7 0.7179018789144049 0.9837662337662337 0.023486430062630476 0.0287569573283859
6 0.7951461377870563 0.7987012987012987 0.025574112734864297 0.0705009276437848
0 0.5487995824634655 0.5825602968460112 0.009916492693110646 0.029684601113172542
3 0.5910751565762004 0.5969387755102041 0.07359081419624217 0.075139146567718
4 0.6116910229645093 0.5269016697588126 0.07306889352818371 0.07792207792207792
3 0.6163883089770354 0.4550092764378479 0.0720250521920668 0.06771799628942486
3 0.6223903966597076 0.35018552875695735 0.06941544885177452 0.05473098330241188
3 0.6242171189979122 0.28061224489795916 0.06576200417536533 0.06771799628942486
2 0.6831941544885177 0.3715213358070501 0.020876826722338204 0.02319109461966605
0 0.7606993736951982 0.5310760667903525 0.010960334029227557 0.030612244897959183
4 0.7972338204592901 0.5231910946196661 0.03810020876826722 0.14656771799628943
5 0.7633089770354905 0.10899814471243043 0.02766179540709812 0.11224489795918367
3 0.7570459290187891 0.02411873840445269 0.02766179540709812 0.04823747680890538
3 0.8181106471816283 0.03432282003710575 0.03183716075156576 0.0686456400742115
4 0.8551670146137786 0.04452690166975881 0.03079331941544885 0.08905380333951762
3 0.6531837160751565 0.016697588126159554 0.06106471816283924 0.03339517625231911
