3 0.2275 0.4247619047619048 0.056428571428571425 0.13523809523809524
3 0.2342857142857143 0.26142857142857145 0.05714285714285714 0.14952380952380953
3 0.26285714285714284 0.07 0.05142857142857143 0.1380952380952381
3 0.46 0.11523809523809524 0.041428571428571426 0.1219047619047619
3 0.4642857142857143 0.4514285714285714 0.04857142857142857 0.14095238095238094
3 0.5385714285714286 0.8652380952380953 0.06285714285714286 0.1742857142857143
0 0.5667857142857143 0.659047619047619 0.019285714285714285 0.022857142857142857
9 0.6635714285714286 0.949047619047619 0.04 0.06952380952380953
2 0.7114285714285714 0.9057142857142857 0.041428571428571426 0.0380952380952381
1 0.64 0.4042857142857143 0.024285714285714285 0.035238095238095235
1 0.6621428571428571 0.3976190476190476 0.015714285714285715 0.02761904761904762
0 0.5578571428571428 0.07666666666666666 0.015714285714285715 0.04666666666666667
4 0.6521428571428571 0.08 0.10714285714285714 0.08190476190476191
0 0.37357142857142855 0.13285714285714287 0.022857142857142857 0.040952380952380955
