4 0.07785714285714286 0.8705583756345177 0.054285714285714284 0.048223350253807105
3 0.08892857142857143 0.840736040609137 0.05785714285714286 0.03934010152284264
5 0.1 0.8045685279187816 0.07714285714285714 0.05837563451776649
3 0.3678571428571429 0.4486040609137055 0.012857142857142857 0.029187817258883246
4 0.38035714285714284 0.3362944162436548 0.012142857142857143 0.025380710659898477
5 0.38785714285714284 0.07614213197969542 0.008571428571428572 0.015228426395939085
3 0.37785714285714284 0.06027918781725888 0.005714285714285714 0.008883248730964466
3 0.5139285714285714 0.35850253807106597 0.015 0.021573604060913704
4 0.6767857142857143 0.907994923857868 0.02642857142857143 0.07741116751269035
4 0.6778571428571428 0.7049492385786802 0.022857142857142857 0.052030456852791875
5 0.8007142857142857 0.36167512690355325 0.03142857142857143 0.03807106598984771
8 0.7742857142857142 0.30901015228426393 0.02 0.031725888324873094
3 0.6475 0.09898477157360405 0.009285714285714286 0.0076142131979695426
3 0.6492857142857142 0.09137055837563451 0.008571428571428572 0.01015228426395939
3 0.6903571428571429 0.08502538071065989 0.009285714285714286 0.01015228426395939
3 0.8228571428571428 0.19098984771573602 0.011428571428571429 0.013959390862944161
5 0.7967857142857143 0.1846446700507614 0.029285714285714286 0.024111675126903553
3 0.8003571428571429 0.15989847715736039 0.010714285714285714 0.012690355329949238
5 0.7746428571428572 0.15609137055837563 0.02214285714285714 0.02030456852791878
5 0.7796428571428572 0.15291878172588833 0.023571428571428573 0.024111675126903553
5 0.7846428571428572 0.1484771573604061 0.02642857142857143 0.025380710659898477
5 0.7960714285714285 0.14530456852791876 0.02642857142857143 0.024111675126903553
5 0.8042857142857143 0.14086294416243653 0.025714285714285714 0.02030456852791878
5 0.8060714285714285 0.1383248730964467 0.02214285714285714 0.017766497461928932
5 0.8078571428571428 0.13451776649746192 0.02 0.02030456852791878
5 0.8207142857142857 0.14720812182741116 0.017142857142857144 0.017766497461928932
5 0.9132142857142858 0.2011421319796954 0.030714285714285715 0.026649746192893398
5 0.9892857142857143 0.23286802030456852 0.02142857142857143 0.024111675126903553
3 0.9717857142857143 0.23032994923857866 0.019285714285714285 0.013959390862944161
3 0.8403571428571428 0.12753807106598983 0.007857142857142858 0.008883248730964466
4 0.8467857142857143 0.12499999999999999 0.007857142857142858 0.011421319796954314
3 0.7767857142857143 0.05774111675126903 0.009285714285714286 0.008883248730964466
3 0.7939285714285714 0.05520304568527919 0.009285714285714286 0.011421319796954314
3 0.8342857142857143 0.046319796954314714 0.008571428571428572 0.008883248730964466
3 0.8457142857142858 0.031725888324873094 0.007142857142857143 0.0076142131979695426
3 0.8885714285714286 0.024111675126903553 0.007142857142857143 0.01015228426395939
3 0.9057142857142857 0.026015228426395937 0.005714285714285714 0.008883248730964466
3 0.8960714285714285 0.018401015228426396 0.005 0.008883248730964466
3 0.9042857142857142 0.0076142131979695426 0.005714285714285714 0.0076142131979695426
