3 0.7232142857142857 0.790952380952381 0.1792857142857143 0.09428571428571429
3 0.5132142857142857 0.8133333333333334 0.17214285714285715 0.09714285714285714
3 0.45357142857142857 0.5528571428571428 0.16142857142857142 0.11523809523809524
3 0.4442857142857143 0.43523809523809526 0.16142857142857142 0.10476190476190476
3 0.7117857142857142 0.36714285714285716 0.08214285714285714 0.1838095238095238
3 0.6625 0.14952380952380953 0.07928571428571428 0.14666666666666667
3 0.5492857142857143 0.09047619047619047 0.07 0.13523809523809524
3 0.45821428571428574 0.23714285714285716 0.13357142857142856 0.10285714285714286
3 0.8417857142857142 0.3304761904761905 0.135 0.10095238095238095
3 0.8025 0.2361904761904762 0.135 0.10285714285714286
3 0.3025 0.5461904761904762 0.08071428571428571 0.17047619047619048
4 0.2117857142857143 0.5476190476190477 0.08928571428571429 0.2361904761904762
3 0.11107142857142857 0.5723809523809524 0.085 0.20761904761904762
3 0.2960714285714286 0.8495238095238096 0.19785714285714287 0.13333333333333333
3 0.048214285714285716 0.8980952380952381 0.09642857142857143 0.12761904761904763
3 0.74 0.030476190476190476 0.13285714285714287 0.06095238095238095
3 0.7646428571428572 0.08333333333333333 0.11214285714285714 0.08476190476190476
3 0.7942857142857143 0.1523809523809524 0.1442857142857143 0.09142857142857143
9 0.3603571428571429 0.22857142857142856 0.05928571428571429 0.05333333333333333
0 0.9696428571428571 0.2180952380952381 0.02642857142857143 0.04
0 0.9867857142857143 0.21428571428571427 0.02642857142857143 0.06095238095238095
3 0.9232142857142858 0.5452380952380952 0.15357142857142858 0.10571428571428572
