4 0.36607142857142855 0.08629441624365482 0.023571428571428573 0.02284263959390863
4 0.36428571428571427 0.10850253807106598 0.024285714285714285 0.021573604060913704
3 0.36178571428571427 0.13388324873096447 0.029285714285714286 0.024111675126903553
3 0.36 0.1814720812182741 0.027142857142857142 0.025380710659898477
3 0.36428571428571427 0.20685279187817257 0.02142857142857143 0.025380710659898477
4 0.3525 0.2531725888324873 0.027857142857142858 0.024111675126903553
3 0.35035714285714287 0.28109137055837563 0.025 0.021573604060913704
3 0.34714285714285714 0.30583756345177665 0.02142857142857143 0.02030456852791878
5 0.26607142857142857 0.43274111675126903 0.03642857142857143 0.09898477157360405
5 0.23607142857142857 0.5774111675126903 0.04357142857142857 0.14213197969543145
3 0.17 0.8375634517766497 0.018571428571428572 0.05837563451776649
3 0.21107142857142858 0.7696700507614213 0.020714285714285713 0.05964467005076142
4 0.2292857142857143 0.7874365482233502 0.022857142857142857 0.05964467005076142
4 0.2475 0.7994923857868019 0.023571428571428573 0.06345177664974619
4 0.2860714285714286 0.6326142131979695 0.025 0.05456852791878172
4 0.2932142857142857 0.5977157360406091 0.02214285714285714 0.06091370558375634
4 0.2982142857142857 0.5482233502538071 0.023571428571428573 0.06091370558375634
4 0.3053571428571429 0.5088832487309645 0.020714285714285713 0.053299492385786795
3 0.31357142857142856 0.473984771573604 0.02 0.05456852791878172
4 0.32035714285714284 0.43274111675126903 0.025 0.06091370558375634
9 0.3360714285714286 0.3756345177664974 0.0064285714285714285 0.03045685279187817
9 0.3296428571428571 0.3876903553299492 0.010714285714285714 0.029187817258883246
3 0.4689285714285714 0.9365482233502538 0.015 0.06598984771573603
3 0.42714285714285716 0.7271573604060914 0.014285714285714285 0.05837563451776649
9 0.5046428571428572 0.583756345177665 0.0064285714285714285 0.027918781725888322
1 0.5046428571428572 0.583756345177665 0.0064285714285714285 0.017766497461928932
4 0.5360714285714285 0.6186548223350253 0.013571428571428571 0.052030456852791875
4 0.4160714285714286 0.4955583756345177 0.013571428571428571 0.04695431472081218
3 0.4317857142857143 0.5520304568527918 0.015 0.053299492385786795
4 0.8128571428571428 0.9536802030456852 0.025714285714285714 0.06979695431472081
9 0.9110714285714285 0.8121827411167513 0.012142857142857143 0.015228426395939085
9 0.9557142857142857 0.748730964467005 0.015714285714285715 0.02030456852791878
0 0.8242857142857143 0.6129441624365481 0.005714285714285714 0.012690355329949238
3 0.7603571428571428 0.714467005076142 0.023571428571428573 0.06345177664974619
8 0.7885714285714286 0.8388324873096447 0.03857142857142857 0.10406091370558375
4 0.41035714285714286 0.008248730964467004 0.009285714285714286 0.013959390862944161
4 0.42607142857142855 0.14530456852791876 0.012142857142857143 0.04441624365482233
4 0.40464285714285714 0.23413705583756345 0.012142857142857143 0.04187817258883248
3 0.42642857142857143 0.03426395939086294 0.011428571428571429 0.04060913705583756
4 0.48892857142857143 0.22842639593908629 0.012142857142857143 0.053299492385786795
4 0.46964285714285714 0.2576142131979695 0.012142857142857143 0.053299492385786795
4 0.4257142857142857 0.23730964467005075 0.012857142857142857 0.04314720812182741
3 0.42642857142857143 0.324238578680203 0.012857142857142857 0.04695431472081218
3 0.3985714285714286 0.416243654822335 0.012857142857142857 0.050761421319796954
3 0.4307142857142857 0.4428934010152284 0.012857142857142857 0.048223350253807105
