0 0.9932142857142857 0.8038095238095239 0.013571428571428571 0.04380952380952381
0 0.9253571428571429 0.34714285714285714 0.020714285714285713 0.040952380952380955
0 0.7564285714285715 0.9395238095238095 0.03142857142857143 0.06571428571428571
0 0.7317857142857143 0.9457142857142857 0.030714285714285715 0.05904761904761905
0 0.7 0.9766666666666667 0.025714285714285714 0.04666666666666667
0 0.6960714285714286 0.9419047619047619 0.02642857142857143 0.04380952380952381
0 0.5703571428571429 0.9214285714285714 0.02642857142857143 0.07333333333333333
9 0.38035714285714284 0.7814285714285715 0.03214285714285714 0.07523809523809524
1 0.38392857142857145 0.7828571428571428 0.029285714285714286 0.03619047619047619
1 0.38285714285714284 0.7738095238095238 0.03 0.04666666666666667
0 0.475 0.6733333333333333 0.018571428571428572 0.05142857142857143
0 0.45714285714285713 0.6557142857142857 0.015714285714285715 0.05619047619047619
0 0.48214285714285715 0.6519047619047619 0.017142857142857144 0.054285714285714284
0 0.5657142857142857 0.65 0.018571428571428572 0.04857142857142857
0 0.5864285714285714 0.6438095238095238 0.014285714285714285 0.049523809523809526
0 0.5978571428571429 0.6333333333333333 0.014285714285714285 0.047619047619047616
0 0.6157142857142857 0.6309523809523809 0.015714285714285715 0.04857142857142857
0 0.29285714285714287 0.5776190476190476 0.017142857142857144 0.05238095238095238
0 0.42178571428571426 0.5566666666666666 0.016428571428571428 0.05047619047619047
0 0.4382142857142857 0.5547619047619048 0.017857142857142856 0.05619047619047619
0 0.4546428571428571 0.5571428571428572 0.015 0.047619047619047616
0 0.4639285714285714 0.5552380952380952 0.015 0.04380952380952381
0 0.48 0.5428571428571428 0.012857142857142857 0.0419047619047619
0 0.49142857142857144 0.5323809523809524 0.011428571428571429 0.0419047619047619
0 0.49964285714285717 0.5261904761904762 0.013571428571428571 0.04666666666666667
0 0.5153571428571428 0.4657142857142857 0.012142857142857143 0.04380952380952381
0 0.5003571428571428 0.47523809523809524 0.015 0.047619047619047616
0 0.4775 0.48428571428571426 0.012142857142857143 0.040952380952380955
0 0.47785714285714287 0.4642857142857143 0.011428571428571429 0.03333333333333333
0 0.4675 0.4957142857142857 0.013571428571428571 0.05047619047619047
0 0.4564285714285714 0.4942857142857143 0.011428571428571429 0.04380952380952381
0 0.4442857142857143 0.4938095238095238 0.012857142857142857 0.040952380952380955
0 0.43357142857142855 0.49333333333333335 0.014285714285714285 0.04380952380952381
0 0.4539285714285714 0.47 0.010714285714285714 0.039047619047619046
0 0.46535714285714286 0.4638095238095238 0.013571428571428571 0.03619047619047619
0 0.38607142857142857 0.47714285714285715 0.013571428571428571 0.04380952380952381
0 0.35928571428571426 0.5214285714285715 0.017142857142857144 0.04285714285714286
0 0.4007142857142857 0.4747619047619048 0.012857142857142857 0.040952380952380955
0 0.41214285714285714 0.4704761904761905 0.011428571428571429 0.04
0 0.3917857142857143 0.4180952380952381 0.012142857142857143 0.0419047619047619
0 0.4357142857142857 0.40476190476190477 0.011428571428571429 0.03238095238095238
0 0.4425 0.4042857142857143 0.010714285714285714 0.03333333333333333
1 0.4039285714285714 0.36857142857142855 0.012142857142857143 0.026666666666666665
9 0.4042857142857143 0.37523809523809526 0.014285714285714285 0.03238095238095238
0 0.45107142857142857 0.35904761904761906 0.010714285714285714 0.0380952380952381
0 0.44892857142857145 0.34809523809523807 0.010714285714285714 0.03142857142857143
0 0.46714285714285714 0.34809523809523807 0.011428571428571429 0.037142857142857144
0 0.4757142857142857 0.3057142857142857 0.008571428571428572 0.030476190476190476
0 0.4639285714285714 0.3038095238095238 0.009285714285714286 0.03428571428571429
0 0.43857142857142856 0.31476190476190474 0.01 0.03142857142857143
0 0.44607142857142856 0.31142857142857144 0.010714285714285714 0.03428571428571429
0 0.4442857142857143 0.2823809523809524 0.01 0.029523809523809525
0 0.4325 0.2833333333333333 0.010714285714285714 0.035238095238095235
0 0.4225 0.2980952380952381 0.012142857142857143 0.03238095238095238
0 0.4182142857142857 0.259047619047619 0.007857142857142858 0.030476190476190476
0 0.4125 0.26095238095238094 0.009285714285714286 0.03238095238095238
0 0.40285714285714286 0.26142857142857145 0.01 0.029523809523809525
0 0.0675 0.10761904761904761 0.007857142857142858 0.015238095238095238
0 0.09214285714285714 0.14476190476190476 0.01 0.02095238095238095
3 0.5403571428571429 0.33666666666666667 0.060714285714285714 0.04666666666666667
