3 0.93825 0.487 0.0425 0.03933333333333333
3 0.98275 0.607 0.0345 0.04733333333333333
3 0.82775 0.9039999999999999 0.1365 0.10266666666666667
3 0.7292500000000001 0.6496666666666666 0.0905 0.05266666666666667
4 0.6245 0.6253333333333333 0.081 0.08399999999999999
4 0.6657500000000001 0.8063333333333333 0.10250000000000001 0.07933333333333333
3 0.6072500000000001 0.954 0.14150000000000001 0.092
3 0.4305 0.8813333333333333 0.092 0.13599999999999998
0 0.337 0.9196666666666666 0.022 0.049999999999999996
2 0.6960000000000001 0.5439999999999999 0.019 0.032
2 0.67475 0.514 0.0135 0.028
2 0.6225 0.4613333333333333 0.02 0.017333333333333333
9 0.6385000000000001 0.4613333333333333 0.009000000000000001 0.014666666666666666
9 0.63625 0.4723333333333333 0.0175 0.012666666666666666
6 0.63675 0.48066666666666663 0.029500000000000002 0.017333333333333333
6 0.635 0.5186666666666666 0.026000000000000002 0.042666666666666665
9 0.5905 0.471 0.022 0.022
3 0.56625 0.45566666666666666 0.059500000000000004 0.033999999999999996
7 0.56275 0.436 0.0305 0.022666666666666665
3 0.5915 0.3323333333333333 0.033 0.02333333333333333
3 0.52475 0.33799999999999997 0.0455 0.024
4 0.52775 0.36966666666666664 0.0395 0.03666666666666667
9 0.54875 0.39299999999999996 0.0165 0.016666666666666666
6 0.55425 0.37033333333333335 0.0105 0.011333333333333332
9 0.5625 0.3863333333333333 0.006 0.016666666666666666
2 0.55875 0.377 0.0095 0.014
2 0.5345 0.31166666666666665 0.005 0.014
2 0.5295 0.304 0.005 0.010666666666666666
1 0.52825 0.31266666666666665 0.006500000000000001 0.012
1 0.52375 0.3 0.0055 0.014666666666666666
1 0.519 0.30066666666666664 0.005 0.014666666666666666
9 0.49725 0.294 0.0055 0.014666666666666666
3 0.46675 0.29966666666666664 0.0175 0.02333333333333333
4 0.456 0.356 0.017 0.03333333333333333
7 0.45925 0.389 0.0135 0.038
6 0.47200000000000003 0.41466666666666663 0.016 0.032
3 0.48725 0.5256666666666666 0.0335 0.06466666666666666
1 0.20775000000000002 0.8863333333333333 0.0155 0.026
3 0.18925 0.899 0.0695 0.15533333333333332
1 0.2185 0.6863333333333334 0.015 0.03133333333333333
3 0.232 0.712 0.057 0.10666666666666666
0 0.35100000000000003 0.6973333333333334 0.015 0.042666666666666665
9 0.355 0.627 0.017 0.035333333333333335
0 0.34925 0.6573333333333333 0.0135 0.04133333333333333
0 0.3365 0.6713333333333333 0.011 0.030666666666666665
0 0.3275 0.6653333333333333 0.014 0.036
0 0.33075 0.6103333333333333 0.0185 0.04066666666666666
0 0.35125 0.587 0.0075 0.024666666666666667
0 0.359 0.5843333333333333 0.011 0.03133333333333333
0 0.36425 0.5496666666666666 0.0075 0.02333333333333333
1 0.311 0.5589999999999999 0.01 0.022
9 0.31275000000000003 0.5713333333333334 0.0105 0.028
0 0.261 0.528 0.012 0.03333333333333333
3 0.2685 0.5713333333333334 0.045 0.072
4 0.268 0.245 0.026000000000000002 0.015333333333333332
3 0.271 0.23866666666666667 0.027 0.012
3 0.30875 0.23399999999999999 0.0245 0.012
3 0.44 0.21766666666666665 0.018000000000000002 0.01
3 0.3885 0.225 0.023 0.014
0 0.3855 0.21733333333333332 0.004 0.010666666666666666
0 0.381 0.21866666666666665 0.004 0.012
1 0.3565 0.22266666666666665 0.005 0.009333333333333332
2 0.35725 0.22766666666666666 0.0045000000000000005 0.01
0 0.38275000000000003 0.23199999999999998 0.0035 0.013333333333333332
1 0.37875000000000003 0.23066666666666666 0.0035 0.008
9 0.379 0.23533333333333334 0.008 0.009333333333333332
0 0.361 0.23966666666666667 0.004 0.015333333333333332
0 0.36075 0.24633333333333332 0.0045000000000000005 0.012666666666666666
0 0.3835 0.25066666666666665 0.004 0.014666666666666666
0 0.38775 0.25166666666666665 0.0035 0.014
0 0.38825 0.248 0.0035 0.016
0 0.3855 0.244 0.004 0.013333333333333332
1 0.28675 0.49 0.0105 0.02
1 0.2895 0.441 0.008 0.022
1 0.2945 0.43066666666666664 0.006 0.012
0 0.322 0.43133333333333335 0.01 0.029333333333333333
0 0.327 0.4116666666666666 0.008 0.026
1 0.32075 0.39199999999999996 0.0075 0.014666666666666666
4 0.28575 0.386 0.0415 0.04533333333333333
6 0.30575 0.36566666666666664 0.0095 0.018
0 0.3385 0.41466666666666663 0.006 0.024
2 0.34325 0.418 0.0095 0.02
1 0.33925 0.3943333333333333 0.006500000000000001 0.014
9 0.34025 0.40299999999999997 0.006500000000000001 0.012666666666666666
0 0.33975 0.3873333333333333 0.0075 0.021333333333333333
6 0.3365 0.3853333333333333 0.012 0.022666666666666665
1 0.3775 0.43466666666666665 0.007 0.024
2 0.37825000000000003 0.44266666666666665 0.006500000000000001 0.018666666666666665
4 0.4165 0.424 0.05 0.034666666666666665
5 0.42925 0.39366666666666666 0.0325 0.05266666666666667
1 0.37025 0.38366666666666666 0.0055 0.019333333333333334
2 0.371 0.39199999999999996 0.009000000000000001 0.018666666666666665
0 0.37925000000000003 0.36666666666666664 0.006500000000000001 0.021333333333333333
0 0.3825 0.36433333333333334 0.006 0.022
0 0.36725 0.366 0.006500000000000001 0.022666666666666665
9 0.32525 0.36066666666666664 0.0085 0.017333333333333333
1 0.34525 0.32066666666666666 0.006500000000000001 0.012
9 0.34525 0.3293333333333333 0.006500000000000001 0.012
0 0.32675 0.31466666666666665 0.0055 0.018666666666666665
0 0.33125 0.308 0.0045000000000000005 0.018666666666666665
1 0.36225 0.31466666666666665 0.0055 0.014666666666666666
9 0.3625 0.3213333333333333 0.006 0.013333333333333332
1 0.35475 0.24866666666666665 0.0035 0.006666666666666666
1 0.35100000000000003 0.24933333333333332 0.005 0.009333333333333332
1 0.3595 0.2773333333333333 0.004 0.012
2 0.36025 0.2846666666666667 0.0035 0.012
4 0.35050000000000003 0.2633333333333333 0.012 0.022666666666666665
1 0.363 0.267 0.004 0.01
9 0.3635 0.27299999999999996 0.004 0.008666666666666666
1 0.3845 0.29566666666666663 0.005 0.011333333333333332
9 0.38525 0.30233333333333334 0.0045000000000000005 0.008666666666666666
4 0.42375 0.29966666666666664 0.0165 0.03
2 0.424 0.27599999999999997 0.007 0.010666666666666666
0 0.39375 0.27299999999999996 0.0045000000000000005 0.016666666666666666
0 0.39025 0.2723333333333333 0.0045000000000000005 0.016666666666666666
0 0.3895 0.268 0.004 0.014666666666666666
0 0.38725 0.28099999999999997 0.0045000000000000005 0.018
0 0.38325000000000004 0.27366666666666667 0.0045000000000000005 0.015333333333333332
0 0.37975000000000003 0.27299999999999996 0.0045000000000000005 0.015333333333333332
0 0.37825000000000003 0.2796666666666667 0.0035 0.014
1 0.38 0.29166666666666663 0.004 0.008666666666666666
9 0.38075000000000003 0.299 0.0045000000000000005 0.01
1 0.377 0.289 0.003 0.008666666666666666
1 0.3765 0.2853333333333333 0.004 0.008
9 0.37725000000000003 0.29166666666666663 0.0035 0.008666666666666666
1 0.37325 0.27066666666666667 0.0055 0.010666666666666666
9 0.373 0.2773333333333333 0.004 0.008
