2 0.2692857142857143 0.5728571428571428 0.041428571428571426 0.07333333333333333
0 0.7017857142857142 0.6504761904761904 0.039285714285714285 0.10666666666666666
0 0.7360714285714286 0.6628571428571428 0.039285714285714285 0.12
0 0.9835714285714285 0.6623809523809524 0.032857142857142856 0.1380952380952381
0 0.7875 0.5266666666666666 0.029285714285714286 0.07238095238095238
4 0.3385714285714286 0.5161904761904762 0.16857142857142857 0.09904761904761905
4 0.15964285714285714 0.4795238095238095 0.16214285714285714 0.10761904761904761
3 0.18464285714285714 0.5109523809523809 0.175 0.06380952380952382
8 0.22964285714285715 0.44333333333333336 0.31642857142857145 0.12666666666666668
3 0.04214285714285714 0.39380952380952383 0.06571428571428571 0.04666666666666667
0 0.585 0.4561904761904762 0.015714285714285715 0.0419047619047619
0 0.6003571428571428 0.4552380952380952 0.017857142857142856 0.049523809523809526
1 0.7003571428571429 0.4552380952380952 0.019285714285714285 0.047619047619047616
6 0.7210714285714286 0.4638095238095238 0.07785714285714286 0.04380952380952381
4 0.7385714285714285 0.3904761904761905 0.04285714285714286 0.0380952380952381
4 0.8078571428571428 0.38095238095238093 0.04428571428571428 0.0380952380952381
4 0.7757142857142857 0.3676190476190476 0.03857142857142857 0.030476190476190476
3 0.6982142857142857 0.3738095238095238 0.030714285714285715 0.03142857142857143
3 0.6982142857142857 0.35904761904761906 0.030714285714285715 0.026666666666666665
3 0.7510714285714286 0.37857142857142856 0.03357142857142857 0.03333333333333333
3 0.6582142857142858 0.35904761904761906 0.017857142857142856 0.02095238095238095
3 0.6639285714285714 0.3547619047619048 0.019285714285714285 0.02
3 0.6803571428571429 0.3485714285714286 0.017857142857142856 0.017142857142857144
9 0.42857142857142855 0.37666666666666665 0.015714285714285715 0.014285714285714285
3 0.6482142857142857 0.34476190476190477 0.016428571428571428 0.01904761904761905
0 0.69 0.3442857142857143 0.004285714285714286 0.012380952380952381
0 0.7475 0.3457142857142857 0.005 0.015238095238095238
1 0.7182142857142857 0.3504761904761905 0.0035714285714285713 0.011428571428571429
9 0.7182142857142857 0.3523809523809524 0.007857142857142858 0.011428571428571429
0 0.8992857142857142 0.35285714285714287 0.005714285714285714 0.018095238095238095
1 0.8464285714285714 0.3566666666666667 0.007142857142857143 0.018095238095238095
2 0.8453571428571428 0.36095238095238097 0.015 0.011428571428571429
0 0.7828571428571428 0.35333333333333333 0.007142857142857143 0.015238095238095238
0 0.7971428571428572 0.3547619047619048 0.007142857142857143 0.014285714285714285
0 0.8 0.35333333333333333 0.007142857142857143 0.015238095238095238
0 0.8071428571428572 0.35904761904761906 0.004285714285714286 0.017142857142857144
0 0.8067857142857143 0.35714285714285715 0.0064285714285714285 0.01904761904761905
1 0.8114285714285714 0.3576190476190476 0.005714285714285714 0.010476190476190476
1 0.8232142857142857 0.36 0.0064285714285714285 0.017142857142857144
1 0.8296428571428571 0.3580952380952381 0.0064285714285714285 0.015238095238095238
2 0.8242857142857143 0.36238095238095236 0.017142857142857144 0.012380952380952381
0 0.8175 0.3523809523809524 0.0064285714285714285 0.017142857142857144
0 0.8228571428571428 0.3538095238095238 0.005714285714285714 0.01619047619047619
3 0.8667857142857143 0.39666666666666667 0.05785714285714286 0.035238095238095235
3 0.8717857142857143 0.3842857142857143 0.047857142857142855 0.029523809523809525
3 0.9 0.3904761904761905 0.041428571428571426 0.03238095238095238
3 0.92 0.37666666666666665 0.041428571428571426 0.025714285714285714
3 0.8857142857142857 0.36952380952380953 0.045714285714285714 0.026666666666666665
3 0.9478571428571428 0.4471428571428571 0.10428571428571429 0.04476190476190476
3 0.9842857142857143 0.38571428571428573 0.03 0.026666666666666665
3 0.9757142857142858 0.37047619047619046 0.047142857142857146 0.022857142857142857
5 0.9732142857142857 0.35714285714285715 0.05357142857142857 0.0380952380952381
8 0.9635714285714285 0.3547619047619048 0.07285714285714286 0.04666666666666667
3 0.9814285714285714 0.4219047619047619 0.037142857142857144 0.03619047619047619
9 0.895 0.6028571428571429 0.03857142857142857 0.0761904761904762
1 0.8978571428571429 0.5880952380952381 0.032857142857142856 0.08666666666666667
