3 0.5625 0.6685714285714286 0.002142857142857143 0.0038095238095238095
3 0.5660714285714286 0.6595238095238095 0.002142857142857143 0.002857142857142857
3 0.5685714285714286 0.6542857142857142 0.002857142857142857 0.0038095238095238095
3 0.5671428571428572 0.6719047619047619 0.002857142857142857 0.004761904761904762
3 0.5742857142857143 0.6571428571428571 0.002857142857142857 0.0038095238095238095
3 0.5775 0.659047619047619 0.002142857142857143 0.0038095238095238095
8 0.5782142857142857 0.6647619047619048 0.0035714285714285713 0.0038095238095238095
3 0.5832142857142857 0.67 0.0035714285714285713 0.004761904761904762
3 0.5853571428571429 0.6714285714285714 0.0035714285714285713 0.0038095238095238095
5 0.5896428571428571 0.7042857142857143 0.0064285714285714285 0.008571428571428572
3 0.5910714285714286 0.6728571428571428 0.005 0.004761904761904762
3 0.5964285714285714 0.6680952380952381 0.004285714285714286 0.004761904761904762
3 0.5989285714285715 0.6776190476190476 0.0035714285714285713 0.004761904761904762
3 0.605 0.6838095238095238 0.004285714285714286 0.007619047619047619
3 0.6103571428571428 0.6880952380952381 0.005 0.006666666666666666
3 0.6153571428571428 0.6919047619047619 0.005 0.008571428571428572
5 0.6203571428571428 0.6961904761904761 0.007857142857142858 0.011428571428571429
3 0.6282142857142857 0.6823809523809524 0.009285714285714286 0.014285714285714285
3 0.6982142857142857 0.6271428571428571 0.009285714285714286 0.012380952380952381
8 0.7039285714285715 0.6223809523809524 0.016428571428571428 0.023809523809523808
3 0.7185714285714285 0.6166666666666667 0.012857142857142857 0.01619047619047619
3 0.6982142857142857 0.5666666666666667 0.0064285714285714285 0.007619047619047619
4 0.6907142857142857 0.5680952380952381 0.005714285714285714 0.008571428571428572
3 0.7242857142857143 0.6166666666666667 0.01 0.01619047619047619
3 0.7314285714285714 0.6128571428571429 0.008571428571428572 0.014285714285714285
3 0.7382142857142857 0.6061904761904762 0.017857142857142856 0.021904761904761906
3 0.7660714285714286 0.5928571428571429 0.010714285714285714 0.014285714285714285
3 0.7757142857142857 0.5876190476190476 0.011428571428571429 0.013333333333333332
3 0.7846428571428572 0.580952380952381 0.007857142857142858 0.015238095238095238
4 0.7907142857142857 0.5785714285714286 0.01 0.01619047619047619
4 0.8014285714285714 0.5714285714285714 0.017142857142857144 0.026666666666666665
3 0.8282142857142857 0.5557142857142857 0.015 0.02
4 0.7964285714285714 0.6138095238095238 0.015714285714285715 0.023809523809523808
8 0.8021428571428572 0.6409523809523809 0.045714285714285714 0.030476190476190476
3 0.8307142857142857 0.6242857142857143 0.02 0.01619047619047619
3 0.8082142857142857 0.6090476190476191 0.015 0.02
3 0.8196428571428571 0.6047619047619047 0.016428571428571428 0.02095238095238095
0 0.9325 0.61 0.012142857142857143 0.014285714285714285
3 0.8467857142857143 0.5433333333333333 0.016428571428571428 0.02
3 0.8589285714285714 0.5380952380952381 0.016428571428571428 0.02095238095238095
3 0.8807142857142857 0.5257142857142857 0.011428571428571429 0.01904761904761905
8 0.8896428571428572 0.5171428571428571 0.023571428571428573 0.03428571428571429
3 0.8639285714285714 0.4419047619047619 0.013571428571428571 0.015238095238095238
3 0.8371428571428572 0.4747619047619048 0.01 0.012380952380952381
3 0.8285714285714286 0.48095238095238096 0.011428571428571429 0.015238095238095238
4 0.8221428571428572 0.48 0.01 0.015238095238095238
4 0.8075 0.48857142857142855 0.012142857142857143 0.011428571428571429
4 0.9360714285714286 0.5652380952380952 0.025 0.037142857142857144
4 0.9185714285714286 0.5719047619047619 0.02142857142857143 0.040952380952380955
3 0.9139285714285714 0.6228571428571429 0.020714285714285713 0.01904761904761905
3 0.9567857142857142 0.5742857142857143 0.019285714285714285 0.03619047619047619
3 0.9746428571428571 0.5661904761904762 0.02214285714285714 0.037142857142857144
3 0.9917857142857143 0.5604761904761905 0.016428571428571428 0.035238095238095235
7 0.9867857142857143 0.6847619047619048 0.025 0.024761904761904763
3 0.8332142857142857 0.7685714285714286 0.03214285714285714 0.03428571428571429
3 0.8614285714285714 0.7704761904761904 0.03571428571428571 0.03619047619047619
3 0.705 0.7266666666666667 0.012857142857142857 0.013333333333333332
0 0.5689285714285715 0.9104761904761904 0.0064285714285714285 0.009523809523809525
0 0.5771428571428572 0.9228571428571428 0.005714285714285714 0.011428571428571429
0 0.5457142857142857 0.9371428571428572 0.005714285714285714 0.009523809523809525
0 0.5467857142857143 0.9333333333333333 0.005 0.007619047619047619
3 0.5728571428571428 0.7980952380952381 0.014285714285714285 0.01904761904761905
5 0.5689285714285715 0.8195238095238095 0.010714285714285714 0.01619047619047619
3 0.5796428571428571 0.8080952380952381 0.009285714285714286 0.012380952380952381
3 0.5882142857142857 0.799047619047619 0.007857142857142858 0.011428571428571429
3 0.5846428571428571 0.8176190476190476 0.016428571428571428 0.018095238095238095
3 0.5832142857142857 0.8295238095238096 0.016428571428571428 0.01904761904761905
3 0.5739285714285715 0.8476190476190476 0.016428571428571428 0.017142857142857144
3 0.5753571428571429 0.8504761904761905 0.016428571428571428 0.015238095238095238
3 0.5767857142857142 0.8561904761904762 0.016428571428571428 0.015238095238095238
3 0.5757142857142857 0.8666666666666667 0.02 0.01904761904761905
3 0.5782142857142857 0.8704761904761905 0.019285714285714285 0.02095238095238095
3 0.5807142857142857 0.878095238095238 0.018571428571428572 0.022857142857142857
8 0.5864285714285714 0.8914285714285715 0.03 0.03619047619047619
3 0.5892857142857143 0.9080952380952381 0.022857142857142857 0.025714285714285714
3 0.5653571428571429 0.9185714285714286 0.010714285714285714 0.02
3 0.5910714285714286 0.9323809523809524 0.02214285714285714 0.03428571428571429
3 0.5892857142857143 0.9161904761904762 0.02142857142857143 0.022857142857142857
3 0.5953571428571428 0.939047619047619 0.02214285714285714 0.02857142857142857
3 0.5992857142857143 0.9480952380952381 0.025714285714285714 0.03142857142857143
3 0.5946428571428571 0.9785714285714285 0.025 0.03142857142857143
3 0.9496428571428571 0.8995238095238095 0.052142857142857144 0.054285714285714284
