3 0.6621428571428571 0.7761904761904762 0.2042857142857143 0.12380952380952381
3 0.4007142857142857 0.7166666666666667 0.2042857142857143 0.10952380952380952
3 0.4060714285714286 0.4919047619047619 0.135 0.08857142857142856
3 0.19857142857142857 0.4061904761904762 0.08 0.0980952380952381
3 0.5810714285714286 0.48523809523809525 0.13214285714285715 0.09047619047619047
3 0.4307142857142857 0.22 0.08142857142857143 0.045714285714285714
3 0.41464285714285715 0.1661904761904762 0.07214285714285715 0.039047619047619046
3 0.15571428571428572 0.18 0.09428571428571429 0.049523809523809526
3 0.6475 0.15095238095238095 0.039285714285714285 0.05238095238095238
3 0.5871428571428572 0.06619047619047619 0.027142857142857142 0.02761904761904762
3 0.43857142857142856 0.6176190476190476 0.19428571428571428 0.11142857142857143
3 0.4057142857142857 0.43857142857142856 0.13428571428571429 0.058095238095238096
3 0.41892857142857143 0.38761904761904764 0.14357142857142857 0.045714285714285714
5 0.42892857142857144 0.3252380952380952 0.14357142857142857 0.09619047619047619
3 0.43785714285714283 0.2919047619047619 0.11857142857142858 0.06380952380952382
3 0.42892857142857144 0.19666666666666666 0.07357142857142857 0.04666666666666667
4 0.24892857142857142 0.23714285714285716 0.09928571428571428 0.06095238095238095
9 0.08392857142857142 0.6661904761904762 0.07357142857142857 0.058095238095238096
9 0.09785714285714285 0.6357142857142857 0.07857142857142857 0.04476190476190476
9 0.11214285714285714 0.6104761904761905 0.08142857142857143 0.03619047619047619
3 0.5664285714285714 0.4195238095238095 0.12285714285714286 0.06952380952380953
3 0.20642857142857143 0.15857142857142856 0.05 0.04476190476190476
3 0.7517857142857143 0.12904761904761905 0.030714285714285715 0.035238095238095235
3 0.6817857142857143 0.11904761904761904 0.035 0.0380952380952381
3 0.8446428571428571 0.14904761904761904 0.04071428571428572 0.029523809523809525
3 0.9753571428571428 0.21285714285714286 0.04928571428571429 0.04476190476190476
0 0.71 0.539047619047619 0.02142857142857143 0.06666666666666667
0 0.6510714285714285 0.2919047619047619 0.012142857142857143 0.04857142857142857
0 0.6582142857142858 0.29523809523809524 0.012142857142857143 0.049523809523809526
0 0.5457142857142857 0.16523809523809524 0.011428571428571429 0.03142857142857143
0 0.4992857142857143 0.12857142857142856 0.011428571428571429 0.02857142857142857
1 0.6821428571428572 0.27285714285714285 0.011428571428571429 0.03333333333333333
1 0.6114285714285714 0.23857142857142857 0.014285714285714285 0.029523809523809525
1 0.5717857142857142 0.17523809523809525 0.009285714285714286 0.022857142857142857
1 0.5746428571428571 0.14666666666666667 0.009285714285714286 0.01904761904761905
2 0.5725 0.19142857142857142 0.010714285714285714 0.022857142857142857
2 0.6153571428571428 0.25476190476190474 0.029285714285714286 0.018095238095238095
2 0.68 0.28904761904761905 0.018571428571428572 0.03142857142857143
2 0.5753571428571429 0.15619047619047619 0.023571428571428573 0.017142857142857144
0 0.5639285714285714 0.1361904761904762 0.007857142857142858 0.026666666666666665
0 0.57 0.14476190476190476 0.008571428571428572 0.026666666666666665
0 0.4992857142857143 0.10809523809523809 0.005714285714285714 0.021904761904761906
9 0.48857142857142855 0.1580952380952381 0.008571428571428572 0.02857142857142857
0 0.48714285714285716 0.13238095238095238 0.007142857142857143 0.02095238095238095
0 0.4767857142857143 0.13285714285714287 0.009285714285714286 0.025714285714285714
3 0.52 0.09285714285714286 0.02142857142857143 0.035238095238095235
0 0.5292857142857142 0.10666666666666666 0.012857142857142857 0.0380952380952381
3 0.4832142857142857 0.03380952380952381 0.015 0.02
4 0.7142857142857143 0.17666666666666667 0.045714285714285714 0.054285714285714284
3 0.7482142857142857 0.07047619047619047 0.027857142857142858 0.024761904761904763
3 0.7142857142857143 0.05619047619047619 0.018571428571428572 0.01904761904761905
3 0.6946428571428571 0.04285714285714286 0.02214285714285714 0.01904761904761905
3 0.6732142857142858 0.03428571428571429 0.019285714285714285 0.013333333333333332
3 0.6575 0.021904761904761906 0.013571428571428571 0.017142857142857144
3 0.6475 0.01904761904761905 0.015 0.017142857142857144
3 0.5592857142857143 0.07952380952380952 0.022857142857142857 0.03142857142857143
1 0.5417857142857143 0.07142857142857142 0.007857142857142858 0.013333333333333332
9 0.5421428571428571 0.07761904761904762 0.007142857142857143 0.014285714285714285
