3 0.09714285714285714 0.6 0.06 0.10095238095238095
3 0.10821428571428571 0.7133333333333334 0.09214285714285714 0.1295238095238095
3 0.32571428571428573 0.8614285714285714 0.09 0.1761904761904762
3 0.6414285714285715 0.7880952380952381 0.11428571428571428 0.1419047619047619
3 0.7035714285714286 0.7466666666666667 0.11571428571428571 0.13333333333333333
3 0.63 0.47333333333333333 0.06571428571428571 0.08
3 0.5464285714285714 0.5071428571428571 0.06857142857142857 0.08095238095238096
3 0.4610714285714286 0.49476190476190474 0.06785714285714285 0.08095238095238096
3 0.3975 0.5261904761904762 0.085 0.07333333333333333
3 0.33035714285714285 0.6028571428571429 0.07642857142857143 0.10857142857142857
3 0.21142857142857144 0.5052380952380953 0.06142857142857143 0.1019047619047619
3 0.48 0.94 0.10714285714285714 0.12
3 0.6242857142857143 0.9314285714285714 0.12571428571428572 0.13714285714285715
0 0.8567857142857143 0.57 0.017857142857142856 0.05238095238095238
1 0.4421428571428571 0.6566666666666666 0.025714285714285714 0.037142857142857144
2 0.445 0.67 0.041428571428571426 0.035238095238095235
9 0.08535714285714285 0.5104761904761905 0.025 0.03428571428571429
1 0.08107142857142857 0.5095238095238095 0.013571428571428571 0.0419047619047619
1 0.08535714285714285 0.42333333333333334 0.015 0.023809523809523808
1 0.05607142857142857 0.39476190476190476 0.015 0.021904761904761906
1 0.026071428571428572 0.3819047619047619 0.009285714285714286 0.017142857142857144
1 0.029642857142857144 0.37952380952380954 0.012142857142857143 0.021904761904761906
1 0.0175 0.46190476190476193 0.010714285714285714 0.01904761904761905
1 0.020714285714285713 0.4561904761904762 0.015714285714285715 0.022857142857142857
9 0.021785714285714287 0.4723809523809524 0.019285714285714285 0.02857142857142857
9 0.08964285714285715 0.439047619047619 0.017857142857142856 0.02857142857142857
9 0.05857142857142857 0.40714285714285714 0.014285714285714285 0.02
9 0.03 0.39571428571428574 0.017142857142857144 0.021904761904761906
0 0.008214285714285714 0.31 0.013571428571428571 0.03333333333333333
0 0.008214285714285714 0.22380952380952382 0.010714285714285714 0.026666666666666665
1 0.021785714285714287 0.2257142857142857 0.009285714285714286 0.013333333333333332
1 0.02214285714285714 0.2957142857142857 0.012857142857142857 0.01619047619047619
1 0.02107142857142857 0.3261904761904762 0.010714285714285714 0.023809523809523808
9 0.024285714285714285 0.33666666666666667 0.011428571428571429 0.023809523809523808
9 0.023214285714285715 0.3061904761904762 0.013571428571428571 0.02
2 0.02214285714285714 0.23333333333333334 0.015714285714285715 0.013333333333333332
3 0.14214285714285715 0.46476190476190476 0.04857142857142857 0.06666666666666667
3 0.18 0.38142857142857145 0.03428571428571429 0.05238095238095238
3 0.2714285714285714 0.29095238095238096 0.02857142857142857 0.05047619047619047
3 0.19607142857142856 0.24857142857142858 0.035 0.04
3 0.24678571428571427 0.17047619047619048 0.02214285714285714 0.022857142857142857
3 0.26571428571428574 0.15523809523809523 0.02142857142857143 0.022857142857142857
3 0.2892857142857143 0.22285714285714286 0.02857142857142857 0.03428571428571429
3 0.32535714285714284 0.25523809523809526 0.029285714285714286 0.03428571428571429
3 0.3632142857142857 0.32095238095238093 0.04071428571428572 0.047619047619047616
3 0.36642857142857144 0.2257142857142857 0.03 0.030476190476190476
0 0.38142857142857145 0.2038095238095238 0.005714285714285714 0.01904761904761905
2 0.38357142857142856 0.20666666666666667 0.012857142857142857 0.015238095238095238
0 0.39321428571428574 0.19047619047619047 0.007857142857142858 0.015238095238095238
9 0.395 0.19666666666666666 0.015714285714285715 0.01619047619047619
0 0.37785714285714284 0.15904761904761905 0.007142857142857143 0.01904761904761905
0 0.38321428571428573 0.16 0.005 0.02095238095238095
3 0.405 0.1619047619047619 0.017142857142857144 0.024761904761904763
3 0.32142857142857145 0.19666666666666666 0.025714285714285714 0.025714285714285714
3 0.4710714285714286 0.17857142857142858 0.04071428571428572 0.023809523809523808
3 0.09857142857142857 0.20238095238095238 0.025714285714285714 0.029523809523809525
3 0.13071428571428573 0.2319047619047619 0.02857142857142857 0.035238095238095235
8 0.15392857142857141 0.28476190476190477 0.075 0.11047619047619048
8 0.26821428571428574 0.33904761904761904 0.09214285714285714 0.12761904761904763
1 0.05 0.2423809523809524 0.01 0.02
9 0.05071428571428571 0.2523809523809524 0.018571428571428572 0.01904761904761905
8 0.16357142857142856 0.18142857142857144 0.05714285714285714 0.06380952380952382
3 0.3464285714285714 0.39380952380952383 0.04428571428571428 0.054285714285714284
3 0.4567857142857143 0.37761904761904763 0.052142857142857144 0.04857142857142857
3 0.5110714285714286 0.36952380952380953 0.045 0.05333333333333333
3 0.6057142857142858 0.3738095238095238 0.03428571428571429 0.058095238095238096
3 0.5460714285714285 0.30238095238095236 0.03642857142857143 0.04476190476190476
3 0.5657142857142857 0.2509523809523809 0.02857142857142857 0.035238095238095235
3 0.5725 0.20666666666666667 0.035 0.03238095238095238
3 0.5514285714285714 0.1676190476190476 0.04 0.026666666666666665
0 0.6092857142857143 0.2419047619047619 0.007142857142857143 0.022857142857142857
3 0.055714285714285716 0.12666666666666668 0.08571428571428572 0.0419047619047619
3 0.15321428571428572 0.12285714285714286 0.06785714285714285 0.0419047619047619
3 0.4471428571428571 0.08428571428571428 0.07857142857142857 0.04476190476190476
3 0.4875 0.14095238095238094 0.03357142857142857 0.017142857142857144
3 0.47535714285714287 0.1357142857142857 0.025 0.018095238095238095
3 0.5339285714285714 0.13047619047619047 0.030714285714285715 0.022857142857142857
3 0.5703571428571429 0.1280952380952381 0.029285714285714286 0.018095238095238095
3 0.6078571428571429 0.12238095238095238 0.02857142857142857 0.02
3 0.6442857142857142 0.11619047619047619 0.02142857142857143 0.015238095238095238
3 0.6753571428571429 0.11285714285714285 0.025 0.02
3 0.7035714285714286 0.10523809523809524 0.022857142857142857 0.02
3 0.7314285714285714 0.10333333333333333 0.025714285714285714 0.01619047619047619
3 0.7382142857142857 0.18619047619047618 0.030714285714285715 0.025714285714285714
0 0.6139285714285714 0.2419047619047619 0.0064285714285714285 0.026666666666666665
0 0.6607142857142857 0.2714285714285714 0.008571428571428572 0.02095238095238095
0 0.8135714285714286 0.3638095238095238 0.01 0.024761904761904763
0 0.8228571428571428 0.34809523809523807 0.01 0.023809523809523808
0 0.8664285714285714 0.3485714285714286 0.008571428571428572 0.024761904761904763
1 0.8814285714285715 0.3538095238095238 0.011428571428571429 0.018095238095238095
1 0.905 0.36142857142857143 0.012857142857142857 0.02
1 0.9164285714285715 0.36333333333333334 0.011428571428571429 0.023809523809523808
1 0.9285714285714286 0.3657142857142857 0.01 0.017142857142857144
1 0.9392857142857143 0.3661904761904762 0.01 0.01619047619047619
1 0.9539285714285715 0.37238095238095237 0.010714285714285714 0.01904761904761905
3 0.9825 0.33380952380952383 0.027857142857142858 0.035238095238095235
3 0.9332142857142857 0.2980952380952381 0.04214285714285714 0.0380952380952381
3 0.8896428571428572 0.2733333333333333 0.03357142857142857 0.030476190476190476
3 0.9392857142857143 0.24761904761904763 0.04 0.030476190476190476
3 0.9310714285714285 0.2561904761904762 0.052142857142857144 0.026666666666666665
3 0.9535714285714286 0.24095238095238095 0.03571428571428571 0.026666666666666665
3 0.965 0.23666666666666666 0.03571428571428571 0.029523809523809525
3 0.9764285714285714 0.23142857142857143 0.03 0.026666666666666665
3 0.9842857142857143 0.22904761904761906 0.025714285714285714 0.023809523809523808
3 0.9596428571428571 0.21476190476190476 0.030714285714285715 0.01619047619047619
3 0.9732142857142857 0.2119047619047619 0.025 0.021904761904761906
3 0.9803571428571428 0.2038095238095238 0.035 0.022857142857142857
3 0.9853571428571428 0.1919047619047619 0.02642857142857143 0.014285714285714285
0 0.945 0.20238095238095238 0.005714285714285714 0.01619047619047619
0 0.9610714285714286 0.18476190476190477 0.0064285714285714285 0.01904761904761905
3 0.9492857142857143 0.17047619047619048 0.017142857142857144 0.017142857142857144
4 0.9603571428571429 0.1680952380952381 0.027857142857142858 0.021904761904761906
4 0.965 0.1595238095238095 0.02857142857142857 0.023809523809523808
3 0.9778571428571429 0.15571428571428572 0.025714285714285714 0.023809523809523808
3 0.9907142857142857 0.15714285714285714 0.018571428571428572 0.02095238095238095
3 0.9946428571428572 0.1538095238095238 0.010714285714285714 0.01619047619047619
3 0.9742857142857143 0.12047619047619047 0.018571428571428572 0.018095238095238095
8 0.345 0.048095238095238094 0.10428571428571429 0.054285714285714284
