3 0.12785714285714286 0.9498730964467005 0.05714285714285714 0.09771573604060912
3 0.1417857142857143 0.8889593908629441 0.05357142857142857 0.09771573604060912
3 0.20107142857142857 0.8147208121827411 0.04642857142857143 0.09137055837563451
3 0.27964285714285714 0.7779187817258882 0.047857142857142855 0.08629441624365482
3 0.3082142857142857 0.7315989847715736 0.04928571428571429 0.09010152284263959
3 0.41785714285714287 0.5761421319796954 0.05142857142857143 0.09390862944162436
3 0.4425 0.5634517766497461 0.04357142857142857 0.07614213197969542
4 0.22428571428571428 0.7798223350253807 0.05 0.10025380710659898
4 0.4732142857142857 0.5437817258883249 0.04357142857142857 0.08756345177664974
3 0.5064285714285715 0.5095177664974619 0.04285714285714286 0.06979695431472081
3 0.5257142857142857 0.47715736040609136 0.041428571428571426 0.07106598984771573
3 0.5242857142857142 0.4289340101522842 0.037142857142857144 0.05837563451776649
3 0.5439285714285714 0.42005076142131975 0.04214285714285714 0.07360406091370558
3 0.5578571428571428 0.39847715736040606 0.03857142857142857 0.06345177664974619
3 0.5739285714285715 0.37309644670050757 0.03785714285714286 0.06091370558375634
3 0.5928571428571429 0.35977157360406087 0.04 0.05964467005076142
3 0.6128571428571429 0.33248730964467005 0.041428571428571426 0.06345177664974619
3 0.6282142857142857 0.3128172588832487 0.04071428571428572 0.05456852791878172
3 0.6421428571428571 0.2861675126903553 0.04 0.05710659898477157
3 0.6357142857142857 0.3775380710659898 0.041428571428571426 0.05710659898477157
3 0.6807142857142857 0.30901015228426393 0.03571428571428571 0.05710659898477157
3 0.6539285714285714 0.2696700507614213 0.039285714285714285 0.05456852791878172
3 0.7067857142857142 0.27411167512690354 0.030714285714285715 0.048223350253807105
3 0.7239285714285715 0.23350253807106597 0.035 0.055837563451776644
3 0.7321428571428571 0.21700507614213196 0.03571428571428571 0.050761421319796954
3 0.7428571428571429 0.20304568527918782 0.03571428571428571 0.048223350253807105
3 0.6789285714285714 0.24175126903553298 0.03642857142857143 0.052030456852791875
3 0.6635714285714286 0.2480964467005076 0.03857142857142857 0.06472081218274112
3 0.8810714285714286 0.31852791878172587 0.039285714285714285 0.06091370558375634
3 0.905 0.3445431472081218 0.032857142857142856 0.05456852791878172
3 0.3732142857142857 0.9809644670050761 0.03357142857142857 0.035532994923857864
3 0.4135714285714286 0.9676395939086294 0.03571428571428571 0.06218274111675126
3 0.45107142857142857 0.973984771573604 0.03357142857142857 0.049492385786802026
3 0.5046428571428572 0.9428934010152283 0.03357142857142857 0.11167512690355329
