9 0.5165 0.9556666666666667 0.034 0.04733333333333333
0 0.462 0.8376666666666667 0.02 0.033999999999999996
0 0.55575 0.777 0.0145 0.035333333333333335
0 0.46325 0.9306666666666666 0.0155 0.042666666666666665
0 0.4485 0.9283333333333333 0.016 0.04066666666666666
2 0.4385 0.7936666666666666 0.038 0.03266666666666666
0 0.44075000000000003 0.7896666666666666 0.0135 0.04466666666666667
2 0.52125 0.756 0.0185 0.06266666666666666
1 0.52075 0.7606666666666666 0.0165 0.028
2 0.386 0.8246666666666667 0.038 0.024
2 0.46075 0.7166666666666667 0.0235 0.04666666666666666
1 0.46175 0.7196666666666667 0.021500000000000002 0.03
9 0.4165 0.7263333333333333 0.019 0.051333333333333335
1 0.419 0.7306666666666667 0.023 0.03866666666666667
0 0.55725 0.6826666666666666 0.0155 0.034666666666666665
0 0.58275 0.6826666666666666 0.0185 0.021333333333333333
9 0.529 0.6669999999999999 0.021 0.049999999999999996
1 0.52975 0.6693333333333333 0.0195 0.025333333333333333
9 0.62 0.8423333333333333 0.034 0.033999999999999996
1 0.6225 0.8483333333333333 0.02 0.02733333333333333
0 0.64875 0.7946666666666666 0.0225 0.034666666666666665
9 0.64025 0.7546666666666666 0.0175 0.05733333333333333
0 0.62475 0.7556666666666666 0.0165 0.03133333333333333
2 0.61 0.755 0.019 0.046
1 0.6515 0.6996666666666667 0.021 0.02733333333333333
0 0.662 0.7656666666666666 0.019 0.026
0 0.65925 0.733 0.0195 0.028666666666666667
0 0.59375 0.6016666666666667 0.0175 0.019333333333333334
2 0.3845 0.705 0.036000000000000004 0.026
0 0.38475 0.7193333333333333 0.0155 0.025333333333333333
9 0.5595 0.5656666666666667 0.023 0.054
0 0.56275 0.565 0.0175 0.03133333333333333
3 0.4415 0.578 0.077 0.16533333333333333
0 0.75675 0.9693333333333333 0.0225 0.04133333333333333
0 0.92 0.9443333333333332 0.04 0.03933333333333333
0 0.95025 0.9613333333333333 0.0305 0.03866666666666667
0 0.9227500000000001 0.9083333333333333 0.0385 0.04066666666666666
0 0.88975 0.8413333333333333 0.0345 0.032
0 0.8895000000000001 0.8226666666666667 0.041 0.034666666666666665
9 0.9585 0.9163333333333333 0.05 0.02733333333333333
1 0.96275 0.9153333333333333 0.0345 0.042666666666666665
0 0.94925 0.8863333333333333 0.0425 0.03666666666666667
0 0.94575 0.8566666666666667 0.035500000000000004 0.03866666666666667
0 0.9585 0.8023333333333333 0.043000000000000003 0.028666666666666667
1 0.9635 0.8049999999999999 0.023 0.018
0 0.96775 0.76 0.0395 0.024
0 0.9772500000000001 0.7316666666666667 0.0365 0.026
0 0.98475 0.8896666666666666 0.0305 0.03933333333333333
0 0.986 0.8573333333333333 0.028 0.030666666666666665
0 0.5992500000000001 0.424 0.0135 0.018666666666666665
0 0.6 0.382 0.012 0.021333333333333333
0 0.35575 0.38466666666666666 0.0325 0.022666666666666665
2 0.35575 0.378 0.0405 0.018666666666666665
3 0.4235 0.24633333333333332 0.062 0.146
0 0.52675 0.27899999999999997 0.0145 0.022
0 0.55775 0.15333333333333332 0.0135 0.029333333333333333
0 0.5245 0.159 0.015 0.03133333333333333
0 0.491 0.10966666666666666 0.014 0.03666666666666667
0 0.553 0.11 0.012 0.024
9 0.5387500000000001 0.091 0.0195 0.05533333333333333
0 0.54625 0.089 0.0175 0.041999999999999996
9 0.5317500000000001 0.042666666666666665 0.035500000000000004 0.04533333333333333
9 0.549 0.013666666666666666 0.034 0.02733333333333333
0 0.28650000000000003 0.11566666666666667 0.025 0.03266666666666666
0 0.28200000000000003 0.094 0.021 0.032
0 0.36125 0.015 0.0195 0.03
2 0.26875 0.021666666666666667 0.0225 0.043333333333333335
0 0.343 0.014666666666666666 0.014 0.029333333333333333
