3 0.1475 0.6476190476190476 0.07071428571428572 0.08571428571428572
3 0.2417857142857143 0.4961904761904762 0.056428571428571425 0.05333333333333333
3 0.405 0.4976190476190476 0.05285714285714286 0.05238095238095238
3 0.08035714285714286 0.3514285714285714 0.03357142857142857 0.02857142857142857
3 0.033928571428571426 0.3119047619047619 0.030714285714285715 0.03333333333333333
3 0.5928571428571429 0.5133333333333333 0.06285714285714286 0.05523809523809524
3 0.6503571428571429 0.46904761904761905 0.060714285714285714 0.05047619047619047
3 0.6889285714285714 0.4480952380952381 0.07071428571428572 0.05047619047619047
3 0.4860714285714286 0.43523809523809526 0.056428571428571425 0.04380952380952381
3 0.44821428571428573 0.4228571428571429 0.05785714285714286 0.045714285714285714
3 0.42642857142857143 0.40904761904761905 0.05 0.04666666666666667
3 0.19464285714285715 0.45666666666666667 0.047857142857142855 0.040952380952380955
3 0.15714285714285714 0.42142857142857143 0.03857142857142857 0.040952380952380955
3 0.13178571428571428 0.39714285714285713 0.04642857142857143 0.0380952380952381
3 0.6975 0.43238095238095237 0.05785714285714286 0.047619047619047616
3 0.7242857142857143 0.4114285714285714 0.05142857142857143 0.045714285714285714
3 0.77 0.39904761904761904 0.05142857142857143 0.04380952380952381
3 0.7832142857142858 0.38952380952380955 0.04928571428571429 0.04
3 0.7996428571428571 0.37333333333333335 0.047857142857142855 0.04380952380952381
3 0.013571428571428571 0.2914285714285714 0.022857142857142857 0.022857142857142857
1 0.011428571428571429 0.3171428571428571 0.011428571428571429 0.01904761904761905
2 0.011785714285714287 0.3219047619047619 0.012142857142857143 0.01904761904761905
3 0.3382142857142857 0.4042857142857143 0.05785714285714286 0.035238095238095235
3 0.7928571428571428 0.30952380952380953 0.02857142857142857 0.022857142857142857
3 0.9110714285714285 0.2671428571428571 0.02214285714285714 0.018095238095238095
3 0.9260714285714285 0.2423809523809524 0.019285714285714285 0.01619047619047619
3 0.875 0.24476190476190476 0.024285714285714285 0.017142857142857144
3 0.8821428571428571 0.24142857142857144 0.02 0.01619047619047619
0 0.8739285714285714 0.2661904761904762 0.005 0.01619047619047619
0 0.8635714285714285 0.29428571428571426 0.005714285714285714 0.02095238095238095
3 0.8139285714285714 0.3585714285714286 0.052142857142857144 0.04476190476190476
3 0.8364285714285714 0.3504761904761905 0.047142857142857146 0.03619047619047619
3 0.8528571428571429 0.33666666666666667 0.04857142857142857 0.040952380952380955
3 0.8689285714285714 0.3242857142857143 0.04928571428571429 0.03333333333333333
9 0.9417857142857143 0.3842857142857143 0.012142857142857143 0.025714285714285714
1 0.9410714285714286 0.38142857142857145 0.010714285714285714 0.018095238095238095
9 0.5528571428571428 0.4338095238095238 0.02857142857142857 0.025714285714285714
0 0.4667857142857143 0.4661904761904762 0.007857142857142858 0.03333333333333333
0 0.4117857142857143 0.42714285714285716 0.009285714285714286 0.03142857142857143
0 0.45785714285714285 0.4542857142857143 0.011428571428571429 0.030476190476190476
