3 0.235125260960334 0.1572356215213358 0.019311064718162838 0.01948051948051948
4 0.2142484342379958 0.1813543599257885 0.017223382045929016 0.021335807050092765
3 0.18867432150313151 0.21289424860853431 0.02453027139874739 0.01948051948051948
3 0.17301670146137785 0.2342300556586271 0.020354906054279746 0.02504638218923933
3 0.15579331941544883 0.25463821892393323 0.019311064718162838 0.01948051948051948
9 0.14770354906054278 0.2634508348794063 0.011482254697286011 0.011131725417439703
0 0.13439457202505217 0.2657699443413729 0.004697286012526096 0.012059369202226345
0 0.13778705636743213 0.2764378478664193 0.0041753653444676405 0.012987012987012988
6 0.14613778705636743 0.29359925788497215 0.011482254697286011 0.01948051948051948
9 0.12030271398747389 0.28988868274582563 0.010960334029227557 0.012059369202226345
3 0.11403966597077243 0.3051948051948052 0.032881002087682666 0.027829313543599257
3 0.04123173277661795 0.3673469387755102 0.03444676409185803 0.04081632653061225
3 0.03810020876826722 0.4072356215213358 0.032359081419624215 0.04452690166975881
3 0.007828810020876827 0.3970315398886827 0.015657620041753653 0.03896103896103896
2 0.010438413361169102 0.3399814471243043 0.010438413361169102 0.010204081632653062
9 0.01696242171189979 0.34137291280148424 0.010960334029227557 0.011131725417439703
9 0.26122129436325675 0.6576994434137291 0.012004175365344467 0.027829313543599257
9 0.24582463465553234 0.6920222634508348 0.01774530271398747 0.022263450834879406
3 0.3744780793319415 0.24953617810760667 0.03079331941544885 0.02411873840445269
3 0.38726513569937365 0.2230983302411874 0.025052192066805843 0.02319109461966605
3 0.39300626304801667 0.20918367346938777 0.024008350730688934 0.02319109461966605
3 0.3987473903966597 0.20083487940630798 0.025052192066805843 0.02319109461966605
3 0.3262004175365344 0.38358070500927643 0.024008350730688934 0.041743970315398886
3 0.4230167014613778 0.40166975881261596 0.02139874739039666 0.04823747680890538
3 0.4457202505219206 0.4049165120593692 0.018789144050104383 0.045454545454545456
3 0.514874739039666 0.4202226345083488 0.017223382045929016 0.04452690166975881
0 0.46059498956158657 0.35992578849721707 0.004697286012526096 0.02411873840445269
3 0.5375782881002087 0.424860853432282 0.015657620041753653 0.05009276437847866
3 0.6038622129436325 0.18692022263450836 0.025052192066805843 0.026901669758812616
3 0.6458768267223381 0.19851576994434136 0.02661795407098121 0.022263450834879406
3 0.6758872651356993 0.12198515769944342 0.022964509394572022 0.01948051948051948
5 0.6696242171189979 0.38543599257884975 0.038622129436325675 0.045454545454545456
4 0.748956158663883 0.29545454545454547 0.012526096033402922 0.03246753246753247
3 0.8974425887265135 0.26205936920222633 0.017223382045929016 0.03432282003710575
3 0.8405532359081419 0.2504638218923933 0.014091858037578286 0.03339517625231911
3 0.837160751565762 0.29730983302411873 0.015657620041753653 0.0287569573283859
3 0.9300626304801669 0.323747680890538 0.020876826722338204 0.03710575139146568
3 0.883089770354906 0.38961038961038963 0.037578288100208766 0.03710575139146568
3 0.7883611691022964 0.3107606679035251 0.016179540709812108 0.03339517625231911
5 0.9159707724425886 0.45918367346938777 0.08768267223382045 0.05380333951762523
5 0.977296450939457 0.4114100185528757 0.04436325678496868 0.043599257884972174
5 0.9767745302713986 0.27690166975881264 0.020354906054279746 0.05287569573283859
3 0.7038100208768266 0.450834879406308 0.03810020876826722 0.03710575139146568
3 0.7184237995824634 0.4772727272727273 0.03705636743215031 0.036178107606679034
3 0.600991649269311 0.4550092764378479 0.03705636743215031 0.03432282003710575
3 0.5923799582463465 0.4327458256029685 0.03653444676409186 0.036178107606679034
9 0.5822025052192066 0.2537105751391466 0.012004175365344467 0.013914656771799629
9 0.5876826722338204 0.21985157699443414 0.008350730688935281 0.011131725417439703
4 0.5133089770354905 0.5811688311688312 0.019311064718162838 0.05658627087198516
3 0.48382045929018785 0.5700371057513914 0.020876826722338204 0.049165120593692026
3 0.45615866388308973 0.5616883116883117 0.020876826722338204 0.05287569573283859
5 0.39196242171189977 0.7198515769944341 0.1346555323590814 0.12244897959183673
9 0.37186847599164924 0.7880333951762524 0.02139874739039666 0.015769944341372914
5 0.4086638830897703 0.9475881261595548 0.04697286012526095 0.10111317254174397
5 0.031054279749478077 0.9044526901669759 0.05897703549060542 0.08348794063079777
1 0.3713465553235908 0.7769016697588126 0.009916492693110646 0.015769944341372914
