0 0.38392857142857145 0.8521573604060914 0.017857142857142856 0.031725888324873094
0 0.22392857142857142 0.8026649746192893 0.017857142857142856 0.04695431472081218
0 0.43964285714285717 0.5088832487309645 0.016428571428571428 0.035532994923857864
0 0.1275 0.7411167512690354 0.023571428571428573 0.035532994923857864
0 0.10928571428571429 0.7271573604060914 0.02142857142857143 0.04568527918781726
0 0.09392857142857143 0.7182741116751269 0.019285714285714285 0.04060913705583756
0 0.6975 0.038705583756345176 0.017857142857142856 0.049492385786802026
1 0.45785714285714285 0.37880710659898476 0.025714285714285714 0.03934010152284264
1 0.37285714285714283 0.3305837563451776 0.024285714285714285 0.03426395939086294
2 0.46 0.38705583756345174 0.03857142857142857 0.032994923857868015
2 0.37535714285714283 0.3381979695431472 0.04357142857142857 0.031725888324873094
2 0.07321428571428572 0.14086294416243653 0.03214285714285714 0.04060913705583756
1 0.0675 0.1281725888324873 0.025 0.03807106598984771
5 0.7407142857142857 0.24873096446700504 0.2042857142857143 0.29441624365482233
3 0.7635714285714286 0.07106598984771573 0.07428571428571429 0.14213197969543145
8 0.4882142857142857 0.10406091370558375 0.2935714285714286 0.2081218274111675
4 0.955 0.822969543147208 0.09 0.1281725888324873
