3 0.37160228898426323 0.974236641221374 0.1223175965665236 0.047709923664122134
3 0.01967095851216023 0.20276717557251908 0.03934191702432046 0.03721374045801527
3 0.28969957081545067 0.5343511450381679 0.1072961373390558 0.07061068702290076
3 0.5661659513590844 0.6440839694656488 0.12660944206008584 0.10305343511450381
3 0.721030042918455 0.7104007633587786 0.13876967095851217 0.10400763358778625
3 0.9095135908440629 0.7810114503816794 0.15665236051502146 0.12309160305343511
0 0.43061516452074394 0.4842557251908397 0.020028612303290415 0.03912213740458015
0 0.6087267525035766 0.5019083969465649 0.015736766809728183 0.04961832061068702
0 0.5969241773962805 0.4799618320610687 0.016452074391988557 0.04580152671755725
0 0.9281115879828327 0.6841603053435115 0.02503576537911302 0.04961832061068702
0 0.8133047210300429 0.586354961832061 0.031473533619456366 0.046755725190839696
0 0.6380543633762518 0.46708015267175573 0.01430615164520744 0.04866412213740458
0 0.49427753934191704 0.4265267175572519 0.015736766809728183 0.04389312977099236
0 0.41630901287553645 0.42843511450381677 0.015736766809728183 0.04007633587786259
0 0.47067238912732473 0.4312977099236641 0.010014306151645207 0.047709923664122134
0 0.017882689556509297 0.2695610687022901 0.015736766809728183 0.027671755725190837
0 0.07582260371959942 0.30009541984732824 0.017167381974248927 0.029580152671755722
0 0.3687410586552217 0.34303435114503816 0.009298998569384835 0.033396946564885496
3 0.09406294706723892 0.4422709923664122 0.06509298998569385 0.05248091603053435
0 0.46745350500715305 0.40601145038167935 0.009298998569384835 0.027671755725190837
0 0.4685264663805436 0.39217557251908397 0.012875536480686695 0.03244274809160305
0 0.3780400572246066 0.4174618320610687 0.016452074391988557 0.03721374045801527
9 0.224964234620887 0.4518129770992366 0.030758226037195996 0.029580152671755722
9 0.5765379113018598 0.5424618320610687 0.03862660944206009 0.04293893129770992
9 0.46530758226037194 0.612118320610687 0.03648068669527897 0.04103053435114504
9 0.755722460658083 0.6025763358778625 0.04363376251788269 0.04293893129770992
9 0.6766809728183119 0.5744274809160305 0.044349070100143065 0.04961832061068702
9 0.8007868383404864 0.6760496183206106 0.032188841201716736 0.03148854961832061
9 0.45243204577968527 0.4561068702290076 0.012160228898426323 0.03816793893129771
2 0.42310443490701 0.5997137404580153 0.023605150214592273 0.027671755725190837
7 0.38376251788268956 0.5815839694656488 0.0536480686695279 0.04103053435114504
0 0.38090128755364805 0.5610687022900763 0.016452074391988557 0.03435114503816794
0 0.623032904148784 0.4351145038167939 0.008583690987124463 0.04198473282442748
0 0.5515021459227468 0.49045801526717553 0.010014306151645207 0.047709923664122134
0 0.6866952789699571 0.5324427480916031 0.017167381974248927 0.05343511450381679
0 0.6155221745350501 0.42127862595419846 0.015021459227467811 0.03530534351145038
0 0.6834763948497854 0.42843511450381677 0.009298998569384835 0.03435114503816794
2 0.7485693848354793 0.5257633587786259 0.012160228898426323 0.051526717557251904
2 0.5661659513590844 0.4756679389312977 0.02932761087267525 0.03530534351145038
2 0.5747496423462088 0.46564885496183206 0.032188841201716736 0.03435114503816794
2 0.5747496423462088 0.4518129770992366 0.02932761087267525 0.03912213740458015
2 0.4334763948497854 0.44751908396946566 0.01859799713876967 0.03816793893129771
9 0.44206008583690987 0.4561068702290076 0.012875536480686695 0.026717557251908396
7 0.8648068669527897 0.6459923664122137 0.06580829756795423 0.05725190839694656
2 0.7986409155937053 0.5553435114503816 0.012160228898426323 0.04389312977099236
2 0.7657367668097281 0.5329198473282443 0.015021459227467811 0.04293893129770992
2 0.8340486409155937 0.5133587786259541 0.032904148783977114 0.03244274809160305
2 0.821173104434907 0.5348282442748091 0.03862660944206009 0.03148854961832061
0 0.8562231759656652 0.545324427480916 0.02861230329041488 0.046755725190839696
2 0.9824749642346209 0.7175572519083969 0.033619456366237484 0.02862595419847328
1 0.9924892703862661 0.7061068702290076 0.013590844062947067 0.022900763358778626
