0 0.028214285714285713 0.1919047619047619 0.007857142857142858 0.006666666666666666
0 0.029642857142857144 0.19904761904761906 0.0064285714285714285 0.009523809523809525
0 0.04428571428571428 0.19095238095238096 0.007142857142857143 0.008571428571428572
0 0.02107142857142857 0.22714285714285715 0.007857142857142858 0.006666666666666666
0 0.033928571428571426 0.2438095238095238 0.005 0.007619047619047619
0 0.029285714285714286 0.23809523809523808 0.007142857142857143 0.007619047619047619
0 0.0325 0.2342857142857143 0.0064285714285714285 0.007619047619047619
0 0.026785714285714284 0.23142857142857143 0.0064285714285714285 0.005714285714285714
0 0.025714285714285714 0.27666666666666667 0.011428571428571429 0.006666666666666666
0 0.025714285714285714 0.28285714285714286 0.011428571428571429 0.005714285714285714
0 0.026785714285714284 0.2895238095238095 0.010714285714285714 0.005714285714285714
0 0.025714285714285714 0.2995238095238095 0.012857142857142857 0.006666666666666666
0 0.02642857142857143 0.3080952380952381 0.01 0.008571428571428572
0 0.041428571428571426 0.3233333333333333 0.005714285714285714 0.008571428571428572
0 0.0475 0.36857142857142855 0.009285714285714286 0.0038095238095238095
0 0.05071428571428571 0.3738095238095238 0.008571428571428572 0.006666666666666666
0 0.052142857142857144 0.38095238095238093 0.008571428571428572 0.007619047619047619
0 0.04535714285714286 0.38 0.007857142857142858 0.007619047619047619
0 0.04535714285714286 0.41285714285714287 0.015 0.008571428571428572
0 0.06642857142857143 0.49857142857142855 0.008571428571428572 0.008571428571428572
0 0.08214285714285714 0.52 0.01 0.005714285714285714
0 0.07571428571428572 0.5195238095238095 0.01 0.006666666666666666
0 0.06607142857142857 0.6214285714285714 0.012142857142857143 0.004761904761904762
0 0.06392857142857143 0.6252380952380953 0.010714285714285714 0.004761904761904762
0 0.06107142857142857 0.6452380952380953 0.009285714285714286 0.008571428571428572
0 0.06928571428571428 0.6666666666666666 0.01 0.009523809523809525
0 0.06535714285714286 0.6866666666666666 0.010714285714285714 0.0038095238095238095
0 0.05714285714285714 0.7176190476190476 0.012857142857142857 0.008571428571428572
0 0.07392857142857143 0.7147619047619047 0.009285714285714286 0.006666666666666666
0 0.07035714285714285 0.7314285714285714 0.009285714285714286 0.007619047619047619
0 0.08214285714285714 0.7304761904761905 0.01 0.007619047619047619
0 0.06785714285714285 0.6938095238095238 0.01 0.004761904761904762
0 0.09142857142857143 0.7585714285714286 0.01 0.006666666666666666
0 0.08964285714285715 0.8685714285714285 0.013571428571428571 0.013333333333333332
0 0.09285714285714286 0.8819047619047619 0.011428571428571429 0.009523809523809525
0 0.06535714285714286 0.99 0.010714285714285714 0.012380952380952381
0 0.0775 0.9795238095238096 0.007857142857142858 0.008571428571428572
0 0.08928571428571429 0.9652380952380952 0.011428571428571429 0.008571428571428572
0 0.08607142857142858 0.9733333333333334 0.009285714285714286 0.005714285714285714
2 0.2760714285714286 0.8080952380952381 0.0064285714285714285 0.01619047619047619
9 0.28714285714285714 0.7852380952380953 0.008571428571428572 0.018095238095238095
3 0.5514285714285714 0.021904761904761906 0.015714285714285715 0.03619047619047619
3 0.6225 0.10238095238095238 0.029285714285714286 0.021904761904761906
5 0.7942857142857143 0.52 0.018571428571428572 0.049523809523809526
5 0.8492857142857143 0.4342857142857143 0.018571428571428572 0.03238095238095238
9 0.8207142857142857 0.4038095238095238 0.005714285714285714 0.015238095238095238
9 0.9642857142857143 0.6419047619047619 0.008571428571428572 0.009523809523809525
3 0.9746428571428571 0.6014285714285714 0.025 0.039047619047619046
5 0.9257142857142857 0.4866666666666667 0.05 0.03238095238095238
3 0.5582142857142857 0.5414285714285715 0.015 0.039047619047619046
3 0.5782142857142857 0.4185714285714286 0.013571428571428571 0.037142857142857144
5 0.5389285714285714 0.33904761904761904 0.015 0.0380952380952381
