3 0.2785714285714286 0.22047619047619046 0.011428571428571429 0.025714285714285714
3 0.04178571428571429 0.08095238095238096 0.019285714285714285 0.02095238095238095
3 0.054285714285714284 0.05333333333333333 0.018571428571428572 0.02095238095238095
3 0.0625 0.040952380952380955 0.016428571428571428 0.017142857142857144
3 0.07071428571428572 0.021904761904761906 0.018571428571428572 0.022857142857142857
3 0.017142857142857144 0.04 0.022857142857142857 0.024761904761904763
3 0.018571428571428572 0.02238095238095238 0.027142857142857142 0.025714285714285714
4 0.2725 0.4785714285714286 0.010714285714285714 0.029523809523809525
3 0.32785714285714285 0.48904761904761906 0.02142857142857143 0.018095238095238095
5 0.5282142857142857 0.7309523809523809 0.010714285714285714 0.037142857142857144
3 0.5692857142857143 0.5857142857142857 0.01 0.02857142857142857
5 0.5410714285714285 0.25761904761904764 0.010714285714285714 0.03142857142857143
3 0.5796428571428571 0.23523809523809525 0.010714285714285714 0.030476190476190476
2 0.6089285714285714 0.20761904761904762 0.0035714285714285713 0.009523809523809525
2 0.6121428571428571 0.20714285714285716 0.005714285714285714 0.008571428571428572
3 0.7003571428571429 0.20952380952380953 0.015 0.03428571428571429
3 0.7125 0.21047619047619048 0.015 0.02857142857142857
3 0.7221428571428572 0.20238095238095238 0.014285714285714285 0.029523809523809525
3 0.7335714285714285 0.19380952380952382 0.015714285714285715 0.03333333333333333
3 0.7446428571428572 0.18761904761904763 0.015 0.02857142857142857
3 0.7960714285714285 0.007619047619047619 0.020714285714285713 0.015238095238095238
3 0.8010714285714285 0.02 0.020714285714285713 0.022857142857142857
3 0.8067857142857143 0.03619047619047619 0.019285714285714285 0.01904761904761905
3 0.8217857142857142 0.07857142857142857 0.02214285714285714 0.021904761904761906
3 0.8242857142857143 0.09333333333333334 0.02142857142857143 0.02095238095238095
0 0.7660714285714286 0.008571428571428572 0.005 0.011428571428571429
0 0.7757142857142857 0.012380952380952381 0.005714285714285714 0.011428571428571429
0 0.77 0.01 0.004285714285714286 0.012380952380952381
3 0.9110714285714285 0.32666666666666666 0.020714285714285713 0.02095238095238095
3 0.7628571428571429 0.39095238095238094 0.02142857142857143 0.02
3 0.7878571428571428 0.37714285714285717 0.022857142857142857 0.022857142857142857
5 0.7578571428571429 0.42904761904761907 0.018571428571428572 0.023809523809523808
