0 0.03535714285714286 0.37476190476190474 0.015 0.035238095238095235
0 0.07 0.379047619047619 0.015714285714285715 0.03238095238095238
0 0.055357142857142855 0.36142857142857143 0.017857142857142856 0.03333333333333333
0 0.06535714285714286 0.35333333333333333 0.010714285714285714 0.024761904761904763
2 0.06928571428571428 0.4 0.012857142857142857 0.022857142857142857
9 0.1492857142857143 0.3923809523809524 0.032857142857142856 0.02095238095238095
9 0.22214285714285714 0.38476190476190475 0.02 0.026666666666666665
9 0.2417857142857143 0.37952380952380954 0.012142857142857143 0.025714285714285714
2 0.2664285714285714 0.36904761904761907 0.025714285714285714 0.018095238095238095
0 0.3675 0.37142857142857144 0.009285714285714286 0.024761904761904763
0 0.415 0.3861904761904762 0.014285714285714285 0.029523809523809525
0 0.07964285714285714 0.4276190476190476 0.019285714285714285 0.03428571428571429
0 0.024642857142857143 0.4642857142857143 0.012142857142857143 0.023809523809523808
3 0.025357142857142856 0.52 0.04642857142857143 0.08
3 0.054642857142857146 0.4585714285714286 0.04642857142857143 0.05047619047619047
3 0.10107142857142858 0.46 0.047857142857142855 0.05333333333333333
3 0.155 0.4519047619047619 0.03571428571428571 0.04476190476190476
0 0.13607142857142857 0.46523809523809523 0.012142857142857143 0.021904761904761906
3 0.08392857142857142 0.5214285714285715 0.052142857142857144 0.07523809523809524
4 0.13607142857142857 0.5090476190476191 0.047857142857142855 0.08857142857142856
3 0.18 0.5047619047619047 0.041428571428571426 0.07047619047619047
3 0.2307142857142857 0.4438095238095238 0.041428571428571426 0.05523809523809524
3 0.27785714285714286 0.4452380952380952 0.03571428571428571 0.05238095238095238
3 0.37285714285714283 0.43 0.03571428571428571 0.04476190476190476
3 0.4107142857142857 0.4276190476190476 0.03857142857142857 0.06285714285714286
3 0.4617857142857143 0.4204761904761905 0.03642857142857143 0.05047619047619047
3 0.46035714285714285 0.46523809523809523 0.04357142857142857 0.06
3 0.4107142857142857 0.47523809523809524 0.04285714285714286 0.05523809523809524
3 0.37214285714285716 0.4776190476190476 0.04 0.06952380952380953
3 0.32535714285714284 0.48142857142857143 0.035 0.07142857142857142
3 0.27214285714285713 0.49714285714285716 0.04 0.05904761904761905
3 0.22785714285714287 0.5 0.04 0.06285714285714286
4 0.05714285714285714 0.7076190476190476 0.09714285714285714 0.10476190476190476
3 0.13464285714285715 0.7028571428571428 0.05928571428571429 0.09142857142857143
3 0.2 0.6833333333333333 0.06 0.1
3 0.2710714285714286 0.6833333333333333 0.05071428571428571 0.11523809523809524
3 0.3896428571428571 0.66 0.06785714285714285 0.11047619047619048
3 0.4475 0.650952380952381 0.05357142857142857 0.1
3 0.5064285714285715 0.6328571428571429 0.05857142857142857 0.10380952380952381
3 0.5675 0.6219047619047618 0.05357142857142857 0.09523809523809523
3 0.6214285714285714 0.6209523809523809 0.05857142857142857 0.10476190476190476
3 0.6767857142857143 0.6080952380952381 0.056428571428571425 0.09428571428571429
4 0.7482142857142857 0.5371428571428571 0.095 0.05714285714285714
3 0.7428571428571429 0.5028571428571429 0.08428571428571428 0.049523809523809526
3 0.7539285714285714 0.4714285714285714 0.07642857142857143 0.0419047619047619
3 0.7639285714285714 0.44761904761904764 0.05928571428571429 0.03428571428571429
3 0.7667857142857143 0.4276190476190476 0.06642857142857143 0.045714285714285714
0 0.8507142857142858 0.27666666666666667 0.008571428571428572 0.021904761904761906
0 0.9121428571428571 0.24857142857142858 0.005714285714285714 0.01904761904761905
0 0.895 0.24476190476190476 0.004285714285714286 0.02095238095238095
0 0.8871428571428571 0.24142857142857144 0.005714285714285714 0.021904761904761906
2 0.8514285714285714 0.4714285714285714 0.024285714285714285 0.02095238095238095
2 0.8432142857142857 0.4614285714285714 0.025 0.014285714285714285
2 0.8421428571428572 0.44571428571428573 0.022857142857142857 0.017142857142857144
2 0.8425 0.43 0.02214285714285714 0.018095238095238095
0 0.5921428571428572 0.3904761904761905 0.012857142857142857 0.03238095238095238
0 0.6203571428571428 0.37952380952380954 0.009285714285714286 0.025714285714285714
0 0.6632142857142858 0.39285714285714285 0.012142857142857143 0.02761904761904762
0 0.7296428571428571 0.3109523809523809 0.007857142857142858 0.02
0 0.5103571428571428 0.3361904761904762 0.007857142857142858 0.026666666666666665
0 0.5846428571428571 0.29333333333333333 0.007857142857142858 0.022857142857142857
9 0.5607142857142857 0.34476190476190477 0.012857142857142857 0.017142857142857144
9 0.5514285714285714 0.3461904761904762 0.01 0.021904761904761906
9 0.5296428571428572 0.3476190476190476 0.020714285714285713 0.017142857142857144
9 0.5182142857142857 0.35619047619047617 0.016428571428571428 0.022857142857142857
9 0.5007142857142857 0.3519047619047619 0.011428571428571429 0.02761904761904762
3 0.6589285714285714 0.3476190476190476 0.04214285714285714 0.045714285714285714
3 0.7025 0.38571428571428573 0.06357142857142857 0.047619047619047616
3 0.7135714285714285 0.36428571428571427 0.05 0.029523809523809525
3 0.7207142857142858 0.3538095238095238 0.054285714285714284 0.03142857142857143
3 0.7278571428571429 0.3442857142857143 0.054285714285714284 0.029523809523809525
3 0.7371428571428571 0.3304761904761905 0.05142857142857143 0.02857142857142857
3 0.7582142857142857 0.29714285714285715 0.052142857142857144 0.026666666666666665
3 0.7757142857142857 0.28904761904761905 0.03857142857142857 0.023809523809523808
3 0.7789285714285714 0.2833333333333333 0.039285714285714285 0.023809523809523808
3 0.7839285714285714 0.2785714285714286 0.04214285714285714 0.025714285714285714
3 0.7828571428571428 0.26666666666666666 0.045714285714285714 0.026666666666666665
3 0.7160714285714286 0.2219047619047619 0.03214285714285714 0.017142857142857144
3 0.7032142857142857 0.21571428571428572 0.025 0.01619047619047619
3 0.6967857142857142 0.20952380952380953 0.025 0.01904761904761905
3 0.69 0.2042857142857143 0.02857142857142857 0.018095238095238095
3 0.685 0.1980952380952381 0.024285714285714285 0.013333333333333332
3 0.6792857142857143 0.19666666666666666 0.022857142857142857 0.012380952380952381
3 0.675 0.19380952380952382 0.027142857142857142 0.01619047619047619
4 0.6667857142857143 0.18714285714285714 0.030714285714285715 0.014285714285714285
3 0.7278571428571429 0.22904761904761906 0.03428571428571429 0.023809523809523808
3 0.7664285714285715 0.22666666666666666 0.032857142857142856 0.024761904761904763
3 0.7607142857142857 0.18904761904761905 0.03 0.018095238095238095
4 0.7521428571428571 0.1819047619047619 0.03142857142857143 0.015238095238095238
3 0.7407142857142857 0.17714285714285713 0.02142857142857143 0.013333333333333332
3 0.7310714285714286 0.17333333333333334 0.02214285714285714 0.013333333333333332
3 0.7196428571428571 0.1657142857142857 0.02642857142857143 0.017142857142857144
3 0.7096428571428571 0.17666666666666667 0.019285714285714285 0.018095238095238095
4 0.6967857142857142 0.18476190476190477 0.03214285714285714 0.022857142857142857
3 0.6707142857142857 0.17047619047619048 0.024285714285714285 0.013333333333333332
0 0.685 0.16857142857142857 0.004285714285714286 0.015238095238095238
3 0.7035714285714286 0.16238095238095238 0.02142857142857143 0.012380952380952381
3 0.6960714285714286 0.15666666666666668 0.020714285714285713 0.01619047619047619
3 0.6946428571428571 0.12857142857142856 0.019285714285714285 0.02095238095238095
3 0.7271428571428571 0.14523809523809525 0.02 0.01619047619047619
3 0.7417857142857143 0.15857142857142856 0.017857142857142856 0.018095238095238095
3 0.7710714285714285 0.15428571428571428 0.025 0.02095238095238095
3 0.7725 0.16523809523809524 0.019285714285714285 0.01619047619047619
3 0.8010714285714285 0.16952380952380952 0.02642857142857143 0.02095238095238095
3 0.8242857142857143 0.1919047619047619 0.03571428571428571 0.029523809523809525
3 0.8621428571428571 0.19428571428571428 0.03142857142857143 0.030476190476190476
3 0.94 0.2342857142857143 0.03857142857142857 0.03238095238095238
8 0.8564285714285714 0.23285714285714285 0.05714285714285714 0.037142857142857144
3 0.8271428571428572 0.2180952380952381 0.04428571428571428 0.026666666666666665
3 0.8982142857142857 0.2276190476190476 0.023571428571428573 0.022857142857142857
4 0.97 0.2557142857142857 0.03857142857142857 0.03142857142857143
