0 0.7003571428571429 0.6761904761904762 0.016428571428571428 0.07047619047619047
0 0.73 0.689047619047619 0.03428571428571429 0.07333333333333333
0 0.8660714285714286 0.2742857142857143 0.023571428571428573 0.05523809523809524
0 0.5421428571428571 0.22428571428571428 0.018571428571428572 0.04666666666666667
0 0.51 0.2519047619047619 0.012857142857142857 0.04666666666666667
0 0.45107142857142857 0.24428571428571427 0.023571428571428573 0.058095238095238096
0 0.285 0.28904761904761905 0.022857142857142857 0.05238095238095238
0 0.2557142857142857 0.29904761904761906 0.015714285714285715 0.05142857142857143
0 0.29178571428571426 0.22380952380952382 0.020714285714285713 0.049523809523809526
0 0.27071428571428574 0.10571428571428572 0.018571428571428572 0.0419047619047619
0 0.20892857142857144 0.20238095238095238 0.02214285714285714 0.04476190476190476
0 0.14035714285714285 0.2733333333333333 0.02642857142857143 0.05333333333333333
0 0.12607142857142858 0.26476190476190475 0.023571428571428573 0.04380952380952381
0 0.09464285714285714 0.2761904761904762 0.023571428571428573 0.05904761904761905
0 0.17535714285714285 0.15666666666666668 0.015 0.040952380952380955
1 0.28964285714285715 0.7957142857142857 0.03785714285714286 0.06571428571428571
1 0.86 0.5185714285714286 0.03571428571428571 0.06
1 0.9760714285714286 0.6138095238095238 0.03214285714285714 0.06190476190476191
1 0.7485714285714286 0.3352380952380952 0.025714285714285714 0.05142857142857143
1 0.2575 0.24333333333333335 0.020714285714285713 0.02761904761904762
1 0.2357142857142857 0.31 0.017142857142857144 0.05047619047619047
1 0.17357142857142857 0.21476190476190476 0.018571428571428572 0.037142857142857144
2 0.29285714285714287 0.8104761904761905 0.07714285714285714 0.049523809523809526
2 0.9689285714285715 0.6319047619047619 0.03785714285714286 0.08857142857142856
9 0.8585714285714285 0.5376190476190477 0.03857142857142857 0.06571428571428571
9 0.7453571428571428 0.3514285714285714 0.02214285714285714 0.05142857142857143
9 0.23892857142857143 0.3261904761904762 0.04357142857142857 0.03333333333333333
0 0.2764285714285714 0.19238095238095237 0.018571428571428572 0.049523809523809526
9 0.315 0.010952380952380953 0.008571428571428572 0.021904761904761906
3 0.22535714285714287 0.12523809523809523 0.055 0.06571428571428571
3 0.18214285714285713 0.1180952380952381 0.06285714285714286 0.07238095238095238
3 0.13785714285714284 0.11761904761904762 0.054285714285714284 0.06
4 0.10642857142857143 0.1 0.05285714285714286 0.05904761904761905
3 0.05285714285714286 0.11142857142857143 0.05857142857142857 0.05714285714285714
4 0.02035714285714286 0.10380952380952381 0.04071428571428572 0.08190476190476191
0 0.011428571428571429 0.16857142857142857 0.017142857142857144 0.04
0 0.013214285714285715 0.1619047619047619 0.02214285714285714 0.045714285714285714
3 0.08428571428571428 0.26761904761904765 0.11285714285714285 0.047619047619047616
3 0.09357142857142857 0.32142857142857145 0.11571428571428571 0.07333333333333333
3 0.13178571428571428 0.39571428571428574 0.135 0.08857142857142856
4 0.2782142857142857 0.370952380952381 0.135 0.09238095238095238
5 0.2092857142857143 0.6223809523809524 0.27 0.19523809523809524
3 0.3585714285714286 0.5819047619047619 0.16714285714285715 0.1180952380952381
3 0.5242857142857142 0.508095238095238 0.14142857142857143 0.10761904761904761
3 0.5289285714285714 0.4361904761904762 0.135 0.08952380952380952
3 0.6146428571428572 0.4038095238095238 0.12071428571428572 0.0761904761904762
3 0.46964285714285714 0.34523809523809523 0.11785714285714285 0.06952380952380953
4 0.7342857142857143 0.6123809523809524 0.14285714285714285 0.14857142857142858
4 0.7582142857142857 0.5319047619047619 0.1492857142857143 0.12285714285714286
3 0.2292857142857143 0.2819047619047619 0.09428571428571429 0.06476190476190476
6 0.2342857142857143 0.23095238095238096 0.06142857142857143 0.04666666666666667
6 0.18428571428571427 0.18333333333333332 0.07571428571428572 0.06571428571428571
0 0.5625 0.14476190476190476 0.012142857142857143 0.04
0 0.57 0.15904761904761905 0.01 0.0380952380952381
0 0.5792857142857143 0.15523809523809523 0.012857142857142857 0.04
0 0.5771428571428572 0.15095238095238095 0.011428571428571429 0.05047619047619047
0 0.5725 0.14047619047619048 0.012142857142857143 0.04285714285714286
0 0.5621428571428572 0.13142857142857142 0.014285714285714285 0.045714285714285714
0 0.5403571428571429 0.0919047619047619 0.0064285714285714285 0.035238095238095235
1 0.5475 0.08761904761904762 0.009285714285714286 0.01904761904761905
9 0.5482142857142858 0.09714285714285714 0.015 0.022857142857142857
3 0.7985714285714286 0.2180952380952381 0.06 0.07238095238095238
3 0.7360714285714286 0.21142857142857144 0.06357142857142857 0.0761904761904762
3 0.7539285714285714 0.16 0.05357142857142857 0.06095238095238095
3 0.7046428571428571 0.15095238095238095 0.052142857142857144 0.07142857142857142
3 0.6528571428571428 0.17142857142857143 0.05142857142857143 0.06857142857142857
3 0.6528571428571428 0.12714285714285714 0.032857142857142856 0.054285714285714284
3 0.6589285714285714 0.07809523809523809 0.04357142857142857 0.05523809523809524
3 0.62 0.08476190476190476 0.032857142857142856 0.05142857142857143
3 0.6892857142857143 0.06285714285714286 0.04 0.05333333333333333
5 0.7217857142857143 0.10285714285714286 0.05357142857142857 0.06285714285714286
3 0.6657142857142857 0.03619047619047619 0.037142857142857144 0.04380952380952381
3 0.6335714285714286 0.04666666666666667 0.03571428571428571 0.0419047619047619
3 0.5946428571428571 0.04523809523809524 0.03214285714285714 0.039047619047619046
3 0.6242857142857143 0.017619047619047618 0.02857142857142857 0.03333333333333333
3 0.5860714285714286 0.021904761904761906 0.02642857142857143 0.0419047619047619
8 0.5721428571428572 0.06095238095238095 0.06857142857142857 0.1219047619047619
3 0.65 0.011904761904761904 0.03 0.023809523809523808
8 0.5925 0.22857142857142856 0.08785714285714286 0.20761904761904762
0 0.9496428571428571 0.02857142857142857 0.007857142857142858 0.02857142857142857
0 0.9325 0.02095238095238095 0.012142857142857143 0.030476190476190476
0 0.9546428571428571 0.015714285714285715 0.0064285714285714285 0.025714285714285714
1 0.9639285714285715 0.018571428571428572 0.012142857142857143 0.01619047619047619
1 0.9682142857142857 0.06380952380952382 0.012142857142857143 0.026666666666666665
1 0.9646428571428571 0.08095238095238096 0.010714285714285714 0.01904761904761905
1 0.9032142857142857 0.07666666666666666 0.015 0.025714285714285714
1 0.9025 0.035238095238095235 0.010714285714285714 0.02095238095238095
9 0.9028571428571428 0.04285714285714286 0.012857142857142857 0.01904761904761905
9 0.9028571428571428 0.08238095238095237 0.018571428571428572 0.02761904761904762
9 0.9632142857142857 0.08904761904761904 0.016428571428571428 0.021904761904761906
2 0.9660714285714286 0.0719047619047619 0.019285714285714285 0.02
0 0.9092857142857143 0.024761904761904763 0.01 0.02857142857142857
0 0.915 0.022857142857142857 0.011428571428571429 0.03238095238095238
3 0.9471428571428572 0.8795238095238095 0.10571428571428572 0.12857142857142856
