4 0.20325000000000001 0.8916666666666666 0.0855 0.17933333333333332
3 0.24825 0.7273333333333333 0.0585 0.108
1 0.31075 0.755 0.0135 0.04466666666666667
2 0.3095 0.7626666666666666 0.016 0.03733333333333333
0 0.15175 0.6996666666666667 0.0185 0.04466666666666667
0 0.16525 0.705 0.0155 0.043333333333333335
3 0.302 0.5396666666666666 0.039 0.07266666666666667
3 0.31875000000000003 0.4353333333333333 0.0305 0.05466666666666666
1 0.36475 0.328 0.0075 0.024
1 0.36575 0.265 0.006500000000000001 0.020666666666666667
2 0.365 0.33466666666666667 0.008 0.021333333333333333
2 0.36525 0.27166666666666667 0.006500000000000001 0.018
1 0.39575 0.12833333333333333 0.0045000000000000005 0.015333333333333332
1 0.3955 0.12133333333333333 0.005 0.013333333333333332
1 0.40475 0.092 0.0035 0.013333333333333332
1 0.40850000000000003 0.077 0.004 0.015333333333333332
0 0.418 0.07533333333333334 0.003 0.012
0 0.4015 0.076 0.003 0.016
0 0.35325 0.11166666666666666 0.0045000000000000005 0.016666666666666666
9 0.39625 0.134 0.0045000000000000005 0.012
9 0.39525 0.12533333333333332 0.0055 0.010666666666666666
2 0.4045 0.09566666666666666 0.004 0.012666666666666666
2 0.40850000000000003 0.081 0.005 0.015333333333333332
2 0.34850000000000003 0.195 0.016 0.012666666666666666
3 0.37875000000000003 0.15266666666666667 0.0165 0.022666666666666665
3 0.38175000000000003 0.13233333333333333 0.0145 0.02333333333333333
3 0.41075 0.13533333333333333 0.0165 0.026666666666666665
4 0.3945 0.07066666666666667 0.011 0.016
4 0.4 0.043666666666666666 0.012 0.016666666666666666
1 0.41000000000000003 0.043 0.003 0.007333333333333333
1 0.41475 0.041999999999999996 0.0025 0.010666666666666666
1 0.41475 0.008 0.0015 0.006666666666666666
1 0.41975 0.009 0.0025 0.008666666666666666
2 0.40975 0.04566666666666667 0.0025 0.007333333333333333
2 0.41450000000000004 0.045 0.003 0.008666666666666666
2 0.41450000000000004 0.010333333333333333 0.002 0.008666666666666666
2 0.41975 0.011 0.0025 0.008666666666666666
4 0.37525000000000003 0.061 0.0225 0.020666666666666667
3 0.3325 0.12633333333333333 0.03 0.018
3 0.33825 0.10066666666666667 0.0125 0.018666666666666665
4 0.329 0.09 0.024 0.016
3 0.34275 0.08299999999999999 0.0275 0.016666666666666666
3 0.33125 0.07233333333333333 0.0145 0.015333333333333332
4 0.34875 0.07766666666666666 0.0185 0.024666666666666667
0 0.9892500000000001 0.7536666666666666 0.021500000000000002 0.041999999999999996
3 0.9075 0.6773333333333333 0.078 0.09733333333333333
4 0.84175 0.5479999999999999 0.0685 0.08933333333333333
1 0.75275 0.45866666666666667 0.0125 0.028
2 0.75175 0.4663333333333333 0.0115 0.03
4 0.762 0.40299999999999997 0.053 0.06333333333333332
2 0.6647500000000001 0.22066666666666665 0.0135 0.012
3 0.638 0.20666666666666667 0.024 0.024
4 0.62475 0.18033333333333332 0.0205 0.028666666666666667
4 0.6022500000000001 0.13833333333333334 0.0165 0.019333333333333334
3 0.58775 0.112 0.0145 0.017333333333333333
4 0.5700000000000001 0.076 0.014 0.016
3 0.5660000000000001 0.06666666666666667 0.01 0.012
3 0.531 0.005 0.008 0.01
