3 0.47 0.7455583756345177 0.018571428571428572 0.05456852791878172
3 0.415 0.8128172588832486 0.02142857142857143 0.05964467005076142
3 0.4775 0.5640862944162436 0.016428571428571428 0.03934010152284264
3 0.49607142857142855 0.557741116751269 0.015 0.04187817258883248
3 0.4689285714285714 0.5044416243654822 0.015 0.03426395939086294
3 0.46214285714285713 0.6573604060913705 0.015714285714285715 0.04568527918781726
3 0.44892857142857145 0.6097715736040609 0.015 0.04187817258883248
3 0.4392857142857143 0.8178934010152283 0.02142857142857143 0.05964467005076142
3 0.3992857142857143 0.8965736040609137 0.022857142857142857 0.06725888324873096
3 0.5010714285714286 0.5076142131979695 0.013571428571428571 0.032994923857868015
3 0.5132142857142857 0.2347715736040609 0.010714285714285714 0.02284263959390863
3 0.5085714285714286 0.26713197969543145 0.01 0.024111675126903553
3 0.5292857142857142 0.24873096446700504 0.012857142857142857 0.025380710659898477
3 0.5103571428571428 0.4441624365482233 0.012142857142857143 0.03045685279187817
3 0.46035714285714285 0.8071065989847716 0.017857142857142856 0.053299492385786795
3 0.45285714285714285 0.8699238578680203 0.02 0.05456852791878172
3 0.5278571428571428 0.27347715736040606 0.011428571428571429 0.024111675126903553
3 0.4857142857142857 0.40862944162436543 0.012857142857142857 0.03045685279187817
4 0.47714285714285715 0.4606598984771573 0.012857142857142857 0.03045685279187817
4 0.4407142857142857 0.6560913705583756 0.015714285714285715 0.04060913705583756
4 0.4257142857142857 0.7493654822335025 0.02142857142857143 0.05456852791878172
4 0.4614285714285714 0.5393401015228426 0.015714285714285715 0.03807106598984771
4 0.48928571428571427 0.4765228426395939 0.014285714285714285 0.04187817258883248
4 0.48428571428571426 0.6275380710659898 0.014285714285714285 0.04187817258883248
4 0.4789285714285714 0.6763959390862944 0.017857142857142856 0.04568527918781726
4 0.44035714285714284 0.9524111675126903 0.020714285714285713 0.06472081218274112
3 0.41464285714285715 0.9733502538071065 0.020714285714285713 0.050761421319796954
3 0.3867857142857143 0.9803299492385786 0.023571428571428573 0.03680203045685279
4 0.53 0.22017766497461927 0.01 0.021573604060913704
3 0.5053571428571428 0.4746192893401015 0.012142857142857143 0.035532994923857864
3 0.49714285714285716 0.33883248730964466 0.01 0.027918781725888322
3 0.030357142857142857 0.39911167512690354 0.020714285714285713 0.03426395939086294
8 0.0925 0.3045685279187817 0.03214285714285714 0.050761421319796954
8 0.15321428571428572 0.2182741116751269 0.02642857142857143 0.04314720812182741
8 0.009642857142857142 0.43527918781725883 0.019285714285714285 0.05837563451776649
8 0.18428571428571427 0.19098984771573602 0.03428571428571429 0.06725888324873096
8 0.21285714285714286 0.17322335025380708 0.02142857142857143 0.04187817258883248
4 0.2382142857142857 0.08248730964467005 0.020714285714285713 0.017766497461928932
3 0.5367857142857143 0.12246192893401014 0.007857142857142858 0.016497461928934008
4 0.5375 0.08629441624365482 0.010714285714285714 0.02284263959390863
4 0.5582142857142857 0.16434010152284262 0.010714285714285714 0.026649746192893398
3 0.5682142857142857 0.1364213197969543 0.009285714285714286 0.016497461928934008
0 0.5625 0.13071065989847716 0.0035714285714285713 0.012690355329949238
0 0.625 0.7823604060913705 0.007142857142857143 0.026649746192893398
0 0.6675 0.6859137055837563 0.0035714285714285713 0.011421319796954314
0 0.7064285714285714 0.6675126903553299 0.004285714285714286 0.012690355329949238
0 0.6939285714285715 0.6065989847715736 0.0035714285714285713 0.015228426395939085
0 0.6482142857142857 0.6878172588832486 0.005 0.01015228426395939
0 0.6471428571428571 0.6821065989847716 0.002857142857142857 0.011421319796954314
0 0.6560714285714285 0.6840101522842639 0.0035714285714285713 0.012690355329949238
0 0.66 0.6795685279187816 0.002857142857142857 0.013959390862944161
0 0.6628571428571428 0.6795685279187816 0.002857142857142857 0.013959390862944161
0 0.6525 0.6719543147208121 0.0035714285714285713 0.013959390862944161
0 0.6571428571428571 0.6738578680203046 0.004285714285714286 0.015228426395939085
0 0.6610714285714285 0.6700507614213197 0.0035714285714285713 0.015228426395939085
0 0.6571428571428571 0.6649746192893401 0.004285714285714286 0.015228426395939085
0 0.7903571428571429 0.825507614213198 0.0064285714285714285 0.016497461928934008
0 0.8685714285714285 0.9689086294416243 0.004285714285714286 0.021573604060913704
0 0.8578571428571429 0.9282994923857867 0.004285714285714286 0.021573604060913704
0 0.8692857142857143 0.9251269035532994 0.005714285714285714 0.02284263959390863
0 0.8535714285714285 0.9054568527918782 0.004285714285714286 0.021573604060913704
0 0.8592857142857143 0.8991116751269035 0.004285714285714286 0.021573604060913704
0 0.86 0.8883248730964466 0.005714285714285714 0.017766497461928932
0 0.8657142857142857 0.8959390862944162 0.004285714285714286 0.017766497461928932
0 0.8785714285714286 0.9130710659898477 0.004285714285714286 0.024111675126903553
0 0.8910714285714286 0.9701776649746192 0.005 0.026649746192893398
0 0.8871428571428571 0.9327411167512689 0.005714285714285714 0.025380710659898477
0 0.87 0.8483502538071065 0.01 0.016497461928934008
0 0.8453571428571428 0.782994923857868 0.0064285714285714285 0.025380710659898477
0 0.8742857142857143 0.8775380710659898 0.007142857142857143 0.021573604060913704
0 0.8942857142857142 0.9517766497461928 0.007142857142857143 0.02284263959390863
0 0.88 0.8959390862944162 0.007142857142857143 0.017766497461928932
