4 0.6705 0.697 0.013000000000000001 0.028666666666666667
3 0.736 0.749 0.019 0.04066666666666666
3 0.7575000000000001 0.7496666666666666 0.019 0.03933333333333333
3 0.787 0.753 0.022 0.04066666666666666
3 0.80775 0.754 0.0205 0.03333333333333333
9 0.75175 0.6669999999999999 0.0085 0.012666666666666666
2 0.84775 0.9463333333333332 0.0145 0.018
2 0.77625 0.9836666666666667 0.0085 0.020666666666666667
2 0.76825 0.9823333333333333 0.0085 0.024666666666666667
2 0.761 0.9833333333333333 0.009000000000000001 0.022666666666666665
2 0.75325 0.9843333333333333 0.0095 0.024666666666666667
2 0.73625 0.989 0.0125 0.018
2 0.7325 0.9833333333333333 0.015 0.017333333333333333
2 0.68825 0.9473333333333332 0.0095 0.022666666666666665
2 0.6735 0.9403333333333334 0.016 0.015333333333333332
3 0.7095 0.98 0.012 0.022666666666666665
2 0.7005 0.978 0.01 0.025333333333333333
2 0.69375 0.9826666666666667 0.0135 0.024
2 0.64375 0.9763333333333333 0.006500000000000001 0.022
2 0.6375000000000001 0.977 0.01 0.02333333333333333
3 0.5135 0.9923333333333333 0.048 0.015333333333333332
3 0.453 0.991 0.048 0.016666666666666666
4 0.39675 0.988 0.0445 0.022666666666666665
3 0.32275 0.9886666666666666 0.0455 0.02
2 0.31325000000000003 0.958 0.006500000000000001 0.022666666666666665
2 0.30525 0.96 0.006500000000000001 0.021333333333333333
2 0.293 0.9596666666666667 0.008 0.02333333333333333
2 0.321 0.9573333333333333 0.006 0.02
3 0.21825 0.9876666666666666 0.0455 0.02333333333333333
3 0.1605 0.9843333333333333 0.05 0.03133333333333333
3 0.07 0.985 0.049 0.028666666666666667
3 0.11325 0.5386666666666666 0.0195 0.022666666666666665
2 0.13175 0.6043333333333333 0.0095 0.007333333333333333
2 0.135 0.6 0.008 0.008
2 0.169 0.5509999999999999 0.007 0.008666666666666666
2 0.17 0.5486666666666666 0.008 0.008
2 0.17300000000000001 0.5439999999999999 0.009000000000000001 0.006666666666666666
2 0.176 0.5393333333333333 0.01 0.009333333333333332
3 0.12125 0.497 0.0155 0.016666666666666666
3 0.1325 0.48366666666666663 0.017 0.019333333333333334
4 0.1445 0.48166666666666663 0.015 0.020666666666666667
4 0.163 0.478 0.021 0.022666666666666665
3 0.19525 0.481 0.0165 0.015333333333333332
3 0.21375 0.4953333333333333 0.0185 0.021333333333333333
3 0.1645 0.49766666666666665 0.015 0.019333333333333334
3 0.151 0.496 0.019 0.021333333333333333
3 0.11075 0.445 0.0225 0.011333333333333332
3 0.14875 0.446 0.0225 0.012
3 0.178 0.44566666666666666 0.024 0.012666666666666666
3 0.2555 0.438 0.012 0.016
3 0.2335 0.48233333333333334 0.014 0.018
3 0.25775 0.21366666666666667 0.0055 0.007333333333333333
3 0.2635 0.20766666666666667 0.006 0.006
