5 0.0625 0.06666666666666667 0.085 0.13333333333333333
3 0.18821428571428572 0.13238095238095238 0.056428571428571425 0.09142857142857143
3 0.2007142857142857 0.3819047619047619 0.06 0.09714285714285714
3 0.3057142857142857 0.31 0.05857142857142857 0.0980952380952381
3 0.26107142857142857 0.20666666666666667 0.05785714285714286 0.09142857142857143
3 0.32285714285714284 0.22523809523809524 0.05714285714285714 0.1
3 0.3417857142857143 0.42238095238095236 0.05928571428571429 0.10571428571428572
3 0.17535714285714285 0.01619047619047619 0.04214285714285714 0.03238095238095238
4 0.21214285714285713 0.07666666666666666 0.047142857142857146 0.07904761904761905
3 0.38607142857142857 0.5257142857142857 0.062142857142857146 0.10476190476190476
0 0.3675 0.24904761904761905 0.012142857142857143 0.02761904761904762
1 0.21607142857142858 0.24285714285714285 0.015 0.02857142857142857
1 0.1825 0.2061904761904762 0.015 0.023809523809523808
1 0.14892857142857144 0.11857142857142858 0.020714285714285713 0.02761904761904762
2 0.15107142857142858 0.12380952380952381 0.017857142857142856 0.0380952380952381
2 0.18571428571428572 0.21047619047619048 0.018571428571428572 0.03619047619047619
2 0.21928571428571428 0.24428571428571427 0.022857142857142857 0.037142857142857144
3 0.33035714285714285 0.820952380952381 0.07214285714285715 0.12571428571428572
5 0.25142857142857145 0.9323809523809524 0.09142857142857143 0.13523809523809524
3 0.9492857142857143 0.9171428571428571 0.08428571428571428 0.13904761904761906
3 0.7164285714285714 0.7014285714285714 0.08571428571428572 0.08666666666666667
3 0.5528571428571428 0.8085714285714286 0.10142857142857142 0.09523809523809523
4 0.7739285714285714 0.9433333333333334 0.09642857142857143 0.09619047619047619
0 0.4853571428571429 0.5261904761904762 0.012142857142857143 0.023809523809523808
5 0.5121428571428571 0.49 0.045714285714285714 0.1380952380952381
2 0.4067857142857143 0.4561904761904762 0.029285714285714286 0.022857142857142857
