3 0.10142857142857142 0.18571428571428572 0.06857142857142857 0.04
3 0.10035714285714285 0.058095238095238096 0.06642857142857143 0.045714285714285714
0 0.21214285714285713 0.07 0.014285714285714285 0.02761904761904762
9 0.2382142857142857 0.09666666666666666 0.013571428571428571 0.03333333333333333
0 0.23607142857142857 0.08952380952380952 0.015 0.024761904761904763
0 0.1432142857142857 0.24904761904761905 0.017857142857142856 0.02
0 0.16392857142857142 0.2519047619047619 0.017857142857142856 0.01619047619047619
3 0.2757142857142857 0.18666666666666668 0.06857142857142857 0.05142857142857143
3 0.25142857142857145 0.25 0.07 0.05238095238095238
0 0.2935714285714286 0.28523809523809524 0.022857142857142857 0.023809523809523808
0 0.2785714285714286 0.3414285714285714 0.015714285714285715 0.021904761904761906
2 0.25535714285714284 0.3719047619047619 0.015 0.02761904761904762
0 0.2571428571428571 0.37666666666666665 0.015714285714285715 0.01619047619047619
2 0.34714285714285714 0.3595238095238095 0.011428571428571429 0.039047619047619046
1 0.3485714285714286 0.35714285714285715 0.007142857142857143 0.017142857142857144
2 0.36178571428571427 0.41333333333333333 0.010714285714285714 0.03428571428571429
1 0.3628571428571429 0.4119047619047619 0.01 0.018095238095238095
2 0.36142857142857143 0.4785714285714286 0.01 0.03142857142857143
1 0.35892857142857143 0.47285714285714286 0.010714285714285714 0.018095238095238095
9 0.4546428571428571 0.2757142857142857 0.012142857142857143 0.03142857142857143
1 0.45285714285714285 0.27 0.007142857142857143 0.018095238095238095
3 0.3717857142857143 0.2719047619047619 0.039285714285714285 0.08666666666666667
3 0.4203571428571429 0.3357142857142857 0.030714285714285715 0.09238095238095238
3 0.31357142857142856 0.34809523809523807 0.03857142857142857 0.08666666666666667
3 0.2689285714285714 0.4942857142857143 0.06785714285714285 0.06666666666666667
3 0.4253571428571429 0.5009523809523809 0.030714285714285715 0.09142857142857143
4 0.3367857142857143 0.5352380952380953 0.030714285714285715 0.0761904761904762
4 0.3317857142857143 0.6514285714285715 0.03214285714285714 0.10285714285714286
3 0.19642857142857142 0.67 0.06571428571428571 0.08476190476190476
3 0.2117857142857143 0.7171428571428572 0.06642857142857143 0.07809523809523809
0 0.20607142857142857 0.5947619047619047 0.017857142857142856 0.014285714285714285
9 0.43785714285714283 0.7404761904761905 0.011428571428571429 0.035238095238095235
1 0.4367857142857143 0.7433333333333333 0.009285714285714286 0.018095238095238095
3 0.3296428571428571 0.7771428571428571 0.030714285714285715 0.0838095238095238
3 0.32535714285714284 0.9638095238095238 0.03357142857142857 0.07238095238095238
9 0.47214285714285714 0.8419047619047619 0.02142857142857143 0.045714285714285714
9 0.4710714285714286 0.9557142857142857 0.029285714285714286 0.08857142857142856
3 0.47928571428571426 0.508095238095238 0.03142857142857143 0.0980952380952381
3 0.4775 0.6209523809523809 0.02642857142857143 0.08952380952380952
4 0.4810714285714286 0.25285714285714284 0.023571428571428573 0.07523809523809524
3 0.4853571428571429 0.15095238095238095 0.029285714285714286 0.09428571428571429
2 0.5314285714285715 0.13047619047619047 0.01 0.0419047619047619
4 0.06285714285714286 0.5061904761904762 0.07428571428571429 0.09428571428571429
3 0.04071428571428572 0.48142857142857143 0.06142857142857143 0.08857142857142856
3 0.06928571428571428 0.3319047619047619 0.07714285714285714 0.04476190476190476
3 0.06892857142857142 0.2633333333333333 0.07785714285714286 0.04857142857142857
