3 0.09994780793319415 0.5032467532467533 0.10490605427974947 0.1790352504638219
4 0.15292275574112732 0.5936920222634509 0.11795407098121084 0.1836734693877551
3 0.2643528183716075 0.5190166975881262 0.06524008350730688 0.1215213358070501
3 0.3233298538622129 0.5663265306122449 0.08924843423799582 0.212430426716141
3 0.3966597077244258 0.5663265306122449 0.08455114822546972 0.212430426716141
4 0.3097599164926931 0.35760667903525045 0.07567849686847598 0.1437847866419295
3 0.2361691022964509 0.35946196660482377 0.08089770354906053 0.1345083487940631
3 0.47807933194154484 0.6076066790352505 0.07724425887265135 0.21335807050092764
3 0.568893528183716 0.6349721706864564 0.07306889352818371 0.2365491651205937
4 0.656054279749478 0.5913729128014842 0.07933194154488517 0.20871985157699444
4 0.5762004175365344 0.40120593692022266 0.05949895615866388 0.16233766233766234
5 0.7967118997912317 0.5630797773654916 0.098643006263048 0.23747680890538034
4 0.7747912317327765 0.3682745825602968 0.0662839248434238 0.14656771799628943
4 0.9457202505219205 0.5602968460111317 0.10751565762004174 0.18738404452690166
4 0.8937891440501043 0.35482374768089053 0.08402922755741127 0.14935064935064934
7 0.9731210855949894 0.3330241187384045 0.05271398747390396 0.1614100185528757
