0 0.04392857142857143 0.9347619047619048 0.07071428571428572 0.13047619047619047
0 0.33785714285714286 0.9642857142857143 0.047142857142857146 0.07142857142857142
0 0.14035714285714285 0.9380952380952381 0.03785714285714286 0.12380952380952381
0 0.1467857142857143 0.8928571428571429 0.045 0.1380952380952381
0 0.21964285714285714 0.6576190476190477 0.027857142857142858 0.08666666666666667
0 0.335 0.6576190476190477 0.018571428571428572 0.08285714285714285
0 0.3867857142857143 0.6623809523809524 0.013571428571428571 0.08666666666666667
0 0.2007142857142857 0.5009523809523809 0.012857142857142857 0.05523809523809524
0 0.2175 0.5023809523809524 0.013571428571428571 0.054285714285714284
9 0.19857142857142857 0.5971428571428572 0.02 0.06095238095238095
9 0.22857142857142856 0.5271428571428571 0.03 0.039047619047619046
7 0.25 0.48523809523809525 0.06 0.07523809523809524
0 0.2739285714285714 0.5004761904761905 0.012142857142857143 0.05047619047619047
0 0.2835714285714286 0.4919047619047619 0.014285714285714285 0.06
0 0.41964285714285715 0.6266666666666667 0.016428571428571428 0.07809523809523809
2 0.5564285714285714 0.540952380952381 0.018571428571428572 0.06285714285714286
0 0.6353571428571428 0.5647619047619048 0.013571428571428571 0.05523809523809524
0 0.6460714285714285 0.5628571428571428 0.012142857142857143 0.05904761904761905
0 0.6135714285714285 0.430952380952381 0.005714285714285714 0.029523809523809525
0 0.6028571428571429 0.4514285714285714 0.005714285714285714 0.03428571428571429
0 0.6125 0.4552380952380952 0.0064285714285714285 0.03238095238095238
0 0.6389285714285714 0.4685714285714286 0.007857142857142858 0.04
0 0.6264285714285714 0.43238095238095237 0.005714285714285714 0.030476190476190476
0 0.6417857142857143 0.4452380952380952 0.0064285714285714285 0.03142857142857143
0 0.6528571428571428 0.45285714285714285 0.007142857142857143 0.03142857142857143
0 0.6707142857142857 0.45095238095238094 0.004285714285714286 0.03333333333333333
0 0.67 0.44571428571428573 0.007142857142857143 0.03428571428571429
0 0.6085714285714285 0.38571428571428573 0.002857142857142857 0.02095238095238095
0 0.6114285714285714 0.38666666666666666 0.004285714285714286 0.01904761904761905
0 0.615 0.38476190476190475 0.004285714285714286 0.01904761904761905
0 0.6285714285714286 0.3680952380952381 0.002857142857142857 0.018095238095238095
3 0.6332142857142857 0.36238095238095236 0.020714285714285713 0.014285714285714285
2 0.42178571428571426 0.48523809523809525 0.03214285714285714 0.025714285714285714
9 0.525 0.4480952380952381 0.02142857142857143 0.02
9 0.5425 0.4247619047619048 0.017857142857142856 0.01904761904761905
9 0.55 0.41 0.018571428571428572 0.01619047619047619
5 0.2935714285714286 0.3295238095238095 0.02857142857142857 0.022857142857142857
5 0.32285714285714284 0.33 0.024285714285714285 0.023809523809523808
5 0.37857142857142856 0.3252380952380952 0.04428571428571428 0.018095238095238095
1 0.5567857142857143 0.539047619047619 0.015 0.05523809523809524
