3 0.26017745302713985 0.0074211502782931356 0.015135699373695197 0.014842300556586271
3 0.3011482254697286 0.026437847866419294 0.013569937369519832 0.02504638218923933
3 0.2625260960334029 0.036178107606679034 0.015657620041753653 0.027829313543599257
3 0.2883611691022964 0.07467532467532467 0.017223382045929016 0.0287569573283859
3 0.3092379958246346 0.06261595547309833 0.016179540709812108 0.02504638218923933
3 0.3230688935281837 0.08673469387755102 0.018789144050104383 0.030612244897959183
3 0.3431628392484342 0.15538033395176254 0.025574112734864297 0.03803339517625232
3 0.33324634655532354 0.25742115027829315 0.025574112734864297 0.041743970315398886
3 0.37186847599164924 0.24072356215213359 0.02453027139874739 0.045454545454545456
3 0.3956158663883089 0.14053803339517626 0.022964509394572022 0.030612244897959183
0 0.2909707724425887 0.025974025974025976 0.0036534446764091852 0.014842300556586271
3 0.3230688935281837 0.01948051948051948 0.018789144050104383 0.016697588126159554
9 0.4303235908141962 0.13821892393320964 0.019311064718162838 0.01855287569573284
0 0.4305845511482254 0.12430426716141002 0.0041753653444676405 0.012987012987012988
0 0.4407620041753653 0.12940630797773656 0.0036534446764091852 0.013914656771799629
3 0.4655532359081419 0.31957328385899814 0.030271398747390394 0.049165120593692026
3 0.4446764091858037 0.2884972170686456 0.026096033402922752 0.03896103896103896
3 0.5683716075156575 0.5969387755102041 0.04070981210855949 0.07884972170686456
3 0.5970772442588725 0.6159554730983302 0.038622129436325675 0.07792207792207792
3 0.6333507306889352 0.6465677179962894 0.04123173277661795 0.07977736549165121
4 0.5065240083507306 0.5310760667903525 0.04331941544885177 0.07328385899814471
3 0.865866388308977 0.5756029684601113 0.050104384133611686 0.075139146567718
0 0.7760960334029227 0.550556586270872 0.005219206680584551 0.02319109461966605
9 0.7886221294363256 0.5445269016697588 0.0073068893528183704 0.02411873840445269
3 0.9843423799582462 0.4443413729128015 0.030271398747390394 0.0463821892393321
3 0.9744258872651356 0.4670686456400742 0.04697286012526095 0.0640074211502783
