8 0.15607142857142858 0.04619047619047619 0.06785714285714285 0.09238095238095238
0 0.20214285714285715 0.12857142857142856 0.01 0.015238095238095238
0 0.1975 0.14047619047619048 0.010714285714285714 0.01619047619047619
0 0.16071428571428573 0.18761904761904763 0.011428571428571429 0.015238095238095238
0 0.21857142857142858 0.2542857142857143 0.012857142857142857 0.015238095238095238
3 0.02892857142857143 0.3028571428571429 0.03785714285714286 0.06285714285714286
8 0.065 0.46476190476190476 0.08142857142857143 0.1676190476190476
0 0.3192857142857143 0.4361904761904762 0.008571428571428572 0.009523809523809525
5 0.3467857142857143 0.8957142857142857 0.07214285714285715 0.07333333333333333
5 0.33321428571428574 0.9366666666666666 0.07357142857142857 0.07523809523809524
7 0.3675 0.8519047619047619 0.035 0.03333333333333333
5 0.36392857142857143 0.810952380952381 0.065 0.05619047619047619
3 0.4625 0.9814285714285714 0.05357142857142857 0.037142857142857144
9 0.4907142857142857 0.9457142857142857 0.011428571428571429 0.02857142857142857
0 0.4232142857142857 0.929047619047619 0.007857142857142858 0.014285714285714285
0 0.3892857142857143 0.9095238095238095 0.005714285714285714 0.015238095238095238
0 0.43107142857142855 0.8057142857142857 0.0064285714285714285 0.013333333333333332
1 0.4035714285714286 0.8080952380952381 0.007142857142857143 0.010476190476190476
0 0.41964285714285715 0.7814285714285715 0.010714285714285714 0.008571428571428572
7 0.4107142857142857 0.7485714285714286 0.032857142857142856 0.02095238095238095
0 0.4164285714285714 0.758095238095238 0.007142857142857143 0.017142857142857144
0 0.4332142857142857 0.7423809523809524 0.007857142857142858 0.014285714285714285
0 0.43892857142857145 0.7342857142857143 0.0064285714285714285 0.013333333333333332
0 0.37035714285714283 0.7047619047619048 0.007857142857142858 0.007619047619047619
0 0.39464285714285713 0.6552380952380953 0.0035714285714285713 0.005714285714285714
0 0.3989285714285714 0.6390476190476191 0.0064285714285714285 0.009523809523809525
0 0.465 0.6276190476190476 0.007142857142857143 0.009523809523809525
0 0.5210714285714285 0.5833333333333334 0.007857142857142858 0.010476190476190476
4 0.4942857142857143 0.5757142857142857 0.03571428571428571 0.08095238095238096
4 0.6217857142857143 0.36142857142857143 0.025 0.06380952380952382
4 0.6528571428571428 0.3433333333333333 0.03428571428571429 0.08095238095238096
3 0.6982142857142857 0.3242857142857143 0.056428571428571425 0.037142857142857144
9 0.5671428571428572 0.3995238095238095 0.017142857142857144 0.021904761904761906
4 0.8971428571428571 0.2823809523809524 0.055714285714285716 0.037142857142857144
4 0.8228571428571428 0.29714285714285715 0.055714285714285716 0.0380952380952381
4 0.8646428571428572 0.7214285714285714 0.02642857142857143 0.04666666666666667
3 0.8657142857142857 0.8609523809523809 0.054285714285714284 0.06285714285714286
7 0.38607142857142857 0.6519047619047619 0.023571428571428573 0.03142857142857143
