0 0.32607142857142857 0.07142857142857142 0.010714285714285714 0.026666666666666665
0 0.38035714285714284 0.06571428571428571 0.015 0.03619047619047619
0 0.49642857142857144 0.010476190476190476 0.008571428571428572 0.02095238095238095
3 0.4117857142857143 0.015238095238095238 0.02214285714285714 0.030476190476190476
3 0.46285714285714286 0.015238095238095238 0.027142857142857142 0.030476190476190476
3 0.4585714285714286 0.051904761904761905 0.022857142857142857 0.040952380952380955
3 0.4575 0.10285714285714286 0.02642857142857143 0.05904761904761905
3 0.49142857142857144 0.07047619047619047 0.025714285714285714 0.07047619047619047
5 0.40464285714285714 0.054285714285714284 0.030714285714285715 0.06666666666666667
3 0.4032142857142857 0.11333333333333333 0.027857142857142858 0.05523809523809524
3 0.45107142857142857 0.17476190476190476 0.035 0.07523809523809524
3 0.4010714285714286 0.17285714285714285 0.03642857142857143 0.07714285714285714
9 0.3082142857142857 0.09 0.02214285714285714 0.02
0 0.2985714285714286 0.10809523809523809 0.011428571428571429 0.029523809523809525
0 0.30892857142857144 0.11571428571428571 0.013571428571428571 0.01619047619047619
3 0.31464285714285717 0.21285714285714286 0.08357142857142857 0.04285714285714286
3 0.32607142857142857 0.25142857142857145 0.09642857142857143 0.047619047619047616
3 0.4332142857142857 0.24095238095238095 0.08357142857142857 0.05142857142857143
3 0.2625 0.2947619047619048 0.08642857142857142 0.058095238095238096
3 0.48 0.3414285714285714 0.03857142857142857 0.09619047619047619
4 0.435 0.3028571428571429 0.04 0.09523809523809523
4 0.36392857142857143 0.3914285714285714 0.047857142857142855 0.13333333333333333
3 0.4253571428571429 0.42 0.04214285714285714 0.09714285714285714
3 0.4825 0.5019047619047619 0.04357142857142857 0.1180952380952381
5 0.4175 0.5352380952380953 0.052142857142857144 0.17142857142857143
3 0.22035714285714286 0.5228571428571429 0.05928571428571429 0.1180952380952381
6 0.15928571428571428 0.5557142857142857 0.03 0.07714285714285714
2 0.13428571428571429 0.5880952380952381 0.03428571428571429 0.040952380952380955
2 0.21892857142857142 0.6623809523809524 0.03357142857142857 0.04285714285714286
1 0.21785714285714286 0.64 0.017142857142857144 0.030476190476190476
0 0.2757142857142857 0.7528571428571429 0.02 0.037142857142857144
0 0.2875 0.7361904761904762 0.013571428571428571 0.024761904761904763
0 0.29464285714285715 0.7095238095238096 0.015 0.030476190476190476
0 0.16035714285714286 0.7985714285714286 0.016428571428571428 0.037142857142857144
2 0.17285714285714285 0.8161904761904762 0.014285714285714285 0.06285714285714286
3 0.49535714285714283 0.7395238095238095 0.06357142857142857 0.17047619047619048
4 0.4035714285714286 0.729047619047619 0.05285714285714286 0.14761904761904762
3 0.3271428571428571 0.7323809523809524 0.06 0.12761904761904763
0 0.34035714285714286 0.7961904761904762 0.02214285714285714 0.045714285714285714
4 0.30214285714285716 0.9 0.07142857142857142 0.1676190476190476
3 0.22214285714285714 0.8276190476190476 0.09285714285714286 0.19428571428571428
6 0.08285714285714285 0.7595238095238095 0.055714285714285716 0.04666666666666667
0 0.05928571428571429 0.9709523809523809 0.02 0.023809523809523808
4 0.38 0.8985714285714286 0.07 0.19904761904761906
3 0.5642857142857143 0.012380952380952381 0.024285714285714285 0.024761904761904763
3 0.7246428571428571 0.028095238095238097 0.03642857142857143 0.04285714285714286
3 0.7389285714285714 0.07666666666666666 0.035 0.04857142857142857
3 0.7564285714285715 0.12523809523809523 0.037142857142857144 0.05238095238095238
5 0.7803571428571429 0.17714285714285713 0.06785714285714285 0.10285714285714286
0 0.9189285714285714 0.3038095238095238 0.012142857142857143 0.0419047619047619
0 0.8971428571428571 0.3109523809523809 0.022857142857142857 0.04285714285714286
0 0.8807142857142857 0.29619047619047617 0.012857142857142857 0.0380952380952381
6 0.9785714285714285 0.3495238095238095 0.04285714285714286 0.04
2 0.9914285714285714 0.40285714285714286 0.017142857142857144 0.02857142857142857
3 0.8689285714285714 0.45095238095238094 0.095 0.1361904761904762
3 0.9210714285714285 0.5857142857142857 0.08928571428571429 0.13142857142857142
3 0.9589285714285715 0.7161904761904762 0.07928571428571428 0.13142857142857142
