3 0.9467857142857142 0.8342857142857143 0.105 0.17142857142857143
3 0.8864285714285715 0.5752380952380952 0.05714285714285714 0.08190476190476191
3 0.8203571428571429 0.4219047619047619 0.06357142857142857 0.05142857142857143
3 0.7157142857142857 0.4114285714285714 0.05142857142857143 0.06095238095238095
3 0.7503571428571428 0.4042857142857143 0.047857142857142855 0.04857142857142857
0 0.6032142857142857 0.6385714285714286 0.020714285714285713 0.06761904761904762
0 0.5682142857142857 0.6614285714285715 0.025 0.06761904761904762
0 0.5246428571428572 0.6785714285714286 0.02214285714285714 0.07333333333333333
0 0.47928571428571426 0.5785714285714286 0.02857142857142857 0.054285714285714284
0 0.5489285714285714 0.6628571428571428 0.020714285714285713 0.07047619047619047
0 0.5457142857142857 0.6080952380952381 0.02 0.06190476190476191
0 0.5289285714285714 0.4204761904761905 0.012142857142857143 0.04285714285714286
0 0.5782142857142857 0.42238095238095236 0.015 0.039047619047619046
0 0.4735714285714286 0.45714285714285713 0.02142857142857143 0.05142857142857143
3 0.5064285714285715 0.47285714285714286 0.06714285714285714 0.07714285714285714
3 0.055357142857142855 0.43476190476190474 0.09357142857142857 0.08476190476190476
1 0.013214285714285715 0.4804761904761905 0.02214285714285714 0.04285714285714286
3 0.03678571428571428 0.5347619047619048 0.07357142857142857 0.08857142857142856
3 0.16214285714285714 0.5376190476190477 0.12571428571428572 0.07142857142857142
3 0.18607142857142858 0.5019047619047619 0.11357142857142857 0.05333333333333333
3 0.18428571428571427 0.44476190476190475 0.07571428571428572 0.0761904761904762
0 0.15142857142857144 0.4780952380952381 0.022857142857142857 0.05904761904761905
0 0.17357142857142857 0.4685714285714286 0.012857142857142857 0.03619047619047619
0 0.36607142857142855 0.539047619047619 0.019285714285714285 0.047619047619047616
0 0.37392857142857144 0.5366666666666666 0.02214285714285714 0.054285714285714284
2 0.38285714285714284 0.579047619047619 0.047142857142857146 0.0380952380952381
0 0.6739285714285714 0.7695238095238095 0.02214285714285714 0.0838095238095238
1 0.6967857142857142 0.7666666666666667 0.025 0.06666666666666667
2 0.6964285714285714 0.789047619047619 0.025714285714285714 0.07142857142857142
2 0.7432142857142857 0.5928571428571429 0.025 0.04666666666666667
1 0.7457142857142857 0.5761904761904761 0.02 0.049523809523809526
0 0.9046428571428572 0.4766666666666667 0.015 0.04285714285714286
0 0.9164285714285715 0.48238095238095235 0.012857142857142857 0.035238095238095235
0 0.895 0.4280952380952381 0.012857142857142857 0.040952380952380955
0 0.8810714285714286 0.4080952380952381 0.010714285714285714 0.029523809523809525
0 0.8878571428571429 0.4095238095238095 0.01 0.03238095238095238
0 0.9196428571428571 0.3823809523809524 0.012142857142857143 0.035238095238095235
0 0.825 0.3238095238095238 0.011428571428571429 0.026666666666666665
3 0.5985714285714285 0.4142857142857143 0.07142857142857142 0.05333333333333333
3 0.5946428571428571 0.39095238095238094 0.07071428571428572 0.04666666666666667
3 0.5864285714285714 0.36904761904761907 0.06714285714285714 0.04857142857142857
3 0.5785714285714286 0.3504761904761905 0.05857142857142857 0.045714285714285714
3 0.5446428571428571 0.31285714285714283 0.047857142857142855 0.03142857142857143
3 0.5817857142857142 0.29619047619047617 0.023571428571428573 0.026666666666666665
3 0.5721428571428572 0.2819047619047619 0.024285714285714285 0.024761904761904763
3 0.5396428571428571 0.28523809523809524 0.04642857142857143 0.029523809523809525
3 0.5403571428571429 0.27904761904761904 0.039285714285714285 0.030476190476190476
3 0.5285714285714286 0.27285714285714285 0.032857142857142856 0.023809523809523808
3 0.5303571428571429 0.26761904761904765 0.029285714285714286 0.02095238095238095
3 0.5167857142857143 0.2623809523809524 0.029285714285714286 0.025714285714285714
3 0.5596428571428571 0.26666666666666666 0.017857142857142856 0.02095238095238095
3 0.5510714285714285 0.25333333333333335 0.013571428571428571 0.02095238095238095
3 0.5846428571428571 0.2638095238095238 0.020714285714285713 0.024761904761904763
3 0.5682142857142857 0.2509523809523809 0.020714285714285713 0.02
3 0.5757142857142857 0.24095238095238095 0.014285714285714285 0.02095238095238095
3 0.5925 0.25476190476190474 0.02214285714285714 0.02
3 0.6075 0.26571428571428574 0.02214285714285714 0.02095238095238095
3 0.6278571428571429 0.2838095238095238 0.024285714285714285 0.024761904761904763
3 0.6057142857142858 0.28285714285714286 0.024285714285714285 0.024761904761904763
3 0.6242857142857143 0.3 0.018571428571428572 0.02857142857142857
3 0.6482142857142857 0.30238095238095236 0.02642857142857143 0.025714285714285714
3 0.6371428571428571 0.32047619047619047 0.03 0.029523809523809525
3 0.6607142857142857 0.3142857142857143 0.03142857142857143 0.03428571428571429
3 0.6414285714285715 0.34476190476190477 0.04857142857142857 0.03428571428571429
3 0.6796428571428571 0.33 0.03642857142857143 0.037142857142857144
3 0.6807142857142857 0.3680952380952381 0.041428571428571426 0.05238095238095238
3 0.7635714285714286 0.37952380952380954 0.05142857142857143 0.037142857142857144
3 0.8228571428571428 0.3942857142857143 0.05285714285714286 0.04
3 0.7960714285714285 0.36523809523809525 0.05071428571428571 0.03333333333333333
3 0.7707142857142857 0.3438095238095238 0.03571428571428571 0.030476190476190476
4 0.7096428571428571 0.36142857142857143 0.04071428571428572 0.04666666666666667
8 0.7175 0.32095238095238093 0.08928571428571429 0.08761904761904762
3 0.9375 0.42523809523809525 0.08071428571428571 0.040952380952380955
0 0.98 0.4057142857142857 0.012857142857142857 0.03428571428571429
0 0.945 0.3852380952380952 0.011428571428571429 0.03142857142857143
4 0.8639285714285714 0.37047619047619046 0.060714285714285714 0.04380952380952381
3 0.8289285714285715 0.3557142857142857 0.062142857142857146 0.02761904761904762
3 0.8092857142857143 0.34095238095238095 0.047142857142857146 0.022857142857142857
3 0.7935714285714286 0.3319047619047619 0.05142857142857143 0.023809523809523808
5 0.7610714285714286 0.30523809523809525 0.04214285714285714 0.02761904761904762
3 0.7478571428571429 0.2985714285714286 0.04285714285714286 0.021904761904761906
3 0.7282142857142857 0.29 0.039285714285714285 0.023809523809523808
3 0.7203571428571428 0.2833333333333333 0.04214285714285714 0.021904761904761906
3 0.6810714285714285 0.27904761904761904 0.027857142857142858 0.02095238095238095
3 0.7060714285714286 0.2757142857142857 0.04071428571428572 0.018095238095238095
3 0.6635714285714286 0.26666666666666666 0.024285714285714285 0.01904761904761905
3 0.6860714285714286 0.2638095238095238 0.035 0.01904761904761905
3 0.6460714285714285 0.2580952380952381 0.02642857142857143 0.01904761904761905
3 0.6671428571428571 0.25333333333333335 0.032857142857142856 0.01904761904761905
3 0.655 0.24714285714285714 0.024285714285714285 0.014285714285714285
3 0.6289285714285714 0.24761904761904763 0.025 0.02095238095238095
3 0.6110714285714286 0.24142857142857144 0.023571428571428573 0.01619047619047619
4 0.6328571428571429 0.23714285714285716 0.03428571428571429 0.01904761904761905
4 0.5971428571428572 0.2319047619047619 0.02142857142857143 0.021904761904761906
3 0.58 0.22285714285714286 0.018571428571428572 0.01904761904761905
