4 0.6896428571428571 0.9549492385786801 0.04357142857142857 0.08756345177664974
3 0.6589285714285714 0.8876903553299492 0.039285714285714285 0.08502538071065989
3 0.6292857142857143 0.8007614213197969 0.032857142857142856 0.07868020304568528
4 0.6228571428571429 0.7404822335025381 0.02857142857142857 0.06472081218274112
3 0.48178571428571426 0.5926395939086294 0.023571428571428573 0.048223350253807105
3 0.5942857142857143 0.6814720812182741 0.027142857142857142 0.06091370558375634
3 0.5810714285714286 0.6072335025380711 0.025 0.05456852791878172
3 0.5689285714285715 0.5717005076142132 0.019285714285714285 0.04187817258883248
3 0.56 0.5342639593908629 0.02 0.04314720812182741
3 0.5492857142857143 0.5076142131979695 0.017142857142857144 0.04314720812182741
3 0.5446428571428571 0.4860406091370558 0.015 0.03045685279187817
3 0.535 0.4606598984771573 0.015714285714285715 0.035532994923857864
5 0.4857142857142857 0.47017766497461927 0.024285714285714285 0.06472081218274112
3 0.45571428571428574 0.4295685279187817 0.014285714285714285 0.029187817258883246
0 0.6435714285714286 0.7081218274111675 0.007142857142857143 0.027918781725888322
0 0.605 0.5513959390862944 0.005714285714285714 0.024111675126903553
0 0.6092857142857143 0.5488578680203046 0.005714285714285714 0.024111675126903553
0 0.5414285714285715 0.3610406091370558 0.005714285714285714 0.019035532994923856
0 0.5189285714285714 0.30710659898477155 0.0035714285714285713 0.015228426395939085
0 0.5239285714285714 0.2982233502538071 0.0035714285714285713 0.015228426395939085
0 0.5171428571428571 0.29378172588832485 0.004285714285714286 0.013959390862944161
0 0.4992857142857143 0.26713197969543145 0.004285714285714286 0.016497461928934008
0 0.5067857142857143 0.25507614213197966 0.0035714285714285713 0.015228426395939085
5 0.4735714285714286 0.31852791878172587 0.02 0.05837563451776649
5 0.4546428571428571 0.31408629441624364 0.015 0.03680203045685279
5 0.43535714285714283 0.20241116751269034 0.012142857142857143 0.03680203045685279
8 0.46 0.2766497461928934 0.012857142857142857 0.032994923857868015
8 0.47035714285714286 0.19416243654822332 0.013571428571428571 0.027918781725888322
3 0.46035714285714285 0.3477157360406091 0.010714285714285714 0.02030456852791878
0 0.43785714285714283 0.33883248730964466 0.002857142857142857 0.012690355329949238
0 0.3732142857142857 0.3178934010152284 0.0035714285714285713 0.013959390862944161
0 0.37 0.3172588832487309 0.005714285714285714 0.015228426395939085
0 0.43107142857142855 0.2563451776649746 0.0035714285714285713 0.01015228426395939
9 0.16107142857142856 0.7449238578680203 0.016428571428571428 0.04060913705583756
1 0.16142857142857142 0.7277918781725887 0.011428571428571429 0.029187817258883246
3 0.235 0.6465736040609137 0.03428571428571429 0.06979695431472081
4 0.015714285714285715 0.6173857868020304 0.03142857142857143 0.06979695431472081
3 0.13357142857142856 0.5456852791878172 0.03571428571428571 0.04568527918781726
4 0.3003571428571429 0.3426395939086294 0.019285714285714285 0.035532994923857864
3 0.3092857142857143 0.2595177664974619 0.014285714285714285 0.026649746192893398
3 0.2642857142857143 0.24873096446700504 0.014285714285714285 0.02030456852791878
3 0.335 0.2017766497461929 0.01 0.017766497461928932
3 0.3467857142857143 0.17576142131979694 0.009285714285714286 0.016497461928934008
3 0.38321428571428573 0.1484771573604061 0.007857142857142858 0.015228426395939085
3 0.37392857142857144 0.14022842639593908 0.007857142857142858 0.013959390862944161
3 0.36392857142857143 0.13388324873096447 0.007857142857142858 0.011421319796954314
4 0.3025 0.1751269035532995 0.012142857142857143 0.02030456852791878
3 0.3360714285714286 0.15291878172588833 0.007857142857142858 0.016497461928934008
3 0.3467857142857143 0.13007614213197968 0.007857142857142858 0.011421319796954314
3 0.36464285714285716 0.06789340101522842 0.0064285714285714285 0.008883248730964466
3 0.33785714285714286 0.10850253807106598 0.008571428571428572 0.011421319796954314
4 0.3414285714285714 0.12119289340101522 0.008571428571428572 0.013959390862944161
5 0.31642857142857145 0.1351522842639594 0.015714285714285715 0.026649746192893398
3 0.37107142857142855 0.11738578680203045 0.0064285714285714285 0.013959390862944161
3 0.3942857142857143 0.11802030456852791 0.005714285714285714 0.01015228426395939
3 0.3867857142857143 0.10659898477157359 0.0064285714285714285 0.01015228426395939
3 0.3982142857142857 0.07614213197969542 0.005 0.01015228426395939
3 0.3967857142857143 0.059010152284263956 0.005 0.008883248730964466
3 0.41035714285714286 0.059010152284263956 0.0035714285714285713 0.008883248730964466
3 0.41214285714285714 0.04885786802030456 0.004285714285714286 0.008883248730964466
3 0.4085714285714286 0.04568527918781726 0.002857142857142857 0.0076142131979695426
3 0.4014285714285714 0.04505076142131979 0.004285714285714286 0.008883248730964466
3 0.40464285714285714 0.039974619289340096 0.0035714285714285713 0.006345177664974619
5 0.3717857142857143 0.052030456852791875 0.0064285714285714285 0.015228426395939085
5 0.38035714285714284 0.05139593908629441 0.007857142857142858 0.013959390862944161
5 0.38392857142857145 0.04314720812182741 0.007857142857142858 0.015228426395939085
3 0.4407142857142857 0.1681472081218274 0.008571428571428572 0.011421319796954314
3 0.4442857142857143 0.15736040609137056 0.005714285714285714 0.012690355329949238
3 0.4475 0.15355329949238578 0.005 0.01015228426395939
3 0.4589285714285714 0.15038071065989847 0.005 0.013959390862944161
0 0.055714285714285716 0.4631979695431472 0.007142857142857143 0.012690355329949238
0 0.06035714285714286 0.4473350253807106 0.005 0.016497461928934008
0 0.06464285714285714 0.4422588832487309 0.0035714285714285713 0.016497461928934008
0 0.07035714285714285 0.43337563451776645 0.005 0.016497461928934008
0 0.07642857142857143 0.424492385786802 0.005714285714285714 0.019035532994923856
0 0.08392857142857142 0.42385786802030456 0.005 0.017766497461928932
0 0.09285714285714286 0.39530456852791873 0.004285714285714286 0.019035532994923856
0 0.12928571428571428 0.3705583756345177 0.004285714285714286 0.01015228426395939
0 0.14535714285714285 0.3477157360406091 0.002142857142857143 0.01015228426395939
0 0.14821428571428572 0.3477157360406091 0.0035714285714285713 0.012690355329949238
0 0.1657142857142857 0.29505076142131975 0.002857142857142857 0.016497461928934008
0 0.18857142857142858 0.2918781725888325 0.005714285714285714 0.01015228426395939
0 0.19142857142857142 0.2715736040609137 0.002857142857142857 0.012690355329949238
0 0.19357142857142856 0.27220812182741116 0.002857142857142857 0.013959390862944161
0 0.19678571428571429 0.2645939086294416 0.0035714285714285713 0.013959390862944161
0 0.21071428571428572 0.23984771573604058 0.002857142857142857 0.012690355329949238
0 0.24 0.2151015228426396 0.002857142857142857 0.013959390862944161
0 0.22142857142857142 0.22842639593908629 0.002857142857142857 0.012690355329949238
0 0.23642857142857143 0.21256345177664973 0.002857142857142857 0.011421319796954314
0 0.25821428571428573 0.19098984771573602 0.0035714285714285713 0.013959390862944161
