4 0.11178571428571428 0.37238095238095237 0.09785714285714285 0.12380952380952381
9 0.17892857142857144 0.43333333333333335 0.047857142857142855 0.0419047619047619
9 0.34464285714285714 0.20476190476190476 0.03642857142857143 0.049523809523809526
3 0.3989285714285714 0.42238095238095236 0.10642857142857143 0.15523809523809523
1 0.24 0.6361904761904762 0.024285714285714285 0.02857142857142857
2 0.2425 0.6352380952380953 0.02642857142857143 0.05523809523809524
9 0.1275 0.5057142857142857 0.045 0.05333333333333333
9 0.15821428571428572 0.4633333333333333 0.04357142857142857 0.04666666666666667
9 0.2 0.39571428571428574 0.03428571428571429 0.054285714285714284
9 0.10214285714285715 0.540952380952381 0.045714285714285714 0.045714285714285714
9 0.07285714285714286 0.5652380952380952 0.047142857142857146 0.06190476190476191
9 0.046785714285714285 0.5995238095238096 0.039285714285714285 0.05619047619047619
9 0.02857142857142857 0.6123809523809524 0.037142857142857144 0.05333333333333333
9 0.010714285714285714 0.7738095238095238 0.02142857142857143 0.040952380952380955
9 0.012142857142857143 0.6390476190476191 0.024285714285714285 0.047619047619047616
1 0.016428571428571428 0.6047619047619047 0.032857142857142856 0.026666666666666665
1 0.21964285714285714 0.3395238095238095 0.023571428571428573 0.023809523809523808
0 0.22642857142857142 0.30952380952380953 0.024285714285714285 0.030476190476190476
0 0.19142857142857142 0.35333333333333333 0.027142857142857142 0.026666666666666665
0 0.215 0.35714285714285715 0.02857142857142857 0.02857142857142857
9 0.22535714285714287 0.34476190476190477 0.045 0.05523809523809524
0 0.19678571428571429 0.31476190476190474 0.029285714285714286 0.025714285714285714
0 0.18392857142857144 0.32571428571428573 0.023571428571428573 0.03428571428571429
0 0.19464285714285715 0.34 0.02642857142857143 0.03238095238095238
0 0.19035714285714286 0.29428571428571426 0.025 0.03619047619047619
0 0.2082142857142857 0.2947619047619048 0.027857142857142858 0.025714285714285714
0 0.036071428571428574 0.27285714285714285 0.03357142857142857 0.035238095238095235
1 0.6896428571428571 0.27380952380952384 0.023571428571428573 0.03142857142857143
9 0.6878571428571428 0.27666666666666667 0.04 0.06761904761904762
9 0.4025 0.9523809523809523 0.047857142857142855 0.05142857142857143
9 0.3917857142857143 0.9761904761904762 0.045 0.047619047619047616
9 0.43214285714285716 0.9261904761904762 0.045714285714285714 0.06190476190476191
0 0.4517857142857143 0.8038095238095239 0.019285714285714285 0.02857142857142857
0 0.45071428571428573 0.768095238095238 0.018571428571428572 0.021904761904761906
0 0.47 0.7357142857142858 0.018571428571428572 0.02761904761904762
0 0.5489285714285714 0.5538095238095239 0.019285714285714285 0.029523809523809525
2 0.5485714285714286 0.5547619047619048 0.027142857142857142 0.04285714285714286
3 0.8846428571428572 0.12714285714285714 0.10214285714285715 0.09238095238095238
3 0.48178571428571426 0.03380952380952381 0.08357142857142857 0.06761904761904762
3 0.056428571428571425 0.32285714285714284 0.11 0.14857142857142858
