4 0.9671189979123173 0.7926716141001855 0.029227557411273482 0.09369202226345083
3 0.9642484342379958 0.687847866419295 0.03079331941544885 0.08070500927643785
3 0.9655532359081419 0.5955473098330242 0.030271398747390394 0.0686456400742115
3 0.9613778705636742 0.5315398886827458 0.026096033402922752 0.0686456400742115
0 0.6069937369519832 0.5602968460111317 0.008350730688935281 0.027829313543599257
0 0.5600208768267223 0.5658627087198516 0.0073068893528183704 0.025974025974025976
3 0.5015657620041754 0.6266233766233766 0.04801670146137787 0.05287569573283859
3 0.528705636743215 0.536178107606679 0.04697286012526095 0.059369202226345084
3 0.5495824634655532 0.475417439703154 0.020876826722338204 0.05844155844155844
0 0.5234864300626304 0.17764378478664195 0.005219206680584551 0.01948051948051948
3 0.5882045929018789 0.10018552875695733 0.029227557411273482 0.025974025974025976
3 0.5868997912317327 0.08580705009276438 0.03079331941544885 0.02504638218923933
0 0.1688413361169102 0.25556586270871984 0.004697286012526096 0.01948051948051948
3 0.19128392484342377 0.12523191094619665 0.02974947807933194 0.0352504638218924
3 0.2142484342379958 0.05705009276437848 0.02661795407098121 0.03432282003710575
3 0.19363256784968683 0.03803339517625232 0.025052192066805843 0.03153988868274583
3 0.1764091858037578 0.034786641929499075 0.025052192066805843 0.0287569573283859
3 0.1631002087682672 0.03153988868274583 0.02453027139874739 0.03153988868274583
3 0.13804801670146136 0.09601113172541745 0.02974947807933194 0.030612244897959183
