3 0.39107142857142857 0.48540609137055835 0.016428571428571428 0.03426395939086294
3 0.3575 0.49238578680203043 0.017857142857142856 0.04060913705583756
4 0.515 0.09898477157360405 0.008571428571428572 0.025380710659898477
3 0.525 0.05012690355329949 0.017142857142857144 0.016497461928934008
4 0.5867857142857142 0.013959390862944161 0.017857142857142856 0.02030456852791878
8 0.4082142857142857 0.07360406091370558 0.017857142857142856 0.06091370558375634
3 0.5782142857142857 0.3902284263959391 0.02642857142857143 0.029187817258883246
3 0.5785714285714286 0.3743654822335025 0.02857142857142857 0.025380710659898477
4 0.5789285714285715 0.35215736040609136 0.027857142857142858 0.026649746192893398
3 0.5707142857142857 0.33248730964467005 0.024285714285714285 0.02284263959390863
4 0.5725 0.3147208121827411 0.030714285714285715 0.032994923857868015
0 0.24678571428571427 0.6833756345177664 0.007857142857142858 0.021573604060913704
3 0.6557142857142857 0.440989847715736 0.03428571428571429 0.026649746192893398
