0 0.026785714285714284 0.47715736040609136 0.0035714285714285713 0.015228426395939085
0 0.02892857142857143 0.4765228426395939 0.0064285714285714285 0.016497461928934008
3 0.0625 0.5666243654822335 0.02642857142857143 0.04187817258883248
3 0.2282142857142857 0.5304568527918782 0.04071428571428572 0.02030456852791878
3 0.09357142857142857 0.7690355329949238 0.04 0.048223350253807105
3 0.14285714285714285 0.9460659898477156 0.045714285714285714 0.05456852791878172
3 0.4467857142857143 0.8756345177664974 0.03214285714285714 0.05837563451776649
4 0.49714285714285716 0.9568527918781725 0.03 0.06091370558375634
3 0.8082142857142857 0.5977157360406091 0.02214285714285714 0.03807106598984771
3 0.9578571428571429 0.383248730964467 0.017142857142857144 0.027918781725888322
9 0.9960714285714286 0.3362944162436548 0.005 0.017766497461928932
1 0.9964285714285714 0.33375634517766495 0.005714285714285714 0.012690355329949238
5 0.855 0.4815989847715736 0.032857142857142856 0.052030456852791875
5 0.8753571428571428 0.35913705583756345 0.025 0.04060913705583756
3 0.9689285714285715 0.2411167512690355 0.016428571428571428 0.02030456852791878
3 0.9307142857142857 0.24048223350253806 0.012857142857142857 0.016497461928934008
4 0.9378571428571428 0.258248730964467 0.017142857142857144 0.024111675126903553
4 0.9253571428571429 0.2842639593908629 0.015 0.02284263959390863
3 0.9089285714285714 0.27220812182741116 0.016428571428571428 0.021573604060913704
8 0.8775 0.2918781725888325 0.056428571428571425 0.06345177664974619
4 0.8407142857142857 0.3705583756345177 0.018571428571428572 0.02284263959390863
3 0.8157142857142857 0.2480964467005076 0.018571428571428572 0.019035532994923856
9 0.7742857142857142 0.258248730964467 0.007142857142857143 0.011421319796954314
1 0.775 0.2576142131979695 0.004285714285714286 0.01015228426395939
8 0.7521428571428571 0.34644670050761417 0.05142857142857143 0.07360406091370558
8 0.6310714285714286 0.4511421319796954 0.05785714285714286 0.08502538071065989
4 0.5635714285714286 0.3813451776649746 0.024285714285714285 0.026649746192893398
3 0.49464285714285716 0.4225888324873096 0.025 0.02284263959390863
3 0.4064285714285714 0.473984771573604 0.02857142857142857 0.029187817258883246
0 0.5457142857142857 0.5044416243654822 0.004285714285714286 0.013959390862944161
0 0.6942857142857143 0.3756345177664974 0.002857142857142857 0.012690355329949238
0 0.7085714285714285 0.3629441624365482 0.004285714285714286 0.012690355329949238
0 0.7164285714285714 0.35532994923857864 0.002857142857142857 0.01015228426395939
0 0.6671428571428571 0.40545685279187815 0.002857142857142857 0.011421319796954314
0 0.6582142857142858 0.41307106598984766 0.005 0.016497461928934008
0 0.67 0.4029187817258883 0.002857142857142857 0.011421319796954314
0 0.6735714285714286 0.4022842639593908 0.002857142857142857 0.015228426395939085
0 0.6775 0.4010152284263959 0.0035714285714285713 0.015228426395939085
0 0.6785714285714286 0.39847715736040606 0.004285714285714286 0.017766497461928932
0 0.6832142857142857 0.3946700507614213 0.005 0.015228426395939085
0 0.6846428571428571 0.38832487309644664 0.005 0.012690355329949238
0 0.6882142857142857 0.38515228426395937 0.0035714285714285713 0.013959390862944161
