5 0.030357142857142857 0.7766497461928933 0.060714285714285714 0.048223350253807105
3 0.14214285714285715 0.7848984771573604 0.03142857142857143 0.031725888324873094
9 0.175 0.8064720812182741 0.012857142857142857 0.013959390862944161
0 0.21464285714285714 0.897208121827411 0.0064285714285714285 0.012690355329949238
0 0.21285714285714286 0.8864213197969543 0.007142857142857143 0.011421319796954314
0 0.07571428571428572 0.7982233502538071 0.01 0.01015228426395939
0 0.06678571428571428 0.8007614213197969 0.010714285714285714 0.0076142131979695426
0 0.265 0.8870558375634517 0.007142857142857143 0.012690355329949238
0 0.37607142857142856 0.9098984771573604 0.005 0.012690355329949238
0 0.3610714285714286 0.9225888324873096 0.005 0.012690355329949238
0 0.4525 0.9346446700507614 0.0035714285714285713 0.013959390862944161
0 0.5239285714285714 0.9270304568527918 0.005 0.013959390862944161
0 0.49785714285714283 0.9130710659898477 0.007142857142857143 0.011421319796954314
0 0.47 0.9111675126903552 0.007142857142857143 0.012690355329949238
0 0.4567857142857143 0.9238578680203045 0.0064285714285714285 0.01015228426395939
0 0.4807142857142857 0.9295685279187816 0.005714285714285714 0.008883248730964466
0 0.6675 0.9384517766497461 0.009285714285714286 0.008883248730964466
3 0.6128571428571429 0.6586294416243654 0.03571428571428571 0.03045685279187817
3 0.6307142857142857 0.6135786802030456 0.037142857142857144 0.031725888324873094
3 0.7060714285714286 0.625 0.03785714285714286 0.029187817258883246
3 0.7842857142857143 0.6738578680203046 0.041428571428571426 0.03045685279187817
4 0.7192857142857143 0.6713197969543147 0.03857142857142857 0.027918781725888322
4 0.7610714285714286 0.6275380710659898 0.03357142857142857 0.026649746192893398
3 0.7853571428571429 0.7918781725888324 0.04214285714285714 0.04060913705583756
2 0.675 0.8838832487309644 0.014285714285714285 0.008883248730964466
1 0.6753571428571429 0.8838832487309644 0.0064285714285714285 0.008883248730964466
0 0.7960714285714285 0.9619289340101522 0.007857142857142858 0.01015228426395939
0 0.7860714285714285 0.965736040609137 0.007857142857142858 0.01015228426395939
0 0.795 0.9733502538071065 0.007142857142857143 0.01015228426395939
3 0.9242857142857143 0.9600253807106598 0.02142857142857143 0.07233502538071065
3 0.9492857142857143 0.9473350253807106 0.02 0.0748730964467005
8 0.9825 0.9111675126903552 0.029285714285714286 0.10406091370558375
0 0.8357142857142857 0.9581218274111675 0.004285714285714286 0.012690355329949238
