3 0.4857142857142857 0.20142857142857143 0.005714285714285714 0.006666666666666666
3 0.4807142857142857 0.2057142857142857 0.007142857142857143 0.007619047619047619
3 0.44107142857142856 0.21571428571428572 0.007857142857142858 0.010476190476190476
3 0.45321428571428574 0.2423809523809524 0.007857142857142858 0.010476190476190476
3 0.44285714285714284 0.2423809523809524 0.007142857142857143 0.010476190476190476
3 0.4732142857142857 0.2557142857142857 0.010714285714285714 0.01619047619047619
3 0.4925 0.23857142857142857 0.007857142857142858 0.010476190476190476
3 0.4957142857142857 0.2861904761904762 0.012857142857142857 0.012380952380952381
3 0.5107142857142857 0.2842857142857143 0.012857142857142857 0.010476190476190476
3 0.5228571428571429 0.2780952380952381 0.008571428571428572 0.011428571428571429
3 0.51 0.2752380952380952 0.008571428571428572 0.011428571428571429
3 0.49214285714285716 0.2785714285714286 0.015714285714285715 0.012380952380952381
3 0.44642857142857145 0.4261904761904762 0.017142857142857144 0.02761904761904762
3 0.4442857142857143 0.4576190476190476 0.018571428571428572 0.03142857142857143
3 0.44357142857142856 0.49476190476190474 0.017142857142857144 0.03333333333333333
3 0.4714285714285714 0.5095238095238095 0.02142857142857143 0.0380952380952381
3 0.5010714285714286 0.4919047619047619 0.02214285714285714 0.039047619047619046
3 0.5075 0.5428571428571428 0.023571428571428573 0.047619047619047616
3 0.4735714285714286 0.559047619047619 0.025714285714285714 0.049523809523809526
3 0.43964285714285717 0.5414285714285715 0.020714285714285713 0.04476190476190476
3 0.4317857142857143 0.5857142857142857 0.023571428571428573 0.049523809523809526
3 0.4757142857142857 0.62 0.025714285714285714 0.05714285714285714
3 0.515 0.5938095238095238 0.027142857142857142 0.05047619047619047
3 0.5210714285714285 0.6761904761904762 0.029285714285714286 0.07047619047619047
3 0.475 0.6847619047619048 0.03142857142857143 0.07238095238095238
3 0.4303571428571429 0.670952380952381 0.029285714285714286 0.06380952380952382
1 0.265 0.88 0.02 0.04
1 0.3657142857142857 0.5685714285714286 0.007142857142857143 0.011428571428571429
1 0.35214285714285715 0.5895238095238096 0.007142857142857143 0.015238095238095238
9 0.36607142857142855 0.5795238095238096 0.0064285714285714285 0.018095238095238095
9 0.3517857142857143 0.6028571428571429 0.007857142857142858 0.01904761904761905
9 0.26107142857142857 0.8928571428571429 0.013571428571428571 0.029523809523809525
0 0.2953571428571429 0.5914285714285714 0.010714285714285714 0.026666666666666665
1 0.3339285714285714 0.6180952380952381 0.007857142857142858 0.013333333333333332
1 0.3442857142857143 0.62 0.007142857142857143 0.017142857142857144
1 0.35535714285714287 0.6214285714285714 0.007857142857142858 0.014285714285714285
9 0.35642857142857143 0.6352380952380953 0.01 0.022857142857142857
9 0.33321428571428574 0.6309523809523809 0.007857142857142858 0.01619047619047619
9 0.3435714285714286 0.6319047619047619 0.008571428571428572 0.012380952380952381
1 0.29214285714285715 0.7814285714285715 0.012857142857142857 0.02
1 0.34 0.8095238095238095 0.01 0.01904761904761905
1 0.31535714285714284 0.8161904761904762 0.012142857142857143 0.01904761904761905
1 0.2357142857142857 0.8642857142857143 0.012857142857142857 0.035238095238095235
9 0.315 0.8361904761904762 0.014285714285714285 0.03238095238095238
9 0.34035714285714286 0.8271428571428572 0.013571428571428571 0.021904761904761906
9 0.29285714285714287 0.7980952380952381 0.008571428571428572 0.024761904761904763
9 0.2357142857142857 0.8709523809523809 0.027142857142857142 0.035238095238095235
0 0.16214285714285714 0.8847619047619047 0.022857142857142857 0.04
1 0.3539285714285714 0.8219047619047619 0.009285714285714286 0.01904761904761905
9 0.21714285714285714 0.7647619047619048 0.025714285714285714 0.05142857142857143
3 0.42928571428571427 0.30428571428571427 0.024285714285714285 0.018095238095238095
0 0.9042857142857142 0.7485714285714286 0.008571428571428572 0.02857142857142857
0 0.9160714285714285 0.7523809523809524 0.012142857142857143 0.03619047619047619
1 0.985 0.8371428571428572 0.02 0.02857142857142857
9 0.9796428571428571 0.8447619047619047 0.025 0.01904761904761905
0 0.39 0.2276190476190476 0.002857142857142857 0.009523809523809525
0 0.39785714285714285 0.21619047619047618 0.002857142857142857 0.007619047619047619
