4 0.008089770354906054 0.22912801484230055 0.016179540709812108 0.03153988868274583
3 0.010960334029227557 0.2912801484230056 0.021920668058455113 0.03153988868274583
3 0.08011482254697286 0.4030612244897959 0.03914405010438413 0.05473098330241188
3 0.09342379958246345 0.43738404452690166 0.052192066805845504 0.04730983302411874
3 0.23303757828810018 0.4044526901669759 0.025574112734864297 0.061224489795918366
4 0.26905010438413357 0.35667903525046385 0.02139874739039666 0.05473098330241188
4 0.3045407098121085 0.36317254174397035 0.025574112734864297 0.049165120593692026
3 0.42327766179540705 0.31215213358070504 0.021920668058455113 0.049165120593692026
3 0.4282359081419624 0.3965677179962894 0.04227557411273486 0.043599257884972174
5 0.44754697286012524 0.461038961038961 0.05793319415448851 0.08348794063079777
4 0.5438413361169102 0.5542671614100185 0.04279749478079332 0.07142857142857142
5 0.5785490605427974 0.4805194805194805 0.050626304801670144 0.08534322820037106
3 0.6542275574112735 0.5630797773654916 0.03914405010438413 0.0686456400742115
8 0.5015657620041754 0.7448979591836735 0.025052192066805843 0.0927643784786642
3 0.5900313152400835 0.7588126159554731 0.02766179540709812 0.08534322820037106
9 0.3042797494780793 0.274582560296846 0.014613778705636741 0.01855287569573284
3 0.29070981210855945 0.2101113172541744 0.037578288100208766 0.03246753246753247
4 0.2750521920668058 0.15538033395176254 0.029227557411273482 0.0287569573283859
