3 0.17325000000000002 0.4593333333333333 0.0335 0.03333333333333333
3 0.15575 0.45 0.035500000000000004 0.032
3 0.1385 0.43566666666666665 0.046 0.033999999999999996
0 0.124 0.4553333333333333 0.009000000000000001 0.022666666666666665
0 0.11225 0.45699999999999996 0.0085 0.024666666666666667
0 0.1045 0.45699999999999996 0.009000000000000001 0.022
0 0.09875 0.46066666666666667 0.0095 0.025333333333333333
0 0.15625 0.509 0.0095 0.026
0 0.159 0.6186666666666667 0.008 0.025333333333333333
3 0.16775 0.6223333333333333 0.0125 0.015333333333333332
0 0.24675 0.6156666666666667 0.0095 0.02733333333333333
0 0.2305 0.5833333333333333 0.01 0.024
3 0.04425 0.3793333333333333 0.0305 0.026666666666666665
3 0.09275 0.34299999999999997 0.0265 0.024666666666666667
3 0.3005 0.5166666666666666 0.043000000000000003 0.03333333333333333
3 0.26475 0.48433333333333334 0.0415 0.03133333333333333
3 0.227 0.45566666666666666 0.038 0.033999999999999996
3 0.19725 0.432 0.0375 0.028
3 0.16875 0.412 0.0335 0.030666666666666665
3 0.0695 0.46599999999999997 0.02 0.010666666666666666
3 0.0775 0.4756666666666666 0.019 0.012666666666666666
3 0.34650000000000003 0.6183333333333333 0.052000000000000005 0.066
1 0.47600000000000003 0.7373333333333333 0.01 0.021333333333333333
2 0.47600000000000003 0.757 0.013000000000000001 0.016666666666666666
3 0.51675 0.5489999999999999 0.0485 0.03933333333333333
1 0.45 0.5353333333333333 0.006 0.014666666666666666
2 0.45225 0.5456666666666666 0.0175 0.014
0 0.42925 0.6266666666666666 0.0095 0.029333333333333333
0 0.50775 0.709 0.0105 0.03266666666666666
1 0.5495 0.7023333333333334 0.009000000000000001 0.019333333333333334
2 0.54875 0.719 0.0135 0.018
1 0.55125 0.7666666666666666 0.0105 0.02
2 0.5525 0.7853333333333333 0.018000000000000002 0.029333333333333333
1 0.6062500000000001 0.829 0.0105 0.035333333333333335
2 0.60675 0.8406666666666667 0.0195 0.032
0 0.41275 0.9213333333333333 0.0145 0.03733333333333333
1 0.44775000000000004 0.8463333333333333 0.0135 0.03
2 0.4485 0.8596666666666667 0.016 0.026
1 0.922 0.859 0.014 0.03266666666666666
1 0.92925 0.8423333333333333 0.0115 0.028666666666666667
2 0.9185 0.8696666666666666 0.034 0.028666666666666667
2 0.9215 0.851 0.03 0.03
3 0.3975 0.7903333333333333 0.068 0.09
1 0.4015 0.48933333333333334 0.01 0.017333333333333333
2 0.40075 0.49966666666666665 0.0165 0.016666666666666666
5 0.37025 0.417 0.0445 0.04466666666666667
2 0.47400000000000003 0.472 0.011 0.016
2 0.48025 0.4736666666666666 0.0135 0.015333333333333332
2 0.48575 0.486 0.0155 0.014666666666666666
2 0.498 0.48666666666666664 0.012 0.02
2 0.50475 0.49066666666666664 0.0095 0.022666666666666665
2 0.5155 0.49566666666666664 0.013000000000000001 0.016666666666666666
2 0.5315 0.508 0.012 0.017333333333333333
2 0.5327500000000001 0.49366666666666664 0.0095 0.018
2 0.5395 0.496 0.01 0.028
2 0.549 0.4953333333333333 0.014 0.014666666666666666
2 0.553 0.488 0.016 0.02
2 0.559 0.48233333333333334 0.016 0.018
2 0.5645 0.478 0.012 0.017333333333333333
2 0.5720000000000001 0.47633333333333333 0.011 0.020666666666666667
2 0.5775 0.471 0.014 0.015333333333333332
2 0.58275 0.4673333333333333 0.0135 0.013333333333333332
2 0.58825 0.46499999999999997 0.0095 0.012666666666666666
2 0.5975 0.46299999999999997 0.01 0.014
0 0.5952500000000001 0.49 0.0085 0.026666666666666665
3 0.64575 0.5333333333333333 0.0445 0.04133333333333333
3 0.68575 0.505 0.0405 0.038
3 0.72075 0.4736666666666666 0.0365 0.03666666666666667
1 0.67475 0.572 0.0095 0.022666666666666665
2 0.67425 0.5816666666666667 0.0225 0.012666666666666666
0 0.7195 0.6799999999999999 0.011 0.034666666666666665
0 0.72675 0.6756666666666666 0.0105 0.035333333333333335
3 0.2125 0.4923333333333333 0.034 0.03266666666666666
3 0.226 0.5076666666666666 0.038 0.04466666666666667
3 0.25625 0.531 0.0385 0.043333333333333335
3 0.26875 0.5609999999999999 0.0455 0.049999999999999996
3 0.2885 0.5756666666666667 0.046 0.051333333333333335
2 0.6575 0.42166666666666663 0.013000000000000001 0.015333333333333332
2 0.6255000000000001 0.4453333333333333 0.012 0.014666666666666666
2 0.618 0.448 0.012 0.014666666666666666
2 0.09475 0.2743333333333333 0.0075 0.008666666666666666
2 0.09775 0.2763333333333333 0.0075 0.011333333333333332
2 0.10200000000000001 0.28099999999999997 0.004 0.01
2 0.10675 0.2806666666666667 0.0085 0.012
2 0.11125 0.2846666666666667 0.006500000000000001 0.008
2 0.11625 0.287 0.0085 0.014
2 0.092 0.2703333333333333 0.009000000000000001 0.01
2 0.09625 0.4993333333333333 0.0175 0.016
2 0.10200000000000001 0.5003333333333333 0.012 0.014
2 0.09225 0.5203333333333333 0.021500000000000002 0.019333333333333334
2 0.10675 0.513 0.0185 0.015333333333333332
2 0.09825 0.5303333333333333 0.0165 0.018
2 0.10125 0.5346666666666666 0.0175 0.017333333333333333
2 0.11375 0.5196666666666666 0.0155 0.015333333333333332
2 0.11850000000000001 0.526 0.016 0.018666666666666665
2 0.12325 0.5293333333333333 0.0175 0.018666666666666665
2 0.1285 0.5386666666666666 0.021 0.02
2 0.13875 0.5539999999999999 0.0225 0.016
2 0.14875 0.5613333333333334 0.0175 0.021333333333333333
2 0.15475 0.5683333333333334 0.0175 0.019333333333333334
2 0.15125 0.595 0.0205 0.018
2 0.1565 0.6006666666666667 0.02 0.02
2 0.16525 0.5783333333333334 0.0195 0.015333333333333332
2 0.16975 0.583 0.0155 0.016666666666666666
2 0.17475000000000002 0.588 0.0165 0.017333333333333333
2 0.17675 0.592 0.0165 0.02
2 0.1805 0.594 0.017 0.017333333333333333
2 0.1835 0.599 0.018000000000000002 0.018
2 0.187 0.601 0.02 0.022
3 0.97375 0.8696666666666666 0.0525 0.07533333333333334
1 0.39675 0.7046666666666667 0.0135 0.028
9 0.3975 0.7153333333333333 0.013000000000000001 0.04133333333333333
