3 0.16178571428571428 0.2509523809523809 0.03214285714285714 0.040952380952380955
3 0.145 0.21476190476190476 0.03428571428571429 0.04285714285714286
9 0.23357142857142857 0.3466666666666667 0.02142857142857143 0.02857142857142857
0 0.28464285714285714 0.4238095238095238 0.013571428571428571 0.02095238095238095
0 0.37357142857142855 0.41619047619047617 0.01 0.022857142857142857
9 0.35964285714285715 0.29904761904761906 0.016428571428571428 0.026666666666666665
3 0.32535714285714284 0.3385714285714286 0.04214285714285714 0.05238095238095238
3 0.3 0.3580952380952381 0.04285714285714286 0.05142857142857143
9 0.15178571428571427 0.43857142857142856 0.02214285714285714 0.021904761904761906
9 0.03357142857142857 0.5857142857142857 0.02 0.02095238095238095
9 0.027142857142857142 0.6042857142857143 0.022857142857142857 0.02761904761904762
0 0.1367857142857143 0.5466666666666666 0.012142857142857143 0.015238095238095238
4 0.15535714285714286 0.46476190476190476 0.07214285714285715 0.05714285714285714
3 0.1657142857142857 0.4961904761904762 0.06714285714285714 0.05904761904761905
3 0.21714285714285714 0.5047619047619047 0.06428571428571428 0.06285714285714286
3 0.1982142857142857 0.5566666666666666 0.07071428571428572 0.07333333333333333
3 0.20785714285714285 0.5880952380952381 0.06857142857142857 0.07333333333333333
3 0.2275 0.6180952380952381 0.06642857142857143 0.08
3 0.3425 0.5238095238095238 0.056428571428571425 0.06095238095238095
3 0.36178571428571427 0.5523809523809524 0.062142857142857146 0.06476190476190476
3 0.24214285714285713 0.6647619047619048 0.07285714285714286 0.08190476190476191
4 0.25892857142857145 0.7023809523809523 0.07785714285714286 0.08285714285714285
9 0.019285714285714285 0.6952380952380952 0.032857142857142856 0.03428571428571429
9 0.14714285714285713 0.7133333333333334 0.03 0.03238095238095238
1 0.015 0.6971428571428572 0.017142857142857144 0.01904761904761905
1 0.009642857142857142 0.6980952380952381 0.009285714285714286 0.011428571428571429
3 0.11392857142857143 0.8038095238095239 0.04928571428571429 0.09904761904761905
4 0.29714285714285715 0.79 0.07142857142857142 0.08285714285714285
4 0.2625 0.9142857142857143 0.05928571428571429 0.10476190476190476
9 0.42464285714285716 0.24142857142857144 0.015 0.025714285714285714
3 0.4017857142857143 0.2742857142857143 0.04357142857142857 0.047619047619047616
4 0.3817857142857143 0.29428571428571426 0.04214285714285714 0.05523809523809524
3 0.44285714285714284 0.27285714285714285 0.04285714285714286 0.04476190476190476
0 0.5485714285714286 0.19095238095238096 0.005714285714285714 0.02
3 0.4717857142857143 0.4228571428571429 0.05071428571428571 0.05333333333333333
3 0.49642857142857144 0.40285714285714286 0.047142857142857146 0.05333333333333333
0 0.6678571428571428 0.08047619047619048 0.005714285714285714 0.02
3 0.9132142857142858 0.11952380952380952 0.04214285714285714 0.02761904761904762
3 0.8342857142857143 0.009523809523809525 0.03571428571428571 0.01904761904761905
3 0.8135714285714286 0.17285714285714285 0.041428571428571426 0.040952380952380955
3 0.75 0.24428571428571427 0.037142857142857144 0.04857142857142857
3 0.6932142857142857 0.09523809523809523 0.03214285714285714 0.02857142857142857
3 0.7121428571428572 0.19857142857142857 0.04857142857142857 0.040952380952380955
3 0.6985714285714286 0.21285714285714286 0.045714285714285714 0.035238095238095235
3 0.6832142857142857 0.22714285714285715 0.04642857142857143 0.040952380952380955
3 0.7278571428571429 0.26 0.04857142857142857 0.0419047619047619
9 0.7610714285714286 0.22428571428571428 0.017857142857142856 0.029523809523809525
9 0.7546428571428572 0.1957142857142857 0.010714285714285714 0.025714285714285714
9 0.815 0.27095238095238094 0.011428571428571429 0.02761904761904762
3 0.7092857142857143 0.2752380952380952 0.05285714285714286 0.049523809523809526
3 0.6692857142857143 0.24095238095238095 0.045714285714285714 0.0380952380952381
3 0.6503571428571429 0.25666666666666665 0.04357142857142857 0.040952380952380955
3 0.6814285714285714 0.30904761904761907 0.04857142857142857 0.05047619047619047
3 0.6971428571428572 0.29285714285714287 0.045714285714285714 0.04666666666666667
3 0.6596428571428572 0.3242857142857143 0.05071428571428571 0.05238095238095238
3 0.6421428571428571 0.3433333333333333 0.04857142857142857 0.05238095238095238
3 0.6339285714285714 0.27285714285714285 0.045 0.039047619047619046
3 0.5978571428571429 0.3061904761904762 0.04428571428571428 0.04476190476190476
3 0.6167857142857143 0.28809523809523807 0.04928571428571429 0.04666666666666667
3 0.6235714285714286 0.36095238095238097 0.04857142857142857 0.05142857142857143
3 0.5803571428571429 0.32476190476190475 0.04071428571428572 0.04380952380952381
3 0.5585714285714286 0.3419047619047619 0.05142857142857143 0.05142857142857143
3 0.5382142857142858 0.36047619047619045 0.04928571428571429 0.05047619047619047
3 0.5139285714285714 0.38047619047619047 0.045 0.04857142857142857
3 0.6067857142857143 0.3819047619047619 0.05071428571428571 0.05904761904761905
3 0.5832142857142857 0.39904761904761904 0.052142857142857144 0.05904761904761905
3 0.5660714285714286 0.4261904761904762 0.05071428571428571 0.05619047619047619
3 0.5203571428571429 0.4657142857142857 0.052142857142857144 0.06476190476190476
3 0.495 0.4938095238095238 0.055714285714285716 0.06571428571428571
3 0.54 0.4452380952380952 0.05285714285714286 0.06
3 0.7742857142857142 0.38142857142857145 0.054285714285714284 0.05238095238095238
3 0.7589285714285714 0.40523809523809523 0.060714285714285714 0.05047619047619047
3 0.7389285714285714 0.42857142857142855 0.05928571428571429 0.05714285714285714
4 0.7164285714285714 0.4504761904761905 0.06142857142857143 0.06095238095238095
4 0.7725 0.4747619047619048 0.047857142857142855 0.06571428571428571
3 0.8042857142857143 0.5133333333333333 0.04285714285714286 0.07428571428571429
3 0.59 0.5771428571428572 0.05714285714285714 0.07809523809523809
3 0.6157142857142857 0.6123809523809524 0.06142857142857143 0.0761904761904762
3 0.6657142857142857 0.5471428571428572 0.05285714285714286 0.06571428571428571
3 0.6317857142857143 0.5214285714285715 0.05071428571428571 0.06190476190476191
3 0.38142857142857145 0.5814285714285714 0.06428571428571428 0.06952380952380953
4 0.4007142857142857 0.6138095238095238 0.055714285714285716 0.06761904761904762
3 0.4278571428571429 0.6447619047619048 0.06 0.07428571428571429
9 0.5067857142857143 0.8942857142857142 0.023571428571428573 0.0380952380952381
3 0.5035714285714286 0.7714285714285715 0.06428571428571428 0.08761904761904762
3 0.53 0.8147619047619048 0.06714285714285714 0.10380952380952381
4 0.7571428571428571 0.9357142857142857 0.06428571428571428 0.11523809523809524
9 0.9353571428571429 0.6123809523809524 0.029285714285714286 0.047619047619047616
1 0.9360714285714286 0.6176190476190476 0.013571428571428571 0.018095238095238095
9 0.7503571428571428 0.08142857142857143 0.017857142857142856 0.014285714285714285
9 0.7464285714285714 0.06380952380952382 0.014285714285714285 0.011428571428571429
9 0.6707142857142857 0.006666666666666666 0.015714285714285715 0.013333333333333332
9 0.6885714285714286 0.010952380952380953 0.014285714285714285 0.012380952380952381
9 0.69 0.006190476190476191 0.015714285714285715 0.008571428571428572
9 0.6721428571428572 0.011428571428571429 0.014285714285714285 0.013333333333333332
9 0.7089285714285715 0.014761904761904763 0.015 0.014285714285714285
9 0.7085714285714285 0.007142857142857143 0.017142857142857144 0.014285714285714285
9 0.7432142857142857 0.024761904761904763 0.015 0.009523809523809525
9 0.7442857142857143 0.01619047619047619 0.017142857142857144 0.011428571428571429
9 0.7428571428571429 0.04619047619047619 0.012857142857142857 0.014285714285714285
9 0.7453571428571428 0.056666666666666664 0.017857142857142856 0.014285714285714285
9 0.7432142857142857 0.03428571428571429 0.015 0.015238095238095238
7 0.7603571428571428 0.05095238095238095 0.009285714285714286 0.03333333333333333
1 0.7607142857142857 0.055714285714285716 0.004285714285714286 0.008571428571428572
1 0.7517857142857143 0.07761904761904762 0.0064285714285714285 0.014285714285714285
