3 0.6260714285714286 0.8461904761904762 0.21214285714285713 0.21619047619047618
3 0.4417857142857143 0.680952380952381 0.20214285714285715 0.16
3 0.4875 0.44095238095238093 0.15214285714285714 0.08571428571428572
9 0.4735714285714286 0.3914285714285714 0.04857142857142857 0.030476190476190476
0 0.36464285714285716 0.4471428571428571 0.027857142857142858 0.06761904761904762
0 0.3628571428571429 0.7885714285714286 0.03142857142857143 0.0419047619047619
0 0.7003571428571429 0.36333333333333334 0.015 0.06952380952380953
0 0.6010714285714286 0.3914285714285714 0.02214285714285714 0.06285714285714286
0 0.535 0.07047619047619047 0.014285714285714285 0.06095238095238095
0 0.7207142857142858 0.3376190476190476 0.03 0.05047619047619047
0 0.6421428571428571 0.3171428571428571 0.018571428571428572 0.05142857142857143
0 0.6310714285714286 0.30095238095238097 0.017857142857142856 0.06857142857142857
0 0.38607142857142857 0.06285714285714286 0.019285714285714285 0.049523809523809526
4 0.48892857142857143 0.32666666666666666 0.13357142857142856 0.08190476190476191
3 0.4807142857142857 0.26 0.12142857142857143 0.06285714285714286
3 0.4764285714285714 0.22095238095238096 0.12428571428571429 0.06285714285714286
3 0.48714285714285716 0.5633333333333334 0.17142857142857143 0.12285714285714286
3 0.48714285714285716 0.16904761904761906 0.09428571428571429 0.05047619047619047
3 0.4757142857142857 0.12904761904761905 0.11142857142857143 0.07523809523809524
3 0.47035714285714286 0.08857142857142856 0.085 0.05142857142857143
3 0.4710714285714286 0.05 0.11214285714285714 0.04857142857142857
3 0.4657142857142857 0.02095238095238095 0.08857142857142856 0.0419047619047619
9 0.5985714285714285 0.028095238095238097 0.04 0.035238095238095235
9 0.6539285714285714 0.3028571428571429 0.04214285714285714 0.049523809523809526
9 0.6689285714285714 0.2804761904761905 0.04071428571428572 0.05238095238095238
9 0.6746428571428571 0.2542857142857143 0.025 0.05333333333333333
9 0.6178571428571429 0.05476190476190476 0.012857142857142857 0.04285714285714286
3 0.8314285714285714 0.9080952380952381 0.1457142857142857 0.1838095238095238
