3 0.22642857142857142 0.8685714285714285 0.10714285714285714 0.13714285714285715
0 0.9114285714285715 0.7166666666666667 0.014285714285714285 0.04476190476190476
0 0.9282142857142857 0.7133333333333334 0.012142857142857143 0.049523809523809526
3 0.885 0.8557142857142858 0.1742857142857143 0.09047619047619047
3 0.8253571428571429 0.7904761904761904 0.14357142857142857 0.07047619047619047
3 0.7957142857142857 0.7528571428571429 0.11571428571428571 0.05619047619047619
3 0.7535714285714286 0.7219047619047619 0.09 0.047619047619047616
3 0.7378571428571429 0.699047619047619 0.08714285714285715 0.049523809523809526
0 0.6925 0.5857142857142857 0.0064285714285714285 0.026666666666666665
0 0.7960714285714285 0.5742857142857143 0.0064285714285714285 0.02095238095238095
0 0.81 0.5657142857142857 0.008571428571428572 0.015238095238095238
5 0.9532142857142857 0.6995238095238095 0.09357142857142857 0.06761904761904762
3 0.8810714285714286 0.6614285714285715 0.07214285714285715 0.04476190476190476
3 0.8764285714285714 0.6338095238095238 0.06571428571428571 0.03142857142857143
4 0.8546428571428571 0.6214285714285714 0.065 0.02761904761904762
0 0.8596428571428572 0.6071428571428571 0.007857142857142858 0.021904761904761906
3 0.8107142857142857 0.6185714285714285 0.04857142857142857 0.029523809523809525
3 0.8075 0.6076190476190476 0.047857142857142855 0.022857142857142857
3 0.7721428571428571 0.6028571428571429 0.04857142857142857 0.022857142857142857
3 0.7753571428571429 0.5847619047619048 0.04214285714285714 0.01904761904761905
3 0.7814285714285715 0.57 0.018571428571428572 0.018095238095238095
3 0.7732142857142857 0.5571428571428572 0.03357142857142857 0.013333333333333332
3 0.6907142857142857 0.6866666666666666 0.07571428571428572 0.04
3 0.7278571428571429 0.6404761904761904 0.047142857142857146 0.037142857142857144
3 0.7478571428571429 0.5895238095238096 0.04857142857142857 0.024761904761904763
3 0.7271428571428571 0.5871428571428572 0.03428571428571429 0.02
3 0.71 0.5728571428571428 0.017142857142857144 0.014285714285714285
3 0.7389285714285714 0.5604761904761905 0.03357142857142857 0.014285714285714285
3 0.6325 0.7166666666666667 0.05357142857142857 0.06
3 0.67 0.6671428571428571 0.07571428571428572 0.040952380952380955
5 0.6735714285714286 0.6333333333333333 0.09142857142857143 0.05904761904761905
5 0.64 0.6276190476190476 0.05142857142857143 0.026666666666666665
3 0.6342857142857142 0.6161904761904762 0.05 0.024761904761904763
3 0.6210714285714286 0.6095238095238096 0.047857142857142855 0.026666666666666665
3 0.6196428571428572 0.6009523809523809 0.03785714285714286 0.02095238095238095
3 0.6132142857142857 0.5966666666666667 0.03214285714285714 0.018095238095238095
3 0.62 0.5876190476190476 0.037142857142857144 0.01904761904761905
3 0.6103571428571428 0.5866666666666667 0.030714285714285715 0.01904761904761905
3 0.5989285714285715 0.5814285714285714 0.03357142857142857 0.018095238095238095
3 0.6228571428571429 0.5747619047619048 0.02142857142857143 0.018095238095238095
3 0.6303571428571428 0.5680952380952381 0.035 0.014285714285714285
0 0.6460714285714285 0.5571428571428572 0.0035714285714285713 0.013333333333333332
0 0.6242857142857143 0.5547619047619048 0.004285714285714286 0.012380952380952381
3 0.595 0.6461904761904762 0.03428571428571429 0.039047619047619046
0 0.5464285714285714 0.6133333333333333 0.005714285714285714 0.024761904761904763
3 0.5617857142857143 0.6166666666666667 0.027857142857142858 0.02761904761904762
3 0.5021428571428571 0.5923809523809523 0.02 0.022857142857142857
3 0.5435714285714286 0.5652380952380952 0.03142857142857143 0.014285714285714285
3 0.4210714285714286 0.5833333333333334 0.017857142857142856 0.02
3 0.48035714285714287 0.5766666666666667 0.015 0.02
3 0.4685714285714286 0.5442857142857143 0.01 0.012380952380952381
1 0.42428571428571427 0.5342857142857143 0.002857142857142857 0.005714285714285714
9 0.42464285714285716 0.5376190476190477 0.0035714285714285713 0.008571428571428572
3 0.49178571428571427 0.5447619047619048 0.012142857142857143 0.015238095238095238
0 0.5196428571428572 0.5447619047619048 0.0035714285714285713 0.011428571428571429
0 0.5585714285714286 0.5433333333333333 0.002857142857142857 0.012380952380952381
0 0.515 0.5357142857142857 0.002857142857142857 0.010476190476190476
5 0.5107142857142857 0.5428571428571428 0.01 0.015238095238095238
3 0.5014285714285714 0.5352380952380953 0.01 0.011428571428571429
0 0.49892857142857144 0.5219047619047619 0.002142857142857143 0.009523809523809525
0 0.4982142857142857 0.5190476190476191 0.002142857142857143 0.007619047619047619
3 0.4853571428571429 0.53 0.007857142857142858 0.008571428571428572
3 0.47464285714285714 0.5338095238095238 0.009285714285714286 0.010476190476190476
3 0.4707142857142857 0.5280952380952381 0.007142857142857143 0.008571428571428572
3 0.4707142857142857 0.5228571428571429 0.007142857142857143 0.007619047619047619
3 0.47785714285714287 0.5166666666666667 0.005714285714285714 0.006666666666666666
5 0.45035714285714284 0.5285714285714286 0.009285714285714286 0.017142857142857144
3 0.4421428571428571 0.5171428571428571 0.005714285714285714 0.007619047619047619
3 0.4492857142857143 0.5152380952380953 0.005714285714285714 0.005714285714285714
3 0.4567857142857143 0.5161904761904762 0.0064285714285714285 0.007619047619047619
3 0.44535714285714284 0.5061904761904762 0.005 0.004761904761904762
3 0.44107142857142856 0.5066666666666667 0.0035714285714285713 0.0038095238095238095
3 0.4710714285714286 0.5114285714285715 0.005 0.005714285714285714
3 0.455 0.5047619047619047 0.004285714285714286 0.0038095238095238095
3 0.4589285714285714 0.5028571428571429 0.0035714285714285713 0.0038095238095238095
4 0.46714285714285714 0.5038095238095238 0.004285714285714286 0.0038095238095238095
4 0.46464285714285714 0.5 0.002142857142857143 0.0038095238095238095
3 0.46964285714285714 0.5 0.002142857142857143 0.0038095238095238095
3 0.5307142857142857 0.5161904761904762 0.011428571428571429 0.007619047619047619
3 0.5317857142857143 0.5109523809523809 0.009285714285714286 0.004761904761904762
3 0.5221428571428571 0.5057142857142857 0.008571428571428572 0.005714285714285714
3 0.5057142857142857 0.5038095238095238 0.007142857142857143 0.005714285714285714
5 0.505 0.5119047619047619 0.017142857142857144 0.010476190476190476
5 0.5035714285714286 0.5128571428571429 0.01 0.006666666666666666
3 0.48714285714285716 0.5071428571428571 0.007142857142857143 0.004761904761904762
3 0.48142857142857143 0.5061904761904762 0.004285714285714286 0.004761904761904762
3 0.47964285714285715 0.5042857142857143 0.0035714285714285713 0.002857142857142857
