3 0.44075000000000003 0.383 0.0205 0.018
3 0.4 0.39 0.023 0.024
3 0.37425 0.40166666666666667 0.0185 0.022
3 0.36675 0.434 0.035500000000000004 0.03866666666666667
3 0.34700000000000003 0.494 0.05 0.06533333333333333
3 0.3195 0.6023333333333333 0.084 0.12066666666666666
3 0.40375 0.4066666666666667 0.0195 0.029333333333333333
3 0.41075 0.438 0.0335 0.04133333333333333
3 0.3905 0.46699999999999997 0.049 0.049999999999999996
3 0.45275 0.4433333333333333 0.0285 0.03333333333333333
3 0.4655 0.45466666666666666 0.024 0.04133333333333333
3 0.49475 0.42966666666666664 0.0375 0.041999999999999996
3 0.455 0.5046666666666666 0.047 0.06666666666666667
3 0.52625 0.4713333333333333 0.0565 0.04133333333333333
4 0.53825 0.5253333333333333 0.0785 0.092
3 0.709 0.5303333333333333 0.10300000000000001 0.08733333333333333
4 0.835 0.595 0.20700000000000002 0.18333333333333332
3 0.9380000000000001 0.5579999999999999 0.124 0.10133333333333333
0 0.6012500000000001 0.5066666666666666 0.0105 0.06266666666666666
