3 0.4060714285714286 0.7333333333333333 0.13357142857142856 0.07238095238095238
4 0.40035714285714286 0.5904761904761905 0.095 0.06095238095238095
3 0.4089285714285714 0.5323809523809524 0.09928571428571428 0.05523809523809524
3 0.4064285714285714 0.4838095238095238 0.09285714285714286 0.049523809523809526
3 0.5403571428571429 0.3585714285714286 0.04642857142857143 0.058095238095238096
3 0.5185714285714286 0.23285714285714285 0.05714285714285714 0.037142857142857144
3 0.5125 0.18476190476190477 0.05785714285714286 0.0419047619047619
3 0.7939285714285714 0.1957142857142857 0.03642857142857143 0.037142857142857144
3 0.5007142857142857 0.14476190476190476 0.041428571428571426 0.03238095238095238
3 0.4764285714285714 0.032857142857142856 0.032857142857142856 0.02
3 0.6517857142857143 0.04904761904761905 0.017857142857142856 0.023809523809523808
3 0.4110714285714286 0.010476190476190476 0.03357142857142857 0.01904761904761905
3 0.40964285714285714 0.03142857142857143 0.030714285714285715 0.017142857142857144
4 0.40535714285714286 0.07095238095238095 0.03357142857142857 0.025714285714285714
3 0.4185714285714286 0.08666666666666667 0.03571428571428571 0.026666666666666665
3 0.43714285714285717 0.09761904761904762 0.03571428571428571 0.025714285714285714
3 0.4375 0.1138095238095238 0.035 0.029523809523809525
3 0.5064285714285715 0.13285714285714287 0.04 0.03142857142857143
3 0.5192857142857142 0.12095238095238095 0.04 0.03238095238095238
3 0.5085714285714286 0.10523809523809524 0.04 0.029523809523809525
3 0.5064285714285715 0.08952380952380952 0.04 0.02857142857142857
3 0.5053571428571428 0.07904761904761905 0.04071428571428572 0.02857142857142857
3 0.5042857142857143 0.05952380952380952 0.04 0.02
3 0.5735714285714286 0.1019047619047619 0.02 0.026666666666666665
3 0.5660714285714286 0.08238095238095237 0.02214285714285714 0.025714285714285714
3 0.6182142857142857 0.2557142857142857 0.052142857142857144 0.04285714285714286
3 0.6071428571428571 0.21904761904761905 0.045714285714285714 0.04380952380952381
3 0.6046428571428571 0.19380952380952382 0.04214285714285714 0.037142857142857144
3 0.6357142857142857 0.0719047619047619 0.02142857142857143 0.03142857142857143
3 0.5442857142857143 0.043333333333333335 0.024285714285714285 0.025714285714285714
3 0.6128571428571429 0.018095238095238095 0.022857142857142857 0.01904761904761905
3 0.6367857142857143 0.030952380952380953 0.027857142857142858 0.02
3 0.755 0.10857142857142857 0.022857142857142857 0.024761904761904763
0 0.5603571428571429 0.1357142857142857 0.0064285714285714285 0.025714285714285714
0 0.5539285714285714 0.13714285714285715 0.007857142857142858 0.024761904761904763
0 0.47214285714285714 0.19095238095238096 0.007142857142857143 0.029523809523809525
0 0.4707142857142857 0.07428571428571429 0.005714285714285714 0.02095238095238095
0 0.47928571428571426 0.07285714285714286 0.005714285714285714 0.02
1 0.56 0.05047619047619047 0.007142857142857143 0.02095238095238095
2 0.5603571428571429 0.051904761904761905 0.015 0.014285714285714285
2 0.7064285714285714 0.051904761904761905 0.011428571428571429 0.012380952380952381
1 0.7071428571428572 0.04666666666666667 0.005714285714285714 0.017142857142857144
0 0.6757142857142857 0.04523809523809524 0.007142857142857143 0.02
3 0.6610714285714285 0.14047619047619048 0.020714285714285713 0.03142857142857143
3 0.7171428571428572 0.2538095238095238 0.03857142857142857 0.05619047619047619
3 0.6539285714285714 0.3457142857142857 0.065 0.06095238095238095
3 0.695 0.47285714285714286 0.07142857142857142 0.08476190476190476
3 0.7085714285714285 0.5433333333333333 0.08142857142857143 0.07714285714285714
3 0.6660714285714285 0.3985714285714286 0.06642857142857143 0.06761904761904762
0 0.6314285714285715 0.41904761904761906 0.011428571428571429 0.03238095238095238
0 0.6017857142857143 0.4138095238095238 0.010714285714285714 0.035238095238095235
0 0.4525 0.4471428571428571 0.010714285714285714 0.037142857142857144
0 0.4125 0.3404761904761905 0.010714285714285714 0.035238095238095235
9 0.4282142857142857 0.16428571428571428 0.010714285714285714 0.021904761904761906
2 0.41035714285714286 0.20238095238095238 0.009285714285714286 0.02
3 0.8325 0.19857142857142857 0.02642857142857143 0.040952380952380955
3 0.9042857142857142 0.1980952380952381 0.054285714285714284 0.04380952380952381
3 0.9607142857142857 0.36142857142857143 0.07571428571428572 0.05047619047619047
3 0.7907142857142857 0.13238095238095238 0.032857142857142856 0.0380952380952381
3 0.8717857142857143 0.14761904761904762 0.03642857142857143 0.04380952380952381
0 0.6517857142857143 0.006666666666666666 0.005 0.013333333333333332
0 0.6442857142857142 0.006190476190476191 0.005714285714285714 0.012380952380952381
3 0.7464285714285714 0.6547619047619048 0.10142857142857142 0.12285714285714286
3 0.935 0.6947619047619048 0.08 0.12095238095238095
3 0.7914285714285715 0.8085714285714286 0.13 0.16380952380952382
4 0.84 0.95 0.12714285714285714 0.1
0 0.6435714285714286 0.8371428571428572 0.018571428571428572 0.05142857142857143
