9 0.5821428571428572 0.9538095238095238 0.014285714285714285 0.037142857142857144
1 0.5821428571428572 0.9576190476190476 0.011428571428571429 0.018095238095238095
0 0.5789285714285715 0.8676190476190476 0.012142857142857143 0.02857142857142857
0 0.5607142857142857 0.8285714285714286 0.014285714285714285 0.02095238095238095
9 0.4928571428571429 0.7019047619047619 0.012857142857142857 0.03619047619047619
6 0.5282142857142857 0.6628571428571428 0.020714285714285713 0.06666666666666667
0 0.5335714285714286 0.5261904761904762 0.012857142857142857 0.023809523809523808
2 0.46464285714285714 0.4561904761904762 0.013571428571428571 0.04380952380952381
3 0.5489285714285714 0.42857142857142855 0.045 0.11428571428571428
0 0.4664285714285714 0.3476190476190476 0.014285714285714285 0.01904761904761905
2 0.47535714285714287 0.16380952380952382 0.009285714285714286 0.03619047619047619
1 0.4764285714285714 0.1595238095238095 0.01 0.021904761904761906
0 0.5014285714285714 0.18333333333333332 0.01 0.029523809523809525
3 0.5282142857142857 0.16714285714285715 0.04928571428571429 0.11333333333333333
0 0.4725 0.06142857142857143 0.009285714285714286 0.025714285714285714
0 0.46214285714285713 0.056666666666666664 0.01 0.029523809523809525
