9 0.33785714285714286 0.7185714285714285 0.08 0.07904761904761905
9 0.9171428571428571 0.7104761904761905 0.06714285714285714 0.06285714285714286
0 0.6971428571428572 0.4 0.017142857142857144 0.0380952380952381
3 0.7278571428571429 0.3438095238095238 0.027142857142857142 0.030476190476190476
3 0.6817857142857143 0.3157142857142857 0.019285714285714285 0.023809523809523808
3 0.68 0.2995238095238095 0.04 0.021904761904761906
3 0.7314285714285714 0.30095238095238097 0.03 0.022857142857142857
3 0.63 0.30857142857142855 0.024285714285714285 0.026666666666666665
3 0.7057142857142857 0.3157142857142857 0.024285714285714285 0.029523809523809525
4 0.6617857142857143 0.3295238095238095 0.047857142857142855 0.03428571428571429
3 0.6060714285714286 0.32666666666666666 0.056428571428571425 0.026666666666666665
3 0.5685714285714286 0.2938095238095238 0.041428571428571426 0.023809523809523808
3 0.5285714285714286 0.3 0.024285714285714285 0.030476190476190476
3 0.5192857142857142 0.32047619047619047 0.03 0.023809523809523808
2 0.5210714285714285 0.3423809523809524 0.017857142857142856 0.01619047619047619
0 0.4982142857142857 0.4104761904761905 0.012142857142857143 0.0419047619047619
0 0.5457142857142857 0.4976190476190476 0.017142857142857144 0.058095238095238096
2 0.4446428571428571 0.5033333333333333 0.025 0.03333333333333333
0 0.5492857142857143 0.22095238095238096 0.005714285714285714 0.017142857142857144
0 0.5514285714285714 0.2195238095238095 0.005714285714285714 0.01619047619047619
