3 0.29035714285714287 0.7633248730964466 0.030714285714285715 0.07741116751269035
3 0.32392857142857145 0.5203045685279187 0.02214285714285714 0.055837563451776644
3 0.5089285714285714 0.5513959390862944 0.020714285714285713 0.06472081218274112
3 0.36642857142857144 0.40038071065989844 0.02 0.052030456852791875
4 0.49964285714285717 0.3762690355329949 0.020714285714285713 0.06218274111675126
3 0.43642857142857144 0.25444162436548223 0.017142857142857144 0.04441624365482233
3 0.3775 0.24873096446700504 0.017857142857142856 0.03807106598984771
3 0.4017857142857143 0.21319796954314718 0.016428571428571428 0.03807106598984771
4 0.35035714285714287 0.28870558375634514 0.020714285714285713 0.04695431472081218
3 0.38035714285714284 0.1649746192893401 0.016428571428571428 0.035532994923857864
3 0.3632142857142857 0.11548223350253806 0.015 0.03045685279187817
3 0.40535714285714286 0.07423857868020305 0.013571428571428571 0.031725888324873094
3 0.38357142857142856 0.04885786802030456 0.014285714285714285 0.029187817258883246
5 0.36857142857142855 0.018401015228426396 0.025714285714285714 0.029187817258883246
8 0.7585714285714286 0.14086294416243653 0.054285714285714284 0.07360406091370558
8 0.7878571428571428 0.39974619289340096 0.08857142857142856 0.07868020304568528
8 0.8910714285714286 0.38705583756345174 0.06357142857142857 0.07360406091370558
8 0.895 0.30774111675126903 0.08714285714285715 0.05964467005076142
8 0.9321428571428572 0.27347715736040606 0.08142857142857143 0.07741116751269035
8 0.9125 0.24936548223350252 0.085 0.06979695431472081
8 0.9210714285714285 0.21700507614213196 0.07928571428571428 0.07106598984771573
8 0.9064285714285715 0.18527918781725886 0.07428571428571429 0.05837563451776649
8 0.9 0.15672588832487308 0.07428571428571429 0.05710659898477157
8 0.9614285714285714 0.39847715736040606 0.07571428571428572 0.07360406091370558
8 0.9646428571428571 0.4346446700507614 0.06928571428571428 0.06979695431472081
8 0.9732142857142857 0.48667512690355325 0.05357142857142857 0.06218274111675126
3 0.5685714285714286 0.07106598984771573 0.025714285714285714 0.02284263959390863
4 0.5935714285714285 0.03680203045685279 0.015714285714285715 0.03045685279187817
4 0.6628571428571428 0.06027918781725888 0.024285714285714285 0.03680203045685279
3 0.8917857142857143 0.041243654822335024 0.017857142857142856 0.024111675126903553
3 0.9064285714285715 0.061548223350253804 0.015714285714285715 0.026649746192893398
3 0.8760714285714286 0.02030456852791878 0.010714285714285714 0.017766497461928932
8 0.9028571428571428 0.01967005076142132 0.032857142857142856 0.03934010152284264
