3 0.3825 0.96 0.019285714285714285 0.04380952380952381
3 0.3964285714285714 0.8514285714285714 0.024285714285714285 0.03428571428571429
3 0.7925 0.3514285714285714 0.0064285714285714285 0.009523809523809525
3 0.7967857142857143 0.3419047619047619 0.007857142857142858 0.009523809523809525
3 0.18964285714285714 0.4704761904761905 0.010714285714285714 0.013333333333333332
5 0.20607142857142857 0.45714285714285713 0.012142857142857143 0.02095238095238095
4 0.47964285714285715 0.20523809523809525 0.007857142857142858 0.008571428571428572
5 0.48428571428571426 0.20095238095238097 0.012857142857142857 0.009523809523809525
3 0.165 0.22857142857142856 0.005714285714285714 0.007619047619047619
3 0.17107142857142857 0.2280952380952381 0.0064285714285714285 0.006666666666666666
3 0.17642857142857143 0.22904761904761906 0.005714285714285714 0.006666666666666666
3 0.18214285714285713 0.2280952380952381 0.005714285714285714 0.006666666666666666
3 0.1875 0.22904761904761906 0.0064285714285714285 0.006666666666666666
5 0.5207142857142857 0.13095238095238096 0.012857142857142857 0.008571428571428572
5 0.6107142857142858 0.13476190476190475 0.011428571428571429 0.008571428571428572
5 0.6189285714285714 0.13476190476190475 0.0064285714285714285 0.010476190476190476
5 0.6282142857142857 0.13428571428571429 0.005 0.009523809523809525
5 0.6328571428571429 0.13428571428571429 0.004285714285714286 0.009523809523809525
