3 0.6028571428571429 0.3433333333333333 0.024285714285714285 0.021904761904761906
3 0.5575 0.37238095238095237 0.029285714285714286 0.022857142857142857
3 0.48714285714285716 0.4114285714285714 0.03571428571428571 0.02857142857142857
3 0.4446428571428571 0.45904761904761904 0.03642857142857143 0.03238095238095238
3 0.3732142857142857 0.4780952380952381 0.04214285714285714 0.03238095238095238
3 0.35642857142857143 0.5095238095238095 0.047142857142857146 0.04
3 0.2542857142857143 0.5785714285714286 0.05714285714285714 0.04857142857142857
3 0.27071428571428574 0.5423809523809524 0.05285714285714286 0.04666666666666667
3 0.13428571428571429 0.6266666666666667 0.06714285714285714 0.05714285714285714
9 0.47928571428571426 0.8633333333333333 0.03 0.029523809523809525
9 0.5042857142857143 0.9314285714285714 0.037142857142857144 0.024761904761904763
9 0.5 0.9114285714285715 0.03428571428571429 0.02095238095238095
9 0.5642857142857143 0.9795238095238096 0.037142857142857144 0.03142857142857143
9 0.5110714285714286 0.9747619047619047 0.035 0.029523809523809525
1 0.4789285714285714 0.8514285714285714 0.010714285714285714 0.02857142857142857
1 0.48464285714285715 0.8504761904761905 0.012142857142857143 0.02857142857142857
1 0.5021428571428571 0.9 0.015714285714285715 0.02857142857142857
1 0.5075 0.9238095238095239 0.016428571428571428 0.02857142857142857
1 0.5667857142857143 0.9695238095238096 0.009285714285714286 0.024761904761904763
1 0.5739285714285715 0.9723809523809523 0.015 0.022857142857142857
1 0.5146428571428572 0.9680952380952381 0.012142857142857143 0.025714285714285714
3 0.6885714285714286 0.2938095238095238 0.014285714285714285 0.014285714285714285
