3 0.13607142857142857 0.9295238095238095 0.09928571428571428 0.14095238095238094
3 0.24678571428571427 0.8147619047619048 0.10785714285714286 0.15142857142857144
4 0.2392857142857143 0.6252380952380953 0.08 0.14952380952380953
4 0.31214285714285717 0.42095238095238097 0.06428571428571428 0.12
5 0.3485714285714286 0.27714285714285714 0.07 0.16380952380952382
3 0.38642857142857145 0.16095238095238096 0.05285714285714286 0.11428571428571428
3 0.5782142857142857 0.31523809523809526 0.04928571428571429 0.1219047619047619
3 0.6260714285714286 0.3361904761904762 0.04642857142857143 0.12
3 0.5107142857142857 0.029523809523809525 0.04285714285714286 0.05904761904761905
3 0.6442857142857142 0.04523809523809524 0.041428571428571426 0.09047619047619047
4 0.41214285714285714 0.047619047619047616 0.045714285714285714 0.09523809523809523
0 0.5246428571428572 0.29333333333333333 0.015 0.03238095238095238
0 0.5453571428571429 0.25857142857142856 0.013571428571428571 0.037142857142857144
0 0.5596428571428571 0.2580952380952381 0.012142857142857143 0.0380952380952381
7 0.5839285714285715 0.1719047619047619 0.025 0.04476190476190476
0 0.6103571428571428 0.12428571428571429 0.015 0.039047619047619046
9 0.11392857142857143 0.6157142857142857 0.039285714285714285 0.04666666666666667
9 0.1225 0.5342857142857143 0.047857142857142855 0.026666666666666665
3 0.545 0.8766666666666667 0.07 0.17047619047619048
3 0.5782142857142857 0.7066666666666667 0.062142857142857146 0.15619047619047619
3 0.5253571428571429 0.6423809523809524 0.05071428571428571 0.11714285714285715
