3 0.5807142857142857 0.3692893401015228 0.03428571428571429 0.050761421319796954
3 0.8067857142857143 0.03489847715736041 0.017857142857142856 0.029187817258883246
3 0.5432142857142858 0.46383248730964466 0.03785714285714286 0.05710659898477157
3 0.16607142857142856 0.7328680203045684 0.07214285714285715 0.07994923857868019
8 0.2025 0.8204314720812182 0.11928571428571429 0.19416243654822332
0 0.7560714285714286 0.8515228426395939 0.012142857142857143 0.03807106598984771
3 0.5757142857142857 0.10596446700507614 0.014285714285714285 0.029187817258883246
0 0.5257142857142857 0.2309644670050761 0.008571428571428572 0.03045685279187817
0 0.3992857142857143 0.34073604060913704 0.008571428571428572 0.029187817258883246
0 0.41928571428571426 0.30012690355329946 0.01 0.026649746192893398
0 0.46964285714285714 0.29251269035532995 0.0064285714285714285 0.024111675126903553
0 0.48035714285714287 0.2772842639593908 0.0064285714285714285 0.024111675126903553
3 0.4496428571428571 0.5355329949238579 0.05357142857142857 0.06598984771573603
