0 0.03964285714285714 0.06904761904761905 0.017857142857142856 0.037142857142857144
1 0.3442857142857143 0.5885714285714285 0.017142857142857144 0.030476190476190476
1 0.31035714285714283 0.49 0.015 0.025714285714285714
1 0.31 0.46476190476190476 0.018571428571428572 0.024761904761904763
1 0.34535714285714286 0.5552380952380952 0.015 0.02857142857142857
1 0.32 0.5804761904761905 0.02 0.025714285714285714
1 0.33321428571428574 0.5476190476190477 0.016428571428571428 0.030476190476190476
1 0.30892857142857144 0.5652380952380952 0.017857142857142856 0.029523809523809525
1 0.30892857142857144 0.5480952380952381 0.017857142857142856 0.02
1 0.18107142857142858 0.7766666666666666 0.02642857142857143 0.03333333333333333
1 0.1992857142857143 0.7523809523809524 0.025714285714285714 0.03428571428571429
1 0.1717857142857143 0.7395238095238095 0.025 0.03142857142857143
1 0.18785714285714286 0.7233333333333334 0.024285714285714285 0.03142857142857143
0 0.039285714285714285 0.7795238095238095 0.03571428571428571 0.05238095238095238
1 0.05857142857142857 0.7604761904761905 0.025714285714285714 0.040952380952380955
1 0.014285714285714285 0.9247619047619048 0.02857142857142857 0.047619047619047616
1 0.011428571428571429 0.8933333333333333 0.022857142857142857 0.0419047619047619
0 0.6857142857142857 0.46904761904761905 0.017142857142857144 0.04857142857142857
0 0.7171428571428572 0.3028571428571429 0.015714285714285715 0.0419047619047619
0 0.6203571428571428 0.3119047619047619 0.010714285714285714 0.04285714285714286
0 0.6617857142857143 0.33904761904761904 0.015 0.0419047619047619
0 0.8260714285714286 0.5061904761904762 0.019285714285714285 0.04666666666666667
