0 0.058 0.041999999999999996 0.02 0.03333333333333333
9 0.01125 0.035333333333333335 0.0195 0.026666666666666665
1 0.0105 0.028999999999999998 0.018000000000000002 0.03133333333333333
0 0.01525 0.07733333333333334 0.0225 0.03733333333333333
1 0.085 0.050666666666666665 0.011 0.018666666666666665
0 0.0945 0.047 0.015 0.026
0 0.0565 0.008666666666666666 0.012 0.017333333333333333
0 0.06075 0.151 0.021500000000000002 0.03933333333333333
0 0.1225 0.10833333333333332 0.019 0.033999999999999996
0 0.11750000000000001 0.105 0.014 0.024666666666666667
0 0.1525 0.11499999999999999 0.019 0.03266666666666666
0 0.12375 0.14766666666666667 0.0205 0.038
2 0.12425 0.13866666666666666 0.0165 0.036
4 0.229 0.14766666666666667 0.056 0.08066666666666666
1 0.1085 0.188 0.023 0.03733333333333333
9 0.11125 0.19799999999999998 0.0175 0.03333333333333333
0 0.066 0.26466666666666666 0.028 0.03733333333333333
0 0.18475 0.22766666666666666 0.021500000000000002 0.03666666666666667
0 0.1465 0.3323333333333333 0.026000000000000002 0.03666666666666667
0 0.1005 0.291 0.027 0.038
0 0.115 0.31766666666666665 0.025 0.033999999999999996
1 0.0615 0.31966666666666665 0.019 0.026
1 0.08175 0.3153333333333333 0.0205 0.018666666666666665
2 0.10175000000000001 0.3163333333333333 0.0195 0.033999999999999996
9 0.10225000000000001 0.33999999999999997 0.0265 0.052
7 0.2525 0.21266666666666667 0.042 0.04933333333333333
1 0.23450000000000001 0.22466666666666665 0.018000000000000002 0.030666666666666665
1 0.25225000000000003 0.20266666666666666 0.0165 0.018666666666666665
0 0.13025 0.45966666666666667 0.0285 0.03933333333333333
0 0.2535 0.5693333333333334 0.028 0.024
1 0.24475 0.5696666666666667 0.0165 0.02733333333333333
9 0.249 0.5763333333333334 0.019 0.051333333333333335
9 0.13275 0.48833333333333334 0.0345 0.038
9 0.05025 0.5716666666666667 0.029500000000000002 0.03266666666666666
7 0.09925 0.5479999999999999 0.0385 0.044
4 0.12175 0.705 0.0795 0.20199999999999999
0 0.19325 0.714 0.0395 0.030666666666666665
0 0.23425 0.7163333333333333 0.025500000000000002 0.028666666666666667
7 0.28725 0.9226666666666666 0.0725 0.12533333333333332
1 0.26325 0.9089999999999999 0.0225 0.03266666666666666
7 0.30425 0.736 0.0585 0.08933333333333333
1 0.31325000000000003 0.7506666666666666 0.0225 0.03333333333333333
3 0.31325000000000003 0.10966666666666666 0.0565 0.06866666666666667
9 0.365 0.06866666666666667 0.017 0.034666666666666665
1 0.41775 0.07866666666666666 0.0105 0.030666666666666665
1 0.4245 0.07433333333333333 0.01 0.03133333333333333
1 0.46425 0.11466666666666667 0.0125 0.030666666666666665
2 0.446 0.086 0.017 0.036
2 0.4665 0.10266666666666667 0.016 0.03333333333333333
0 0.47250000000000003 0.29433333333333334 0.012 0.035333333333333335
0 0.4525 0.30666666666666664 0.013000000000000001 0.03333333333333333
0 0.4465 0.323 0.014 0.03666666666666667
4 0.42725 0.35233333333333333 0.0625 0.10066666666666667
0 0.36375 0.576 0.0145 0.028
9 0.36725 0.6103333333333333 0.0205 0.04066666666666666
0 0.4905 0.7816666666666666 0.017 0.026
5 0.457 0.5383333333333333 0.117 0.126
4 0.64 0.012333333333333333 0.032 0.024666666666666667
3 0.66725 0.006333333333333333 0.0335 0.012666666666666666
3 0.5065000000000001 0.21 0.079 0.08399999999999999
3 0.5595 0.2663333333333333 0.092 0.05933333333333333
3 0.61125 0.13466666666666666 0.07050000000000001 0.064
4 0.59125 0.33766666666666667 0.0935 0.09
0 0.58125 0.4093333333333333 0.0165 0.03866666666666667
2 0.62725 0.30666666666666664 0.029500000000000002 0.029333333333333333
2 0.64975 0.329 0.029500000000000002 0.03266666666666666
2 0.672 0.34833333333333333 0.03 0.046
9 0.6685 0.39166666666666666 0.038 0.03
2 0.6745 0.257 0.035 0.020666666666666667
9 0.667 0.46699999999999997 0.033 0.03666666666666667
0 0.665 0.4583333333333333 0.025 0.03266666666666666
7 0.57775 0.5456666666666666 0.0675 0.09666666666666666
3 0.6765 0.08333333333333333 0.063 0.05466666666666666
0 0.75725 0.3423333333333333 0.0225 0.04466666666666667
5 0.75125 0.816 0.1205 0.17466666666666666
2 0.797 0.5036666666666666 0.04 0.028666666666666667
0 0.7997500000000001 0.492 0.0345 0.032
7 0.8290000000000001 0.47333333333333333 0.045 0.056
2 0.81675 0.46166666666666667 0.0205 0.024666666666666667
2 0.85675 0.4933333333333333 0.0305 0.03866666666666667
3 0.801 0.5656666666666667 0.055 0.06999999999999999
3 0.85975 0.943 0.1325 0.11399999999999999
3 0.84025 0.621 0.11950000000000001 0.09799999999999999
0 0.8622500000000001 0.5469999999999999 0.0335 0.03133333333333333
9 0.91325 0.647 0.0325 0.05266666666666667
2 0.933 0.573 0.032 0.041999999999999996
9 0.96525 0.585 0.0245 0.05533333333333333
7 0.98 0.6256666666666666 0.04 0.041999999999999996
7 0.50575 0.472 0.0555 0.092
