0 0.21035714285714285 0.41333333333333333 0.02214285714285714 0.05904761904761905
0 0.22607142857142856 0.41285714285714287 0.023571428571428573 0.058095238095238096
0 0.24285714285714285 0.4076190476190476 0.02 0.047619047619047616
3 0.33464285714285713 0.6223809523809524 0.09214285714285714 0.1457142857142857
3 0.3867857142857143 0.8176190476190476 0.11785714285714285 0.2180952380952381
3 0.8739285714285714 0.8223809523809524 0.15071428571428572 0.18761904761904763
3 0.7839285714285714 0.6880952380952381 0.2007142857142857 0.11333333333333333
3 0.32035714285714284 0.44857142857142857 0.09785714285714285 0.0838095238095238
3 0.7546428571428572 0.6071428571428571 0.16071428571428573 0.08476190476190476
3 0.7064285714285714 0.5652380952380952 0.1657142857142857 0.09238095238095238
3 0.2882142857142857 0.3842857142857143 0.05785714285714286 0.06761904761904762
3 0.2282142857142857 0.33714285714285713 0.11071428571428571 0.06666666666666667
3 0.19071428571428573 0.2723809523809524 0.08428571428571428 0.047619047619047616
3 0.25214285714285717 0.2419047619047619 0.04428571428571428 0.05333333333333333
3 0.24 0.2119047619047619 0.04 0.040952380952380955
3 0.23357142857142857 0.18523809523809523 0.03 0.02761904761904762
4 0.2282142857142857 0.16095238095238096 0.05071428571428571 0.05142857142857143
3 0.21071428571428572 0.14952380952380953 0.03 0.03238095238095238
3 0.20964285714285713 0.1319047619047619 0.027857142857142858 0.03142857142857143
3 0.18678571428571428 0.08523809523809524 0.030714285714285715 0.03333333333333333
3 0.22392857142857142 0.08476190476190476 0.027857142857142858 0.030476190476190476
3 0.27964285714285714 0.08333333333333333 0.019285714285714285 0.025714285714285714
3 0.2914285714285714 0.09904761904761905 0.03428571428571429 0.022857142857142857
3 0.31464285714285717 0.11238095238095239 0.029285714285714286 0.026666666666666665
3 0.3289285714285714 0.12 0.027857142857142858 0.022857142857142857
3 0.3414285714285714 0.13380952380952382 0.03428571428571429 0.029523809523809525
3 0.3628571428571429 0.14857142857142858 0.03142857142857143 0.030476190476190476
3 0.38285714285714284 0.16714285714285715 0.037142857142857144 0.03333333333333333
3 0.4032142857142857 0.19047619047619047 0.03785714285714286 0.03619047619047619
3 0.42464285714285716 0.21285714285714286 0.04214285714285714 0.04285714285714286
3 0.4664285714285714 0.22285714285714286 0.04 0.04380952380952381
3 0.5728571428571428 0.24285714285714285 0.07571428571428572 0.04380952380952381
3 0.6364285714285715 0.26904761904761904 0.06142857142857143 0.04666666666666667
4 0.7271428571428571 0.25857142857142856 0.05285714285714286 0.037142857142857144
3 0.7578571428571429 0.22714285714285715 0.07142857142857142 0.039047619047619046
3 0.6571428571428571 0.2357142857142857 0.07142857142857142 0.04476190476190476
3 0.5546428571428571 0.2833333333333333 0.09071428571428572 0.04666666666666667
3 0.5335714285714286 0.3061904761904762 0.07857142857142857 0.035238095238095235
3 0.5242857142857142 0.3271428571428571 0.10285714285714286 0.04857142857142857
3 0.5410714285714285 0.36 0.105 0.05714285714285714
3 0.5717857142857142 0.3961904761904762 0.10928571428571429 0.06285714285714286
3 0.6382142857142857 0.46523809523809523 0.13642857142857143 0.07714285714285714
3 0.6585714285714286 0.5038095238095238 0.11571428571428571 0.06095238095238095
