0 0.08168058455114821 0.49907235621521334 0.004697286012526096 0.020408163265306124
0 0.10125260960334029 0.4893320964749536 0.005219206680584551 0.02319109461966605
0 0.11769311064718162 0.4902597402597403 0.006784968684759916 0.02319109461966605
0 0.07489561586638831 0.648886827458256 0.012004175365344467 0.049165120593692026
0 0.2549582463465553 0.5941558441558442 0.014091858037578286 0.043599257884972174
0 0.4360647181628392 0.5858070500927643 0.009916492693110646 0.03432282003710575
0 0.6166492693110647 0.602504638218924 0.0057411273486430055 0.036178107606679034
0 0.6218684759916492 0.5978664192949907 0.008872651356993735 0.03432282003710575
0 0.5589770354906054 0.674860853432282 0.012526096033402922 0.0640074211502783
0 0.5501043841336116 0.6706864564007421 0.009394572025052192 0.061224489795918366
0 0.5675887265135698 0.6665120593692022 0.009916492693110646 0.05844155844155844
0 0.5795929018789143 0.6716141001855288 0.009916492693110646 0.05009276437847866
1 0.5858559498956158 0.6614100185528757 0.008872651356993735 0.03896103896103896
0 0.5889874739039666 0.674860853432282 0.010960334029227557 0.06215213358070501
0 0.8050626304801669 0.6372912801484231 0.009916492693110646 0.0352504638218924
0 0.7064196242171189 0.5862708719851577 0.006784968684759916 0.03896103896103896
0 0.6711899791231732 0.6066790352504638 0.008350730688935281 0.04267161410018553
0 0.777661795407098 0.5074211502782932 0.009394572025052192 0.022263450834879406
0 0.7674843423799582 0.47912801484230055 0.004697286012526096 0.015769944341372914
0 0.7760960334029227 0.4744897959183674 0.005219206680584551 0.0176252319109462
0 0.7732254697286012 0.4679962894248609 0.0026096033402922755 0.013914656771799629
0 0.7779227557411272 0.4647495361781076 0.0026096033402922755 0.00927643784786642
1 0.782098121085595 0.461038961038961 0.0036534446764091852 0.014842300556586271
9 0.7818371607515657 0.46335807050092764 0.0041753653444676405 0.012059369202226345
