3 0.5953571428571428 0.8134517766497461 0.029285714285714286 0.09390862944162436
3 0.7396428571428572 0.49682741116751267 0.027857142857142858 0.05710659898477157
3 0.8357142857142857 0.4181472081218274 0.025714285714285714 0.05710659898477157
3 0.6025 0.3248730964467005 0.03214285714285714 0.035532994923857864
3 0.8246428571428571 0.274746192893401 0.019285714285714285 0.03680203045685279
3 0.8367857142857142 0.2214467005076142 0.016428571428571428 0.03426395939086294
3 0.3264285714285714 0.23413705583756345 0.03142857142857143 0.031725888324873094
3 0.28714285714285714 0.2081218274111675 0.03 0.03045685279187817
3 0.24642857142857144 0.09137055837563451 0.024285714285714285 0.027918781725888322
3 0.1775 0.06598984771573603 0.027857142857142858 0.02284263959390863
3 0.2317857142857143 0.053299492385786795 0.023571428571428573 0.025380710659898477
3 0.24964285714285714 0.2112944162436548 0.02642857142857143 0.03426395939086294
3 0.24321428571428572 0.17703045685279187 0.025 0.031725888324873094
3 0.36857142857142855 0.29251269035532995 0.03 0.04187817258883248
3 0.41892857142857143 0.324238578680203 0.030714285714285715 0.04187817258883248
3 0.4764285714285714 0.33502538071065985 0.03428571428571429 0.04314720812182741
3 0.5125 0.3902284263959391 0.03357142857142857 0.03934010152284264
3 0.5160714285714286 0.35850253807106597 0.030714285714285715 0.03680203045685279
3 0.5728571428571428 0.4606598984771573 0.04 0.048223350253807105
3 0.4614285714285714 0.35532994923857864 0.02857142857142857 0.035532994923857864
4 0.43 0.29505076142131975 0.03428571428571429 0.04695431472081218
3 0.3846428571428571 0.274746192893401 0.03357142857142857 0.03934010152284264
3 0.18178571428571427 0.157994923857868 0.03214285714285714 0.03426395939086294
5 0.07178571428571429 0.08502538071065989 0.030714285714285715 0.04568527918781726
3 0.07 0.0666243654822335 0.025714285714285714 0.026649746192893398
3 0.49535714285714283 0.9003807106598984 0.04214285714285714 0.09263959390862943
4 0.8778571428571429 0.31408629441624364 0.018571428571428572 0.03934010152284264
3 0.9542857142857143 0.3635786802030457 0.03857142857142857 0.031725888324873094
0 0.46035714285714285 0.15355329949238578 0.005 0.02030456852791878
0 0.4525 0.15101522842639592 0.0035714285714285713 0.015228426395939085
0 0.4539285714285714 0.14593908629441624 0.005 0.017766497461928932
9 0.44821428571428573 0.1516497461928934 0.010714285714285714 0.013959390862944161
5 0.5653571428571429 0.1916243654822335 0.052142857142857144 0.053299492385786795
3 0.565 0.026015228426395937 0.015714285714285715 0.026649746192893398
3 0.5807142857142857 0.03362944162436548 0.017142857142857144 0.021573604060913704
3 0.6057142857142858 0.04695431472081218 0.015714285714285715 0.025380710659898477
3 0.5385714285714286 0.013324873096446699 0.02 0.021573604060913704
3 0.6282142857142857 0.06218274111675126 0.017857142857142856 0.02284263959390863
3 0.6396428571428572 0.0666243654822335 0.015 0.021573604060913704
3 0.6571428571428571 0.06852791878172589 0.017142857142857144 0.025380710659898477
3 0.7396428571428572 0.06091370558375634 0.025 0.025380710659898477
3 0.7432142857142857 0.04695431472081218 0.027857142857142858 0.025380710659898477
3 0.7457142857142857 0.03489847715736041 0.025714285714285714 0.021573604060913704
3 0.7525 0.025380710659898477 0.023571428571428573 0.02284263959390863
3 0.7614285714285715 0.01713197969543147 0.024285714285714285 0.021573604060913704
3 0.7735714285714286 0.010786802030456852 0.024285714285714285 0.021573604060913704
3 0.8032142857142857 0.07994923857868019 0.023571428571428573 0.027918781725888322
3 0.8267857142857142 0.03426395939086294 0.025 0.027918781725888322
3 0.8403571428571428 0.029187817258883246 0.023571428571428573 0.02030456852791878
3 0.8414285714285714 0.01967005076142132 0.02 0.019035532994923856
3 0.8414285714285714 0.01015228426395939 0.02 0.02030456852791878
3 0.8714285714285714 0.06345177664974619 0.014285714285714285 0.025380710659898477
4 0.8332142857142857 0.08312182741116751 0.015 0.03680203045685279
4 0.8214285714285714 0.06218274111675126 0.022857142857142857 0.03045685279187817
8 0.8542857142857143 0.10913705583756345 0.02857142857142857 0.05837563451776649
4 0.7539285714285714 0.11040609137055837 0.023571428571428573 0.027918781725888322
4 0.7235714285714285 0.09961928934010152 0.015714285714285715 0.026649746192893398
5 0.7553571428571428 0.21319796954314718 0.03785714285714286 0.08375634517766496
5 0.6960714285714286 0.23286802030456852 0.04071428571428572 0.06218274111675126
2 0.5710714285714286 0.22398477157360405 0.013571428571428571 0.013959390862944161
2 0.6296428571428572 0.25253807106598986 0.012142857142857143 0.012690355329949238
0 0.8460714285714286 0.26078680203045684 0.0064285714285714285 0.024111675126903553
0 0.7821428571428571 0.04568527918781726 0.005714285714285714 0.017766497461928932
3 0.775 0.03743654822335025 0.011428571428571429 0.021573604060913704
0 0.9425 0.13388324873096447 0.007857142857142858 0.021573604060913704
0 0.9135714285714286 0.27538071065989844 0.007142857142857143 0.017766497461928932
0 0.9235714285714286 0.2918781725888325 0.007142857142857143 0.02284263959390863
0 0.9664285714285714 0.43337563451776645 0.01 0.024111675126903553
8 0.8846428571428572 0.5406091370558376 0.10357142857142858 0.16243654822335024
5 0.9632142857142857 0.18908629441624364 0.04214285714285714 0.03045685279187817
4 0.9732142857142857 0.18527918781725886 0.030714285714285715 0.032994923857868015
3 0.9339285714285714 0.009517766497461928 0.013571428571428571 0.019035532994923856
1 0.8667857142857143 0.03236040609137056 0.005 0.011421319796954314
9 0.8664285714285714 0.035532994923857864 0.005714285714285714 0.012690355329949238
9 0.8885714285714286 0.009517766497461928 0.005714285714285714 0.011421319796954314
1 0.8885714285714286 0.004441624365482233 0.002857142857142857 0.008883248730964466
0 0.5932142857142857 0.5107868020304568 0.0064285714285714285 0.024111675126903553
