8 0.58 0.689047619047619 0.04428571428571428 0.08857142857142856
3 0.5314285714285715 0.9414285714285714 0.03857142857142857 0.08857142857142856
3 0.7446428571428572 0.7538095238095238 0.03357142857142857 0.05238095238095238
3 0.5542857142857143 0.5571428571428572 0.014285714285714285 0.02857142857142857
3 0.5932142857142857 0.9671428571428572 0.04214285714285714 0.06571428571428571
3 0.5635714285714286 0.6247619047619047 0.02 0.026666666666666665
3 0.5807142857142857 0.5552380952380952 0.017142857142857144 0.022857142857142857
3 0.5864285714285714 0.49142857142857144 0.011428571428571429 0.017142857142857144
3 0.5842857142857143 0.44285714285714284 0.008571428571428572 0.011428571428571429
3 0.5957142857142858 0.4023809523809524 0.007142857142857143 0.006666666666666666
3 0.5975 0.4104761904761905 0.0064285714285714285 0.007619047619047619
3 0.5953571428571428 0.3923809523809524 0.009285714285714286 0.007619047619047619
3 0.5867857142857142 0.3842857142857143 0.0035714285714285713 0.004761904761904762
3 0.5975 0.3514285714285714 0.005 0.007619047619047619
9 0.4878571428571429 0.6976190476190476 0.008571428571428572 0.023809523809523808
1 0.4882142857142857 0.6842857142857143 0.005 0.012380952380952381
3 0.5717857142857142 0.5819047619047619 0.017857142857142856 0.02857142857142857
3 0.5917857142857142 0.4714285714285714 0.010714285714285714 0.013333333333333332
8 0.5710714285714286 0.5 0.012142857142857143 0.026666666666666665
0 0.5839285714285715 0.4257142857142857 0.002142857142857143 0.009523809523809525
0 0.5807142857142857 0.4257142857142857 0.0014285714285714286 0.009523809523809525
9 0.5760714285714286 0.42714285714285716 0.002142857142857143 0.008571428571428572
9 0.5792857142857143 0.41 0.002857142857142857 0.008571428571428572
9 0.5860714285714286 0.4176190476190476 0.0035714285714285713 0.008571428571428572
9 0.59 0.3761904761904762 0.002857142857142857 0.007619047619047619
1 0.59 0.37476190476190474 0.004285714285714286 0.006666666666666666
1 0.5796428571428571 0.4080952380952381 0.002142857142857143 0.004761904761904762
1 0.5860714285714286 0.4157142857142857 0.002142857142857143 0.002857142857142857
1 0.5760714285714286 0.42238095238095236 0.002142857142857143 0.004761904761904762
1 0.6771428571428572 0.44761904761904764 0.002857142857142857 0.005714285714285714
9 0.6767857142857143 0.4523809523809524 0.005 0.013333333333333332
3 0.6478571428571429 0.3914285714285714 0.005714285714285714 0.005714285714285714
3 0.635 0.37666666666666665 0.005714285714285714 0.006666666666666666
3 0.6242857142857143 0.3519047619047619 0.004285714285714286 0.004761904761904762
3 0.6217857142857143 0.3385714285714286 0.0035714285714285713 0.004761904761904762
3 0.6307142857142857 0.3485714285714286 0.002857142857142857 0.0038095238095238095
9 0.7821428571428571 0.7019047619047619 0.015714285714285715 0.009523809523809525
