3 0.44892857142857145 0.8752380952380953 0.062142857142857146 0.13142857142857142
3 0.49392857142857144 0.6880952380952381 0.04642857142857143 0.07523809523809524
3 0.5278571428571428 0.7828571428571428 0.055714285714285716 0.10857142857142857
3 0.7782142857142857 0.9161904761904762 0.07357142857142857 0.13904761904761906
3 0.7257142857142858 0.7147619047619047 0.05 0.08476190476190476
3 0.6396428571428572 0.6028571428571429 0.045 0.05714285714285714
3 0.7175 0.6004761904761905 0.04071428571428572 0.058095238095238096
4 0.7128571428571429 0.5380952380952381 0.03 0.05523809523809524
5 0.5253571428571429 0.5447619047619048 0.04642857142857143 0.09333333333333334
3 0.5371428571428571 0.4828571428571429 0.03428571428571429 0.0380952380952381
3 0.5485714285714286 0.45 0.027142857142857142 0.037142857142857144
3 0.555 0.41 0.024285714285714285 0.037142857142857144
3 0.5621428571428572 0.38142857142857145 0.022857142857142857 0.03333333333333333
3 0.5710714285714286 0.3580952380952381 0.027857142857142858 0.02857142857142857
3 0.5692857142857143 0.3333333333333333 0.03 0.030476190476190476
3 0.5725 0.3161904761904762 0.020714285714285713 0.01904761904761905
3 0.5789285714285715 0.2985714285714286 0.019285714285714285 0.02761904761904762
4 0.5760714285714286 0.2861904761904762 0.03642857142857143 0.023809523809523808
3 0.5667857142857143 0.2680952380952381 0.03642857142857143 0.018095238095238095
3 0.5846428571428571 0.25952380952380955 0.015 0.02
3 0.5878571428571429 0.24428571428571427 0.012857142857142857 0.018095238095238095
3 0.5896428571428571 0.23333333333333334 0.013571428571428571 0.013333333333333332
3 0.5925 0.22380952380952382 0.012142857142857143 0.011428571428571429
3 0.5710714285714286 0.21904761904761905 0.013571428571428571 0.015238095238095238
3 0.5921428571428572 0.21142857142857144 0.02 0.015238095238095238
3 0.6 0.20142857142857143 0.017142857142857144 0.014285714285714285
3 0.6003571428571428 0.19428571428571428 0.015 0.009523809523809525
3 0.5985714285714285 0.18857142857142858 0.012857142857142857 0.011428571428571429
3 0.5992857142857143 0.18047619047619048 0.014285714285714285 0.012380952380952381
3 0.5892857142857143 0.17523809523809525 0.012857142857142857 0.009523809523809525
3 0.5935714285714285 0.16380952380952382 0.008571428571428572 0.009523809523809525
3 0.5932142857142857 0.1595238095238095 0.009285714285714286 0.006666666666666666
3 0.5928571428571429 0.15666666666666668 0.008571428571428572 0.010476190476190476
3 0.5921428571428572 0.14952380952380953 0.012857142857142857 0.011428571428571429
3 0.5857142857142857 0.14285714285714285 0.01 0.009523809523809525
3 0.5825 0.12047619047619047 0.007857142857142858 0.010476190476190476
3 0.5975 0.12523809523809523 0.013571428571428571 0.014285714285714285
3 0.5671428571428572 0.11761904761904762 0.014285714285714285 0.014285714285714285
3 0.6157142857142857 0.13476190476190475 0.007142857142857143 0.008571428571428572
3 0.6171428571428571 0.14 0.01 0.007619047619047619
3 0.6260714285714286 0.14285714285714285 0.010714285714285714 0.009523809523809525
3 0.6289285714285714 0.14523809523809525 0.009285714285714286 0.006666666666666666
3 0.6310714285714286 0.14809523809523809 0.0064285714285714285 0.006666666666666666
3 0.6328571428571429 0.15142857142857144 0.008571428571428572 0.005714285714285714
3 0.6385714285714286 0.15571428571428572 0.008571428571428572 0.006666666666666666
3 0.6392857142857142 0.16 0.01 0.007619047619047619
3 0.6510714285714285 0.16714285714285715 0.010714285714285714 0.008571428571428572
3 0.6510714285714285 0.17714285714285713 0.016428571428571428 0.007619047619047619
3 0.6517857142857143 0.18428571428571427 0.020714285714285713 0.008571428571428572
3 0.6542857142857142 0.18761904761904763 0.02 0.009523809523809525
3 0.6532142857142857 0.19333333333333333 0.027857142857142858 0.011428571428571429
3 0.6553571428571429 0.19904761904761906 0.025 0.013333333333333332
3 0.6564285714285715 0.20285714285714285 0.024285714285714285 0.009523809523809525
3 0.6592857142857143 0.20904761904761904 0.025714285714285714 0.014285714285714285
3 0.6610714285714285 0.21285714285714286 0.025 0.014285714285714285
3 0.6589285714285714 0.21666666666666667 0.02642857142857143 0.014285714285714285
4 0.6582142857142858 0.22428571428571428 0.035 0.02
3 0.6639285714285714 0.23333333333333334 0.02642857142857143 0.015238095238095238
3 0.665 0.23857142857142857 0.03142857142857143 0.014285714285714285
3 0.6642857142857143 0.24285714285714285 0.027142857142857142 0.015238095238095238
3 0.6614285714285715 0.25 0.03 0.014285714285714285
3 0.6657142857142857 0.2542857142857143 0.03142857142857143 0.017142857142857144
3 0.6678571428571428 0.2661904761904762 0.03428571428571429 0.014285714285714285
3 0.6764285714285714 0.2719047619047619 0.03142857142857143 0.018095238095238095
3 0.6735714285714286 0.28523809523809524 0.03571428571428571 0.02
3 0.6646428571428571 0.2923809523809524 0.035 0.01904761904761905
3 0.6682142857142858 0.3019047619047619 0.03357142857142857 0.01904761904761905
3 0.6742857142857143 0.31238095238095237 0.03428571428571429 0.01904761904761905
3 0.6721428571428572 0.3242857142857143 0.03142857142857143 0.02
3 0.68 0.3319047619047619 0.03571428571428571 0.021904761904761906
3 0.675 0.3414285714285714 0.04428571428571428 0.02
3 0.6771428571428572 0.3566666666666667 0.045714285714285714 0.023809523809523808
3 0.6814285714285714 0.3661904761904762 0.04285714285714286 0.025714285714285714
3 0.6853571428571429 0.38285714285714284 0.03642857142857143 0.024761904761904763
3 0.6889285714285714 0.4023809523809524 0.04071428571428572 0.02761904761904762
3 0.6871428571428572 0.42428571428571427 0.03857142857142857 0.03333333333333333
3 0.6996428571428571 0.49047619047619045 0.05357142857142857 0.04380952380952381
3 0.7382142857142857 0.28 0.039285714285714285 0.024761904761904763
5 0.7092857142857143 0.44333333333333336 0.041428571428571426 0.06761904761904762
