4 0.47938413361169097 0.46382189239332094 0.04331941544885177 0.07235621521335807
3 0.5208768267223381 0.42810760667903525 0.033402922755741124 0.045454545454545456
3 0.5657620041753653 0.38636363636363635 0.032359081419624215 0.039888682745825604
0 0.4757306889352818 0.3492578849721707 0.006784968684759916 0.02319109461966605
4 0.6701461377870563 0.28617810760667906 0.025052192066805843 0.036178107606679034
3 0.734081419624217 0.30241187384044527 0.02453027139874739 0.03153988868274583
4 0.6988517745302714 0.2625231910946197 0.022964509394572022 0.03339517625231911
4 0.7137265135699373 0.24721706864564008 0.020354906054279746 0.03432282003710575
4 0.8024530271398747 0.2189239332096475 0.019311064718162838 0.027829313543599257
5 0.830375782881002 0.1859925788497217 0.028183716075156573 0.03803339517625232
3 0.8081941544885176 0.14795918367346939 0.016179540709812108 0.021335807050092765
3 0.8348121085594988 0.11688311688311688 0.017223382045929016 0.01855287569573284
3 0.8828288100208768 0.05519480519480519 0.016179540709812108 0.013914656771799629
1 0.23042797494780792 0.42161410018552875 0.007828810020876827 0.012059369202226345
1 0.32698329853862207 0.4457328385899815 0.004697286012526096 0.02319109461966605
1 0.19911273486430062 0.3079777365491651 0.0057411273486430055 0.016697588126159554
1 0.17327766179540707 0.2699443413729128 0.005219206680584551 0.01855287569573284
3 0.06889352818371607 0.46938775510204084 0.050104384133611686 0.0463821892393321
3 0.027922755741127347 0.45686456400742115 0.050626304801670144 0.041743970315398886
1 0.6054279749478079 0.7026901669758813 0.009394572025052192 0.02504638218923933
9 0.604384133611691 0.7119666048237477 0.01774530271398747 0.0287569573283859
