3 0.4575 0.6605329949238579 0.017857142857142856 0.052030456852791875
3 0.5253571428571429 0.5539340101522843 0.017857142857142856 0.049492385786802026
3 0.5514285714285714 0.5088832487309645 0.017142857142857144 0.04568527918781726
3 0.4632142857142857 0.44035532994923854 0.013571428571428571 0.032994923857868015
3 0.49892857142857144 0.3623096446700507 0.013571428571428571 0.03426395939086294
3 0.5410714285714285 0.25444162436548223 0.010714285714285714 0.026649746192893398
3 0.4710714285714286 0.2379441624365482 0.009285714285714286 0.021573604060913704
3 0.4692857142857143 0.2861675126903553 0.011428571428571429 0.021573604060913704
3 0.4542857142857143 0.24746192893401014 0.011428571428571429 0.025380710659898477
3 0.41714285714285715 0.29441624365482233 0.012857142857142857 0.025380710659898477
3 0.4925 0.10025380710659898 0.0064285714285714285 0.017766497461928932
3 0.49464285714285716 0.06218274111675126 0.007857142857142858 0.012690355329949238
3 0.45071428571428573 0.08565989847715735 0.007142857142857143 0.013959390862944161
3 0.44607142857142856 0.11802030456852791 0.007857142857142858 0.015228426395939085
3 0.45285714285714285 0.046319796954314714 0.005714285714285714 0.011421319796954314
3 0.4789285714285714 0.0038071065989847713 0.0064285714285714285 0.0076142131979695426
4 0.4739285714285714 0.14403553299492386 0.007857142857142858 0.016497461928934008
4 0.43642857142857144 0.13959390862944163 0.008571428571428572 0.017766497461928932
4 0.4775 0.06852791878172589 0.0064285714285714285 0.012690355329949238
3 0.5214285714285715 0.36738578680203043 0.015714285714285715 0.031725888324873094
3 0.4667857142857143 0.3445431472081218 0.012142857142857143 0.031725888324873094
4 0.38607142857142857 0.7335025380710659 0.025 0.06852791878172589
4 0.3632142857142857 0.9086294416243654 0.030714285714285715 0.08375634517766496
4 0.5760714285714286 0.8680203045685279 0.030714285714285715 0.10152284263959391
4 0.4471428571428571 0.9568527918781725 0.02857142857142857 0.08375634517766496
3 0.4017857142857143 0.9549492385786801 0.027857142857142858 0.08756345177664974
8 0.6292857142857143 0.8604060913705583 0.054285714285714284 0.2411167512690355
8 0.4060714285714286 0.5038071065989848 0.03357142857142857 0.13705583756345177
8 0.4342857142857143 0.1947969543147208 0.015714285714285715 0.06218274111675126
8 0.4421428571428571 0.059010152284263956 0.01 0.031725888324873094
8 0.45285714285714285 0.014593908629441623 0.008571428571428572 0.029187817258883246
0 0.42 0.12944162436548223 0.0014285714285714286 0.01015228426395939
0 0.41892857142857143 0.12182741116751268 0.002142857142857143 0.01015228426395939
0 0.4225 0.11421319796954314 0.002142857142857143 0.01015228426395939
0 0.4282142857142857 0.08312182741116751 0.002142857142857143 0.011421319796954314
0 0.42642857142857143 0.08312182741116751 0.002857142857142857 0.011421319796954314
0 0.4235714285714286 0.09581218274111675 0.002857142857142857 0.008883248730964466
1 0.4407142857142857 0.10469543147208121 0.002857142857142857 0.008883248730964466
9 0.4417857142857143 0.10786802030456852 0.0035714285714285713 0.01015228426395939
