5 0.02107142857142857 0.5380710659898477 0.04214285714285714 0.04314720812182741
3 0.09678571428571428 0.5526649746192893 0.05071428571428571 0.03934010152284264
3 0.16357142857142856 0.557741116751269 0.05142857142857143 0.03934010152284264
3 0.23107142857142857 0.572969543147208 0.047857142857142855 0.03680203045685279
3 0.545 0.40862944162436543 0.022857142857142857 0.07360406091370558
8 0.5846428571428571 0.39911167512690354 0.027857142857142858 0.11040609137055837
3 0.5639285714285714 0.2785532994923858 0.020714285714285713 0.06979695431472081
0 0.21357142857142858 0.17322335025380708 0.005714285714285714 0.026649746192893398
0 0.22285714285714286 0.21954314720812182 0.007142857142857143 0.02030456852791878
0 0.24464285714285713 0.2151015228426396 0.007857142857142858 0.021573604060913704
0 0.23 0.19035532994923857 0.007142857142857143 0.02030456852791878
