3 0.08428571428571428 0.939047619047619 0.12285714285714286 0.1219047619047619
4 0.16607142857142856 0.8480952380952381 0.12214285714285714 0.1895238095238095
3 0.44285714285714284 0.939047619047619 0.1357142857142857 0.1219047619047619
3 0.8167857142857143 0.6995238095238095 0.09071428571428572 0.13047619047619047
3 0.6703571428571429 0.5009523809523809 0.06357142857142857 0.09142857142857143
9 0.28964285714285715 0.6057142857142858 0.03214285714285714 0.05333333333333333
0 0.33964285714285714 0.5380952380952381 0.016428571428571428 0.0419047619047619
0 0.35214285714285715 0.5476190476190477 0.017142857142857144 0.0419047619047619
0 0.42642857142857143 0.5485714285714286 0.015714285714285715 0.04380952380952381
0 0.4042857142857143 0.5285714285714286 0.015714285714285715 0.04
3 0.47035714285714286 0.5752380952380952 0.07357142857142857 0.10857142857142857
3 0.4446428571428571 0.4238095238095238 0.04214285714285714 0.07047619047619047
9 0.3507142857142857 0.4361904761904762 0.02 0.04380952380952381
9 0.36464285714285716 0.3514285714285714 0.027857142857142858 0.02857142857142857
0 0.385 0.37952380952380954 0.012857142857142857 0.040952380952380955
0 0.3375 0.36 0.015 0.03619047619047619
0 0.40714285714285714 0.31333333333333335 0.012857142857142857 0.03428571428571429
0 0.42892857142857144 0.24904761904761905 0.013571428571428571 0.03142857142857143
0 0.4010714285714286 0.15761904761904763 0.007857142857142858 0.02761904761904762
9 0.36642857142857144 0.21761904761904763 0.02142857142857143 0.01619047619047619
9 0.3682142857142857 0.20285714285714285 0.019285714285714285 0.01904761904761905
6 0.38535714285714284 0.1980952380952381 0.016428571428571428 0.03428571428571429
9 0.375 0.14095238095238094 0.018571428571428572 0.011428571428571429
9 0.37535714285714283 0.13333333333333333 0.020714285714285713 0.015238095238095238
0 0.36607142857142855 0.10285714285714286 0.0064285714285714285 0.01904761904761905
9 0.375 0.09904761904761905 0.015714285714285715 0.015238095238095238
9 0.375 0.09333333333333334 0.015714285714285715 0.015238095238095238
3 0.375 0.03619047619047619 0.015714285714285715 0.017142857142857144
3 0.37714285714285717 0.011428571428571429 0.015714285714285715 0.015238095238095238
2 0.3539285714285714 0.06904761904761905 0.017857142857142856 0.014285714285714285
3 0.4282142857142857 0.09857142857142857 0.020714285714285713 0.029523809523809525
3 0.4207142857142857 0.07666666666666666 0.02 0.03142857142857143
3 0.47214285714285714 0.14523809523809525 0.022857142857142857 0.03333333333333333
3 0.4639285714285714 0.08619047619047619 0.020714285714285713 0.023809523809523808
4 0.4682142857142857 0.11285714285714285 0.020714285714285713 0.037142857142857144
3 0.45285714285714285 0.0419047619047619 0.015714285714285715 0.024761904761904763
3 0.44642857142857145 0.014761904761904763 0.017142857142857144 0.029523809523809525
3 0.4735714285714286 0.014285714285714285 0.018571428571428572 0.02857142857142857
3 0.6035714285714285 0.22666666666666666 0.03857142857142857 0.047619047619047616
3 0.5632142857142857 0.13095238095238096 0.025 0.03142857142857143
3 0.5342857142857143 0.06666666666666667 0.022857142857142857 0.026666666666666665
3 0.5514285714285714 0.10714285714285714 0.025714285714285714 0.029523809523809525
3 0.5207142857142857 0.035238095238095235 0.02 0.024761904761904763
3 0.5139285714285714 0.020476190476190478 0.017857142857142856 0.021904761904761906
3 0.5767857142857142 0.3976190476190476 0.047857142857142855 0.07904761904761905
3 0.5271428571428571 0.4076190476190476 0.04285714285714286 0.08
3 0.5489285714285714 0.5138095238095238 0.055 0.1
3 0.6785714285714286 0.3880952380952381 0.054285714285714284 0.07142857142857142
