3 0.415187891440501 0.8487940630797773 0.02453027139874739 0.020408163265306124
3 0.48355949895615863 0.7903525046382189 0.020354906054279746 0.014842300556586271
4 0.49556367432150306 0.7801484230055659 0.01826722338204593 0.01855287569573284
3 0.3726513569937369 0.8817254174397031 0.024008350730688934 0.02319109461966605
3 0.36221294363256784 0.890074211502783 0.022964509394572022 0.01948051948051948
3 0.3528183716075156 0.8979591836734694 0.021920668058455113 0.022263450834879406
3 0.34133611691022964 0.9100185528756958 0.022964509394572022 0.022263450834879406
3 0.4240605427974947 0.8404452690166976 0.02139874739039666 0.01855287569573284
3 0.5052192066805845 0.7666975881261595 0.019832985386221292 0.0176252319109462
3 0.5245302713987473 0.7546382189239332 0.016701461377870562 0.013914656771799629
3 0.5156576200417536 0.7611317254174397 0.013569937369519832 0.013914656771799629
3 0.5313152400835073 0.7448979591836735 0.014613778705636741 0.012987012987012988
3 0.7693110647181628 0.7959183673469388 0.01774530271398747 0.014842300556586271
3 0.789144050104384 0.7026901669758813 0.011482254697286011 0.008348794063079777
3 0.5819415448851774 0.6586270871985158 0.011482254697286011 0.0074211502782931356
3 0.5855949895615866 0.6525974025974026 0.012526096033402922 0.010204081632653062
3 0.5905532359081419 0.6507421150278293 0.008872651356993735 0.008348794063079777
3 0.5934237995824634 0.6447124304267161 0.010438413361169102 0.0074211502782931356
3 0.5994258872651357 0.6396103896103896 0.012004175365344467 0.008348794063079777
3 0.6787578288100208 0.602504638218924 0.004697286012526096 0.008348794063079777
4 0.6644050104384133 0.6001855287569573 0.005219206680584551 0.00927643784786642
3 0.16257828810020875 0.9063079777365491 0.02766179540709812 0.03339517625231911
3 0.1534446764091858 0.9837662337662337 0.025052192066805843 0.026901669758812616
5 0.16544885177453025 0.9828385899814471 0.021920668058455113 0.03246753246753247
