3 0.16 0.950952380952381 0.07142857142857142 0.0980952380952381
3 0.43892857142857145 0.1261904761904762 0.02214285714285714 0.05238095238095238
3 0.43535714285714283 0.06428571428571428 0.017857142857142856 0.039047619047619046
3 0.5453571428571429 0.04380952380952381 0.017857142857142856 0.03428571428571429
3 0.5592857142857143 0.11952380952380952 0.02142857142857143 0.035238095238095235
3 0.5871428571428572 0.25761904761904764 0.022857142857142857 0.06952380952380953
3 0.5717857142857142 0.1738095238095238 0.020714285714285713 0.039047619047619046
3 0.5532142857142857 0.08238095238095237 0.020714285714285713 0.035238095238095235
9 0.44107142857142856 0.022857142857142857 0.012142857142857143 0.0419047619047619
9 0.5428571428571428 0.15857142857142856 0.01 0.018095238095238095
3 0.6164285714285714 0.4542857142857143 0.03428571428571429 0.08190476190476191
3 0.6410714285714286 0.5576190476190476 0.04214285714285714 0.09619047619047619
0 0.6246428571428572 0.4080952380952381 0.007857142857142858 0.021904761904761906
3 0.825 0.4595238095238095 0.02 0.04285714285714286
3 0.8232142857142857 0.2980952380952381 0.02642857142857143 0.026666666666666665
9 0.8860714285714286 0.6019047619047619 0.029285714285714286 0.05904761904761905
