4 0.45071428571428573 0.41285714285714287 0.03142857142857143 0.058095238095238096
3 0.49214285714285716 0.3819047619047619 0.03428571428571429 0.0380952380952381
3 0.6417857142857143 0.6290476190476191 0.075 0.08857142857142856
3 0.7542857142857143 0.6428571428571429 0.08285714285714285 0.08571428571428572
3 0.6510714285714285 0.5261904761904762 0.055 0.06
3 0.8789285714285714 0.800952380952381 0.13214285714285715 0.14476190476190476
3 0.6217857142857143 0.4704761904761905 0.04928571428571429 0.05142857142857143
3 0.5682142857142857 0.4114285714285714 0.039285714285714285 0.03619047619047619
3 0.5357142857142857 0.36428571428571427 0.032857142857142856 0.037142857142857144
3 0.41464285714285715 0.33285714285714285 0.025 0.03333333333333333
3 0.2839285714285714 0.40190476190476193 0.027857142857142858 0.04380952380952381
3 0.7014285714285714 0.5004761904761905 0.07571428571428572 0.05047619047619047
3 0.6757142857142857 0.46285714285714286 0.06714285714285714 0.0419047619047619
3 0.6325 0.42523809523809525 0.05785714285714286 0.035238095238095235
3 0.5782142857142857 0.37047619047619046 0.05928571428571429 0.04
3 0.5414285714285715 0.3314285714285714 0.037142857142857144 0.026666666666666665
3 0.5303571428571429 0.3157142857142857 0.03642857142857143 0.02761904761904762
3 0.5032142857142857 0.3314285714285714 0.02642857142857143 0.030476190476190476
3 0.49142857142857144 0.30952380952380953 0.022857142857142857 0.02857142857142857
3 0.3410714285714286 0.1619047619047619 0.007857142857142858 0.009523809523809525
3 0.335 0.14904761904761904 0.005714285714285714 0.008571428571428572
3 0.3871428571428571 0.20857142857142857 0.012857142857142857 0.013333333333333332
3 0.3742857142857143 0.19047619047619047 0.01 0.011428571428571429
3 0.3846428571428571 0.17904761904761904 0.010714285714285714 0.011428571428571429
3 0.36142857142857143 0.14809523809523809 0.007142857142857143 0.008571428571428572
3 0.33035714285714285 0.1438095238095238 0.0064285714285714285 0.007619047619047619
3 0.32857142857142857 0.13904761904761906 0.004285714285714286 0.007619047619047619
3 0.3407142857142857 0.1380952380952381 0.005714285714285714 0.005714285714285714
3 0.3375 0.13380952380952382 0.005 0.008571428571428572
8 0.3482142857142857 0.13285714285714287 0.007857142857142858 0.012380952380952381
3 0.40714285714285714 0.20904761904761904 0.014285714285714285 0.01619047619047619
3 0.4017857142857143 0.20047619047619047 0.010714285714285714 0.012380952380952381
3 0.39964285714285713 0.19428571428571428 0.009285714285714286 0.011428571428571429
3 0.44035714285714284 0.22047619047619046 0.02642857142857143 0.014285714285714285
3 0.4421428571428571 0.22904761904761906 0.015714285714285715 0.014285714285714285
3 0.4525 0.2361904761904762 0.017857142857142856 0.017142857142857144
3 0.4235714285714286 0.22380952380952382 0.011428571428571429 0.01904761904761905
3 0.42857142857142855 0.2580952380952381 0.015714285714285715 0.01904761904761905
3 0.435 0.2438095238095238 0.015714285714285715 0.015238095238095238
3 0.4475 0.2542857142857143 0.017857142857142856 0.02095238095238095
3 0.46785714285714286 0.24904761904761905 0.027142857142857142 0.02
3 0.48178571428571426 0.26476190476190475 0.03214285714285714 0.022857142857142857
3 0.4925 0.2742857142857143 0.03214285714285714 0.01904761904761905
3 0.5007142857142857 0.2857142857142857 0.032857142857142856 0.01904761904761905
3 0.5128571428571429 0.2995238095238095 0.03 0.021904761904761906
3 0.5225 0.2038095238095238 0.020714285714285713 0.011428571428571429
3 0.5375 0.22142857142857142 0.015 0.018095238095238095
3 0.6632142857142858 0.3061904761904762 0.03785714285714286 0.02
3 0.6782142857142857 0.3171428571428571 0.03642857142857143 0.024761904761904763
3 0.2342857142857143 0.3719047619047619 0.054285714285714284 0.037142857142857144
3 0.9467857142857142 0.5738095238095238 0.10357142857142858 0.05619047619047619
3 0.9667857142857142 0.6090476190476191 0.06642857142857143 0.04476190476190476
3 0.9735714285714285 0.6514285714285715 0.05285714285714286 0.07047619047619047
0 0.9614285714285714 0.5076190476190476 0.01 0.04
2 0.9032142857142857 0.4480952380952381 0.019285714285714285 0.03142857142857143
2 0.9221428571428572 0.43047619047619046 0.022857142857142857 0.026666666666666665
3 0.9778571428571429 0.8066666666666666 0.04428571428571428 0.09904761904761905
