3 0.7225 0.5736040609137055 0.085 0.06852791878172589
3 0.9275 0.4898477157360406 0.07357142857142857 0.06091370558375634
3 0.39107142857142857 0.42005076142131975 0.05785714285714286 0.055837563451776644
3 0.09928571428571428 0.31535532994923854 0.054285714285714284 0.04695431472081218
8 0.31357142857142856 0.2785532994923858 0.08 0.06979695431472081
4 0.3342857142857143 0.6624365482233502 0.06142857142857143 0.06091370558375634
3 0.7103571428571429 0.7557106598984771 0.06357142857142857 0.05710659898477157
3 0.57 0.6941624365482233 0.05142857142857143 0.055837563451776644
4 0.6435714285714286 0.723984771573604 0.06428571428571428 0.06472081218274112
5 0.48857142857142855 0.6421319796954315 0.08571428571428572 0.09644670050761421
4 0.8589285714285714 0.7055837563451776 0.07214285714285715 0.05837563451776649
3 0.08892857142857143 0.24365482233502536 0.062142857142857146 0.05837563451776649
8 0.4567857142857143 0.27538071065989844 0.05928571428571429 0.053299492385786795
4 0.8178571428571428 0.2151015228426396 0.018571428571428572 0.049492385786802026
3 0.8396428571428571 0.22525380710659898 0.017857142857142856 0.04187817258883248
5 0.9696428571428571 0.2848984771573604 0.060714285714285714 0.06472081218274112
5 0.9675 0.23730964467005075 0.056428571428571425 0.053299492385786795
5 0.9664285714285714 0.21763959390862941 0.05857142857142857 0.049492385786802026
5 0.9632142857142857 0.1630710659898477 0.04928571428571429 0.05710659898477157
3 0.905 0.291243654822335 0.05285714285714286 0.04187817258883248
3 0.9092857142857143 0.2696700507614213 0.04857142857142857 0.029187817258883246
3 0.9075 0.23921319796954313 0.039285714285714285 0.031725888324873094
4 0.9092857142857143 0.21954314720812182 0.047142857142857146 0.03807106598984771
3 0.9035714285714286 0.20939086294416243 0.037142857142857144 0.025380710659898477
3 0.9060714285714285 0.19416243654822332 0.04071428571428572 0.02284263959390863
3 0.9071428571428571 0.16560913705583755 0.03857142857142857 0.029187817258883246
4 0.9089285714285714 0.14784263959390861 0.04071428571428572 0.03680203045685279
3 0.8403571428571428 0.13388324873096447 0.016428571428571428 0.03680203045685279
3 0.8046428571428571 0.1516497461928934 0.019285714285714285 0.04187817258883248
3 0.8221428571428572 0.12563451776649745 0.01 0.032994923857868015
4 0.8078571428571428 0.11357868020304568 0.015714285714285715 0.03680203045685279
3 0.7914285714285715 0.11611675126903552 0.012857142857142857 0.031725888324873094
3 0.7710714285714285 0.1364213197969543 0.02214285714285714 0.052030456852791875
3 0.7542857142857143 0.13261421319796954 0.02 0.049492385786802026
3 0.6671428571428571 0.032994923857868015 0.02857142857142857 0.027918781725888322
3 0.7007142857142857 0.03807106598984771 0.03428571428571429 0.032994923857868015
3 0.7621428571428571 0.02284263959390863 0.032857142857142856 0.02030456852791878
3 0.7578571428571429 0.05456852791878172 0.03 0.03045685279187817
3 0.7214285714285714 0.2480964467005076 0.03571428571428571 0.031725888324873094
3 0.7217857142857143 0.22842639593908629 0.03642857142857143 0.032994923857868015
3 0.7225 0.20875634517766495 0.03642857142857143 0.03680203045685279
3 0.7253571428571428 0.19289340101522842 0.03642857142857143 0.032994923857868015
3 0.7260714285714286 0.17385786802030456 0.03214285714285714 0.03045685279187817
3 0.7282142857142857 0.15672588832487308 0.03785714285714286 0.03680203045685279
3 0.7160714285714286 0.266497461928934 0.03642857142857143 0.04314720812182741
3 0.735 0.1281725888324873 0.017142857142857144 0.04060913705583756
3 0.7192857142857143 0.12055837563451775 0.02 0.035532994923857864
3 0.7107142857142857 0.09200507614213198 0.017142857142857144 0.03426395939086294
3 0.6932142857142857 0.08692893401015228 0.017857142857142856 0.03680203045685279
3 0.6675 0.10025380710659898 0.019285714285714285 0.04060913705583756
3 0.6785714285714286 0.2531725888324873 0.03142857142857143 0.03934010152284264
4 0.6875 0.2049492385786802 0.023571428571428573 0.026649746192893398
4 0.7728571428571429 0.10532994923857868 0.012857142857142857 0.027918781725888322
4 0.7578571428571429 0.10469543147208121 0.015714285714285715 0.029187817258883246
4 0.7407142857142857 0.09771573604060912 0.018571428571428572 0.027918781725888322
3 0.8939285714285714 0.09454314720812182 0.03357142857142857 0.029187817258883246
4 0.8582142857142857 0.08121827411167512 0.03785714285714286 0.027918781725888322
4 0.7946428571428571 0.06218274111675126 0.03357142857142857 0.035532994923857864
4 0.8003571428571429 0.05012690355329949 0.03357142857142857 0.03426395939086294
4 0.7992857142857143 0.02284263959390863 0.03428571428571429 0.027918781725888322
3 0.8553571428571428 0.06916243654822335 0.04071428571428572 0.026649746192893398
3 0.8596428571428572 0.04758883248730964 0.029285714285714286 0.024111675126903553
3 0.8939285714285714 0.07741116751269035 0.030714285714285715 0.025380710659898477
3 0.8957142857142857 0.05774111675126903 0.03571428571428571 0.031725888324873094
3 0.8960714285714285 0.03362944162436548 0.03214285714285714 0.026649746192893398
3 0.8596428571428572 0.02284263959390863 0.030714285714285715 0.025380710659898477
3 0.9682142857142857 0.11675126903553298 0.029285714285714286 0.03045685279187817
3 0.965 0.09835025380710659 0.03571428571428571 0.031725888324873094
3 0.96 0.06472081218274112 0.03571428571428571 0.03045685279187817
3 0.9542857142857143 0.02347715736040609 0.03428571428571429 0.024111675126903553
3 0.9867857142857143 0.042512690355329945 0.02214285714285714 0.029187817258883246
0 0.5975 0.8331218274111675 0.016428571428571428 0.029187817258883246
0 0.8364285714285714 0.9073604060913705 0.015714285714285715 0.04568527918781726
0 0.11392857142857143 0.6154822335025381 0.013571428571428571 0.02284263959390863
0 0.05821428571428571 0.6840101522842639 0.016428571428571428 0.03045685279187817
0 0.037142857142857144 0.5653553299492385 0.017142857142857144 0.026649746192893398
0 0.6621428571428571 0.6725888324873096 0.01 0.02284263959390863
0 0.3242857142857143 0.682741116751269 0.014285714285714285 0.032994923857868015
3 0.41535714285714287 0.6192893401015228 0.055 0.06091370558375634
3 0.84 0.33375634517766495 0.024285714285714285 0.053299492385786795
3 0.685 0.2309644670050761 0.02857142857142857 0.032994923857868015
3 0.6714285714285714 0.010786802030456852 0.03428571428571429 0.021573604060913704
3 0.9610714285714286 0.05964467005076142 0.030714285714285715 0.027918781725888322
0 0.9864285714285714 0.8845177664974618 0.012857142857142857 0.032994923857868015
