8 0.4875 0.6904761904761905 0.062142857142857146 0.09333333333333334
8 0.4060714285714286 0.5376190476190477 0.08214285714285714 0.11333333333333333
3 0.5778571428571428 0.7576190476190476 0.022857142857142857 0.07142857142857142
3 0.8114285714285714 0.8904761904761904 0.04857142857142857 0.07428571428571429
3 0.6707142857142857 0.37714285714285717 0.037142857142857144 0.05142857142857143
3 0.6203571428571428 0.3161904761904762 0.03357142857142857 0.05142857142857143
3 0.4175 0.01904761904761905 0.030714285714285715 0.0380952380952381
3 0.44857142857142857 0.07047619047619047 0.03 0.0380952380952381
3 0.3507142857142857 0.4338095238095238 0.03142857142857143 0.05238095238095238
3 0.24285714285714285 0.3238095238095238 0.032857142857142856 0.047619047619047616
3 0.21642857142857141 0.3557142857142857 0.03857142857142857 0.021904761904761906
3 0.33107142857142857 0.25857142857142856 0.029285714285714286 0.04476190476190476
3 0.7871428571428571 0.16142857142857142 0.03428571428571429 0.04666666666666667
3 0.12392857142857143 0.10571428571428572 0.027857142857142858 0.0380952380952381
3 0.12285714285714286 0.047142857142857146 0.02857142857142857 0.040952380952380955
4 0.053214285714285714 0.11476190476190476 0.027857142857142858 0.039047619047619046
4 0.048928571428571425 0.03 0.045 0.04285714285714286
3 0.07892857142857143 0.04428571428571428 0.039285714285714285 0.039047619047619046
3 0.09357142857142857 0.08571428571428572 0.03 0.04
3 0.10678571428571429 0.07 0.02214285714285714 0.037142857142857144
3 0.16285714285714287 0.29619047619047617 0.04 0.045714285714285714
3 0.14357142857142857 0.2319047619047619 0.03857142857142857 0.04476190476190476
3 0.12357142857142857 0.19666666666666666 0.03857142857142857 0.040952380952380955
3 0.17607142857142857 0.09857142857142857 0.02642857142857143 0.037142857142857144
4 0.16607142857142856 0.1580952380952381 0.04214285714285714 0.049523809523809526
5 0.19535714285714287 0.04523809523809524 0.03785714285714286 0.05238095238095238
4 0.15821428571428572 0.037142857142857144 0.025 0.030476190476190476
3 0.2317857142857143 0.2423809523809524 0.03214285714285714 0.04476190476190476
3 0.24964285714285714 0.37476190476190474 0.039285714285714285 0.04857142857142857
3 0.2639285714285714 0.30333333333333334 0.035 0.04857142857142857
3 0.28285714285714286 0.2361904761904762 0.02857142857142857 0.045714285714285714
5 0.35642857142857143 0.24428571428571427 0.04857142857142857 0.08476190476190476
4 0.6471428571428571 0.9647619047619047 0.041428571428571426 0.06857142857142857
3 0.9289285714285714 0.9895238095238095 0.029285714285714286 0.02095238095238095
0 0.8132142857142857 0.8019047619047619 0.007857142857142858 0.011428571428571429
0 0.8028571428571428 0.7838095238095238 0.012857142857142857 0.011428571428571429
0 0.8510714285714286 0.5652380952380952 0.007857142857142858 0.008571428571428572
3 0.7775 0.5171428571428571 0.045 0.05904761904761905
3 0.7232142857142857 0.4461904761904762 0.04214285714285714 0.054285714285714284
3 0.9164285714285715 0.2523809523809524 0.04 0.047619047619047616
3 0.9621428571428572 0.30857142857142855 0.037142857142857144 0.049523809523809526
4 0.7003571428571429 0.2542857142857143 0.04357142857142857 0.05142857142857143
5 0.5817857142857142 0.24714285714285714 0.04642857142857143 0.06
0 0.7003571428571429 0.009047619047619047 0.0064285714285714285 0.018095238095238095
0 0.7353571428571428 0.02857142857142857 0.005 0.011428571428571429
3 0.5117857142857143 0.14333333333333334 0.023571428571428573 0.05047619047619047
3 0.48214285714285715 0.11333333333333333 0.032857142857142856 0.0419047619047619
4 0.38571428571428573 0.04047619047619048 0.03857142857142857 0.04666666666666667
0 0.23214285714285715 0.040952380952380955 0.005714285714285714 0.013333333333333332
0 0.22464285714285714 0.039523809523809524 0.0064285714285714285 0.01619047619047619
0 0.03321428571428572 0.0919047619047619 0.007857142857142858 0.012380952380952381
0 0.07285714285714286 0.01619047619047619 0.014285714285714285 0.02095238095238095
9 0.06821428571428571 0.16857142857142857 0.016428571428571428 0.011428571428571429
9 0.15464285714285714 0.33904761904761904 0.010714285714285714 0.017142857142857144
0 0.5182142857142857 0.7609523809523809 0.0064285714285714285 0.009523809523809525
