5 0.10214285714285715 0.6471428571428571 0.12285714285714286 0.09428571428571429
5 0.4542857142857143 0.5742857142857143 0.11142857142857143 0.20761904761904762
4 0.38607142857142857 0.3661904761904762 0.07214285714285715 0.05619047619047619
3 0.30892857142857144 0.15476190476190477 0.02642857142857143 0.040952380952380955
3 0.41214285714285714 0.2733333333333333 0.06714285714285714 0.04380952380952381
0 0.5042857142857143 0.23809523809523808 0.011428571428571429 0.04
3 0.4175 0.43333333333333335 0.04928571428571429 0.0761904761904762
3 0.3757142857142857 0.5019047619047619 0.08 0.08761904761904762
3 0.1875 0.8314285714285714 0.13642857142857143 0.18476190476190477
3 0.6014285714285714 0.5676190476190476 0.08571428571428572 0.10666666666666666
3 0.7810714285714285 0.6680952380952381 0.04928571428571429 0.1438095238095238
3 0.8689285714285714 0.6157142857142857 0.065 0.13238095238095238
3 0.9514285714285714 0.589047619047619 0.07142857142857142 0.12666666666666668
3 0.33535714285714285 0.8866666666666667 0.12785714285714286 0.1980952380952381
3 0.3292857142857143 0.13952380952380952 0.022857142857142857 0.025714285714285714
2 0.2725 0.12095238095238095 0.015 0.013333333333333332
9 0.2953571428571429 0.10047619047619048 0.007857142857142858 0.01619047619047619
2 0.29714285714285715 0.4919047619047619 0.015714285714285715 0.040952380952380955
1 0.39714285714285713 0.5380952380952381 0.014285714285714285 0.0380952380952381
2 0.3989285714285714 0.550952380952381 0.020714285714285713 0.04285714285714286
0 0.7146428571428571 0.3780952380952381 0.009285714285714286 0.0419047619047619
0 0.7232142857142857 0.3423809523809524 0.015 0.039047619047619046
0 0.7585714285714286 0.4014285714285714 0.008571428571428572 0.05047619047619047
0 0.7671428571428571 0.43285714285714283 0.02 0.04476190476190476
0 0.7671428571428571 0.42095238095238097 0.017142857142857144 0.045714285714285714
0 0.7671428571428571 0.4142857142857143 0.017142857142857144 0.05142857142857143
3 0.8053571428571429 0.35619047619047617 0.039285714285714285 0.07047619047619047
3 0.8046428571428571 0.2419047619047619 0.030714285714285715 0.0419047619047619
3 0.8507142857142858 0.32857142857142857 0.04 0.06476190476190476
3 0.8007142857142857 0.18047619047619048 0.025714285714285714 0.039047619047619046
3 0.8475 0.2757142857142857 0.03785714285714286 0.054285714285714284
3 0.8003571428571429 0.14 0.025 0.04
3 0.8325 0.14285714285714285 0.027857142857142858 0.04
3 0.845 0.1742857142857143 0.032857142857142856 0.04
3 0.8296428571428571 0.10142857142857142 0.023571428571428573 0.03333333333333333
4 0.8671428571428571 0.14142857142857143 0.025714285714285714 0.04476190476190476
3 0.8428571428571429 0.21904761904761905 0.032857142857142856 0.05142857142857143
3 0.8635714285714285 0.42523809523809525 0.047142857142857146 0.08476190476190476
3 0.9078571428571428 0.3995238095238095 0.05285714285714286 0.08285714285714285
4 0.8982142857142857 0.3261904761904762 0.04214285714285714 0.07142857142857142
3 0.8864285714285715 0.2780952380952381 0.041428571428571426 0.05142857142857143
3 0.8792857142857143 0.23714285714285716 0.032857142857142856 0.045714285714285714
3 0.8742857142857143 0.19952380952380952 0.03142857142857143 0.04285714285714286
3 0.8575 0.10952380952380952 0.023571428571428573 0.02857142857142857
3 0.85 0.07952380952380952 0.02 0.035238095238095235
3 0.8332142857142857 0.08285714285714285 0.02214285714285714 0.030476190476190476
3 0.8196428571428571 0.039523809523809524 0.015 0.023809523809523808
3 0.8271428571428572 0.03238095238095238 0.012857142857142857 0.02095238095238095
4 0.8085714285714286 0.028095238095238097 0.014285714285714285 0.021904761904761906
3 0.8142857142857143 0.01904761904761905 0.014285714285714285 0.017142857142857144
3 0.8053571428571429 0.007619047619047619 0.013571428571428571 0.015238095238095238
3 0.7867857142857143 0.007142857142857143 0.016428571428571428 0.014285714285714285
3 0.7692857142857142 0.004761904761904762 0.012857142857142857 0.009523809523809525
3 0.7646428571428572 0.009523809523809525 0.012142857142857143 0.017142857142857144
3 0.7667857142857143 0.01904761904761905 0.015 0.01904761904761905
3 0.7696428571428572 0.028095238095238097 0.015 0.018095238095238095
3 0.7742857142857142 0.03857142857142857 0.015714285714285715 0.023809523809523808
3 0.7860714285714285 0.017142857142857144 0.012142857142857143 0.015238095238095238
3 0.7892857142857143 0.026666666666666665 0.012857142857142857 0.017142857142857144
3 0.7914285714285715 0.03761904761904762 0.014285714285714285 0.014285714285714285
8 0.8060714285714285 0.06761904761904762 0.03785714285714286 0.05904761904761905
3 0.8871428571428571 0.09619047619047619 0.022857142857142857 0.02857142857142857
3 0.9153571428571429 0.14 0.030714285714285715 0.03428571428571429
3 0.9196428571428571 0.1880952380952381 0.03214285714285714 0.037142857142857144
3 0.88 0.03 0.022857142857142857 0.021904761904761906
3 0.8585714285714285 0.008571428571428572 0.014285714285714285 0.015238095238095238
5 0.8946428571428572 0.05952380952380952 0.027857142857142858 0.039047619047619046
8 0.9392857142857143 0.1019047619047619 0.054285714285714284 0.07428571428571429
3 0.9614285714285714 0.24142857142857144 0.045714285714285714 0.05619047619047619
3 0.9685714285714285 0.33714285714285713 0.047142857142857146 0.05904761904761905
5 0.9903571428571428 0.11047619047619048 0.017857142857142856 0.04380952380952381
3 0.9896428571428572 0.08190476190476191 0.020714285714285713 0.030476190476190476
0 0.9939285714285714 0.06 0.009285714285714286 0.022857142857142857
0 0.9828571428571429 0.04428571428571428 0.007142857142857143 0.021904761904761906
3 0.9717857142857143 0.07428571428571429 0.020714285714285713 0.02857142857142857
3 0.9646428571428571 0.06190476190476191 0.02214285714285714 0.022857142857142857
3 0.9514285714285714 0.047142857142857146 0.017142857142857144 0.02
3 0.9460714285714286 0.03666666666666667 0.016428571428571428 0.01619047619047619
0 0.9317857142857143 0.026666666666666665 0.005 0.015238095238095238
0 0.9428571428571428 0.017619047619047618 0.004285714285714286 0.018095238095238095
3 0.9360714285714286 0.020476190476190478 0.016428571428571428 0.021904761904761906
4 0.9296428571428571 0.009523809523809525 0.016428571428571428 0.01904761904761905
3 0.9871428571428571 0.032857142857142856 0.018571428571428572 0.023809523809523808
3 0.9878571428571429 0.015238095238095238 0.022857142857142857 0.01904761904761905
3 0.9889285714285714 0.012857142857142857 0.02214285714285714 0.02
3 0.9782142857142857 0.007142857142857143 0.029285714285714286 0.012380952380952381
