3 0.3732142857142857 0.6614285714285715 0.08214285714285714 0.11333333333333333
4 0.4175 0.5561904761904762 0.06357142857142857 0.10666666666666666
3 0.44892857142857145 0.48 0.03785714285714286 0.05142857142857143
3 0.47214285714285714 0.40904761904761905 0.02142857142857143 0.02761904761904762
3 0.48142857142857143 0.3757142857142857 0.02 0.021904761904761906
3 0.45107142857142857 0.34523809523809523 0.020714285714285713 0.018095238095238095
3 0.4782142857142857 0.3557142857142857 0.015 0.01619047619047619
3 0.5878571428571429 0.3823809523809524 0.037142857142857144 0.01619047619047619
3 0.5610714285714286 0.40523809523809523 0.023571428571428573 0.029523809523809525
3 0.645 0.38 0.03428571428571429 0.02095238095238095
3 0.6917857142857143 0.379047619047619 0.03214285714285714 0.017142857142857144
3 0.7542857142857143 0.38142857142857145 0.03428571428571429 0.021904761904761906
3 0.6492857142857142 0.4657142857142857 0.07428571428571429 0.04380952380952381
3 0.8035714285714286 0.6576190476190477 0.14142857142857143 0.08857142857142856
3 0.36714285714285716 0.4828571428571429 0.04285714285714286 0.049523809523809526
3 0.9 0.9557142857142857 0.18857142857142858 0.08857142857142856
3 0.8825 0.8733333333333333 0.22357142857142856 0.12761904761904763
3 0.9617857142857142 0.569047619047619 0.05785714285714286 0.06
