3 0.0415 0.949 0.035 0.043333333333333335
3 0.01875 0.505 0.0145 0.020666666666666667
3 0.0425 0.5236666666666666 0.026000000000000002 0.018
3 0.08 0.5656666666666667 0.018000000000000002 0.016666666666666666
3 0.14300000000000002 0.6076666666666667 0.02 0.019333333333333334
3 0.18 0.633 0.023 0.020666666666666667
3 0.17325000000000002 0.6116666666666667 0.025500000000000002 0.024666666666666667
3 0.29075 0.645 0.0305 0.020666666666666667
3 0.275 0.61 0.012 0.021333333333333333
3 0.292 0.5946666666666667 0.017 0.022666666666666665
3 0.49325 0.969 0.0305 0.06066666666666667
3 0.48775 0.9013333333333333 0.0305 0.05333333333333333
4 0.45725 0.8556666666666667 0.0395 0.04733333333333333
4 0.37525000000000003 0.8019999999999999 0.029500000000000002 0.036
3 0.419 0.409 0.015 0.012666666666666666
3 0.46525 0.381 0.0135 0.014
4 0.43875000000000003 0.39599999999999996 0.0125 0.014666666666666666
3 0.5805 0.352 0.017 0.010666666666666666
3 0.587 0.34299999999999997 0.017 0.012666666666666666
3 0.6052500000000001 0.3393333333333333 0.0135 0.014666666666666666
3 0.5795 0.763 0.026000000000000002 0.03933333333333333
3 0.76 0.714 0.016 0.036
4 0.77875 0.747 0.0175 0.03
4 0.77725 0.6053333333333333 0.0205 0.028
4 0.7887500000000001 0.5826666666666667 0.0155 0.029333333333333333
9 0.80825 0.53 0.0035 0.010666666666666666
1 0.808 0.525 0.007 0.008666666666666666
3 0.85975 0.449 0.0205 0.016666666666666666
3 0.8300000000000001 0.442 0.024 0.017333333333333333
3 0.7967500000000001 0.4363333333333333 0.021500000000000002 0.018
3 0.80775 0.4323333333333333 0.0185 0.018
3 0.7927500000000001 0.41666666666666663 0.0195 0.014666666666666666
3 0.7987500000000001 0.4103333333333333 0.0185 0.014
3 0.8085 0.40166666666666667 0.02 0.014
3 0.7985 0.39499999999999996 0.017 0.01
3 0.7745 0.39899999999999997 0.018000000000000002 0.015333333333333332
3 0.7815 0.39599999999999996 0.018000000000000002 0.014666666666666666
3 0.7645000000000001 0.38466666666666666 0.021 0.016
3 0.7545000000000001 0.33799999999999997 0.019 0.009333333333333332
3 0.7585000000000001 0.3333333333333333 0.014 0.008
3 0.7615000000000001 0.3273333333333333 0.014 0.008
3 0.76525 0.32366666666666666 0.0185 0.008666666666666666
3 0.76975 0.3203333333333333 0.0115 0.008666666666666666
3 0.77575 0.3163333333333333 0.0125 0.008666666666666666
3 0.77875 0.3113333333333333 0.0155 0.009333333333333332
3 0.78425 0.303 0.0155 0.008666666666666666
3 0.78925 0.29833333333333334 0.0165 0.008666666666666666
3 0.79525 0.29 0.0125 0.009333333333333332
3 0.7967500000000001 0.285 0.0115 0.008666666666666666
4 0.802 0.27999999999999997 0.009000000000000001 0.006666666666666666
3 0.807 0.27499999999999997 0.012 0.007333333333333333
3 0.812 0.27366666666666667 0.012 0.01
3 0.81325 0.26966666666666667 0.0105 0.007333333333333333
3 0.8160000000000001 0.2653333333333333 0.009000000000000001 0.005333333333333333
3 0.81975 0.2633333333333333 0.0095 0.008
3 0.82275 0.257 0.0115 0.006
3 0.8270000000000001 0.255 0.011 0.006
3 0.8270000000000001 0.251 0.012 0.007333333333333333
3 0.83425 0.24566666666666667 0.0115 0.007333333333333333
3 0.83675 0.24266666666666667 0.0115 0.005333333333333333
3 0.8395 0.23866666666666667 0.01 0.005333333333333333
3 0.843 0.23533333333333334 0.008 0.004
3 0.84575 0.23266666666666666 0.0085 0.004
3 0.8472500000000001 0.22899999999999998 0.0085 0.007333333333333333
3 0.84975 0.22566666666666665 0.0075 0.006
3 0.85275 0.22466666666666665 0.0095 0.006666666666666666
3 0.85775 0.22166666666666665 0.0095 0.006
3 0.8582500000000001 0.21766666666666665 0.0095 0.006
3 0.0635 0.26766666666666666 0.016 0.016666666666666666
