5 0.13785714285714284 0.7238095238095238 0.17714285714285713 0.08
3 0.6835714285714286 0.5033333333333333 0.04428571428571428 0.03333333333333333
3 0.6517857142857143 0.42333333333333334 0.029285714285714286 0.040952380952380955
3 0.6089285714285714 0.439047619047619 0.020714285714285713 0.03238095238095238
3 0.4667857142857143 0.4014285714285714 0.016428571428571428 0.035238095238095235
9 0.3842857142857143 0.48714285714285716 0.008571428571428572 0.023809523809523808
6 0.4 0.29285714285714287 0.012857142857142857 0.02761904761904762
0 0.5282142857142857 0.3619047619047619 0.0064285714285714285 0.01904761904761905
3 0.45785714285714285 0.16047619047619047 0.011428571428571429 0.01619047619047619
5 0.44392857142857145 0.07666666666666666 0.010714285714285714 0.023809523809523808
5 0.4407142857142857 0.03190476190476191 0.012857142857142857 0.037142857142857144
3 0.44285714285714284 0.05476190476190476 0.008571428571428572 0.012380952380952381
3 0.45357142857142857 0.04285714285714286 0.005714285714285714 0.015238095238095238
3 0.4521428571428571 0.025714285714285714 0.007142857142857143 0.011428571428571429
3 0.4907142857142857 0.025238095238095237 0.015714285714285715 0.012380952380952381
3 0.4975 0.05238095238095238 0.013571428571428571 0.009523809523809525
2 0.4632142857142857 0.12 0.005 0.013333333333333332
