3 0.35625 0.632 0.0565 0.10533333333333333
3 0.32225 0.5106666666666666 0.0895 0.07066666666666667
3 0.3145 0.41966666666666663 0.084 0.046
3 0.34225 0.377 0.0335 0.046
4 0.329 0.3353333333333333 0.025 0.048
0 0.2975 0.3406666666666667 0.012 0.03333333333333333
0 0.2965 0.325 0.007 0.020666666666666667
0 0.30725 0.32766666666666666 0.0085 0.04066666666666666
0 0.28975 0.29933333333333334 0.0085 0.029333333333333333
1 0.3125 0.33999999999999997 0.008 0.025333333333333333
3 0.32725 0.31066666666666665 0.025500000000000002 0.032
3 0.39475 0.29833333333333334 0.0265 0.035333333333333335
1 0.33325 0.19599999999999998 0.0075 0.006666666666666666
9 0.334 0.20366666666666666 0.007 0.012666666666666666
3 0.36125 0.20333333333333334 0.0155 0.02
3 0.385 0.215 0.016 0.02733333333333333
3 0.39775 0.19133333333333333 0.0165 0.021333333333333333
3 0.40950000000000003 0.12033333333333333 0.009000000000000001 0.012666666666666666
3 0.36875 0.14366666666666666 0.0125 0.012666666666666666
3 0.31 0.15866666666666665 0.027 0.013333333333333332
3 0.28350000000000003 0.15233333333333332 0.025 0.011333333333333332
3 0.29 0.14033333333333334 0.02 0.011333333333333332
3 0.28400000000000003 0.18633333333333332 0.043000000000000003 0.048666666666666664
3 0.06675 0.15666666666666665 0.0185 0.014666666666666666
3 0.08600000000000001 0.146 0.015 0.014666666666666666
3 0.08700000000000001 0.155 0.014 0.011333333333333332
3 0.08825 0.16566666666666666 0.021500000000000002 0.011333333333333332
4 0.1365 0.162 0.088 0.036
3 0.18775 0.14466666666666667 0.0115 0.012
3 0.203 0.14433333333333334 0.015 0.012666666666666666
3 0.20575000000000002 0.15166666666666667 0.0135 0.015333333333333332
3 0.22075 0.15233333333333332 0.0155 0.014
3 0.23750000000000002 0.15233333333333332 0.015 0.012666666666666666
3 0.23 0.163 0.029 0.014
3 0.19575 0.16333333333333333 0.0235 0.013333333333333332
3 0.1805 0.20533333333333334 0.044 0.02
3 0.1975 0.19 0.04 0.022666666666666665
3 0.21375 0.177 0.035500000000000004 0.016666666666666666
1 0.3255 0.12166666666666666 0.004 0.006
1 0.32725 0.11633333333333333 0.0025 0.006
1 0.32325 0.07766666666666666 0.0025 0.004666666666666666
9 0.32275 0.08033333333333333 0.0025 0.004666666666666666
9 0.3255 0.12566666666666665 0.005 0.006
9 0.327 0.11766666666666667 0.002 0.003333333333333333
3 0.336 0.11333333333333333 0.008 0.012
5 0.33175 0.10166666666666667 0.0115 0.016666666666666666
4 0.34025 0.10166666666666667 0.0075 0.011333333333333332
3 0.35275 0.109 0.0075 0.008666666666666666
3 0.34500000000000003 0.094 0.007 0.010666666666666666
5 0.387 0.09466666666666666 0.01 0.014666666666666666
5 0.3765 0.07966666666666666 0.007 0.012666666666666666
3 0.37 0.07766666666666666 0.005 0.008666666666666666
3 0.36625 0.08033333333333333 0.0055 0.006
0 0.3665 0.06666666666666667 0.003 0.005333333333333333
3 0.304 0.08233333333333333 0.004 0.007333333333333333
3 0.3115 0.08166666666666667 0.005 0.007333333333333333
5 0.31025 0.07066666666666667 0.0075 0.013333333333333332
3 0.30375 0.062 0.0085 0.005333333333333333
5 0.31725000000000003 0.059666666666666666 0.0275 0.012666666666666666
0 0.062 0.3913333333333333 0.013000000000000001 0.042666666666666665
3 0.07975 0.3393333333333333 0.051500000000000004 0.04133333333333333
3 0.17375000000000002 0.3913333333333333 0.0365 0.04133333333333333
3 0.4975 0.161 0.013000000000000001 0.020666666666666667
0 0.51375 0.165 0.0045000000000000005 0.019333333333333334
3 0.54875 0.26166666666666666 0.0265 0.026
6 0.5735 0.21566666666666667 0.011 0.016666666666666666
3 0.6525 0.2773333333333333 0.034 0.025333333333333333
3 0.68 0.298 0.039 0.028
3 0.7115 0.3213333333333333 0.047 0.034666666666666665
3 0.74725 0.3496666666666667 0.0535 0.03666666666666667
3 0.82525 0.3843333333333333 0.0615 0.046
3 0.898 0.433 0.074 0.054
3 0.94475 0.45766666666666667 0.0725 0.06866666666666667
0 0.84775 0.4363333333333333 0.0165 0.054
3 0.2985 0.08166666666666667 0.006 0.008666666666666666
3 0.35775 0.067 0.0045000000000000005 0.006
5 0.34575 0.05633333333333333 0.0055 0.011333333333333332
3 0.37225 0.06 0.0075 0.005333333333333333
