3 0.3582142857142857 0.947969543147208 0.02642857142857143 0.09644670050761421
5 0.40464285714285714 0.9378172588832486 0.045 0.12182741116751268
3 0.4417857142857143 0.7442893401015228 0.02642857142857143 0.15355329949238578
3 0.5146428571428572 0.9758883248730964 0.023571428571428573 0.04568527918781726
3 0.5217857142857143 0.8102791878172588 0.027857142857142858 0.11548223350253806
3 0.5532142857142857 0.7036802030456852 0.02642857142857143 0.11548223350253806
3 0.515 0.5704314720812182 0.02857142857142857 0.11294416243654821
3 0.3964285714285714 0.4365482233502538 0.025714285714285714 0.13451776649746192
3 0.44357142857142856 0.42703045685279184 0.022857142857142857 0.09010152284263959
3 0.5110714285714286 0.4181472081218274 0.02642857142857143 0.10279187817258882
5 0.5521428571428572 0.40736040609137053 0.037142857142857144 0.2411167512690355
3 0.5082142857142857 0.2506345177664974 0.02642857142857143 0.08756345177664974
3 0.43107142857142855 0.19416243654822332 0.023571428571428573 0.11167512690355329
4 0.505 0.0881979695431472 0.03142857142857143 0.12309644670050761
3 0.22035714285714286 0.2151015228426396 0.05357142857142857 0.05710659898477157
