3 0.5178571428571429 0.7519035532994923 0.025714285714285714 0.06472081218274112
3 0.5192857142857142 0.5958121827411167 0.02 0.04441624365482233
3 0.48892857142857143 0.38642131979695427 0.016428571428571428 0.024111675126903553
3 0.5289285714285714 0.39974619289340096 0.019285714285714285 0.03045685279187817
3 0.45785714285714285 0.3102791878172589 0.012857142857142857 0.019035532994923856
3 0.4517857142857143 0.27347715736040606 0.012142857142857143 0.019035532994923856
3 0.4307142857142857 0.24555837563451774 0.012857142857142857 0.019035532994923856
3 0.4114285714285714 0.2480964467005076 0.012857142857142857 0.019035532994923856
3 0.4257142857142857 0.22652284263959388 0.012857142857142857 0.019035532994923856
3 0.38107142857142856 0.16751269035532992 0.012142857142857143 0.012690355329949238
3 0.37035714285714283 0.17068527918781726 0.010714285714285714 0.013959390862944161
3 0.3767857142857143 0.2017766497461929 0.010714285714285714 0.012690355329949238
3 0.3392857142857143 0.16878172588832485 0.011428571428571429 0.012690355329949238
3 0.3225 0.16878172588832485 0.010714285714285714 0.012690355329949238
3 0.31392857142857145 0.14720812182741116 0.010714285714285714 0.012690355329949238
3 0.28285714285714286 0.15989847715736039 0.01 0.01015228426395939
3 0.28714285714285714 0.1465736040609137 0.01 0.013959390862944161
3 0.2671428571428571 0.14720812182741116 0.008571428571428572 0.012690355329949238
5 0.355 0.19225888324873094 0.018571428571428572 0.024111675126903553
3 0.25214285714285717 0.13578680203045684 0.01 0.01015228426395939
3 0.2507142857142857 0.12626903553299493 0.008571428571428572 0.008883248730964466
3 0.2357142857142857 0.12182741116751268 0.01 0.01015228426395939
3 0.18071428571428572 0.11230964467005075 0.01 0.011421319796954314
3 0.09464285714285714 0.09644670050761421 0.007857142857142858 0.01015228426395939
3 0.10535714285714286 0.09327411167512689 0.0064285714285714285 0.008883248730964466
3 0.11321428571428571 0.09200507614213198 0.007857142857142858 0.008883248730964466
3 0.14107142857142857 0.11040609137055837 0.0064285714285714285 0.0076142131979695426
3 0.24678571428571427 0.14022842639593908 0.009285714285714286 0.008883248730964466
5 0.1707142857142857 0.12055837563451775 0.017142857142857144 0.017766497461928932
8 0.12785714285714286 0.10659898477157359 0.02 0.025380710659898477
4 0.16035714285714286 0.11294416243654821 0.009285714285714286 0.01015228426395939
4 0.5096428571428572 0.4873096446700507 0.017857142857142856 0.04060913705583756
5 0.4928571428571429 0.9600253807106598 0.047142857142857146 0.07741116751269035
4 0.2475 0.4149746192893401 0.017857142857142856 0.035532994923857864
5 0.1492857142857143 0.35406091370558374 0.025714285714285714 0.04060913705583756
5 0.17107142857142857 0.49809644670050757 0.027857142857142858 0.05710659898477157
5 0.07071428571428572 0.30076142131979694 0.022857142857142857 0.035532994923857864
4 0.19357142857142856 0.12373096446700507 0.011428571428571429 0.011421319796954314
5 0.09785714285714285 0.08312182741116751 0.008571428571428572 0.013959390862944161
8 0.061785714285714284 0.07868020304568528 0.012142857142857143 0.02030456852791878
3 0.07035714285714285 0.0881979695431472 0.0064285714285714285 0.008883248730964466
3 0.07678571428571429 0.08756345177664974 0.005 0.0076142131979695426
3 0.08142857142857143 0.08439086294416243 0.005714285714285714 0.008883248730964466
3 0.07285714285714286 0.07550761421319796 0.005714285714285714 0.008883248730964466
3 0.08928571428571429 0.07677664974619289 0.005714285714285714 0.008883248730964466
3 0.10071428571428571 0.7093908629441624 0.047142857142857146 0.032994923857868015
3 0.115 0.7252538071065989 0.04285714285714286 0.026649746192893398
3 0.10642857142857143 0.7607868020304568 0.045714285714285714 0.029187817258883246
3 0.09964285714285714 0.7779187817258882 0.04214285714285714 0.04314720812182741
