3 0.4925 0.9704761904761905 0.02214285714285714 0.05333333333333333
3 0.6125 0.98 0.025 0.04
3 0.6028571428571429 0.8028571428571428 0.02 0.05333333333333333
3 0.5725 0.3219047619047619 0.012142857142857143 0.015238095238095238
3 0.5767857142857142 0.29 0.010714285714285714 0.010476190476190476
3 0.5792857142857143 0.2661904761904762 0.01 0.012380952380952381
3 0.5914285714285714 0.2180952380952381 0.008571428571428572 0.009523809523809525
3 0.5903571428571428 0.18571428571428572 0.009285714285714286 0.011428571428571429
8 0.5903571428571428 0.15285714285714286 0.009285714285714286 0.02
4 0.6035714285714285 0.7438095238095238 0.017142857142857144 0.04380952380952381
4 0.6017857142857143 0.69 0.015 0.039047619047619046
3 0.5989285714285715 0.5438095238095239 0.012142857142857143 0.026666666666666665
3 0.5439285714285714 0.47523809523809524 0.012142857142857143 0.02095238095238095
5 0.5996428571428571 0.4942857142857143 0.017857142857142856 0.07047619047619047
3 0.7010714285714286 0.41 0.020714285714285713 0.014285714285714285
0 0.5289285714285714 0.5519047619047619 0.007857142857142858 0.01619047619047619
9 0.5582142857142857 0.6785714285714286 0.007857142857142858 0.021904761904761906
9 0.5457142857142857 0.6633333333333333 0.007142857142857143 0.02
9 0.5489285714285714 0.6014285714285714 0.0064285714285714285 0.01619047619047619
9 0.5728571428571428 0.5976190476190476 0.007142857142857143 0.018095238095238095
9 0.56 0.5842857142857143 0.007142857142857143 0.014285714285714285
9 0.5457142857142857 0.5557142857142857 0.007142857142857143 0.01619047619047619
9 0.5642857142857143 0.5319047619047619 0.007142857142857143 0.014285714285714285
9 0.5717857142857142 0.43714285714285717 0.007857142857142858 0.017142857142857144
9 0.4607142857142857 0.849047619047619 0.02 0.01619047619047619
9 0.42607142857142855 0.8519047619047619 0.017857142857142856 0.012380952380952381
5 0.425 0.9004761904761904 0.06857142857142857 0.05047619047619047
5 0.6082142857142857 0.8857142857142857 0.023571428571428573 0.08
5 0.5092857142857142 0.78 0.017142857142857144 0.0380952380952381
0 0.49214285714285716 0.7871428571428571 0.008571428571428572 0.018095238095238095
9 0.5146428571428572 0.7347619047619047 0.013571428571428571 0.012380952380952381
9 0.5175 0.7204761904761905 0.015 0.01619047619047619
9 0.5392857142857143 0.7666666666666667 0.007142857142857143 0.022857142857142857
6 0.5982142857142857 0.6066666666666667 0.016428571428571428 0.03238095238095238
6 0.5989285714285715 0.5780952380952381 0.015 0.024761904761904763
3 0.8882142857142857 0.4219047619047619 0.029285714285714286 0.01904761904761905
3 0.9210714285714285 0.4238095238095238 0.029285714285714286 0.015238095238095238
3 0.9575 0.4257142857142857 0.030714285714285715 0.013333333333333332
3 0.8085714285714286 0.4195238095238095 0.03 0.014285714285714285
3 0.9885714285714285 0.42714285714285716 0.022857142857142857 0.01619047619047619
3 0.7296428571428571 0.41333333333333333 0.025 0.015238095238095238
3 0.7660714285714286 0.4166666666666667 0.025 0.012380952380952381
