3 0.21464285714285714 0.9542857142857143 0.09071428571428572 0.09142857142857143
3 0.3578571428571429 0.8442857142857143 0.07571428571428572 0.19333333333333333
3 0.5335714285714286 0.9504761904761905 0.07857142857142857 0.09904761904761905
3 0.6535714285714286 0.9361904761904762 0.08571428571428572 0.12761904761904763
8 0.5328571428571428 0.6242857142857143 0.09142857142857143 0.32095238095238093
3 0.45571428571428574 0.5980952380952381 0.05285714285714286 0.1180952380952381
3 0.3678571428571429 0.6676190476190477 0.05714285714285714 0.1180952380952381
3 0.7117857142857142 0.8176190476190476 0.09071428571428572 0.17047619047619048
3 0.6389285714285714 0.5238095238095238 0.060714285714285714 0.09523809523809523
0 0.6303571428571428 0.6833333333333333 0.023571428571428573 0.054285714285714284
4 0.6664285714285715 0.638095238095238 0.06142857142857143 0.10476190476190476
3 0.54 0.39714285714285713 0.037142857142857144 0.06476190476190476
9 0.4132142857142857 0.6290476190476191 0.019285714285714285 0.04857142857142857
9 0.8703571428571428 0.66 0.025 0.07047619047619047
3 0.7575 0.45476190476190476 0.05071428571428571 0.07904761904761905
3 0.7882142857142858 0.539047619047619 0.06642857142857143 0.11047619047619048
3 0.4075 0.3638095238095238 0.035 0.07428571428571429
3 0.4182142857142857 0.31285714285714283 0.04357142857142857 0.054285714285714284
3 0.42607142857142855 0.2257142857142857 0.027857142857142858 0.04380952380952381
9 0.5253571428571429 0.29428571428571426 0.015 0.03238095238095238
0 0.5257142857142857 0.2857142857142857 0.012857142857142857 0.02095238095238095
9 0.455 0.23285714285714285 0.012857142857142857 0.02761904761904762
1 0.4539285714285714 0.2280952380952381 0.012142857142857143 0.02761904761904762
3 0.3632142857142857 0.15619047619047619 0.025 0.03428571428571429
3 0.43392857142857144 0.1738095238095238 0.03642857142857143 0.03142857142857143
4 0.3917857142857143 0.14904761904761904 0.02214285714285714 0.04476190476190476
3 0.5903571428571428 0.2652380952380952 0.04357142857142857 0.039047619047619046
4 0.5660714285714286 0.24666666666666667 0.05071428571428571 0.05142857142857143
3 0.5510714285714285 0.19142857142857142 0.045 0.03238095238095238
3 0.5471428571428572 0.17047619047619048 0.04428571428571428 0.026666666666666665
3 0.5425 0.14857142857142858 0.04642857142857143 0.026666666666666665
3 0.54 0.13428571428571429 0.04 0.022857142857142857
3 0.5335714285714286 0.1 0.03571428571428571 0.024761904761904763
9 0.47214285714285714 0.16285714285714287 0.01 0.022857142857142857
1 0.4710714285714286 0.15571428571428572 0.007857142857142858 0.018095238095238095
9 0.5025 0.08761904761904762 0.0064285714285714285 0.015238095238095238
1 0.5025 0.08333333333333333 0.0064285714285714285 0.012380952380952381
3 0.4425 0.14761904761904762 0.04214285714285714 0.02857142857142857
3 0.4442857142857143 0.12142857142857143 0.04285714285714286 0.02761904761904762
0 0.4517857142857143 0.07761904761904762 0.0064285714285714285 0.02
9 0.45321428571428574 0.09095238095238095 0.012142857142857143 0.012380952380952381
3 0.4492857142857143 0.07476190476190477 0.032857142857142856 0.021904761904761906
3 0.4492857142857143 0.056666666666666664 0.032857142857142856 0.025714285714285714
3 0.4546428571428571 0.048095238095238094 0.030714285714285715 0.02
3 0.45285714285714285 0.03619047619047619 0.02857142857142857 0.017142857142857144
3 0.5196428571428572 0.037142857142857144 0.027857142857142858 0.01904761904761905
0 0.49535714285714283 0.019523809523809523 0.005 0.01619047619047619
0 0.5007142857142857 0.02 0.005714285714285714 0.015238095238095238
3 0.5167857142857143 0.02095238095238095 0.023571428571428573 0.017142857142857144
4 0.39535714285714285 0.024285714285714285 0.015 0.021904761904761906
3 0.5146428571428572 0.009523809523809525 0.02642857142857143 0.015238095238095238
3 0.4575 0.008571428571428572 0.019285714285714285 0.015238095238095238
3 0.3742857142857143 0.05476190476190476 0.03428571428571429 0.018095238095238095
9 0.34 0.13238095238095238 0.008571428571428572 0.01904761904761905
0 0.3678571428571429 0.09619047619047619 0.007142857142857143 0.022857142857142857
0 0.35928571428571426 0.09619047619047619 0.005714285714285714 0.01904761904761905
0 0.36392857142857143 0.0980952380952381 0.0064285714285714285 0.02095238095238095
4 0.33714285714285713 0.11761904761904762 0.03 0.03142857142857143
3 0.3964285714285714 0.09904761904761905 0.015714285714285715 0.03428571428571429
0 0.41535714285714287 0.14095238095238094 0.005 0.01904761904761905
3 0.39964285714285713 0.011428571428571429 0.027857142857142858 0.015238095238095238
3 0.375 0.007142857142857143 0.01 0.012380952380952381
3 0.24357142857142858 0.2019047619047619 0.05 0.03428571428571429
9 0.1467857142857143 0.520952380952381 0.04357142857142857 0.026666666666666665
9 0.07785714285714286 0.6071428571428571 0.03571428571428571 0.04476190476190476
0 0.7235714285714285 0.22285714285714286 0.008571428571428572 0.02857142857142857
2 0.7775 0.24142857142857144 0.016428571428571428 0.02
4 0.6785714285714286 0.22428571428571428 0.03142857142857143 0.054285714285714284
3 0.6475 0.22238095238095237 0.030714285714285715 0.04285714285714286
0 0.6467857142857143 0.19285714285714287 0.007857142857142858 0.023809523809523808
3 0.6321428571428571 0.18476190476190477 0.02857142857142857 0.0380952380952381
3 0.6160714285714286 0.1380952380952381 0.025 0.026666666666666665
3 0.5985714285714285 0.10952380952380952 0.018571428571428572 0.026666666666666665
9 0.6107142857142858 0.0719047619047619 0.012857142857142857 0.014285714285714285
4 0.5875 0.08761904761904762 0.017857142857142856 0.03238095238095238
3 0.5775 0.06285714285714286 0.016428571428571428 0.022857142857142857
3 0.5642857142857143 0.03190476190476191 0.025714285714285714 0.018095238095238095
3 0.5357142857142857 0.1519047619047619 0.024285714285714285 0.07142857142857142
3 0.6067857142857143 0.011428571428571429 0.012142857142857143 0.02095238095238095
0 0.6382142857142857 0.07476190476190477 0.0064285714285714285 0.021904761904761906
3 0.6210714285714286 0.010952380952380953 0.012142857142857143 0.02
3 0.5646428571428571 0.023333333333333334 0.030714285714285715 0.018095238095238095
4 0.5692857142857143 0.017142857142857144 0.025714285714285714 0.02095238095238095
4 0.5760714285714286 0.011904761904761904 0.02214285714285714 0.01619047619047619
0 0.8121428571428572 0.24571428571428572 0.012857142857142857 0.03428571428571429
3 0.26535714285714285 0.680952380952381 0.030714285714285715 0.0761904761904762
0 0.3225 0.3757142857142857 0.012142857142857143 0.035238095238095235
3 0.3482142857142857 0.37714285714285717 0.035 0.049523809523809526
