9 0.5310714285714285 0.09428571428571429 0.025 0.02095238095238095
9 0.5332142857142858 0.06285714285714286 0.025 0.01904761904761905
9 0.41892857142857143 0.15333333333333332 0.012142857142857143 0.030476190476190476
9 0.41214285714285714 0.2423809523809524 0.01 0.040952380952380955
1 0.1425 0.3357142857142857 0.015 0.01619047619047619
9 0.145 0.3438095238095238 0.018571428571428572 0.0380952380952381
9 0.1075 0.018095238095238095 0.025 0.02095238095238095
9 0.10178571428571428 0.030952380952380953 0.029285714285714286 0.023809523809523808
9 0.09178571428571429 0.05523809523809524 0.027857142857142858 0.022857142857142857
9 0.07607142857142857 0.08190476190476191 0.02642857142857143 0.022857142857142857
9 0.03214285714285714 0.17761904761904762 0.025714285714285714 0.021904761904761906
9 0.02107142857142857 0.19238095238095237 0.027857142857142858 0.022857142857142857
9 0.019642857142857142 0.21 0.025 0.021904761904761906
9 0.010714285714285714 0.2342857142857143 0.02142857142857143 0.022857142857142857
9 0.014285714285714285 0.29428571428571426 0.02857142857142857 0.026666666666666665
3 0.35214285714285715 0.8690476190476191 0.055714285714285716 0.14761904761904762
3 0.3867857142857143 0.68 0.05357142857142857 0.13333333333333333
3 0.4317857142857143 0.43761904761904763 0.04214285714285714 0.09619047619047619
3 0.47285714285714286 0.2276190476190476 0.04 0.0761904761904762
3 0.655 0.33285714285714285 0.07857142857142857 0.05619047619047619
7 0.5628571428571428 0.1295238095238095 0.022857142857142857 0.05714285714285714
5 0.5007142857142857 0.07333333333333333 0.02857142857142857 0.05904761904761905
4 0.037142857142857144 0.23761904761904762 0.05 0.08095238095238096
3 0.1125 0.09333333333333334 0.05928571428571429 0.07428571428571429
