3 0.8010714285714285 0.2614213197969543 0.04071428571428572 0.07360406091370558
0 0.4807142857142857 0.06345177664974619 0.005714285714285714 0.027918781725888322
0 0.49 0.05647208121827411 0.004285714285714286 0.013959390862944161
0 0.4957142857142857 0.08439086294416243 0.007142857142857143 0.029187817258883246
0 0.5010714285714286 0.08502538071065989 0.0064285714285714285 0.025380710659898477
0 0.48964285714285716 0.3362944162436548 0.005 0.027918781725888322
0 0.49535714285714283 0.3413705583756345 0.007857142857142858 0.027918781725888322
0 0.5546428571428571 0.258248730964467 0.007857142857142858 0.021573604060913704
0 0.57 0.28743654822335024 0.004285714285714286 0.021573604060913704
0 0.4632142857142857 0.24746192893401014 0.009285714285714286 0.015228426395939085
0 0.4757142857142857 0.1846446700507614 0.005714285714285714 0.024111675126903553
0 0.48178571428571426 0.18654822335025378 0.005 0.02284263959390863
0 0.49107142857142855 0.18654822335025378 0.005 0.02284263959390863
0 0.4928571428571429 0.18274111675126903 0.004285714285714286 0.025380710659898477
0 0.4575 0.6516497461928934 0.009285714285714286 0.03934010152284264
0 0.49892857142857144 0.6884517766497461 0.0064285714285714285 0.021573604060913704
1 0.6310714285714286 0.6776649746192893 0.017857142857142856 0.025380710659898477
1 0.6378571428571429 0.6668781725888324 0.01 0.026649746192893398
1 0.6332142857142857 0.43718274111675126 0.012142857142857143 0.016497461928934008
0 0.6767857142857143 0.4308375634517766 0.007857142857142858 0.03426395939086294
1 0.5878571428571429 0.08375634517766496 0.007142857142857143 0.015228426395939085
1 0.5946428571428571 0.08756345177664974 0.0064285714285714285 0.012690355329949238
0 0.6032142857142857 0.05964467005076142 0.0064285714285714285 0.02284263959390863
1 0.5435714285714286 0.07423857868020305 0.015714285714285715 0.008883248730964466
1 0.5421428571428571 0.06408629441624365 0.007142857142857143 0.013959390862944161
