3 0.6589285714285714 0.6757142857142857 0.10642857142857143 0.13238095238095238
3 0.5664285714285714 0.5361904761904762 0.08285714285714285 0.09523809523809523
3 0.4632142857142857 0.5204761904761904 0.07785714285714286 0.09047619047619047
3 0.4117857142857143 0.6442857142857142 0.11928571428571429 0.10571428571428572
3 0.43857142857142856 0.8147619047619048 0.15285714285714286 0.1361904761904762
3 0.4782142857142857 0.9176190476190477 0.15642857142857142 0.15904761904761905
3 0.8782142857142857 0.7471428571428571 0.12357142857142857 0.12476190476190477
3 0.7467857142857143 0.6171428571428571 0.10357142857142858 0.09142857142857143
3 0.6921428571428572 0.5638095238095238 0.10428571428571429 0.08761904761904762
3 0.7096428571428571 0.38761904761904764 0.08071428571428571 0.07047619047619047
3 0.8153571428571429 0.18333333333333332 0.06357142857142857 0.039047619047619046
3 0.665 0.5095238095238095 0.1 0.0761904761904762
3 0.6235714285714286 0.47523809523809524 0.07714285714285714 0.06285714285714286
3 0.59 0.44047619047619047 0.08714285714285715 0.06571428571428571
3 0.5589285714285714 0.4061904761904762 0.07785714285714286 0.054285714285714284
3 0.5264285714285715 0.37476190476190474 0.08571428571428572 0.054285714285714284
3 0.5017857142857143 0.34714285714285714 0.05785714285714286 0.04476190476190476
3 0.47285714285714286 0.33 0.07714285714285714 0.058095238095238096
3 0.4635714285714286 0.31 0.06857142857142857 0.05619047619047619
3 0.44892857142857145 0.2876190476190476 0.06642857142857143 0.047619047619047616
3 0.43392857142857144 0.26857142857142857 0.06642857142857143 0.04380952380952381
4 0.39357142857142857 0.22857142857142856 0.055714285714285716 0.04380952380952381
4 0.41035714285714286 0.12904761904761905 0.03785714285714286 0.039047619047619046
3 0.37892857142857145 0.11095238095238096 0.027857142857142858 0.02761904761904762
3 0.38571428571428573 0.08190476190476191 0.027142857142857142 0.02857142857142857
3 0.5735714285714286 0.2704761904761905 0.047142857142857146 0.05904761904761905
3 0.6892857142857143 0.17476190476190476 0.05285714285714286 0.039047619047619046
3 0.5296428571428572 0.08857142857142856 0.035 0.030476190476190476
3 0.4907142857142857 0.05476190476190476 0.02857142857142857 0.023809523809523808
3 0.44035714285714284 0.040952380952380955 0.02642857142857143 0.02095238095238095
3 0.5296428571428572 0.03190476190476191 0.023571428571428573 0.023809523809523808
3 0.8882142857142857 0.17523809523809525 0.05785714285714286 0.0419047619047619
3 0.9646428571428571 0.24761904761904763 0.07071428571428572 0.049523809523809526
5 0.8725 0.4957142857142857 0.13785714285714284 0.12095238095238095
0 0.9025 0.5642857142857143 0.016428571428571428 0.039047619047619046
0 0.9017857142857143 0.6009523809523809 0.023571428571428573 0.049523809523809526
1 0.9825 0.650952380952381 0.03214285714285714 0.040952380952380955
3 0.6128571428571429 0.22523809523809524 0.05857142857142857 0.05619047619047619
0 0.57 0.23523809523809525 0.01 0.0419047619047619
0 0.45321428571428574 0.17333333333333334 0.010714285714285714 0.03428571428571429
3 0.38535714285714284 0.014285714285714285 0.020714285714285713 0.017142857142857144
3 0.4025 0.013333333333333332 0.02214285714285714 0.017142857142857144
0 0.4992857142857143 0.02761904761904762 0.005714285714285714 0.017142857142857144
0 0.6210714285714286 0.0761904761904762 0.0064285714285714285 0.02095238095238095
0 0.6496428571428572 0.08714285714285715 0.0064285714285714285 0.025714285714285714
0 0.6103571428571428 0.07285714285714286 0.005 0.023809523809523808
0 0.5960714285714286 0.06428571428571428 0.005 0.02
0 0.5992857142857143 0.06952380952380953 0.004285714285714286 0.022857142857142857
0 0.5882142857142857 0.06666666666666667 0.0064285714285714285 0.02095238095238095
0 0.5860714285714286 0.062380952380952384 0.005 0.02
0 0.6039285714285715 0.06095238095238095 0.005 0.02095238095238095
3 0.5814285714285714 0.05095238095238095 0.022857142857142857 0.025714285714285714
0 0.5392857142857143 0.047142857142857146 0.005714285714285714 0.02
1 0.47964285714285715 0.03 0.0064285714285714285 0.014285714285714285
9 0.47928571428571426 0.03571428571428571 0.01 0.014285714285714285
3 0.6292857142857143 0.030476190476190476 0.037142857142857144 0.026666666666666665
3 0.6003571428571428 0.024285714285714285 0.030714285714285715 0.021904761904761906
3 0.5875 0.02 0.03214285714285714 0.02095238095238095
3 0.6128571428571429 0.027142857142857142 0.032857142857142856 0.023809523809523808
3 0.5025 0.008095238095238095 0.019285714285714285 0.01619047619047619
3 0.4107142857142857 0.004761904761904762 0.018571428571428572 0.009523809523809525
3 0.5228571428571429 0.005238095238095238 0.012857142857142857 0.010476190476190476
6 0.5214285714285715 0.24523809523809523 0.022857142857142857 0.029523809523809525
3 0.3107142857142857 0.94 0.10571428571428572 0.12
4 0.20357142857142857 0.9404761904761905 0.09571428571428571 0.11904761904761904
5 0.6692857142857143 0.12238095238095238 0.08285714285714285 0.06571428571428571
