9 0.252 0.7386666666666667 0.059000000000000004 0.05466666666666666
9 0.28325 0.716 0.0555 0.050666666666666665
9 0.26025 0.571 0.0445 0.038
0 0.47525 0.6016666666666667 0.0225 0.05933333333333333
4 0.4455 0.717 0.07100000000000001 0.16466666666666666
0 0.391 0.4383333333333333 0.01 0.04066666666666666
3 0.32675 0.364 0.0685 0.04
3 0.3215 0.31466666666666665 0.061 0.03733333333333333
3 0.33625 0.267 0.0245 0.026
2 0.267 0.36833333333333335 0.024 0.022
2 0.26475 0.36333333333333334 0.0245 0.02
3 0.36075 0.24933333333333332 0.021500000000000002 0.025333333333333333
3 0.37225 0.2826666666666667 0.025500000000000002 0.030666666666666665
9 0.28500000000000003 0.246 0.008 0.016
9 0.27925 0.23299999999999998 0.0175 0.014
9 0.278 0.21366666666666667 0.008 0.014
9 0.31075 0.20366666666666666 0.0125 0.012666666666666666
3 0.343 0.19866666666666666 0.016 0.02
3 0.39175 0.17966666666666667 0.0175 0.016666666666666666
4 0.41925 0.21033333333333332 0.0185 0.028666666666666667
9 0.376 0.208 0.005 0.014666666666666666
1 0.376 0.20233333333333334 0.006 0.015333333333333332
3 0.333 0.17533333333333334 0.015 0.014666666666666666
4 0.33125 0.164 0.0135 0.02
9 0.33625 0.15333333333333332 0.0055 0.009333333333333332
1 0.33625 0.14833333333333332 0.0045000000000000005 0.01
9 0.333 0.149 0.004 0.008666666666666666
1 0.33325 0.14533333333333334 0.0035 0.009333333333333332
2 0.31975000000000003 0.19699999999999998 0.0135 0.015333333333333332
2 0.3185 0.18466666666666667 0.013000000000000001 0.010666666666666666
9 0.31875000000000003 0.191 0.0165 0.012666666666666666
9 0.27975 0.11866666666666666 0.0095 0.006666666666666666
9 0.28275 0.11333333333333333 0.006500000000000001 0.008
4 0.30075 0.11833333333333333 0.0085 0.011333333333333332
3 0.31425000000000003 0.11966666666666666 0.0085 0.01
8 0.3275 0.08566666666666667 0.008 0.012666666666666666
3 0.32725 0.09266666666666666 0.006500000000000001 0.009333333333333332
3 0.3995 0.12066666666666666 0.01 0.012
3 0.39675 0.10866666666666666 0.0095 0.009333333333333332
4 0.3595 0.08366666666666667 0.006 0.008666666666666666
3 0.37175 0.09233333333333334 0.0055 0.008666666666666666
3 0.3865 0.09966666666666667 0.007 0.007333333333333333
3 0.4035 0.10366666666666666 0.008 0.008666666666666666
3 0.42125 0.106 0.0075 0.008
3 0.43325 0.105 0.0075 0.008666666666666666
1 0.42375 0.10033333333333333 0.0035 0.007333333333333333
3 0.431 0.11066666666666666 0.009000000000000001 0.009333333333333332
3 0.437 0.11466666666666667 0.009000000000000001 0.009333333333333332
3 0.60875 0.47333333333333333 0.0695 0.07333333333333333
3 0.53425 0.29533333333333334 0.0375 0.04
3 0.45775 0.2583333333333333 0.0265 0.028666666666666667
3 0.9530000000000001 0.39166666666666666 0.083 0.046
3 0.9425 0.31866666666666665 0.076 0.03333333333333333
3 0.7205 0.26666666666666666 0.038 0.025333333333333333
0 0.70125 0.25 0.0055 0.024
0 0.70875 0.245 0.0055 0.022
0 0.6995 0.23433333333333334 0.006 0.022
2 0.723 0.24566666666666667 0.006 0.014
2 0.654 0.21566666666666667 0.008 0.016666666666666666
0 0.6627500000000001 0.224 0.0055 0.021333333333333333
5 0.58675 0.22633333333333333 0.0425 0.046
3 0.60775 0.20766666666666667 0.0265 0.019333333333333334
3 0.59475 0.20033333333333334 0.021500000000000002 0.015333333333333332
2 0.5680000000000001 0.19799999999999998 0.005 0.013333333333333332
1 0.5680000000000001 0.19566666666666666 0.005 0.012666666666666666
9 0.63925 0.22333333333333333 0.0175 0.017333333333333333
9 0.63725 0.21966666666666665 0.0155 0.019333333333333334
3 0.549 0.178 0.024 0.014666666666666666
0 0.55325 0.16566666666666666 0.0045000000000000005 0.015333333333333332
4 0.53225 0.16733333333333333 0.0265 0.017333333333333333
5 0.4635 0.148 0.021 0.026666666666666665
4 0.47275 0.13333333333333333 0.0125 0.014666666666666666
3 0.4625 0.12833333333333333 0.01 0.01
3 0.43825000000000003 0.13533333333333333 0.0125 0.016
3 0.449 0.12366666666666666 0.016 0.011333333333333332
9 0.5055000000000001 0.145 0.01 0.01
9 0.51175 0.14633333333333332 0.0075 0.01
9 0.4915 0.13666666666666666 0.003 0.009333333333333332
9 0.496 0.13933333333333334 0.004 0.008
