8 0.76 0.8038095238095239 0.07428571428571429 0.22285714285714286
5 0.6878571428571428 0.5976190476190476 0.04857142857142857 0.12476190476190477
5 0.6507142857142857 0.39571428571428574 0.018571428571428572 0.040952380952380955
3 0.6564285714285715 0.3361904761904762 0.011428571428571429 0.015238095238095238
1 0.655 0.2923809523809524 0.002857142857142857 0.007619047619047619
2 0.6546428571428572 0.2957142857142857 0.0035714285714285713 0.006666666666666666
5 0.5053571428571428 0.23761904761904762 0.007857142857142858 0.014285714285714285
9 0.4878571428571429 0.2619047619047619 0.002857142857142857 0.007619047619047619
1 0.4882142857142857 0.26095238095238094 0.002142857142857143 0.005714285714285714
3 0.8217857142857142 0.2976190476190476 0.010714285714285714 0.012380952380952381
3 0.5989285714285715 0.20714285714285716 0.005 0.006666666666666666
3 0.6257142857142857 0.19095238095238096 0.004285714285714286 0.004761904761904762
4 0.5889285714285715 0.21333333333333332 0.007857142857142858 0.007619047619047619
4 0.6128571428571429 0.17904761904761904 0.002857142857142857 0.005714285714285714
5 0.6110714285714286 0.18904761904761905 0.0064285714285714285 0.014285714285714285
8 0.6285714285714286 0.17285714285714285 0.004285714285714286 0.008571428571428572
8 0.61 0.17333333333333334 0.004285714285714286 0.009523809523809525
5 0.445 0.23142857142857143 0.02 0.009523809523809525
