3 0.24071428571428571 0.6942857142857143 0.03428571428571429 0.05333333333333333
3 0.22035714285714286 0.6847619047619048 0.03785714285714286 0.05523809523809524
3 0.1957142857142857 0.6814285714285714 0.03857142857142857 0.05238095238095238
5 0.5646428571428571 0.6238095238095238 0.020714285714285713 0.05523809523809524
5 0.8014285714285714 0.5928571428571429 0.03428571428571429 0.06571428571428571
3 0.8189285714285715 0.59 0.020714285714285713 0.039047619047619046
3 0.8382142857142857 0.5933333333333334 0.027857142857142858 0.0380952380952381
3 0.5610714285714286 0.4742857142857143 0.012142857142857143 0.022857142857142857
3 0.5853571428571429 0.5828571428571429 0.016428571428571428 0.03238095238095238
3 0.6132142857142857 0.6328571428571429 0.039285714285714285 0.03333333333333333
3 0.6128571428571429 0.6595238095238095 0.04285714285714286 0.03333333333333333
3 0.6960714285714286 0.25476190476190474 0.016428571428571428 0.012380952380952381
3 0.8332142857142857 0.5138095238095238 0.029285714285714286 0.02761904761904762
3 0.9364285714285714 0.6090476190476191 0.03571428571428571 0.04476190476190476
3 0.9896428571428572 0.5933333333333334 0.020714285714285713 0.03619047619047619
3 0.9796428571428571 0.6047619047619047 0.035 0.0419047619047619
3 0.9032142857142857 0.5219047619047619 0.03785714285714286 0.01904761904761905
4 0.955 0.6 0.03857142857142857 0.05142857142857143
0 0.7782142857142857 0.5271428571428571 0.0064285714285714285 0.018095238095238095
0 0.7896428571428571 0.49857142857142855 0.0064285714285714285 0.01619047619047619
0 0.7967857142857143 0.4961904761904762 0.0064285714285714285 0.015238095238095238
0 0.5782142857142857 0.6371428571428571 0.0064285714285714285 0.02095238095238095
4 0.4332142857142857 0.21285714285714286 0.007857142857142858 0.010476190476190476
3 0.5453571428571429 0.1957142857142857 0.0064285714285714285 0.008571428571428572
5 0.5557142857142857 0.13857142857142857 0.005714285714285714 0.012380952380952381
5 0.5592857142857143 0.16952380952380952 0.005714285714285714 0.013333333333333332
8 0.56 0.16380952380952382 0.005714285714285714 0.013333333333333332
