5 0.6567857142857143 0.9270304568527918 0.052142857142857144 0.14340101522842638
5 0.3871428571428571 0.4149746192893401 0.05142857142857143 0.17005076142131978
5 0.3514285714285714 0.09327411167512689 0.03857142857142857 0.10532994923857868
3 0.2810714285714286 0.6967005076142131 0.039285714285714285 0.10913705583756345
3 0.3275 0.5888324873096447 0.03214285714285714 0.08629441624365482
3 0.43107142857142855 0.3261421319796954 0.02642857142857143 0.08375634517766496
3 0.5767857142857142 0.44035532994923854 0.029285714285714286 0.10406091370558375
3 0.5460714285714285 0.7195431472081217 0.035 0.12182741116751268
3 0.5267857142857143 0.22906091370558374 0.023571428571428573 0.06725888324873096
3 0.5607142857142857 0.10723350253807105 0.022857142857142857 0.08248730964467005
3 0.4357142857142857 0.08502538071065989 0.022857142857142857 0.06345177664974619
8 0.9167857142857143 0.5450507614213198 0.10214285714285715 0.22715736040609136
