0 0.6432142857142857 0.9614285714285714 0.052142857142857144 0.06761904761904762
3 0.9332142857142857 0.6938095238095238 0.08214285714285714 0.06
0 0.8467857142857143 0.6723809523809524 0.019285714285714285 0.049523809523809526
0 0.8182142857142857 0.6828571428571428 0.019285714285714285 0.05142857142857143
0 0.4539285714285714 0.6052380952380952 0.009285714285714286 0.021904761904761906
0 0.7714285714285715 0.8219047619047619 0.02857142857142857 0.07428571428571429
3 0.9614285714285714 0.789047619047619 0.07714285714285714 0.07523809523809524
3 0.9082142857142858 0.8214285714285714 0.18357142857142858 0.1419047619047619
3 0.8353571428571429 0.8357142857142857 0.18214285714285713 0.1380952380952381
3 0.7060714285714286 0.8604761904761905 0.16357142857142856 0.1361904761904762
3 0.6121428571428571 0.7666666666666667 0.15428571428571428 0.08571428571428572
3 0.6689285714285714 0.7076190476190476 0.11214285714285714 0.05714285714285714
3 0.6225 0.6857142857142857 0.09071428571428572 0.049523809523809526
2 0.7714285714285715 0.6823809523809524 0.02142857142857143 0.035238095238095235
2 0.7621428571428571 0.6804761904761905 0.024285714285714285 0.029523809523809525
2 0.7492857142857143 0.6742857142857143 0.024285714285714285 0.030476190476190476
2 0.7428571428571429 0.6742857142857143 0.018571428571428572 0.026666666666666665
2 0.7364285714285714 0.6742857142857143 0.022857142857142857 0.024761904761904763
2 0.7214285714285714 0.6685714285714286 0.02142857142857143 0.024761904761904763
3 0.5828571428571429 0.8966666666666666 0.1442857142857143 0.1742857142857143
3 0.46285714285714286 0.9219047619047619 0.15142857142857144 0.15619047619047619
3 0.2785714285714286 0.9385714285714286 0.12142857142857143 0.12285714285714286
3 0.11357142857142857 0.9161904761904762 0.22714285714285715 0.16380952380952382
0 0.3464285714285714 0.7195238095238096 0.014285714285714285 0.058095238095238096
3 0.36857142857142855 0.7557142857142857 0.15142857142857144 0.07714285714285714
3 0.24071428571428571 0.7233333333333334 0.06857142857142857 0.07142857142857142
3 0.13 0.6880952380952381 0.07142857142857142 0.05047619047619047
3 0.37535714285714283 0.7147619047619047 0.13071428571428573 0.06
3 0.38535714285714284 0.6928571428571428 0.11071428571428571 0.04666666666666667
3 0.37 0.6785714285714286 0.08714285714285715 0.04857142857142857
3 0.3821428571428571 0.6628571428571428 0.08142857142857143 0.045714285714285714
3 0.3425 0.6619047619047619 0.06785714285714285 0.0419047619047619
3 0.3439285714285714 0.6461904761904762 0.07357142857142857 0.039047619047619046
3 0.42892857142857144 0.6257142857142857 0.039285714285714285 0.03428571428571429
5 0.3682142857142857 0.6180952380952381 0.08928571428571429 0.05523809523809524
3 0.2914285714285714 0.6347619047619047 0.032857142857142856 0.037142857142857144
3 0.25785714285714284 0.6723809523809524 0.04857142857142857 0.045714285714285714
3 0.37107142857142855 0.5980952380952381 0.04214285714285714 0.022857142857142857
3 0.36142857142857143 0.5914285714285714 0.03571428571428571 0.015238095238095238
3 0.36214285714285716 0.580952380952381 0.032857142857142856 0.01904761904761905
3 0.39464285714285713 0.5876190476190476 0.016428571428571428 0.017142857142857144
3 0.41035714285714286 0.5847619047619048 0.03214285714285714 0.015238095238095238
7 0.6457142857142857 0.6457142857142857 0.03142857142857143 0.03428571428571429
5 0.5925 0.65 0.08928571428571429 0.04666666666666667
5 0.55 0.6357142857142857 0.045714285714285714 0.03142857142857143
5 0.57 0.6219047619047618 0.05 0.030476190476190476
5 0.5575 0.6142857142857143 0.047857142857142855 0.02857142857142857
5 0.5271428571428571 0.6128571428571429 0.04428571428571428 0.029523809523809525
5 0.5064285714285715 0.6061904761904762 0.04 0.021904761904761906
5 0.4957142857142857 0.5952380952380952 0.041428571428571426 0.024761904761904763
5 0.48142857142857143 0.5971428571428572 0.037142857142857144 0.022857142857142857
5 0.5282142857142857 0.5928571428571429 0.03357142857142857 0.02
3 0.5492857142857143 0.5857142857142857 0.012857142857142857 0.015238095238095238
3 0.5535714285714286 0.5776190476190476 0.03142857142857143 0.014285714285714285
3 0.17107142857142857 0.59 0.025 0.02
3 0.23714285714285716 0.6014285714285714 0.027142857142857142 0.023809523809523808
3 0.2882142857142857 0.6157142857142857 0.023571428571428573 0.025714285714285714
3 0.2567857142857143 0.580952380952381 0.017857142857142856 0.015238095238095238
4 0.21928571428571428 0.580952380952381 0.02 0.022857142857142857
3 0.2225 0.570952380952381 0.015 0.018095238095238095
0 0.2375 0.5580952380952381 0.002142857142857143 0.009523809523809525
0 0.3175 0.5685714285714286 0.0035714285714285713 0.015238095238095238
0 0.31464285714285717 0.5614285714285714 0.0035714285714285713 0.010476190476190476
0 0.34464285714285714 0.5471428571428572 0.002142857142857143 0.008571428571428572
4 0.28285714285714286 0.5585714285714286 0.01 0.010476190476190476
5 0.3092857142857143 0.5671428571428572 0.011428571428571429 0.02
3 0.25535714285714284 0.5580952380952381 0.009285714285714286 0.007619047619047619
3 0.26785714285714285 0.5504761904761905 0.005714285714285714 0.005714285714285714
7 0.2807142857142857 0.5504761904761905 0.004285714285714286 0.007619047619047619
3 0.2710714285714286 0.55 0.0064285714285714285 0.006666666666666666
3 0.2907142857142857 0.5485714285714286 0.008571428571428572 0.005714285714285714
3 0.30428571428571427 0.5438095238095239 0.005714285714285714 0.005714285714285714
5 0.335 0.5476190476190477 0.018571428571428572 0.011428571428571429
3 0.295 0.5438095238095239 0.004285714285714286 0.0038095238095238095
3 0.2975 0.540952380952381 0.005 0.0038095238095238095
3 0.30214285714285716 0.5395238095238095 0.004285714285714286 0.002857142857142857
