9 0.3192857142857143 0.6061904761904762 0.005714285714285714 0.014285714285714285
9 0.31285714285714283 0.6057142857142858 0.005714285714285714 0.015238095238095238
1 0.31357142857142856 0.6047619047619047 0.004285714285714286 0.009523809523809525
1 0.3192857142857143 0.6038095238095238 0.004285714285714286 0.009523809523809525
3 0.24678571428571427 0.7409523809523809 0.039285714285714285 0.03619047619047619
3 0.24357142857142858 0.8142857142857143 0.04428571428571428 0.022857142857142857
3 0.11928571428571429 0.8066666666666666 0.04857142857142857 0.030476190476190476
3 0.02 0.8138095238095238 0.03857142857142857 0.025714285714285714
3 0.42892857142857144 0.9266666666666666 0.045 0.0419047619047619
3 0.49785714285714283 0.8919047619047619 0.04285714285714286 0.025714285714285714
3 0.4175 0.6671428571428571 0.025 0.04285714285714286
3 0.38857142857142857 0.5880952380952381 0.02 0.04285714285714286
3 0.40964285714285714 0.5961904761904762 0.017857142857142856 0.045714285714285714
9 0.5882142857142857 0.689047619047619 0.005 0.014285714285714285
9 0.5764285714285714 0.6866666666666666 0.005714285714285714 0.015238095238095238
1 0.5889285714285715 0.6861904761904762 0.005 0.006666666666666666
1 0.5767857142857142 0.6828571428571428 0.005 0.007619047619047619
3 0.39785714285714285 0.539047619047619 0.018571428571428572 0.0419047619047619
3 0.44642857142857145 0.2876190476190476 0.015714285714285715 0.03238095238095238
3 0.45785714285714285 0.21761904761904763 0.014285714285714285 0.029523809523809525
3 0.47214285714285714 0.18428571428571427 0.011428571428571429 0.03142857142857143
3 0.4517857142857143 0.17142857142857143 0.013571428571428571 0.026666666666666665
3 0.6510714285714285 0.9180952380952381 0.04928571428571429 0.02857142857142857
3 0.7421428571428571 0.9357142857142857 0.047142857142857146 0.03142857142857143
