3 0.1525 0.010952380952380953 0.056428571428571425 0.021904761904761906
3 0.19178571428571428 0.03571428571428571 0.06642857142857143 0.06380952380952382
3 0.24642857142857144 0.06333333333333334 0.09714285714285714 0.06761904761904762
3 0.24892857142857142 0.08761904761904762 0.075 0.07047619047619047
3 0.30214285714285716 0.11619047619047619 0.09142857142857143 0.07047619047619047
3 0.03571428571428571 0.2938095238095238 0.07142857142857142 0.12285714285714286
3 0.08357142857142857 0.3161904761904762 0.10142857142857142 0.10476190476190476
3 0.12357142857142857 0.37047619047619046 0.10571428571428572 0.12
3 0.16535714285714287 0.43857142857142856 0.11214285714285714 0.14952380952380953
3 0.215 0.52 0.11428571428571428 0.18476190476190477
4 0.2764285714285714 0.611904761904762 0.12428571428571429 0.21428571428571427
3 0.34785714285714286 0.7485714285714286 0.12857142857142856 0.23809523809523808
4 0.44821428571428573 0.8747619047619047 0.12642857142857142 0.24857142857142858
3 0.5635714285714286 0.9366666666666666 0.11428571428571428 0.12476190476190477
3 0.9278571428571428 0.7780952380952381 0.1442857142857143 0.13333333333333333
3 0.9346428571428571 0.5895238095238096 0.13071428571428573 0.17333333333333334
3 0.8332142857142857 0.6438095238095238 0.1692857142857143 0.11238095238095239
3 0.7278571428571429 0.5542857142857143 0.16 0.09904761904761905
3 0.51 0.5142857142857142 0.15857142857142856 0.18285714285714286
3 0.78 0.45476190476190476 0.14714285714285713 0.1380952380952381
4 0.6339285714285714 0.4480952380952381 0.15785714285714286 0.12476190476190477
9 0.9864285714285714 0.4247619047619048 0.027142857142857142 0.0380952380952381
1 0.9828571428571429 0.37 0.03428571428571429 0.040952380952380955
0 0.9746428571428571 0.30142857142857143 0.03357142857142857 0.05047619047619047
0 0.9871428571428571 0.3109523809523809 0.025714285714285714 0.058095238095238096
0 0.9917857142857143 0.3080952380952381 0.016428571428571428 0.039047619047619046
0 0.8210714285714286 0.38857142857142857 0.030714285714285715 0.06095238095238095
0 0.8528571428571429 0.4357142857142857 0.03571428571428571 0.06
0 0.8685714285714285 0.4704761904761905 0.025714285714285714 0.0419047619047619
0 0.8028571428571428 0.16142857142857142 0.02142857142857143 0.05047619047619047
0 0.7567857142857143 0.21428571428571427 0.027857142857142858 0.05142857142857143
2 0.4775 0.20714285714285716 0.03357142857142857 0.03142857142857143
2 0.45821428571428574 0.21285714285714286 0.04071428571428572 0.025714285714285714
2 0.4332142857142857 0.16142857142857142 0.023571428571428573 0.023809523809523808
2 0.415 0.17857142857142858 0.024285714285714285 0.037142857142857144
