8 0.3460714285714286 0.56 0.08357142857142857 0.30666666666666664
8 0.4032142857142857 0.05095238095238095 0.04214285714285714 0.1019047619047619
3 0.9332142857142857 0.01380952380952381 0.065 0.02761904761904762
3 0.9867857142857143 0.23 0.02642857142857143 0.035238095238095235
3 0.9714285714285714 0.919047619047619 0.05142857142857143 0.14476190476190476
3 0.023928571428571428 0.8876190476190476 0.047857142857142855 0.16
3 0.36428571428571427 0.9671428571428572 0.05 0.058095238095238096
4 0.018571428571428572 0.015238095238095238 0.03 0.030476190476190476
3 0.1625 0.018571428571428572 0.029285714285714286 0.037142857142857144
3 0.035 0.05761904761904762 0.03857142857142857 0.06571428571428571
3 0.07428571428571429 0.05285714285714286 0.04428571428571428 0.07333333333333333
3 0.11035714285714286 0.05238095238095238 0.039285714285714285 0.07428571428571429
3 0.35285714285714287 0.11714285714285715 0.032857142857142856 0.06857142857142857
3 0.32821428571428574 0.31523809523809526 0.035 0.0838095238095238
3 0.29642857142857143 0.490952380952381 0.04 0.10380952380952381
3 0.23857142857142857 0.8319047619047619 0.05285714285714286 0.14
3 0.8053571428571429 0.8966666666666666 0.05785714285714286 0.15142857142857144
3 0.6646428571428571 0.25666666666666665 0.03357142857142857 0.07904761904761905
3 0.33107142857142857 0.20904761904761904 0.03642857142857143 0.07904761904761905
3 0.6532142857142857 0.13380952380952382 0.02642857142857143 0.06571428571428571
3 0.5853571428571429 0.6914285714285714 0.04071428571428572 0.1295238095238095
3 0.13107142857142856 0.8657142857142857 0.05928571428571429 0.13523809523809524
3 0.9067857142857143 0.4204761904761905 0.039285714285714285 0.08857142857142856
4 0.9032142857142857 0.30142857142857143 0.03785714285714286 0.10952380952380952
4 0.8975 0.22285714285714286 0.03214285714285714 0.07047619047619047
4 0.6125 0.27095238095238094 0.030714285714285715 0.07523809523809524
3 0.8442857142857143 0.6738095238095239 0.055714285714285716 0.12095238095238095
3 0.23142857142857143 0.9828571428571429 0.047142857142857146 0.03238095238095238
3 0.16642857142857143 0.23809523809523808 0.06857142857142857 0.04
3 0.17642857142857143 0.19952380952380952 0.06428571428571428 0.039047619047619046
3 0.1825 0.16666666666666666 0.06785714285714285 0.030476190476190476
3 0.19428571428571428 0.13238095238095238 0.06142857142857143 0.03619047619047619
3 0.2067857142857143 0.10428571428571429 0.05928571428571429 0.037142857142857144
3 0.2225 0.020476190476190478 0.06785714285714285 0.029523809523809525
3 0.9453571428571429 0.030476190476190476 0.06785714285714285 0.03428571428571429
3 0.9560714285714286 0.056666666666666664 0.06357142857142857 0.04285714285714286
4 0.9639285714285715 0.0919047619047619 0.07214285714285715 0.04666666666666667
4 0.9717857142857143 0.11857142857142858 0.056428571428571425 0.040952380952380955
7 0.9660714285714286 0.1519047619047619 0.04214285714285714 0.02761904761904762
4 0.9425 0.7461904761904762 0.05071428571428571 0.11904761904761904
3 0.21821428571428572 0.047142857142857146 0.055 0.039047619047619046
0 0.14714285714285713 0.17333333333333334 0.011428571428571429 0.02857142857142857
0 0.14535714285714285 0.16142857142857142 0.009285714285714286 0.021904761904761906
0 0.07857142857142857 0.5614285714285714 0.02857142857142857 0.025714285714285714
0 0.03857142857142857 0.7047619047619048 0.02857142857142857 0.024761904761904763
0 0.15535714285714286 0.5995238095238096 0.019285714285714285 0.02761904761904762
1 0.24392857142857144 0.4804761904761905 0.016428571428571428 0.02761904761904762
1 0.35035714285714287 0.34 0.013571428571428571 0.022857142857142857
1 0.3767857142857143 0.3361904761904762 0.013571428571428571 0.022857142857142857
9 0.24571428571428572 0.4795238095238095 0.032857142857142856 0.035238095238095235
9 0.35 0.3485714285714286 0.011428571428571429 0.03238095238095238
2 0.3792857142857143 0.3476190476190476 0.011428571428571429 0.030476190476190476
0 0.7967857142857143 0.08904761904761904 0.009285714285714286 0.03142857142857143
0 0.8392857142857143 0.21714285714285714 0.012857142857142857 0.03238095238095238
0 0.9885714285714285 0.6838095238095238 0.02142857142857143 0.024761904761904763
0 0.9246428571428571 0.30952380952380953 0.012142857142857143 0.03428571428571429
0 0.93 0.42428571428571427 0.007142857142857143 0.014285714285714285
0 0.935 0.4261904761904762 0.015714285714285715 0.029523809523809525
0 0.9082142857142858 0.5204761904761904 0.02214285714285714 0.02761904761904762
0 0.8546428571428571 0.5447619047619048 0.015 0.026666666666666665
0 0.8489285714285715 0.05142857142857143 0.016428571428571428 0.03428571428571429
