5 0.45 0.22666666666666666 0.02857142857142857 0.03428571428571429
3 0.8060714285714285 0.3676190476190476 0.019285714285714285 0.026666666666666665
3 0.7860714285714285 0.36523809523809525 0.016428571428571428 0.029523809523809525
9 0.3725 0.9423809523809524 0.015 0.035238095238095235
1 0.3757142857142857 0.9395238095238095 0.012857142857142857 0.018095238095238095
1 0.03785714285714286 0.6238095238095238 0.01 0.015238095238095238
1 0.11607142857142858 0.47904761904761906 0.009285714285714286 0.017142857142857144
9 0.04071428571428572 0.6266666666666667 0.012857142857142857 0.024761904761904763
9 0.11678571428571428 0.48333333333333334 0.010714285714285714 0.02
3 0.39785714285714285 0.2704761904761905 0.02142857142857143 0.017142857142857144
3 0.32821428571428574 0.16952380952380952 0.009285714285714286 0.013333333333333332
4 0.4546428571428571 0.09476190476190476 0.005 0.008571428571428572
3 0.575 0.1895238095238095 0.008571428571428572 0.015238095238095238
5 0.5642857142857143 0.16476190476190475 0.02 0.013333333333333332
5 0.5710714285714286 0.2061904761904762 0.027857142857142858 0.02
4 0.7007142857142857 0.2652380952380952 0.015714285714285715 0.014285714285714285
5 0.7121428571428572 0.047142857142857146 0.008571428571428572 0.01619047619047619
5 0.4542857142857143 0.058095238095238096 0.007142857142857143 0.017142857142857144
5 0.4575 0.07952380952380952 0.007857142857142858 0.018095238095238095
0 0.4407142857142857 0.4361904761904762 0.002857142857142857 0.017142857142857144
