4 0.21995708154506438 0.7905534351145038 0.08082975679542204 0.15362595419847327
3 0.7571530758226037 0.8678435114503816 0.0736766809728183 0.15171755725190839
3 0.7163805436337625 0.3821564885496183 0.032188841201716736 0.03530534351145038
3 0.41094420600858367 0.47041984732824427 0.046494992846924176 0.051526717557251904
3 0.3293991416309013 0.5801526717557252 0.059370529327610874 0.06870229007633588
3 0.07331902718168813 0.9274809160305343 0.1452074391988555 0.09541984732824427
0 0.15915593705293277 0.6722328244274809 0.017882689556509297 0.046755725190839696
0 0.16702432045779686 0.6416984732824427 0.017882689556509297 0.03912213740458015
3 0.32010014306151646 0.4823473282442748 0.07081545064377683 0.04293893129770992
2 0.22317596566523606 0.586354961832061 0.01859799713876967 0.029580152671755722
7 0.8812589413447782 0.5510496183206106 0.03862660944206009 0.029580152671755722
9 0.8973533619456366 0.46612595419847325 0.017882689556509297 0.029580152671755722
4 0.759656652360515 0.3645038167938931 0.035765379113018594 0.04198473282442748
3 0.7489270386266095 0.3306297709923664 0.02861230329041488 0.029580152671755722
3 0.3283261802575107 0.4604007633587786 0.06723891273247497 0.03912213740458015
3 0.33512160228898424 0.4336832061068702 0.060801144492131615 0.03721374045801527
3 0.3844778254649499 0.3606870229007633 0.05507868383404864 0.03244274809160305
4 0.3694563662374821 0.3840648854961832 0.045064377682403435 0.03912213740458015
9 0.3376251788268956 0.3812022900763359 0.01430615164520744 0.02194656488549618
3 0.42954220314735336 0.3029580152671756 0.04363376251788269 0.023854961832061067
3 0.48283261802575106 0.21421755725190839 0.032904148783977114 0.012404580152671756
3 0.601931330472103 0.18702290076335878 0.01072961373390558 0.01717557251908397
3 0.6899141630901288 0.23520992366412213 0.013590844062947067 0.02194656488549618
3 0.6641630901287554 0.1894083969465649 0.012160228898426323 0.016221374045801526
0 0.8533619456366237 0.4312977099236641 0.008583690987124463 0.030534351145038167
0 0.5028612303290415 0.2752862595419847 0.00715307582260372 0.016221374045801526
0 0.5060801144492132 0.23425572519083968 0.007868383404864092 0.01431297709923664
0 0.49856938483547925 0.2323473282442748 0.005722460658082976 0.016221374045801526
0 0.6591559370529327 0.3683206106870229 0.009298998569384835 0.022900763358778626
9 0.5686695278969957 0.375 0.00715307582260372 0.02099236641221374
1 0.5686695278969957 0.3678435114503817 0.008583690987124463 0.01812977099236641
4 0.3952074391988555 0.34303435114503816 0.060801144492131615 0.03148854961832061
3 0.40379113018597995 0.3268129770992366 0.046494992846924176 0.02194656488549618
9 0.39341917024320455 0.29532442748091603 0.011444921316165951 0.020038167938931296
3 0.4417024320457797 0.2838740458015267 0.03648068669527897 0.020038167938931296
3 0.4917739628040057 0.2032442748091603 0.032188841201716736 0.01717557251908397
4 0.4492131616595136 0.27003816793893126 0.04148783977110157 0.03244274809160305
4 0.4552932761087268 0.26383587786259544 0.02646638054363376 0.016221374045801526
3 0.5286123032904149 0.2705152671755725 0.01430615164520744 0.02194656488549618
3 0.6809728183118741 0.20849236641221372 0.02145922746781116 0.016221374045801526
3 0.6552217453505007 0.17270992366412213 0.010014306151645207 0.011450381679389313
4 0.47353361945636624 0.2480916030534351 0.020028612303290415 0.03625954198473282
3 0.503934191702432 0.19131679389312978 0.02503576537911302 0.016221374045801526
3 0.5779685264663805 0.12213740458015267 0.00715307582260372 0.009541984732824428
3 0.6040772532188842 0.12118320610687022 0.007868383404864092 0.0057251908396946565
0 0.6266094420600858 0.15982824427480916 0.002861230329041488 0.008587786259541985
0 0.5604434907010014 0.20038167938931298 0.005007153075822604 0.015267175572519083
3 0.6469957081545065 0.15744274809160305 0.01072961373390558 0.009541984732824428
4 0.6409155937052933 0.1479007633587786 0.01430615164520744 0.019083969465648856
0 0.6330472103004292 0.14837786259541985 0.004291845493562232 0.008587786259541985
8 0.5886981402002861 0.11545801526717557 0.010014306151645207 0.01717557251908397
4 0.34835479256080115 0.9394083969465649 0.1044349070100143 0.11927480916030533
