0 0.06263048016701461 0.8237476808905381 0.012526096033402922 0.03710575139146568
1 0.07150313152400835 0.8163265306122449 0.021920668058455113 0.04823747680890538
1 0.08950939457202504 0.812152133580705 0.020354906054279746 0.03803339517625232
0 0.34812108559498955 0.6034322820037106 0.010438413361169102 0.043599257884972174
0 0.33977035490605423 0.5542671614100185 0.0073068893528183704 0.03803339517625232
0 0.34681628392484337 0.5830241187384044 0.009916492693110646 0.041743970315398886
0 0.37969728601252606 0.5756029684601113 0.009916492693110646 0.026901669758812616
0 0.3990083507306889 0.5663265306122449 0.009916492693110646 0.039888682745825604
0 0.5305323590814196 0.4327458256029685 0.006784968684759916 0.036178107606679034
0 0.5467118997912317 0.4577922077922078 0.009916492693110646 0.0287569573283859
0 0.5427974947807933 0.44805194805194803 0.010438413361169102 0.03339517625231911
0 0.5362734864300626 0.44805194805194803 0.006784968684759916 0.0352504638218924
0 0.5360125260960333 0.44109461966604824 0.0073068893528183704 0.03432282003710575
0 0.5863778705636743 0.4049165120593692 0.006784968684759916 0.030612244897959183
0 0.5965553235908141 0.4049165120593692 0.008350730688935281 0.0287569573283859
0 0.6049060542797494 0.39517625231910947 0.006263048016701461 0.029684601113172542
0 0.5973382045929018 0.3998144712430427 0.0057411273486430055 0.029684601113172542
0 0.5892484342379958 0.4007421150278293 0.009394572025052192 0.03153988868274583
1 0.49556367432150306 0.3450834879406308 0.0057411273486430055 0.016697588126159554
6 0.4926931106471816 0.34833024118738404 0.013569937369519832 0.03246753246753247
0 0.5167014613778705 0.2258812615955473 0.0041753653444676405 0.02319109461966605
0 0.5101774530271398 0.2277365491651206 0.0036534446764091852 0.02319109461966605
0 0.49451983298538615 0.20871985157699444 0.004697286012526096 0.02411873840445269
0 0.4887787056367432 0.2082560296846011 0.0057411273486430055 0.021335807050092765
0 0.4757306889352818 0.27087198515769945 0.0057411273486430055 0.02411873840445269
0 0.4699895615866388 0.2690166975881262 0.0057411273486430055 0.025974025974025976
0 0.7460855949895615 0.34137291280148424 0.006784968684759916 0.027829313543599257
1 0.7471294363256784 0.3232838589981447 0.006784968684759916 0.02504638218923933
5 0.9882567849686846 0.11641929499072357 0.022442588726513567 0.021335807050092765
4 0.9527661795407097 0.11595547309833024 0.02974947807933194 0.02411873840445269
9 0.9123173277661795 0.1261595547309833 0.008350730688935281 0.012987012987012988
9 0.8374217118997912 0.11873840445269017 0.009916492693110646 0.012987012987012988
3 0.7990605427974947 0.11781076066790352 0.024008350730688934 0.016697588126159554
6 0.8943110647181628 0.12523191094619665 0.015135699373695197 0.012987012987012988
0 0.8971816283924843 0.12244897959183673 0.0041753653444676405 0.012987012987012988
3 0.5615866388308977 0.1150278293135436 0.022964509394572022 0.020408163265306124
6 0.5065240083507306 0.11363636363636363 0.017223382045929016 0.015769944341372914
0 0.48564718162839243 0.10992578849721707 0.0026096033402922755 0.0176252319109462
0 0.47912317327766174 0.11131725417439703 0.0031315240083507304 0.016697588126159554
0 0.4825156576200417 0.12198515769944342 0.004697286012526096 0.01948051948051948
0 0.4861691022964509 0.12244897959183673 0.004697286012526096 0.020408163265306124
0 0.4689457202505219 0.11085343228200371 0.0026096033402922755 0.013914656771799629
0 0.4652922755741127 0.10946196660482375 0.0026096033402922755 0.012987012987012988
0 0.4634655532359081 0.11085343228200371 0.0041753653444676405 0.012059369202226345
0 0.4577244258872651 0.10992578849721707 0.0020876826722338203 0.010204081632653062
0 0.458768267223382 0.10899814471243043 0.0031315240083507304 0.013914656771799629
1 0.4525052192066805 0.10946196660482375 0.0031315240083507304 0.011131725417439703
1 0.42875782881002084 0.10992578849721707 0.0036534446764091852 0.008348794063079777
1 0.4271920668058455 0.11131725417439703 0.0036534446764091852 0.0074211502782931356
1 0.42536534446764085 0.10807050092764378 0.0041753653444676405 0.008348794063079777
0 0.4196242171189979 0.10435992578849722 0.0031315240083507304 0.013914656771799629
0 0.4131002087682672 0.10714285714285715 0.0026096033402922755 0.015769944341372914
6 0.4699895615866388 0.11178107606679036 0.010960334029227557 0.008348794063079777
6 0.4086638830897703 0.10853432282003711 0.008350730688935281 0.011131725417439703
0 0.39848643006263046 0.10575139146567718 0.0026096033402922755 0.011131725417439703
0 0.4008350730688935 0.10296846011131726 0.0031315240083507304 0.012987012987012988
3 0.4065762004175365 0.10343228200371057 0.014613778705636741 0.0176252319109462
3 0.3846555323590814 0.09925788497217068 0.012526096033402922 0.014842300556586271
3 0.3789144050104384 0.09786641929499072 0.010438413361169102 0.012059369202226345
3 0.37291231732776614 0.09415584415584416 0.009916492693110646 0.013914656771799629
3 0.36534446764091855 0.09137291280148423 0.010438413361169102 0.013914656771799629
3 0.3376826722338204 0.08348794063079777 0.009394572025052192 0.012987012987012988
3 0.30949895615866385 0.08348794063079777 0.008350730688935281 0.011131725417439703
3 0.3134133611691023 0.0862708719851577 0.006784968684759916 0.00927643784786642
3 0.3194154488517745 0.08812615955473098 0.008350730688935281 0.014842300556586271
3 0.32359081419624214 0.09090909090909091 0.009394572025052192 0.012987012987012988
3 0.333768267223382 0.0950834879406308 0.012004175365344467 0.015769944341372914
3 0.3418580375782881 0.09647495361781076 0.010438413361169102 0.012987012987012988
3 0.3494258872651357 0.09925788497217068 0.012004175365344467 0.014842300556586271
3 0.3241127348643006 0.10714285714285715 0.019832985386221292 0.0176252319109462
7 0.30636743215031315 0.10760667903525047 0.013569937369519832 0.016697588126159554
3 0.007828810020876827 0.12012987012987013 0.015657620041753653 0.02504638218923933
3 0.020615866388308975 0.12337662337662338 0.017223382045929016 0.022263450834879406
7 0.03366388308977035 0.12337662337662338 0.014091858037578286 0.022263450834879406
6 0.03183716075156576 0.112708719851577 0.014613778705636741 0.013914656771799629
0 0.028444676409185802 0.10899814471243043 0.0036534446764091852 0.013914656771799629
0 0.05506263048016701 0.12523191094619665 0.007828810020876827 0.020408163265306124
0 0.04801670146137787 0.12662337662337664 0.005219206680584551 0.01948051948051948
0 0.043841336116910226 0.12430426716141002 0.006263048016701461 0.020408163265306124
0 0.041492693110647176 0.12337662337662338 0.006784968684759916 0.020408163265306124
0 0.0360125260960334 0.12523191094619665 0.0073068893528183704 0.016697588126159554
3 0.06576200417536533 0.12476808905380334 0.016701461377870562 0.01948051948051948
3 0.07802713987473903 0.12476808905380334 0.019311064718162838 0.01948051948051948
4 0.09420668058455114 0.12337662337662338 0.020354906054279746 0.02411873840445269
3 0.10934237995824633 0.12662337662337664 0.01826722338204593 0.021335807050092765
3 0.12447807933194154 0.12569573283858998 0.02139874739039666 0.021335807050092765
3 0.14352818371607515 0.12523191094619665 0.016701461377870562 0.020408163265306124
4 0.14848643006263046 0.10807050092764378 0.01826722338204593 0.02319109461966605
3 0.13230688935281837 0.10760667903525047 0.020354906054279746 0.020408163265306124
5 0.0900313152400835 0.10667903525046382 0.03183716075156576 0.025974025974025976
3 0.16570981210855948 0.11085343228200371 0.014091858037578286 0.021335807050092765
0 0.22051148225469727 0.12012987012987013 0.004697286012526096 0.015769944341372914
4 0.2092901878914405 0.12430426716141002 0.029227557411273482 0.02411873840445269
0 0.29227557411273486 0.12059369202226346 0.005219206680584551 0.01855287569573284
6 0.2899269311064718 0.12291280148423006 0.017223382045929016 0.013914656771799629
6 0.26800626304801667 0.1238404452690167 0.01826722338204593 0.0176252319109462
0 0.2708768267223382 0.12198515769944342 0.0041753653444676405 0.015769944341372914
0 0.24504175365344466 0.12012987012987013 0.0036534446764091852 0.0176252319109462
1 0.2588726513569937 0.10899814471243043 0.005219206680584551 0.015769944341372914
9 0.25835073068893527 0.11085343228200371 0.005219206680584551 0.010204081632653062
0 0.2372129436325678 0.10946196660482375 0.004697286012526096 0.014842300556586271
6 0.23486430062630478 0.11363636363636363 0.015657620041753653 0.015769944341372914
0 0.28183716075156573 0.11410018552875696 0.005219206680584551 0.012987012987012988
0 0.31132567849686843 0.1215213358070501 0.004697286012526096 0.014842300556586271
6 0.3092379958246346 0.12291280148423006 0.017223382045929016 0.0176252319109462
0 0.3295929018789144 0.12105751391465677 0.0057411273486430055 0.0176252319109462
0 0.34237995824634654 0.11363636363636363 0.0041753653444676405 0.012059369202226345
3 0.3251565762004175 0.1062152133580705 0.01774530271398747 0.0176252319109462
0 0.3483820459290188 0.12569573283858998 0.0036534446764091852 0.013914656771799629
