4 0.95 0.9095238095238095 0.05285714285714286 0.05333333333333333
3 0.9228571428571428 0.9795238095238096 0.05857142857142857 0.040952380952380955
3 0.7521428571428571 0.9466666666666667 0.07142857142857142 0.04
3 0.9714285714285714 0.6728571428571428 0.025714285714285714 0.014285714285714285
3 0.9107142857142857 0.6514285714285715 0.015714285714285715 0.009523809523809525
3 0.8928571428571429 0.6466666666666666 0.017142857142857144 0.009523809523809525
3 0.8692857142857143 0.65 0.02 0.012380952380952381
3 0.8685714285714285 0.6357142857142857 0.015714285714285715 0.010476190476190476
3 0.8478571428571429 0.6304761904761905 0.017142857142857144 0.007619047619047619
3 0.8046428571428571 0.6347619047619047 0.017857142857142856 0.012380952380952381
3 0.7996428571428571 0.62 0.016428571428571428 0.009523809523809525
3 0.36464285714285716 0.6633333333333333 0.013571428571428571 0.014285714285714285
3 0.33464285714285713 0.6823809523809524 0.013571428571428571 0.014285714285714285
0 0.3514285714285714 0.5942857142857143 0.002857142857142857 0.007619047619047619
0 0.3482142857142857 0.5933333333333334 0.002142857142857143 0.007619047619047619
0 0.34035714285714286 0.5961904761904762 0.002142857142857143 0.007619047619047619
0 0.3375 0.5976190476190476 0.002142857142857143 0.008571428571428572
0 0.3271428571428571 0.5852380952380952 0.0014285714285714286 0.006666666666666666
4 0.36678571428571427 0.5742857142857143 0.012142857142857143 0.005714285714285714
3 0.3610714285714286 0.5752380952380952 0.009285714285714286 0.005714285714285714
3 0.3767857142857143 0.5947619047619047 0.013571428571428571 0.008571428571428572
3 0.37607142857142856 0.5885714285714285 0.010714285714285714 0.005714285714285714
3 0.34964285714285714 0.5585714285714286 0.009285714285714286 0.004761904761904762
3 0.3410714285714286 0.5652380952380952 0.009285714285714286 0.004761904761904762
5 0.33464285714285713 0.5738095238095238 0.012142857142857143 0.006666666666666666
5 0.33071428571428574 0.5728571428571428 0.017142857142857144 0.008571428571428572
3 0.30142857142857143 0.5838095238095238 0.005714285714285714 0.005714285714285714
3 0.29 0.5738095238095238 0.005714285714285714 0.006666666666666666
3 0.29035714285714287 0.5633333333333334 0.0035714285714285713 0.004761904761904762
4 0.2760714285714286 0.5738095238095238 0.005 0.006666666666666666
3 0.22785714285714287 0.5347619047619048 0.002857142857142857 0.002857142857142857
3 0.22428571428571428 0.5523809523809524 0.002857142857142857 0.0038095238095238095
3 0.22535714285714287 0.5557142857142857 0.0035714285714285713 0.002857142857142857
3 0.2307142857142857 0.5604761904761905 0.002857142857142857 0.004761904761904762
3 0.23214285714285715 0.5576190476190476 0.002857142857142857 0.004761904761904762
3 0.24357142857142858 0.5528571428571428 0.002857142857142857 0.002857142857142857
5 0.24142857142857144 0.5466666666666666 0.002857142857142857 0.005714285714285714
0 0.22892857142857143 0.5752380952380952 0.002142857142857143 0.005714285714285714
3 0.24392857142857144 0.550952380952381 0.002142857142857143 0.004761904761904762
3 0.24678571428571427 0.5480952380952381 0.002142857142857143 0.002857142857142857
3 0.24821428571428572 0.5547619047619048 0.0035714285714285713 0.004761904761904762
4 0.24392857142857144 0.56 0.0035714285714285713 0.0038095238095238095
3 0.24357142857142858 0.5633333333333334 0.002857142857142857 0.004761904761904762
3 0.24892857142857142 0.5647619047619048 0.0035714285714285713 0.005714285714285714
3 0.24214285714285713 0.5704761904761905 0.004285714285714286 0.005714285714285714
3 0.2517857142857143 0.5728571428571428 0.0035714285714285713 0.004761904761904762
3 0.25535714285714284 0.580952380952381 0.005 0.005714285714285714
3 0.2417857142857143 0.580952380952381 0.005 0.005714285714285714
3 0.2332142857142857 0.580952380952381 0.005 0.005714285714285714
3 0.22428571428571428 0.5861904761904762 0.005714285714285714 0.006666666666666666
3 0.22178571428571428 0.5976190476190476 0.0064285714285714285 0.008571428571428572
3 0.23357142857142857 0.5938095238095238 0.005714285714285714 0.006666666666666666
3 0.24607142857142858 0.5933333333333334 0.0064285714285714285 0.007619047619047619
3 0.25821428571428573 0.5942857142857143 0.0064285714285714285 0.007619047619047619
3 0.2357142857142857 0.6052380952380952 0.007142857142857143 0.008571428571428572
3 0.22892857142857143 0.6147619047619047 0.007857142857142858 0.010476190476190476
3 0.24642857142857144 0.6171428571428571 0.007142857142857143 0.009523809523809525
3 0.25107142857142856 0.6109523809523809 0.0064285714285714285 0.006666666666666666
3 0.25214285714285717 0.63 0.008571428571428572 0.012380952380952381
3 0.2646428571428571 0.6233333333333333 0.007857142857142858 0.010476190476190476
3 0.27035714285714285 0.6490476190476191 0.009285714285714286 0.012380952380952381
3 0.21214285714285713 0.6595238095238095 0.01 0.012380952380952381
3 0.24714285714285714 0.6742857142857143 0.01 0.015238095238095238
3 0.20714285714285716 0.6838095238095238 0.012857142857142857 0.017142857142857144
3 0.19 0.6604761904761904 0.011428571428571429 0.012380952380952381
0 0.1492857142857143 0.6766666666666666 0.004285714285714286 0.014285714285714285
3 0.21928571428571428 0.7123809523809523 0.014285714285714285 0.01904761904761905
3 0.21928571428571428 0.7304761904761905 0.014285714285714285 0.022857142857142857
3 0.21892857142857142 0.7566666666666667 0.016428571428571428 0.02761904761904762
3 0.24678571428571427 0.7433333333333333 0.015 0.023809523809523808
3 0.27 0.7276190476190476 0.015714285714285715 0.022857142857142857
3 0.2935714285714286 0.7314285714285714 0.014285714285714285 0.02095238095238095
3 0.21535714285714286 0.7895238095238095 0.019285714285714285 0.030476190476190476
3 0.24714285714285714 0.7847619047619048 0.017142857142857144 0.026666666666666665
3 0.21642857142857141 0.8261904761904761 0.02142857142857143 0.037142857142857144
3 0.24714285714285714 0.8204761904761905 0.018571428571428572 0.03333333333333333
3 0.24928571428571428 0.86 0.024285714285714285 0.047619047619047616
3 0.1692857142857143 0.8761904761904762 0.027142857142857142 0.04380952380952381
3 0.21035714285714285 0.8709523809523809 0.025 0.04666666666666667
3 0.2075 0.9223809523809524 0.027857142857142858 0.06
3 0.2532142857142857 0.9204761904761904 0.027857142857142858 0.05619047619047619
3 0.25857142857142856 0.9771428571428571 0.032857142857142856 0.045714285714285714
3 0.20785714285714285 0.9838095238095238 0.03428571428571429 0.03238095238095238
0 0.5514285714285714 0.7509523809523809 0.008571428571428572 0.023809523809523808
3 0.3410714285714286 0.9161904761904762 0.030714285714285715 0.06285714285714286
3 0.35642857142857143 0.9795238095238096 0.03857142857142857 0.040952380952380955
