4 0.4133611691022964 0.8733766233766234 0.03549060542797494 0.10482374768089053
4 0.5414926931106472 0.5918367346938775 0.023486430062630476 0.06493506493506494
4 0.5430584551148225 0.5324675324675324 0.020354906054279746 0.055658627087198514
3 0.47155532359081415 0.4805194805194805 0.02453027139874739 0.06493506493506494
4 0.551670146137787 0.44294990723562155 0.020876826722338204 0.06586270871985157
9 0.536795407098121 0.3525046382189239 0.006784968684759916 0.020408163265306124
1 0.5370563674321502 0.34415584415584416 0.005219206680584551 0.011131725417439703
3 0.5652400835073068 0.2699443413729128 0.016701461377870562 0.03896103896103896
3 0.5039144050104384 0.26205936920222633 0.016179540709812108 0.039888682745825604
3 0.5678496868475991 0.22402597402597402 0.014613778705636741 0.0287569573283859
4 0.5675887265135698 0.1836734693877551 0.016179540709812108 0.03896103896103896
1 0.670929018789144 0.1841372912801484 0.0036534446764091852 0.010204081632653062
1 0.7413883089770354 0.16975881261595546 0.004697286012526096 0.011131725417439703
3 0.7635699373695197 0.11595547309833024 0.016701461377870562 0.02411873840445269
3 0.7888830897703548 0.10946196660482375 0.017223382045929016 0.025974025974025976
0 0.6278705636743215 0.8984230055658627 0.011482254697286011 0.045454545454545456
