5 0.17040709812108557 0.8970315398886828 0.050626304801670144 0.137291280148423
9 0.21085594989561585 0.8158627087198516 0.039665970772442584 0.043599257884972174
9 0.22755741127348642 0.7690166975881262 0.031315240083507306 0.04267161410018553
0 0.26330897703549055 0.6920222634508348 0.012004175365344467 0.05194805194805195
1 0.26383089770354906 0.6757884972170687 0.004697286012526096 0.02504638218923933
0 0.2938413361169102 0.6771799628942486 0.006263048016701461 0.027829313543599257
0 0.2980167014613778 0.6776437847866419 0.008350730688935281 0.05102040816326531
7 0.31706680584551145 0.6804267161410019 0.04331941544885177 0.075139146567718
0 0.33507306889352817 0.6743970315398887 0.006263048016701461 0.04081632653061225
3 0.2938413361169102 0.6094619666048238 0.07515657620041753 0.055658627087198514
9 0.29958246346555323 0.5570500927643784 0.024008350730688934 0.02319109461966605
9 0.36534446764091855 0.41419294990723565 0.01774530271398747 0.021335807050092765
9 0.3572546972860125 0.4049165120593692 0.017223382045929016 0.01948051948051948
1 0.43945720250521914 0.3538961038961039 0.005219206680584551 0.021335807050092765
6 0.43867432150313146 0.36038961038961037 0.008872651356993735 0.021335807050092765
1 0.42536534446764085 0.6456400742115028 0.010438413361169102 0.029684601113172542
9 0.42562630480167013 0.6595547309833024 0.007828810020876827 0.0463821892393321
9 0.5636743215031315 0.4749536178107607 0.01774530271398747 0.02411873840445269
3 0.5448851774530271 0.4327458256029685 0.027139874739039664 0.03246753246753247
9 0.531054279749478 0.40816326530612246 0.016179540709812108 0.01855287569573284
9 0.5394050104384133 0.37894248608534326 0.013048016701461376 0.0176252319109462
9 0.5331419624217119 0.3678107606679035 0.013048016701461376 0.0176252319109462
3 0.39065762004175364 0.2676252319109462 0.02661795407098121 0.0176252319109462
6 0.4347599164926931 0.19387755102040816 0.0041753653444676405 0.011131725417439703
6 0.4558977035490605 0.1901669758812616 0.004697286012526096 0.014842300556586271
7 0.4433716075156576 0.24907235621521337 0.006784968684759916 0.02319109461966605
1 0.44311064718162835 0.24953617810760667 0.0031315240083507304 0.011131725417439703
5 0.4251043841336116 0.22820037105751392 0.013048016701461376 0.029684601113172542
2 0.22964509394572022 0.9076994434137291 0.043841336116910226 0.03432282003710575
