0 0.1605 0.9623333333333333 0.025 0.074
0 0.38825 0.763 0.0155 0.11133333333333333
0 0.45 0.8843333333333333 0.025 0.12333333333333332
0 0.47250000000000003 0.8976666666666666 0.02 0.06333333333333332
0 0.59075 0.8443333333333333 0.0375 0.126
0 0.55275 0.7753333333333333 0.0285 0.10266666666666667
0 0.533 0.7853333333333333 0.014 0.064
0 0.47500000000000003 0.826 0.025 0.096
0 0.43875000000000003 0.836 0.0315 0.12933333333333333
0 0.623 0.6523333333333333 0.021 0.07933333333333333
0 0.6687500000000001 0.69 0.0125 0.07066666666666667
1 0.70225 0.8039999999999999 0.0335 0.096
9 0.70075 0.8363333333333333 0.0175 0.049999999999999996
9 0.52575 0.704 0.0155 0.05733333333333333
9 0.52825 0.6483333333333333 0.0125 0.04066666666666666
1 0.52875 0.6253333333333333 0.0095 0.03866666666666667
1 0.52525 0.6739999999999999 0.0205 0.058666666666666666
1 0.57575 0.6426666666666666 0.0115 0.032
1 0.5835 0.608 0.01 0.029333333333333333
2 0.57775 0.6699999999999999 0.0095 0.028
2 0.58275 0.634 0.0105 0.028
0 0.63125 0.574 0.0105 0.036
0 0.64775 0.5713333333333334 0.0095 0.036
0 0.58625 0.5559999999999999 0.0135 0.025333333333333333
0 0.56825 0.5519999999999999 0.0095 0.04133333333333333
0 0.50675 0.5893333333333333 0.0135 0.058666666666666666
0 0.42675 0.6816666666666666 0.021500000000000002 0.051333333333333335
0 0.38425 0.5523333333333333 0.0135 0.048666666666666664
0 0.40800000000000003 0.5526666666666666 0.007 0.029333333333333333
0 0.421 0.5533333333333333 0.008 0.03866666666666667
0 0.39825 0.536 0.0105 0.024
0 0.47975 0.5476666666666666 0.0095 0.041999999999999996
0 0.4455 0.5336666666666666 0.009000000000000001 0.04466666666666667
1 0.42575 0.4746666666666666 0.0075 0.024
0 0.41125 0.483 0.0075 0.026
0 0.40275 0.483 0.0055 0.015333333333333332
0 0.4205 0.5163333333333333 0.011 0.02333333333333333
0 0.459 0.5173333333333333 0.009000000000000001 0.036
0 0.49925 0.5293333333333333 0.006500000000000001 0.03333333333333333
0 0.49025 0.5336666666666666 0.0075 0.024666666666666667
1 0.47775 0.5086666666666666 0.0075 0.028
3 0.44125000000000003 0.6206666666666667 0.0845 0.07066666666666667
3 0.45175 0.5856666666666667 0.0845 0.051333333333333335
0 0.52325 0.522 0.0125 0.029333333333333333
0 0.533 0.533 0.011 0.026
0 0.54125 0.5336666666666666 0.0095 0.022
0 0.54825 0.5413333333333333 0.0145 0.026666666666666665
