0 0.84325 0.11833333333333333 0.0815 0.11533333333333333
0 0.87575 0.2846666666666667 0.0975 0.07333333333333333
0 0.83325 0.3853333333333333 0.0935 0.06
0 0.71825 0.17233333333333334 0.0575 0.102
0 0.656 0.776 0.063 0.11599999999999999
2 0.63525 0.775 0.0555 0.18066666666666667
0 0.505 0.5926666666666667 0.063 0.09333333333333332
0 0.42225 0.601 0.0575 0.074
3 0.259 0.7166666666666667 0.20800000000000002 0.5266666666666666
0 0.18375 0.9256666666666666 0.0505 0.06333333333333332
0 0.129 0.9376666666666666 0.10400000000000001 0.12333333333333332
0 0.11725000000000001 0.7533333333333333 0.0985 0.112
0 0.07625 0.47633333333333333 0.0945 0.056666666666666664
2 0.107 0.49966666666666665 0.083 0.142
