0 0.17107142857142857 0.5552380952380952 0.016428571428571428 0.04
0 0.15071428571428572 0.5557142857142857 0.018571428571428572 0.037142857142857144
0 0.08642857142857142 0.7204761904761905 0.02857142857142857 0.05047619047619047
0 0.14785714285714285 0.38476190476190475 0.011428571428571429 0.02857142857142857
3 0.4035714285714286 0.7428571428571429 0.11857142857142858 0.07047619047619047
3 0.5514285714285714 0.700952380952381 0.10857142857142857 0.07428571428571429
3 0.7621428571428571 0.6176190476190476 0.08142857142857143 0.07523809523809524
3 0.8610714285714286 0.5604761904761905 0.08357142857142857 0.06761904761904762
3 0.9532142857142857 0.5280952380952381 0.07214285714285715 0.058095238095238096
3 0.5125 0.5519047619047619 0.062142857142857146 0.07333333333333333
3 0.4657142857142857 0.5419047619047619 0.05142857142857143 0.05714285714285714
3 0.42142857142857143 0.530952380952381 0.054285714285714284 0.05619047619047619
3 0.37642857142857145 0.5247619047619048 0.054285714285714284 0.05714285714285714
3 0.3385714285714286 0.5176190476190476 0.054285714285714284 0.05619047619047619
3 0.30107142857142855 0.5147619047619048 0.06928571428571428 0.06380952380952382
3 0.255 0.5119047619047619 0.047142857142857146 0.04666666666666667
3 0.2225 0.4976190476190476 0.05928571428571429 0.05619047619047619
3 0.21357142857142858 0.4695238095238095 0.045714285714285714 0.04
3 0.08678571428571429 0.5285714285714286 0.07785714285714286 0.0419047619047619
3 0.07964285714285714 0.5028571428571429 0.065 0.0419047619047619
3 0.10464285714285715 0.48095238095238096 0.065 0.0419047619047619
3 0.11464285714285714 0.4614285714285714 0.065 0.040952380952380955
3 0.11285714285714285 0.3933333333333333 0.05714285714285714 0.030476190476190476
3 0.11357142857142857 0.35428571428571426 0.032857142857142856 0.03428571428571429
3 0.07642857142857143 0.5738095238095238 0.10142857142857142 0.06190476190476191
3 0.07142857142857142 0.6152380952380953 0.10857142857142857 0.07047619047619047
3 0.053214285714285714 0.6571428571428571 0.10357142857142858 0.0761904761904762
3 0.06392857142857143 0.6880952380952381 0.12357142857142857 0.08095238095238096
2 0.6053571428571428 0.6285714285714286 0.025 0.0380952380952381
1 0.6042857142857143 0.6147619047619047 0.018571428571428572 0.035238095238095235
0 0.245 0.4014285714285714 0.008571428571428572 0.023809523809523808
3 0.18678571428571428 0.3261904761904762 0.04071428571428572 0.021904761904761906
3 0.185 0.319047619047619 0.04 0.017142857142857144
3 0.17892857142857144 0.3080952380952381 0.03785714285714286 0.018095238095238095
4 0.18535714285714286 0.3138095238095238 0.03642857142857143 0.018095238095238095
3 0.15571428571428572 0.27 0.02142857142857143 0.014285714285714285
3 0.165 0.2519047619047619 0.02142857142857143 0.012380952380952381
3 0.13607142857142857 0.2695238095238095 0.029285714285714286 0.017142857142857144
3 0.13642857142857143 0.2538095238095238 0.022857142857142857 0.008571428571428572
3 0.1392857142857143 0.26 0.024285714285714285 0.013333333333333332
3 0.18464285714285714 0.2561904761904762 0.010714285714285714 0.011428571428571429
3 0.17892857142857144 0.28714285714285714 0.029285714285714286 0.014285714285714285
3 0.18321428571428572 0.29285714285714287 0.029285714285714286 0.01619047619047619
3 0.0475 0.3461904761904762 0.02642857142857143 0.021904761904761906
3 0.055357142857142855 0.33714285714285713 0.029285714285714286 0.02095238095238095
3 0.06035714285714286 0.3271428571428571 0.025 0.018095238095238095
3 0.06321428571428571 0.319047619047619 0.02642857142857143 0.01904761904761905
3 0.06678571428571428 0.3109523809523809 0.027857142857142858 0.018095238095238095
3 0.07607142857142857 0.3047619047619048 0.027857142857142858 0.015238095238095238
3 0.07571428571428572 0.2919047619047619 0.025714285714285714 0.01619047619047619
3 0.08535714285714285 0.2804761904761905 0.027857142857142858 0.012380952380952381
3 0.09607142857142857 0.2642857142857143 0.012142857142857143 0.012380952380952381
3 0.09357142857142857 0.26857142857142857 0.012857142857142857 0.011428571428571429
0 0.11571428571428571 0.30428571428571427 0.005714285714285714 0.01619047619047619
0 0.1075 0.30523809523809525 0.005 0.01619047619047619
0 0.11071428571428571 0.3076190476190476 0.004285714285714286 0.009523809523809525
0 0.09571428571428571 0.30238095238095236 0.007142857142857143 0.012380952380952381
0 0.11214285714285714 0.2814285714285714 0.004285714285714286 0.014285714285714285
0 0.11071428571428571 0.27904761904761904 0.005714285714285714 0.015238095238095238
9 0.09607142857142857 0.3057142857142857 0.0064285714285714285 0.013333333333333332
9 0.21107142857142858 0.4176190476190476 0.012142857142857143 0.023809523809523808
2 0.22178571428571428 0.39095238095238094 0.009285714285714286 0.02
0 0.19857142857142857 0.2761904761904762 0.004285714285714286 0.015238095238095238
0 0.24321428571428572 0.43285714285714283 0.009285714285714286 0.023809523809523808
2 0.26821428571428574 0.4704761904761905 0.016428571428571428 0.01904761904761905
9 0.25285714285714284 0.4638095238095238 0.02142857142857143 0.01904761904761905
3 0.575 0.5352380952380953 0.04857142857142857 0.06285714285714286
2 0.9417857142857143 0.3980952380952381 0.009285714285714286 0.02095238095238095
2 0.9085714285714286 0.4114285714285714 0.02142857142857143 0.01904761904761905
