3 0.24714285714285714 0.0719047619047619 0.03857142857142857 0.058095238095238096
9 0.24821428571428572 0.014761904761904763 0.017857142857142856 0.02
2 0.18428571428571427 0.2319047619047619 0.027142857142857142 0.02
9 0.17107142857142857 0.2438095238095238 0.03214285714285714 0.022857142857142857
0 0.2382142857142857 0.1719047619047619 0.015 0.040952380952380955
0 0.16464285714285715 0.28095238095238095 0.017857142857142856 0.03238095238095238
0 0.18 0.2557142857142857 0.012857142857142857 0.02761904761904762
0 0.1792857142857143 0.2757142857142857 0.012857142857142857 0.018095238095238095
2 0.19714285714285715 0.3233333333333333 0.027142857142857142 0.04285714285714286
3 0.4092857142857143 0.006666666666666666 0.022857142857142857 0.013333333333333332
3 0.4635714285714286 0.018095238095238095 0.017142857142857144 0.03619047619047619
3 0.4967857142857143 0.04285714285714286 0.023571428571428573 0.05714285714285714
3 0.3967857142857143 0.04476190476190476 0.02642857142857143 0.05523809523809524
3 0.3292857142857143 0.05333333333333333 0.032857142857142856 0.05142857142857143
3 0.3157142857142857 0.11666666666666667 0.03428571428571429 0.06
3 0.3757142857142857 0.12142857142857143 0.032857142857142856 0.06571428571428571
4 0.36464285714285716 0.17666666666666667 0.03357142857142857 0.06571428571428571
0 0.4164285714285714 0.035238095238095235 0.008571428571428572 0.04
0 0.40535714285714286 0.08142857142857143 0.010714285714285714 0.037142857142857144
2 0.43785714285714283 0.11714285714285715 0.01 0.03238095238095238
1 0.43857142857142856 0.0980952380952381 0.011428571428571429 0.01904761904761905
4 0.4017857142857143 0.20952380952380953 0.03357142857142857 0.08952380952380952
3 0.35928571428571426 0.25333333333333335 0.037142857142857144 0.08761904761904762
5 0.2957142857142857 0.19047619047619047 0.041428571428571426 0.0838095238095238
3 0.28785714285714287 0.28095238095238095 0.03428571428571429 0.0761904761904762
3 0.5160714285714286 0.3157142857142857 0.03642857142857143 0.1
3 0.3389285714285714 0.3742857142857143 0.052142857142857144 0.11047619047619048
3 0.2764285714285714 0.37952380952380954 0.05142857142857143 0.11523809523809524
3 0.15428571428571428 0.4442857142857143 0.12 0.05619047619047619
3 0.16071428571428573 0.51 0.13142857142857142 0.07714285714285714
3 0.305 0.4819047619047619 0.11 0.0838095238095238
3 0.06392857142857143 0.5928571428571429 0.12785714285714286 0.07714285714285714
0 0.1925 0.6047619047619047 0.027857142857142858 0.0419047619047619
9 0.4446428571428571 0.5947619047619047 0.019285714285714285 0.04666666666666667
1 0.44107142857142856 0.5657142857142857 0.017857142857142856 0.0380952380952381
4 0.30178571428571427 0.5952380952380952 0.062142857142857146 0.14666666666666667
3 0.35714285714285715 0.6557142857142857 0.06142857142857143 0.15904761904761905
3 0.2667857142857143 0.8157142857142857 0.06785714285714285 0.1819047619047619
4 0.18571428571428572 0.7676190476190476 0.08857142857142856 0.21714285714285714
7 0.6625 0.23238095238095238 0.02214285714285714 0.06285714285714286
3 0.6442857142857142 0.009523809523809525 0.02857142857142857 0.01904761904761905
3 0.6553571428571429 0.0380952380952381 0.03214285714285714 0.047619047619047616
3 0.6739285714285714 0.09 0.03642857142857143 0.05047619047619047
3 0.6867857142857143 0.14666666666666667 0.039285714285714285 0.05904761904761905
3 0.7067857142857142 0.21476190476190476 0.045 0.07142857142857142
3 0.7282142857142857 0.29428571428571426 0.04642857142857143 0.07047619047619047
0 0.7082142857142857 0.2947619047619048 0.010714285714285714 0.039047619047619046
5 0.7589285714285714 0.3842857142857143 0.08214285714285714 0.1380952380952381
3 0.6817857142857143 0.5347619047619048 0.05928571428571429 0.12476190476190477
0 0.8553571428571428 0.4 0.019285714285714285 0.03428571428571429
0 0.8832142857142857 0.5719047619047619 0.019285714285714285 0.04285714285714286
0 0.9096428571428572 0.59 0.027857142857142858 0.04285714285714286
0 0.9353571428571429 0.5838095238095238 0.020714285714285713 0.049523809523809526
2 0.9675 0.47523809523809524 0.015 0.0419047619047619
2 0.9782142857142857 0.4780952380952381 0.015 0.04
4 0.9592857142857143 0.5719047619047619 0.07428571428571429 0.07523809523809524
3 0.8821428571428571 0.8614285714285714 0.13857142857142857 0.22
3 0.3367857142857143 0.9314285714285714 0.08071428571428571 0.13523809523809524
5 0.2342857142857143 0.9566666666666667 0.09428571428571429 0.08476190476190476
