3 0.8675 0.8976190476190476 0.07785714285714286 0.13428571428571429
4 0.955 0.6528571428571428 0.07857142857142857 0.08857142857142856
4 0.5567857142857143 0.8552380952380952 0.075 0.09904761904761905
1 0.7125 0.8123809523809524 0.016428571428571428 0.01904761904761905
1 0.7625 0.8033333333333333 0.013571428571428571 0.025714285714285714
1 0.7846428571428572 0.7828571428571428 0.019285714285714285 0.022857142857142857
1 0.7875 0.7576190476190476 0.013571428571428571 0.021904761904761906
1 0.7682142857142857 0.7333333333333333 0.013571428571428571 0.017142857142857144
1 0.7889285714285714 0.7295238095238096 0.015 0.02095238095238095
1 0.7185714285714285 0.7252380952380952 0.014285714285714285 0.018095238095238095
1 0.7192857142857143 0.7504761904761905 0.014285714285714285 0.017142857142857144
1 0.6992857142857143 0.75 0.015714285714285715 0.018095238095238095
1 0.6996428571428571 0.7219047619047619 0.017857142857142856 0.017142857142857144
0 0.7585714285714286 0.84 0.017142857142857144 0.02095238095238095
0 0.6114285714285714 0.7766666666666666 0.02 0.029523809523809525
0 0.615 0.7528571428571429 0.015714285714285715 0.029523809523809525
0 0.5982142857142857 0.7585714285714286 0.019285714285714285 0.029523809523809525
0 0.5564285714285714 0.7323809523809524 0.015714285714285715 0.03428571428571429
2 0.5092857142857142 0.6376190476190476 0.022857142857142857 0.04285714285714286
1 0.5092857142857142 0.6333333333333333 0.015714285714285715 0.02095238095238095
0 0.7417857142857143 0.67 0.016428571428571428 0.025714285714285714
1 0.7057142857142857 0.6671428571428571 0.014285714285714285 0.018095238095238095
1 0.6842857142857143 0.6642857142857143 0.014285714285714285 0.01619047619047619
1 0.6846428571428571 0.6342857142857142 0.015 0.015238095238095238
1 0.6282142857142857 0.6385714285714286 0.010714285714285714 0.014285714285714285
1 0.6203571428571428 0.6595238095238095 0.012142857142857143 0.01619047619047619
1 0.5971428571428572 0.6452380952380953 0.01 0.014285714285714285
1 0.6017857142857143 0.6242857142857143 0.013571428571428571 0.02
1 0.6078571428571429 0.5647619047619048 0.014285714285714285 0.02095238095238095
1 0.6232142857142857 0.5676190476190476 0.013571428571428571 0.017142857142857144
1 0.6278571428571429 0.5457142857142857 0.01 0.017142857142857144
1 0.6142857142857143 0.5342857142857143 0.01 0.015238095238095238
1 0.6246428571428572 0.5228571428571429 0.009285714285714286 0.01904761904761905
1 0.5610714285714286 0.5495238095238095 0.012142857142857143 0.015238095238095238
1 0.5639285714285714 0.5304761904761904 0.012142857142857143 0.015238095238095238
1 0.5196428571428572 0.4719047619047619 0.010714285714285714 0.01619047619047619
1 0.5167857142857143 0.45380952380952383 0.010714285714285714 0.018095238095238095
1 0.5021428571428571 0.45714285714285713 0.014285714285714285 0.015238095238095238
1 0.505 0.48 0.011428571428571429 0.013333333333333332
1 0.5253571428571429 0.43 0.012142857142857143 0.02
1 0.5446428571428571 0.44095238095238093 0.010714285714285714 0.01904761904761905
1 0.42714285714285716 0.45476190476190476 0.011428571428571429 0.01619047619047619
1 0.45535714285714285 0.45714285714285713 0.012142857142857143 0.02095238095238095
1 0.4667857142857143 0.41904761904761906 0.012142857142857143 0.01904761904761905
1 0.4657142857142857 0.44333333333333336 0.012857142857142857 0.02
1 0.48892857142857143 0.42428571428571427 0.012142857142857143 0.02
1 0.5135714285714286 0.4123809523809524 0.011428571428571429 0.015238095238095238
1 0.5014285714285714 0.3923809523809524 0.01 0.013333333333333332
1 0.5207142857142857 0.40523809523809523 0.007142857142857143 0.021904761904761906
1 0.4092857142857143 0.4076190476190476 0.012857142857142857 0.02095238095238095
1 0.39535714285714285 0.40523809523809523 0.012142857142857143 0.02
1 0.4232142857142857 0.3757142857142857 0.009285714285714286 0.01619047619047619
1 0.42714285714285716 0.36523809523809525 0.012857142857142857 0.018095238095238095
1 0.4332142857142857 0.3547619047619048 0.010714285714285714 0.018095238095238095
1 0.4442857142857143 0.38904761904761903 0.01 0.01619047619047619
1 0.4521428571428571 0.38047619047619047 0.01 0.018095238095238095
1 0.4592857142857143 0.37238095238095237 0.011428571428571429 0.01904761904761905
1 0.44892857142857145 0.3547619047619048 0.012142857142857143 0.018095238095238095
1 0.4567857142857143 0.3476190476190476 0.013571428571428571 0.017142857142857144
1 0.43142857142857144 0.3319047619047619 0.012857142857142857 0.02
1 0.43142857142857144 0.31952380952380954 0.012857142857142857 0.018095238095238095
1 0.41892857142857143 0.31142857142857144 0.010714285714285714 0.015238095238095238
1 0.3982142857142857 0.3719047619047619 0.013571428571428571 0.02
1 0.3825 0.3661904761904762 0.013571428571428571 0.01619047619047619
1 0.3782142857142857 0.35523809523809524 0.012142857142857143 0.015238095238095238
1 0.3653571428571429 0.3457142857142857 0.010714285714285714 0.015238095238095238
1 0.3682142857142857 0.32666666666666666 0.012142857142857143 0.015238095238095238
1 0.3807142857142857 0.32095238095238093 0.01 0.017142857142857144
1 0.3757142857142857 0.31285714285714283 0.01 0.018095238095238095
1 0.38142857142857145 0.30142857142857143 0.008571428571428572 0.01619047619047619
1 0.3975 0.30047619047619045 0.010714285714285714 0.01619047619047619
1 0.39571428571428574 0.3161904761904762 0.01 0.017142857142857144
0 0.40535714285714286 0.2966666666666667 0.010714285714285714 0.035238095238095235
1 0.405 0.28 0.011428571428571429 0.015238095238095238
1 0.3610714285714286 0.2819047619047619 0.012142857142857143 0.01904761904761905
1 0.375 0.2861904761904762 0.012857142857142857 0.014285714285714285
1 0.34714285714285714 0.30904761904761907 0.01 0.02
1 0.3460714285714286 0.2938095238095238 0.013571428571428571 0.014285714285714285
1 0.3335714285714286 0.2914285714285714 0.011428571428571429 0.011428571428571429
1 0.30214285714285716 0.28 0.01 0.011428571428571429
1 0.32785714285714285 0.2723809523809524 0.01 0.011428571428571429
1 0.32035714285714284 0.2652380952380952 0.009285714285714286 0.012380952380952381
1 0.3367857142857143 0.2652380952380952 0.010714285714285714 0.018095238095238095
1 0.3532142857142857 0.2571428571428571 0.015 0.01904761904761905
1 0.3475 0.24428571428571427 0.013571428571428571 0.018095238095238095
1 0.33285714285714285 0.22666666666666666 0.011428571428571429 0.015238095238095238
1 0.3182142857142857 0.23761904761904762 0.012142857142857143 0.014285714285714285
1 0.2925 0.2633333333333333 0.010714285714285714 0.018095238095238095
1 0.30392857142857144 0.24952380952380954 0.010714285714285714 0.015238095238095238
1 0.2914285714285714 0.23666666666666666 0.014285714285714285 0.03142857142857143
1 0.28714285714285714 0.23 0.011428571428571429 0.023809523809523808
1 0.3082142857142857 0.22666666666666666 0.015 0.022857142857142857
1 0.3217857142857143 0.21523809523809523 0.010714285714285714 0.026666666666666665
1 0.31535714285714284 0.20761904761904762 0.007857142857142858 0.022857142857142857
1 0.33071428571428574 0.2061904761904762 0.012857142857142857 0.021904761904761906
1 0.3467857142857143 0.1980952380952381 0.010714285714285714 0.026666666666666665
0 0.26857142857142857 0.21428571428571427 0.012857142857142857 0.02857142857142857
0 0.24285714285714285 0.22333333333333333 0.011428571428571429 0.03333333333333333
1 0.2575 0.21571428571428572 0.012142857142857143 0.01619047619047619
1 0.24535714285714286 0.1823809523809524 0.013571428571428571 0.01619047619047619
0 0.2042857142857143 0.20095238095238097 0.012857142857142857 0.02857142857142857
0 0.21107142857142858 0.19095238095238096 0.010714285714285714 0.023809523809523808
3 0.24714285714285714 0.1180952380952381 0.055714285714285716 0.05333333333333333
2 0.45321428571428574 0.5747619047619048 0.02214285714285714 0.037142857142857144
1 0.45285714285714285 0.569047619047619 0.015714285714285715 0.02761904761904762
9 0.3385714285714286 0.5047619047619047 0.03142857142857143 0.04
9 0.3517857142857143 0.4661904761904762 0.017857142857142856 0.04857142857142857
0 0.40464285714285714 0.46095238095238095 0.013571428571428571 0.03428571428571429
3 0.29642857142857143 0.46285714285714286 0.07571428571428572 0.07809523809523809
9 0.3025 0.41523809523809524 0.02214285714285714 0.04
4 0.26607142857142857 0.40904761904761905 0.065 0.1
5 0.14285714285714285 0.25 0.11428571428571428 0.09047619047619047
3 0.135 0.21047619047619048 0.08285714285714285 0.049523809523809526
4 0.12035714285714286 0.18619047619047618 0.060714285714285714 0.04285714285714286
3 0.11178571428571428 0.16 0.060714285714285714 0.04
3 0.10035714285714285 0.14 0.05785714285714286 0.0419047619047619
0 0.15571428571428572 0.13142857142857142 0.014285714285714285 0.02857142857142857
3 0.06785714285714285 0.10238095238095238 0.07428571428571429 0.05619047619047619
3 0.0525 0.07380952380952381 0.07071428571428572 0.040952380952380955
4 0.037142857142857144 0.051904761904761905 0.055714285714285716 0.035238095238095235
3 0.12428571428571429 0.75 0.07857142857142857 0.1361904761904762
0 0.4592857142857143 0.7495238095238095 0.012857142857142857 0.030476190476190476
