3 0.29464285714285715 0.3738095238095238 0.0064285714285714285 0.010476190476190476
3 0.32321428571428573 0.32047619047619047 0.0035714285714285713 0.006666666666666666
5 0.32 0.3261904761904762 0.005714285714285714 0.014285714285714285
8 0.31107142857142855 0.3485714285714286 0.009285714285714286 0.02095238095238095
8 0.29 0.3904761904761905 0.017142857142857144 0.02857142857142857
4 0.24821428571428572 0.5009523809523809 0.012142857142857143 0.022857142857142857
3 0.3975 0.3242857142857143 0.0035714285714285713 0.006666666666666666
3 0.3964285714285714 0.32047619047619047 0.004285714285714286 0.004761904761904762
5 0.39714285714285713 0.31285714285714283 0.005714285714285714 0.010476190476190476
4 0.08892857142857143 0.3942857142857143 0.017857142857142856 0.011428571428571429
4 0.30214285714285716 0.30857142857142855 0.007142857142857143 0.007619047619047619
4 0.3157142857142857 0.30428571428571427 0.004285714285714286 0.004761904761904762
5 0.41214285714285714 0.2947619047619048 0.005714285714285714 0.014285714285714285
5 0.4357142857142857 0.30904761904761907 0.007142857142857143 0.014285714285714285
5 0.4514285714285714 0.3314285714285714 0.014285714285714285 0.009523809523809525
4 0.44142857142857145 0.29619047619047617 0.01 0.007619047619047619
4 0.5257142857142857 0.36904761904761907 0.011428571428571429 0.008571428571428572
4 0.5007142857142857 0.38857142857142857 0.014285714285714285 0.007619047619047619
3 0.5021428571428571 0.4042857142857143 0.017142857142857144 0.008571428571428572
3 0.5021428571428571 0.39714285714285713 0.018571428571428572 0.009523809523809525
3 0.5060714285714286 0.38333333333333336 0.013571428571428571 0.008571428571428572
3 0.5032142857142857 0.37952380952380954 0.015 0.006666666666666666
3 0.52 0.3628571428571429 0.014285714285714285 0.009523809523809525
3 0.5260714285714285 0.36714285714285716 0.017857142857142856 0.008571428571428572
3 0.4789285714285714 0.31285714285714283 0.007857142857142858 0.004761904761904762
