4 0.14714285714285713 0.9073604060913705 0.037142857142857144 0.055837563451776644
4 0.06571428571428571 0.8064720812182741 0.032857142857142856 0.049492385786802026
3 0.009285714285714286 0.7214467005076142 0.018571428571428572 0.04695431472081218
9 0.031071428571428573 0.8420050761421319 0.013571428571428571 0.021573604060913704
1 0.029285714285714286 0.839467005076142 0.01 0.011421319796954314
3 0.22107142857142856 0.815989847715736 0.035 0.04568527918781726
9 0.38857142857142857 0.8115482233502538 0.015714285714285715 0.021573604060913704
1 0.3889285714285714 0.8134517766497461 0.007857142857142858 0.015228426395939085
3 0.033928571428571426 0.3039340101522842 0.02642857142857143 0.03680203045685279
3 0.014285714285714285 0.4156091370558375 0.02857142857142857 0.05456852791878172
3 0.13428571428571429 0.23413705583756345 0.03142857142857143 0.04187817258883248
3 0.3317857142857143 0.017766497461928932 0.023571428571428573 0.035532994923857864
5 0.29892857142857143 0.10596446700507614 0.030714285714285715 0.05456852791878172
8 0.2225 0.35215736040609136 0.07071428571428572 0.11548223350253806
4 0.1367857142857143 0.44352791878172587 0.025 0.04187817258883248
8 0.26607142857142857 0.5437817258883249 0.06642857142857143 0.10279187817258882
3 0.34785714285714286 0.7151015228426395 0.032857142857142856 0.049492385786802026
8 0.62 0.9384517766497461 0.09 0.12055837563451775
5 0.5257142857142857 0.58248730964467 0.03428571428571429 0.055837563451776644
3 0.5035714285714286 0.6192893401015228 0.027142857142857142 0.04568527918781726
4 0.5228571428571429 0.7055837563451776 0.025714285714285714 0.05837563451776649
3 0.5553571428571429 0.7189086294416243 0.02214285714285714 0.05456852791878172
4 0.6592857142857143 0.7779187817258882 0.03571428571428571 0.053299492385786795
4 0.6714285714285714 0.7512690355329948 0.03428571428571429 0.048223350253807105
3 0.6875 0.7277918781725887 0.03357142857142857 0.04695431472081218
5 0.7982142857142858 0.8318527918781725 0.09071428571428572 0.11548223350253806
5 0.8928571428571429 0.9428934010152283 0.07571428571428572 0.10406091370558375
4 0.8239285714285715 0.9873096446700507 0.04071428571428572 0.02284263959390863
4 0.8 0.9631979695431472 0.04285714285714286 0.035532994923857864
4 0.7682142857142857 0.9340101522842639 0.04214285714285714 0.035532994923857864
4 0.7460714285714286 0.9029187817258882 0.04071428571428572 0.03934010152284264
1 0.9292857142857143 0.4156091370558375 0.007142857142857143 0.013959390862944161
1 0.9589285714285715 0.26586294416243655 0.0035714285714285713 0.016497461928934008
1 0.9421428571428572 0.23921319796954313 0.005714285714285714 0.008883248730964466
1 0.9382142857142857 0.1713197969543147 0.009285714285714286 0.012690355329949238
1 0.9364285714285714 0.15672588832487308 0.005714285714285714 0.008883248730964466
1 0.9389285714285714 0.15291878172588833 0.007857142857142858 0.008883248730964466
0 0.8446428571428571 0.04885786802030456 0.005 0.013959390862944161
0 0.85 0.05710659898477157 0.005714285714285714 0.012690355329949238
0 0.8671428571428571 0.05647208121827411 0.005714285714285714 0.013959390862944161
3 0.5971428571428572 0.357233502538071 0.03 0.03934010152284264
4 0.6614285714285715 0.22017766497461927 0.025714285714285714 0.031725888324873094
4 0.6289285714285714 0.18908629441624364 0.02642857142857143 0.032994923857868015
3 0.6010714285714286 0.15989847715736039 0.02642857142857143 0.035532994923857864
5 0.7471428571428571 0.021573604060913704 0.05 0.04314720812182741
8 0.5557142857142857 0.028553299492385786 0.06714285714285714 0.05710659898477157
8 0.5725 0.02093908629441624 0.05928571428571429 0.04187817258883248
