0 0.6442857142857142 0.7772842639593908 0.004285714285714286 0.019035532994923856
0 0.6075 0.8642131979695431 0.005 0.017766497461928932
0 0.5657142857142857 0.7220812182741116 0.004285714285714286 0.015228426395939085
4 0.5028571428571429 0.8870558375634517 0.014285714285714285 0.03045685279187817
4 0.48178571428571426 0.7506345177664974 0.013571428571428571 0.031725888324873094
5 0.5446428571428571 0.7436548223350253 0.027857142857142858 0.08121827411167512
3 0.4775 0.7030456852791878 0.012142857142857143 0.02284263959390863
3 0.4614285714285714 0.7049492385786802 0.011428571428571429 0.024111675126903553
3 0.4675 0.6535532994923857 0.010714285714285714 0.02284263959390863
3 0.4525 0.6389593908629441 0.009285714285714286 0.016497461928934008
3 0.5189285714285714 0.625 0.010714285714285714 0.021573604060913704
5 0.5021428571428571 0.6015228426395939 0.014285714285714285 0.04314720812182741
3 0.455 0.5704314720812182 0.01 0.021573604060913704
3 0.4664285714285714 0.5615482233502538 0.011428571428571429 0.021573604060913704
3 0.5046428571428572 0.5545685279187816 0.009285714285714286 0.02030456852791878
3 0.495 0.5126903553299492 0.008571428571428572 0.017766497461928932
3 0.43714285714285717 0.5038071065989848 0.008571428571428572 0.017766497461928932
3 0.4446428571428571 0.4873096446700507 0.007857142857142858 0.017766497461928932
4 0.47928571428571426 0.48350253807106597 0.008571428571428572 0.02030456852791878
3 0.4421428571428571 0.47144670050761417 0.007142857142857143 0.013959390862944161
3 0.43892857142857145 0.4460659898477157 0.0064285714285714285 0.013959390862944161
3 0.42857142857142855 0.45050761421319796 0.007142857142857143 0.015228426395939085
3 0.4117857142857143 0.39213197969543145 0.007857142857142858 0.012690355329949238
3 0.42178571428571426 0.3838832487309644 0.0064285714285714285 0.013959390862944161
3 0.4517857142857143 0.3902284263959391 0.007857142857142858 0.013959390862944161
3 0.4539285714285714 0.3623096446700507 0.0064285714285714285 0.013959390862944161
3 0.41928571428571426 0.3610406091370558 0.005714285714285714 0.011421319796954314
3 0.4185714285714286 0.3515228426395939 0.007142857142857143 0.01015228426395939
3 0.41714285714285715 0.3413705583756345 0.005714285714285714 0.01015228426395939
9 0.42464285714285716 0.3432741116751269 0.0035714285714285713 0.008883248730964466
4 0.44 0.32170050761421315 0.005714285714285714 0.013959390862944161
8 0.445 0.30583756345177665 0.01 0.025380710659898477
8 0.4907142857142857 0.31345177664974616 0.032857142857142856 0.025380710659898477
5 0.5167857142857143 0.3109137055837563 0.015 0.015228426395939085
3 0.4807142857142857 0.32170050761421315 0.008571428571428572 0.008883248730964466
5 0.47535714285714287 0.3096446700507614 0.015 0.015228426395939085
8 0.4757142857142857 0.30203045685279184 0.015714285714285715 0.012690355329949238
8 0.5017857142857143 0.3039340101522842 0.02642857142857143 0.016497461928934008
3 0.42428571428571427 0.30901015228426393 0.007142857142857143 0.011421319796954314
3 0.42964285714285716 0.30012690355329946 0.005 0.011421319796954314
3 0.4357142857142857 0.2931472081218274 0.005714285714285714 0.012690355329949238
3 0.44107142857142856 0.2848984771573604 0.005 0.011421319796954314
3 0.4342857142857143 0.28172588832487305 0.005714285714285714 0.01015228426395939
3 0.44607142857142856 0.28045685279187815 0.005 0.01015228426395939
3 0.4392857142857143 0.274746192893401 0.005714285714285714 0.011421319796954314
3 0.43214285714285716 0.26840101522842635 0.005714285714285714 0.008883248730964466
3 0.4382142857142857 0.26840101522842635 0.005 0.011421319796954314
3 0.4367857142857143 0.258248730964467 0.0064285714285714285 0.013959390862944161
3 0.43 0.25507614213197966 0.005714285714285714 0.01015228426395939
3 0.42892857142857144 0.24936548223350252 0.0064285714285714285 0.011421319796954314
5 0.4282142857142857 0.2430203045685279 0.0064285714285714285 0.013959390862944161
3 0.42678571428571427 0.22906091370558374 0.005 0.008883248730964466
3 0.4075 0.282994923857868 0.005 0.01015228426395939
3 0.38035714285714284 0.3248730964467005 0.012142857142857143 0.01015228426395939
3 0.38 0.31535532994923854 0.011428571428571429 0.008883248730964466
3 0.38 0.3096446700507614 0.011428571428571429 0.0076142131979695426
3 0.3625 0.31916243654822335 0.009285714285714286 0.011421319796954314
3 0.3675 0.3166243654822335 0.009285714285714286 0.011421319796954314
3 0.3632142857142857 0.31218274111675126 0.010714285714285714 0.01015228426395939
3 0.3539285714285714 0.30837563451776645 0.009285714285714286 0.01015228426395939
3 0.4010714285714286 0.22588832487309643 0.005 0.0076142131979695426
8 0.39964285714285713 0.2112944162436548 0.005 0.013959390862944161
3 0.40785714285714286 0.1947969543147208 0.004285714285714286 0.008883248730964466
3 0.3985714285714286 0.1916243654822335 0.004285714285714286 0.0076142131979695426
3 0.4067857142857143 0.18401015228426396 0.0035714285714285713 0.0076142131979695426
3 0.39714285714285713 0.18274111675126903 0.004285714285714286 0.0076142131979695426
5 0.3960714285714286 0.17322335025380708 0.005 0.013959390862944161
