9 0.06857142857142857 0.4204761904761905 0.04428571428571428 0.08095238095238096
9 0.24785714285714286 0.4123809523809524 0.018571428571428572 0.06476190476190476
9 0.27035714285714285 0.4076190476190476 0.02642857142857143 0.06285714285714286
9 0.29892857142857143 0.3961904761904762 0.023571428571428573 0.05523809523809524
9 0.3560714285714286 0.39476190476190476 0.027857142857142858 0.058095238095238096
9 0.37392857142857144 0.42904761904761907 0.020714285714285713 0.06
9 0.39 0.3838095238095238 0.018571428571428572 0.05904761904761905
2 0.4060714285714286 0.4095238095238095 0.019285714285714285 0.05142857142857143
4 0.06821428571428571 0.8580952380952381 0.13642857142857143 0.28
4 0.42642857142857143 0.8404761904761905 0.17142857142857143 0.319047619047619
0 0.6225 0.6976190476190476 0.03785714285714286 0.09238095238095238
0 0.78 0.8319047619047619 0.03571428571428571 0.08666666666666667
0 0.5003571428571428 0.11523809523809524 0.012142857142857143 0.0380952380952381
9 0.5042857142857143 0.24952380952380954 0.018571428571428572 0.03619047619047619
0 0.5028571428571429 0.2361904761904762 0.012857142857142857 0.0419047619047619
9 0.5492857142857143 0.31333333333333335 0.017142857142857144 0.047619047619047616
1 0.5485714285714286 0.2904761904761905 0.018571428571428572 0.03619047619047619
0 0.4282142857142857 0.010476190476190476 0.0064285714285714285 0.02095238095238095
0 0.4325 0.012857142857142857 0.009285714285714286 0.025714285714285714
8 0.5028571428571429 0.017619047619047618 0.027142857142857142 0.035238095238095235
3 0.5539285714285714 0.01380952380952381 0.023571428571428573 0.023809523809523808
3 0.5371428571428571 0.07095238095238095 0.027142857142857142 0.037142857142857144
3 0.6121428571428571 0.07095238095238095 0.03428571428571429 0.040952380952380955
3 0.6560714285714285 0.06857142857142857 0.03357142857142857 0.04
3 0.6196428571428572 0.14714285714285713 0.04357142857142857 0.04857142857142857
4 0.4182142857142857 0.10333333333333333 0.060714285714285714 0.04476190476190476
0 0.43214285714285716 0.13714285714285715 0.01 0.024761904761904763
4 0.7803571428571429 0.49666666666666665 0.10071428571428571 0.1761904761904762
3 0.8375 0.05380952380952381 0.05357142857142857 0.03142857142857143
5 0.9167857142857143 0.3061904761904762 0.16642857142857143 0.28476190476190477
2 0.45357142857142857 0.4623809523809524 0.018571428571428572 0.06761904761904762
3 0.7246428571428571 0.1919047619047619 0.056428571428571425 0.058095238095238096
