3 0.4331941544885177 0.2755102040816327 0.056367432150313146 0.05009276437847866
3 0.4282359081419624 0.22727272727272727 0.056889352818371604 0.04823747680890538
3 0.420929018789144 0.18460111317254174 0.055845511482254695 0.05194805194805195
4 0.41179540709812107 0.137291280148423 0.04801670146137787 0.0463821892393321
3 0.41362212943632565 0.10250463821892393 0.05480167014613778 0.039888682745825604
3 0.4057933194154488 0.0287569573283859 0.050626304801670144 0.03710575139146568
9 0.5075678496868475 0.02319109461966605 0.019311064718162838 0.020408163265306124
3 0.5033924843423799 0.11456400742115028 0.02661795407098121 0.07884972170686456
3 0.4465031315240083 0.31910946196660483 0.05480167014613778 0.05380333951762523
3 0.5276617954070981 0.2690166975881262 0.030271398747390394 0.08534322820037106
4 0.4525052192066805 0.4109461966604824 0.051148225469728595 0.05380333951762523
3 0.5819415448851774 0.25185528756957326 0.030271398747390394 0.09183673469387756
3 0.5545407098121085 0.43645640074211506 0.03392484342379958 0.09925788497217068
3 0.4632045929018789 0.5320037105751392 0.06315240083507306 0.06215213358070501
3 0.4767745302713987 0.6020408163265306 0.0673277661795407 0.06493506493506494
3 0.4864300626304801 0.6623376623376623 0.06367432150313151 0.06679035250463822
3 0.5816805845511481 0.6261595547309833 0.03914405010438413 0.10946196660482375
4 0.48564718162839243 0.7546382189239332 0.056889352818371604 0.0640074211502783
3 0.5007828810020877 0.826530612244898 0.06002087682672233 0.06493506493506494
3 0.5060020876826722 0.8937847866419295 0.07985386221294362 0.06957328385899815
3 0.5143528183716075 0.9684601113172542 0.07881002087682672 0.061224489795918366
3 0.7006784968684759 0.8617810760667903 0.0464509394572025 0.13172541743970315
4 0.6260438413361169 0.8696660482374768 0.04018789144050104 0.11966604823747681
8 0.6623173277661795 0.62708719851577 0.10125260960334029 0.2857142857142857
3 0.6116910229645093 0.4202226345083488 0.03549060542797494 0.10204081632653061
5 0.5519311064718162 0.10111317254174397 0.03392484342379958 0.09833024118738405
9 0.7309498956158663 0.3269944341372913 0.010960334029227557 0.036178107606679034
0 0.7296450939457202 0.4805194805194805 0.011482254697286011 0.025974025974025976
0 0.7721816283924843 0.6094619666048238 0.009916492693110646 0.02411873840445269
0 0.7938413361169101 0.6192022263450835 0.011482254697286011 0.030612244897959183
9 0.9621607515657619 0.3469387755102041 0.013048016701461376 0.0352504638218924
3 0.4133611691022964 0.06771799628942486 0.052192066805845504 0.0463821892393321
