4 0.505 0.9746192893401014 0.02 0.048223350253807105
0 0.6360714285714286 0.9073604060913705 0.005 0.02030456852791878
0 0.6428571428571429 0.9505076142131978 0.005714285714285714 0.017766497461928932
0 0.625 0.9441624365482233 0.005714285714285714 0.015228426395939085
0 0.6185714285714285 0.9454314720812182 0.005714285714285714 0.017766497461928932
0 0.6075 0.9206852791878172 0.0064285714285714285 0.019035532994923856
0 0.6282142857142857 0.9384517766497461 0.005 0.019035532994923856
3 0.5810714285714286 0.9130710659898477 0.016428571428571428 0.049492385786802026
4 0.5532142857142857 0.8730964467005076 0.017857142857142856 0.055837563451776644
3 0.5646428571428571 0.8052030456852791 0.015 0.04441624365482233
3 0.5292857142857142 0.8299492385786802 0.015714285714285715 0.050761421319796954
5 0.4725 0.840736040609137 0.025 0.10532994923857868
3 0.4657142857142857 0.6516497461928934 0.012857142857142857 0.03680203045685279
4 0.5075 0.524746192893401 0.012142857142857143 0.03934010152284264
3 0.4539285714285714 0.516497461928934 0.010714285714285714 0.025380710659898477
4 0.44142857142857145 0.4092639593908629 0.012857142857142857 0.029187817258883246
3 0.4432142857142857 0.36738578680203043 0.010714285714285714 0.021573604060913704
3 0.4228571428571429 0.30837563451776645 0.01 0.02030456852791878
3 0.43785714285714283 0.30901015228426393 0.008571428571428572 0.019035532994923856
3 0.465 0.2703045685279188 0.008571428571428572 0.02030456852791878
3 0.44642857142857145 0.2595177664974619 0.008571428571428572 0.019035532994923856
3 0.43392857142857144 0.2652284263959391 0.009285714285714286 0.02030456852791878
3 0.4117857142857143 0.258248730964467 0.009285714285714286 0.016497461928934008
3 0.43285714285714283 0.23350253807106597 0.008571428571428572 0.017766497461928932
3 0.4689285714285714 0.22017766497461927 0.007857142857142858 0.019035532994923856
3 0.45607142857142857 0.20558375634517764 0.007857142857142858 0.017766497461928932
3 0.4210714285714286 0.21573604060913704 0.007857142857142858 0.017766497461928932
3 0.4303571428571429 0.20431472081218272 0.007857142857142858 0.017766497461928932
3 0.41928571428571426 0.19670050761421318 0.008571428571428572 0.017766497461928932
3 0.41892857142857143 0.18274111675126903 0.007857142857142858 0.015228426395939085
3 0.42892857142857144 0.18020304568527917 0.007857142857142858 0.015228426395939085
3 0.465 0.1814720812182741 0.008571428571428572 0.017766497461928932
5 0.48 0.20621827411167512 0.015714285714285715 0.04695431472081218
3 0.39964285714285713 0.15926395939086294 0.0064285714285714285 0.016497461928934008
3 0.4085714285714286 0.15736040609137056 0.007142857142857143 0.015228426395939085
3 0.41892857142857143 0.16687817258883247 0.007857142857142858 0.013959390862944161
3 0.41714285714285715 0.15038071065989847 0.007142857142857143 0.013959390862944161
9 0.42714285714285716 0.15291878172588833 0.004285714285714286 0.008883248730964466
1 0.42678571428571427 0.15101522842639592 0.0035714285714285713 0.01015228426395939
9 0.42428571428571427 0.23223350253807104 0.004285714285714286 0.01015228426395939
1 0.42428571428571427 0.22906091370558374 0.004285714285714286 0.011421319796954314
0 0.5082142857142857 0.30710659898477155 0.0035714285714285713 0.01015228426395939
3 0.4617857142857143 0.141497461928934 0.007857142857142858 0.021573604060913704
3 0.4496428571428571 0.1351522842639594 0.007857142857142858 0.016497461928934008
3 0.4585714285714286 0.12182741116751268 0.008571428571428572 0.017766497461928932
5 0.4467857142857143 0.10850253807106598 0.009285714285714286 0.029187817258883246
4 0.45535714285714285 0.09010152284263959 0.009285714285714286 0.017766497461928932
3 0.4442857142857143 0.07614213197969542 0.007142857142857143 0.017766497461928932
3 0.4525 0.06725888324873096 0.0064285714285714285 0.015228426395939085
3 0.4421428571428571 0.04695431472081218 0.007142857142857143 0.017766497461928932
3 0.49964285714285717 0.1148477157360406 0.013571428571428571 0.011421319796954314
8 0.5110714285714286 0.10152284263959391 0.03785714285714286 0.03045685279187817
5 0.5432142857142858 0.10152284263959391 0.016428571428571428 0.02284263959390863
8 0.5282142857142857 0.08946700507614212 0.035 0.024111675126903553
5 0.49357142857142855 0.09835025380710659 0.02 0.024111675126903553
3 0.3482142857142857 0.11104060913705582 0.012142857142857143 0.013959390862944161
3 0.3539285714285714 0.10659898477157359 0.013571428571428571 0.012690355329949238
3 0.37035714285714283 0.10850253807106598 0.015 0.013959390862944161
3 0.37142857142857144 0.10406091370558375 0.014285714285714285 0.01015228426395939
3 0.3692857142857143 0.10025380710659898 0.012857142857142857 0.012690355329949238
3 0.3725 0.09581218274111675 0.013571428571428571 0.011421319796954314
3 0.35 0.09644670050761421 0.014285714285714285 0.012690355329949238
3 0.33285714285714285 0.10850253807106598 0.015714285714285715 0.013959390862944161
3 0.32607142857142857 0.09898477157360405 0.015 0.012690355329949238
3 0.13285714285714287 0.7741116751269035 0.018571428571428572 0.04060913705583756
