3 0.7292500000000001 0.8396666666666667 0.0685 0.16999999999999998
3 0.661 0.8036666666666666 0.061 0.158
3 0.6035 0.7813333333333333 0.063 0.13999999999999999
0 0.43075 0.7176666666666667 0.0125 0.04733333333333333
3 0.40325 0.608 0.059500000000000004 0.07733333333333334
3 0.47675 0.5126666666666666 0.0465 0.06133333333333333
7 0.54625 0.5146666666666666 0.0325 0.06133333333333333
7 0.5407500000000001 0.42033333333333334 0.0375 0.041999999999999996
9 0.53075 0.385 0.0185 0.020666666666666667
3 0.596 0.35033333333333333 0.026000000000000002 0.03
4 0.61175 0.328 0.0225 0.034666666666666665
4 0.622 0.3133333333333333 0.021 0.028
1 0.62125 0.2896666666666667 0.006500000000000001 0.016666666666666666
2 0.62075 0.29233333333333333 0.0125 0.012666666666666666
4 0.67325 0.3743333333333333 0.043500000000000004 0.03133333333333333
5 0.68025 0.3343333333333333 0.0665 0.04733333333333333
3 0.70725 0.29933333333333334 0.0455 0.032
3 0.5992500000000001 0.24066666666666667 0.0175 0.013333333333333332
3 0.633 0.22566666666666665 0.016 0.015333333333333332
3 0.79725 0.22866666666666666 0.0265 0.014666666666666666
3 0.035250000000000004 0.9149999999999999 0.0655 0.08466666666666667
