0 0.46785714285714286 0.6995238095238095 0.008571428571428572 0.018095238095238095
0 0.5267857142857143 0.6880952380952381 0.010714285714285714 0.021904761904761906
0 0.42178571428571426 0.5557142857142857 0.012142857142857143 0.012380952380952381
2 0.4075 0.5666666666666667 0.017857142857142856 0.024761904761904763
0 0.4775 0.4642857142857143 0.010714285714285714 0.021904761904761906
0 0.5214285714285715 0.439047619047619 0.01 0.022857142857142857
3 0.5517857142857143 0.44095238095238093 0.03642857142857143 0.10476190476190476
4 0.5557142857142857 0.28 0.03571428571428571 0.12571428571428572
3 0.56 0.1538095238095238 0.03428571428571429 0.11333333333333333
0 0.49607142857142855 0.05238095238095238 0.012142857142857143 0.026666666666666665
0 0.5510714285714285 0.010952380952380953 0.010714285714285714 0.021904761904761906
