3 0.6503571428571429 0.86 0.15928571428571428 0.1180952380952381
3 0.6571428571428571 0.7652380952380953 0.1442857142857143 0.1019047619047619
3 0.4782142857142857 0.6357142857142857 0.07214285714285715 0.11142857142857143
3 0.3821428571428571 0.9114285714285715 0.11714285714285715 0.17714285714285713
3 0.09535714285714286 0.7728571428571429 0.14357142857142857 0.17238095238095238
3 0.22964285714285715 0.589047619047619 0.08928571428571429 0.10571428571428572
3 0.08607142857142858 0.5671428571428572 0.11214285714285714 0.11333333333333333
3 0.12571428571428572 0.6090476190476191 0.10857142857142857 0.11523809523809524
3 0.5046428571428572 0.5228571428571429 0.052142857142857144 0.08952380952380952
3 0.5307142857142857 0.43952380952380954 0.04428571428571428 0.07142857142857142
3 0.5617857142857143 0.37714285714285717 0.03785714285714286 0.04380952380952381
3 0.40035714285714286 0.44952380952380955 0.055 0.06285714285714286
3 0.19464285714285715 0.4623809523809524 0.07785714285714286 0.08285714285714285
3 0.23714285714285716 0.48238095238095235 0.07285714285714286 0.08095238095238096
8 0.33107142857142857 0.4142857142857143 0.1392857142857143 0.19047619047619047
1 0.51 0.7728571428571429 0.03 0.06380952380952382
9 0.5114285714285715 0.7752380952380953 0.022857142857142857 0.08571428571428572
2 0.6582142857142858 0.5647619047619048 0.03642857142857143 0.022857142857142857
9 0.6546428571428572 0.5533333333333333 0.04071428571428572 0.03238095238095238
3 0.6692857142857143 0.5090476190476191 0.10857142857142857 0.058095238095238096
0 0.6214285714285714 0.4361904761904762 0.014285714285714285 0.04380952380952381
0 0.5853571428571429 0.43952380952380954 0.015 0.039047619047619046
0 0.5932142857142857 0.44095238095238093 0.012142857142857143 0.0380952380952381
0 0.6592857142857143 0.4 0.012857142857142857 0.0380952380952381
0 0.7192857142857143 0.41523809523809524 0.012857142857142857 0.04
3 0.5828571428571429 0.3019047619047619 0.03857142857142857 0.05523809523809524
3 0.5917857142857142 0.2819047619047619 0.025 0.03619047619047619
3 0.5925 0.24047619047619048 0.025 0.03333333333333333
3 0.6225 0.24571428571428572 0.023571428571428573 0.03238095238095238
3 0.6467857142857143 0.31666666666666665 0.027857142857142858 0.04476190476190476
3 0.6982142857142857 0.3404761904761905 0.05928571428571429 0.040952380952380955
3 0.7017857142857142 0.32666666666666666 0.065 0.030476190476190476
3 0.6985714285714286 0.31523809523809526 0.06428571428571428 0.03428571428571429
3 0.6732142857142858 0.29714285714285715 0.05357142857142857 0.03238095238095238
3 0.6610714285714285 0.2857142857142857 0.05071428571428571 0.024761904761904763
3 0.6707142857142857 0.2704761904761905 0.05142857142857143 0.02857142857142857
1 0.6189285714285714 0.2833333333333333 0.007857142857142858 0.021904761904761906
9 0.6203571428571428 0.28809523809523807 0.010714285714285714 0.023809523809523808
1 0.6421428571428571 0.17142857142857143 0.005714285714285714 0.017142857142857144
1 0.6635714285714286 0.15 0.005714285714285714 0.014285714285714285
1 0.6807142857142857 0.15285714285714286 0.005714285714285714 0.012380952380952381
1 0.7175 0.1138095238095238 0.0035714285714285713 0.010476190476190476
1 0.7196428571428571 0.09476190476190476 0.0035714285714285713 0.008571428571428572
1 0.7492857142857143 0.0680952380952381 0.002857142857142857 0.004761904761904762
2 0.6414285714285715 0.17523809523809525 0.007142857142857143 0.015238095238095238
2 0.6628571428571428 0.15428571428571428 0.004285714285714286 0.011428571428571429
2 0.68 0.15666666666666668 0.004285714285714286 0.010476190476190476
2 0.72 0.0980952380952381 0.002857142857142857 0.007619047619047619
2 0.7489285714285714 0.07047619047619047 0.002142857142857143 0.005714285714285714
0 0.7535714285714286 0.06095238095238095 0.002857142857142857 0.007619047619047619
0 0.7492857142857143 0.06333333333333334 0.002857142857142857 0.006666666666666666
0 0.7471428571428571 0.06571428571428571 0.002857142857142857 0.007619047619047619
0 0.7421428571428571 0.07714285714285714 0.002857142857142857 0.007619047619047619
0 0.745 0.07714285714285714 0.002857142857142857 0.009523809523809525
0 0.6953571428571429 0.1457142857142857 0.005 0.017142857142857144
0 0.7242857142857143 0.10047619047619048 0.004285714285714286 0.010476190476190476
0 0.7332142857142857 0.09904761904761905 0.0035714285714285713 0.011428571428571429
0 0.7314285714285714 0.09523809523809523 0.004285714285714286 0.009523809523809525
0 0.74 0.0880952380952381 0.002857142857142857 0.010476190476190476
2 0.7175 0.11666666666666667 0.0035714285714285713 0.008571428571428572
3 0.7082142857142857 0.10142857142857142 0.013571428571428571 0.014285714285714285
0 0.6471428571428571 0.14476190476190476 0.004285714285714286 0.011428571428571429
3 0.7078571428571429 0.17095238095238094 0.037142857142857144 0.02
3 0.7110714285714286 0.16428571428571428 0.03357142857142857 0.02
3 0.7110714285714286 0.16 0.03214285714285714 0.01904761904761905
3 0.715 0.15761904761904763 0.03142857142857143 0.018095238095238095
3 0.715 0.15523809523809523 0.02857142857142857 0.01904761904761905
3 0.7185714285714285 0.1519047619047619 0.02857142857142857 0.018095238095238095
3 0.7207142857142858 0.1457142857142857 0.03142857142857143 0.02095238095238095
4 0.7378571428571429 0.13714285714285715 0.04285714285714286 0.026666666666666665
3 0.4228571428571429 0.2680952380952381 0.03571428571428571 0.037142857142857144
0 0.47464285714285714 0.18857142857142858 0.0064285714285714285 0.015238095238095238
9 0.475 0.19333333333333333 0.008571428571428572 0.015238095238095238
0 0.5039285714285714 0.1438095238095238 0.005 0.015238095238095238
0 0.4632142857142857 0.16666666666666666 0.005 0.015238095238095238
0 0.1725 0.39666666666666667 0.015 0.037142857142857144
0 0.16785714285714284 0.3904761904761905 0.017142857142857144 0.04
0 0.185 0.38571428571428573 0.015714285714285715 0.04
3 0.025714285714285714 0.4219047619047619 0.05142857142857143 0.05523809523809524
3 0.04535714285714286 0.3995238095238095 0.08642857142857142 0.054285714285714284
3 0.07571428571428572 0.379047619047619 0.08428571428571428 0.047619047619047616
3 0.10285714285714286 0.3585714285714286 0.07571428571428572 0.04476190476190476
3 0.03857142857142857 0.3547619047619048 0.07571428571428572 0.05047619047619047
3 0.195 0.3028571428571429 0.06285714285714286 0.0380952380952381
3 0.26 0.29285714285714287 0.04428571428571428 0.04666666666666667
3 0.25892857142857145 0.25476190476190474 0.055 0.039047619047619046
3 0.2742857142857143 0.24571428571428572 0.055714285714285716 0.04
3 0.2835714285714286 0.23714285714285716 0.05857142857142857 0.03619047619047619
3 0.29214285714285715 0.2276190476190476 0.05714285714285714 0.03428571428571429
3 0.3117857142857143 0.22476190476190477 0.04357142857142857 0.024761904761904763
3 0.32321428571428573 0.21476190476190476 0.039285714285714285 0.02761904761904762
3 0.35535714285714287 0.22428571428571428 0.03214285714285714 0.03142857142857143
3 0.3432142857142857 0.1980952380952381 0.03785714285714286 0.026666666666666665
3 0.35714285714285715 0.19380952380952382 0.04 0.029523809523809525
3 0.41035714285714286 0.1838095238095238 0.025 0.024761904761904763
3 0.435 0.15095238095238095 0.03428571428571429 0.025714285714285714
3 0.4739285714285714 0.15142857142857144 0.023571428571428573 0.02095238095238095
1 0.5089285714285714 0.1295238095238095 0.005 0.011428571428571429
9 0.5085714285714286 0.1361904761904762 0.01 0.009523809523809525
3 0.525 0.12476190476190477 0.018571428571428572 0.017142857142857144
0 0.5303571428571429 0.14333333333333334 0.0035714285714285713 0.018095238095238095
0 0.5335714285714286 0.14142857142857143 0.004285714285714286 0.01619047619047619
