3 0.2975 0.9257142857142857 0.07214285714285715 0.0419047619047619
3 0.12964285714285714 0.9352380952380952 0.075 0.0419047619047619
3 0.10857142857142857 0.9752380952380952 0.07 0.045714285714285714
3 0.03892857142857143 0.9576190476190476 0.07071428571428572 0.05047619047619047
3 0.045714285714285714 0.9095238095238095 0.07142857142857142 0.04380952380952381
3 0.44607142857142856 0.8666666666666667 0.055 0.0419047619047619
3 0.5746428571428571 0.6661904761904762 0.015 0.023809523809523808
3 0.5071428571428571 0.7566666666666667 0.02142857142857143 0.03142857142857143
3 0.4882142857142857 0.7433333333333333 0.020714285714285713 0.03333333333333333
3 0.5007142857142857 0.7123809523809523 0.02142857142857143 0.024761904761904763
3 0.5232142857142857 0.7152380952380952 0.020714285714285713 0.02857142857142857
3 0.4407142857142857 0.7390476190476191 0.025714285714285714 0.02857142857142857
3 0.4539285714285714 0.7142857142857143 0.020714285714285713 0.026666666666666665
3 0.5121428571428571 0.69 0.02 0.023809523809523808
4 0.46285714285714286 0.7423809523809524 0.02142857142857143 0.03333333333333333
5 0.48 0.7052380952380952 0.025714285714285714 0.04857142857142857
3 0.46785714285714286 0.6942857142857143 0.017142857142857144 0.026666666666666665
3 0.5239285714285714 0.6680952380952381 0.017857142857142856 0.021904761904761906
3 0.5246428571428572 0.7771428571428571 0.029285714285714286 0.0380952380952381
3 0.535 0.6433333333333333 0.012857142857142857 0.02
3 0.5739285714285715 0.6371428571428571 0.010714285714285714 0.015238095238095238
3 0.6657142857142857 0.95 0.06 0.04666666666666667
3 0.7614285714285715 0.9709523809523809 0.06857142857142857 0.05238095238095238
3 0.6957142857142857 0.9876190476190476 0.07285714285714286 0.024761904761904763
3 0.8732142857142857 0.9823809523809524 0.08642857142857142 0.035238095238095235
0 0.5857142857142857 0.8704761904761905 0.007142857142857143 0.026666666666666665
1 0.6710714285714285 0.8442857142857143 0.0064285714285714285 0.023809523809523808
9 0.6692857142857143 0.8457142857142858 0.017142857142857144 0.015238095238095238
3 0.5985714285714285 0.56 0.008571428571428572 0.009523809523809525
3 0.6221428571428571 0.5238095238095238 0.01 0.015238095238095238
3 0.605 0.5033333333333333 0.005714285714285714 0.006666666666666666
3 0.6103571428571428 0.49857142857142855 0.005 0.008571428571428572
4 0.5682142857142857 0.5261904761904762 0.017857142857142856 0.01619047619047619
1 0.37214285714285716 0.8328571428571429 0.007142857142857143 0.01619047619047619
1 0.36178571428571427 0.8352380952380952 0.007857142857142858 0.01904761904761905
1 0.4107142857142857 0.7847619047619048 0.005714285714285714 0.011428571428571429
1 0.4157142857142857 0.7695238095238095 0.004285714285714286 0.013333333333333332
0 0.3560714285714286 0.7685714285714286 0.005 0.017142857142857144
0 0.3582142857142857 0.7652380952380953 0.005 0.02
1 0.4110714285714286 0.7538095238095238 0.007857142857142858 0.018095238095238095
9 0.35964285714285715 0.8442857142857143 0.007857142857142858 0.021904761904761906
9 0.37 0.8423809523809523 0.007142857142857143 0.018095238095238095
9 0.4114285714285714 0.7952380952380952 0.01 0.015238095238095238
9 0.4157142857142857 0.7766666666666666 0.007142857142857143 0.012380952380952381
1 0.4 0.76 0.005714285714285714 0.017142857142857144
1 0.35035714285714287 0.8142857142857143 0.010714285714285714 0.017142857142857144
9 0.3485714285714286 0.8247619047619048 0.02 0.015238095238095238
