5 0.11678571428571428 0.10333333333333333 0.055 0.07904761904761905
3 0.17607142857142857 0.24428571428571427 0.03214285714285714 0.08095238095238096
7 0.06785714285714285 0.2580952380952381 0.04285714285714286 0.06476190476190476
3 0.03357142857142857 0.4895238095238095 0.05714285714285714 0.10476190476190476
3 0.24714285714285714 0.3219047619047619 0.06428571428571428 0.0761904761904762
3 0.3678571428571429 0.20476190476190476 0.04285714285714286 0.07047619047619047
5 0.24428571428571427 0.24142857142857144 0.054285714285714284 0.07333333333333333
3 0.32785714285714285 0.30857142857142855 0.07 0.05904761904761905
3 0.39964285714285713 0.3342857142857143 0.062142857142857146 0.049523809523809526
3 0.45571428571428574 0.3314285714285714 0.03857142857142857 0.09714285714285714
3 0.2960714285714286 0.42904761904761907 0.08357142857142857 0.05238095238095238
1 0.16785714285714284 0.30142857142857143 0.014285714285714285 0.021904761904761906
1 0.12178571428571429 0.28523809523809524 0.017857142857142856 0.025714285714285714
1 0.07714285714285714 0.3342857142857143 0.014285714285714285 0.015238095238095238
1 0.07071428571428572 0.32285714285714284 0.012857142857142857 0.017142857142857144
1 0.08571428571428572 0.46523809523809523 0.02 0.025714285714285714
9 0.07357142857142857 0.3295238095238095 0.025714285714285714 0.03428571428571429
9 0.12428571428571429 0.28904761904761905 0.022857142857142857 0.03333333333333333
9 0.08857142857142856 0.4666666666666667 0.027142857142857142 0.0419047619047619
2 0.1707142857142857 0.30714285714285716 0.022857142857142857 0.029523809523809525
3 0.16357142857142856 0.8957142857142857 0.06285714285714286 0.12476190476190477
9 0.5653571428571429 0.2985714285714286 0.020714285714285713 0.03333333333333333
1 0.6564285714285715 0.32761904761904764 0.012857142857142857 0.02857142857142857
9 0.6578571428571428 0.32476190476190475 0.03571428571428571 0.01904761904761905
1 0.9696428571428571 0.1180952380952381 0.013571428571428571 0.02095238095238095
9 0.9657142857142857 0.12333333333333334 0.027142857142857142 0.037142857142857144
3 0.7632142857142857 0.38952380952380955 0.06642857142857143 0.08
1 0.7196428571428571 0.47904761904761906 0.013571428571428571 0.024761904761904763
9 0.7175 0.4780952380952381 0.030714285714285715 0.0380952380952381
8 0.7 0.6814285714285714 0.12142857142857143 0.2180952380952381
9 0.8360714285714286 0.67 0.023571428571428573 0.035238095238095235
9 0.8225 0.6980952380952381 0.027857142857142858 0.03428571428571429
3 0.8575 0.7933333333333333 0.09214285714285714 0.06095238095238095
9 0.8975 0.8561904761904762 0.03785714285714286 0.026666666666666665
3 0.8735714285714286 0.13047619047619047 0.05 0.06857142857142857
3 0.9317857142857143 0.07333333333333333 0.062142857142857146 0.07047619047619047
9 0.10535714285714286 0.01619047619047619 0.029285714285714286 0.030476190476190476
