3 0.156 0.8446666666666667 0.056 0.058666666666666666
9 0.2315 0.829 0.016 0.028666666666666667
9 0.33125 0.7096666666666667 0.0085 0.015333333333333332
9 0.38475 0.6596666666666666 0.006500000000000001 0.012666666666666666
9 0.37675000000000003 0.6596666666666666 0.006500000000000001 0.01
9 0.369 0.6576666666666666 0.006 0.011333333333333332
9 0.29575 0.699 0.0055 0.016666666666666666
9 0.37175 0.6306666666666666 0.0105 0.010666666666666666
3 0.32525 0.6793333333333333 0.0345 0.024
3 0.34850000000000003 0.6526666666666666 0.025 0.021333333333333333
3 0.3845 0.6146666666666667 0.015 0.016
3 0.3915 0.6046666666666667 0.013000000000000001 0.013333333333333332
3 0.41025 0.5973333333333333 0.0195 0.013333333333333332
1 0.23175 0.8213333333333334 0.0115 0.022666666666666665
1 0.331 0.7033333333333333 0.006 0.017333333333333333
1 0.369 0.6536666666666666 0.005 0.012666666666666666
1 0.3765 0.6543333333333333 0.004 0.012666666666666666
1 0.38425 0.6546666666666666 0.0055 0.013333333333333332
3 0.4335 0.5666666666666667 0.014 0.010666666666666666
3 0.44225000000000003 0.5523333333333333 0.0105 0.01
3 0.45125 0.5429999999999999 0.0095 0.007333333333333333
4 0.534 0.5153333333333333 0.004 0.008
3 0.51375 0.5426666666666666 0.0075 0.009333333333333332
8 0.4965 0.516 0.007 0.014666666666666666
5 0.5415 0.539 0.012 0.015333333333333332
5 0.5475 0.542 0.009000000000000001 0.016
3 0.5465 0.5529999999999999 0.008 0.007333333333333333
5 0.5435 0.6486666666666666 0.024 0.06666666666666667
5 0.54625 0.6026666666666667 0.0175 0.04
5 0.54725 0.5776666666666667 0.0165 0.03
4 0.54925 0.5586666666666666 0.0085 0.006666666666666666
4 0.5545 0.6876666666666666 0.015 0.028666666666666667
5 0.54675 0.7836666666666666 0.043500000000000004 0.15
0 0.617 0.6729999999999999 0.006 0.018
1 0.445 0.5746666666666667 0.004 0.010666666666666666
3 0.46175 0.534 0.0085 0.008
3 0.466 0.531 0.006 0.007333333333333333
3 0.47175 0.527 0.0105 0.007333333333333333
3 0.47725 0.525 0.0095 0.006
