3 0.17714285714285713 0.02619047619047619 0.09857142857142857 0.05238095238095238
4 0.16535714285714287 0.05714285714285714 0.10214285714285715 0.07809523809523809
5 0.31535714285714284 0.2695238095238095 0.08214285714285714 0.22095238095238096
5 0.062142857142857146 0.7785714285714286 0.12428571428571429 0.17047619047619048
0 0.3817857142857143 0.9738095238095238 0.019285714285714285 0.04857142857142857
0 0.42607142857142855 0.9028571428571428 0.029285714285714286 0.04
0 0.4075 0.7761904761904762 0.02642857142857143 0.049523809523809526
0 0.42142857142857143 0.73 0.022857142857142857 0.04285714285714286
0 0.40285714285714286 0.6109523809523809 0.014285714285714285 0.05238095238095238
0 0.3939285714285714 0.5980952380952381 0.015 0.049523809523809526
5 0.9307142857142857 0.9480952380952381 0.13857142857142857 0.1019047619047619
0 0.5635714285714286 0.8395238095238096 0.02142857142857143 0.037142857142857144
0 0.6639285714285714 0.7490476190476191 0.029285714285714286 0.040952380952380955
0 0.5835714285714285 0.7533333333333333 0.03 0.04
5 0.535 0.3223809523809524 0.12428571428571429 0.21047619047619048
4 0.47 0.14857142857142858 0.06 0.1180952380952381
3 0.8042857142857143 0.09571428571428571 0.06571428571428571 0.10761904761904761
4 0.9117857142857143 0.2923809523809524 0.085 0.1619047619047619
4 0.9721428571428572 0.5023809523809524 0.055714285714285716 0.1819047619047619
