5 0.18071428571428572 0.9403553299492385 0.07285714285714286 0.11675126903553298
5 0.4446428571428571 0.6890862944162436 0.052142857142857144 0.14720812182741116
5 0.5842857142857143 0.6224619289340101 0.04 0.09010152284263959
5 0.7135714285714285 0.2969543147208122 0.03142857142857143 0.04568527918781726
5 0.5682142857142857 0.11802030456852791 0.016428571428571428 0.03045685279187817
3 0.20785714285714285 0.8121827411167513 0.03571428571428571 0.07614213197969542
3 0.2664285714285714 0.898477157360406 0.04 0.09137055837563451
4 0.37785714285714284 0.9689086294416243 0.04 0.05964467005076142
3 0.24785714285714286 0.5431472081218274 0.022857142857142857 0.050761421319796954
3 0.2825 0.5875634517766497 0.023571428571428573 0.050761421319796954
3 0.3464285714285714 0.49999999999999994 0.02142857142857143 0.050761421319796954
3 0.3314285714285714 0.34644670050761417 0.018571428571428572 0.032994923857868015
3 0.38535714285714284 0.30076142131979694 0.016428571428571428 0.025380710659898477
3 0.3582142857142857 0.28870558375634514 0.013571428571428571 0.024111675126903553
3 0.3985714285714286 0.22652284263959388 0.014285714285714285 0.021573604060913704
3 0.41214285714285714 0.24175126903553298 0.014285714285714285 0.026649746192893398
3 0.42857142857142855 0.1947969543147208 0.011428571428571429 0.013959390862944161
3 0.4639285714285714 0.18337563451776648 0.010714285714285714 0.019035532994923856
3 0.505 0.18210659898477155 0.01 0.016497461928934008
3 0.5225 0.14340101522842638 0.009285714285714286 0.012690355329949238
3 0.485 0.14530456852791876 0.011428571428571429 0.016497461928934008
3 0.505 0.141497461928934 0.012857142857142857 0.013959390862944161
3 0.5446428571428571 0.12119289340101522 0.010714285714285714 0.013959390862944161
3 0.5896428571428571 0.11167512690355329 0.009285714285714286 0.01015228426395939
3 0.5828571428571429 0.10850253807106598 0.007142857142857143 0.011421319796954314
3 0.5996428571428571 0.10088832487309644 0.007857142857142858 0.008883248730964466
3 0.6089285714285714 0.09581218274111675 0.007857142857142858 0.008883248730964466
8 0.6239285714285714 0.08756345177664974 0.012142857142857143 0.017766497461928932
8 0.4739285714285714 0.2011421319796954 0.02214285714285714 0.04695431472081218
8 0.4325 0.23350253807106597 0.02214285714285714 0.055837563451776644
8 0.2935714285714286 0.3546954314720812 0.03428571428571429 0.09517766497461928
5 0.33964285714285714 0.27220812182741116 0.02214285714285714 0.03934010152284264
5 0.47928571428571426 0.18083756345177662 0.014285714285714285 0.031725888324873094
5 0.4067857142857143 0.30012690355329946 0.023571428571428573 0.04695431472081218
4 0.3846428571428571 0.416243654822335 0.019285714285714285 0.04568527918781726
3 0.7057142857142857 0.42576142131979694 0.02142857142857143 0.026649746192893398
3 0.6889285714285714 0.3927664974619289 0.023571428571428573 0.024111675126903553
3 0.655 0.4029187817258883 0.02142857142857143 0.026649746192893398
3 0.6303571428571428 0.42639593908629436 0.023571428571428573 0.02284263959390863
8 0.6646428571428571 0.4606598984771573 0.029285714285714286 0.050761421319796954
4 0.6589285714285714 0.19543147208121825 0.007857142857142858 0.015228426395939085
3 0.735 0.1484771573604061 0.008571428571428572 0.01015228426395939
