3 0.78525 0.6616666666666666 0.1045 0.162
3 0.95325 0.712 0.0935 0.16266666666666665
3 0.87825 0.579 0.11750000000000001 0.13133333333333333
3 0.69925 0.5023333333333333 0.07050000000000001 0.10333333333333333
3 0.7615000000000001 0.3496666666666667 0.054 0.056666666666666664
3 0.9755 0.5076666666666666 0.049 0.082
3 0.9420000000000001 0.4393333333333333 0.09 0.06933333333333333
3 0.851 0.35533333333333333 0.047 0.05733333333333333
3 0.80625 0.32 0.0545 0.04666666666666666
3 0.761 0.286 0.031 0.03733333333333333
3 0.7010000000000001 0.3253333333333333 0.044 0.06133333333333333
3 0.738 0.25266666666666665 0.04 0.03333333333333333
3 0.7525000000000001 0.22899999999999998 0.053 0.03133333333333333
3 0.7225 0.21966666666666665 0.051000000000000004 0.035333333333333335
3 0.6775 0.20033333333333334 0.028 0.026
3 0.6585 0.4126666666666666 0.054 0.08666666666666667
3 0.62775 0.3516666666666666 0.0385 0.06066666666666667
3 0.60875 0.305 0.0315 0.043333333333333335
3 0.668 0.2856666666666667 0.036000000000000004 0.043333333333333335
3 0.64425 0.25366666666666665 0.0275 0.035333333333333335
0 0.5525 0.7976666666666666 0.034 0.062
3 0.57825 0.237 0.0235 0.03666666666666667
3 0.60775 0.204 0.0235 0.032
3 0.59475 0.19033333333333333 0.0195 0.02333333333333333
3 0.5945 0.16933333333333334 0.018000000000000002 0.02
3 0.58075 0.159 0.0115 0.019333333333333334
3 0.60075 0.16033333333333333 0.0145 0.019333333333333334
3 0.59375 0.14366666666666666 0.0125 0.016666666666666666
3 0.635 0.159 0.014 0.019333333333333334
3 0.62975 0.149 0.0135 0.018
3 0.6255000000000001 0.13699999999999998 0.012 0.015333333333333332
3 0.62 0.131 0.013000000000000001 0.016666666666666666
3 0.61475 0.12566666666666665 0.0095 0.012666666666666666
3 0.60975 0.11399999999999999 0.0105 0.013333333333333332
3 0.60825 0.11 0.0095 0.013333333333333332
3 0.6055 0.10333333333333333 0.008 0.010666666666666666
3 0.5972500000000001 0.09566666666666666 0.0105 0.01
3 0.585 0.11433333333333333 0.01 0.012666666666666666
3 0.583 0.108 0.009000000000000001 0.009333333333333332
3 0.5815 0.102 0.008 0.009333333333333332
3 0.5905 0.093 0.01 0.01
3 0.58725 0.07533333333333334 0.0135 0.008
3 0.5755 0.09333333333333332 0.01 0.010666666666666666
3 0.56725 0.09266666666666666 0.0095 0.012
3 0.583 0.06966666666666667 0.009000000000000001 0.006
3 0.59075 0.06966666666666667 0.0085 0.006
3 0.5755 0.06999999999999999 0.009000000000000001 0.006666666666666666
1 0.83575 0.382 0.0165 0.029333333333333333
9 0.8320000000000001 0.3883333333333333 0.017 0.03
9 0.1065 0.6463333333333333 0.054 0.041999999999999996
9 0.138 0.6173333333333333 0.05 0.03866666666666667
2 0.12875 0.6353333333333333 0.0445 0.036
2 0.14925 0.601 0.051500000000000004 0.03666666666666667
2 0.16 0.5923333333333333 0.048 0.033999999999999996
2 0.17075 0.5773333333333334 0.0485 0.03733333333333333
