3 0.11678571428571428 0.706218274111675 0.02642857142857143 0.026649746192893398
3 0.2817857142857143 0.5304568527918782 0.027857142857142858 0.025380710659898477
3 0.33964285714285714 0.5653553299492385 0.02642857142857143 0.026649746192893398
3 0.38142857142857145 0.46510152284263956 0.02857142857142857 0.026649746192893398
5 0.5025 0.6053299492385786 0.05928571428571429 0.04060913705583756
9 0.5078571428571429 0.4359137055837563 0.014285714285714285 0.008883248730964466
3 0.5739285714285715 0.473984771573604 0.02642857142857143 0.024111675126903553
3 0.6921428571428572 0.5006345177664975 0.025714285714285714 0.021573604060913704
3 0.8375 0.6434010152284263 0.027857142857142858 0.02284263959390863
3 0.8753571428571428 0.6167512690355329 0.025 0.02284263959390863
4 0.8875 0.5805837563451777 0.03357142857142857 0.026649746192893398
5 0.8328571428571429 0.4593908629441624 0.047142857142857146 0.032994923857868015
3 0.8889285714285714 0.9517766497461928 0.027857142857142858 0.050761421319796954
3 0.7592857142857142 0.9847715736040609 0.024285714285714285 0.025380710659898477
