3 0.33585594989561585 0.674860853432282 0.04123173277661795 0.0287569573283859
7 0.290187891440501 0.7996289424860854 0.043841336116910226 0.04267161410018553
0 0.5036534446764092 0.8678107606679035 0.009394572025052192 0.0287569573283859
7 0.4929540709812108 0.8571428571428572 0.02139874739039666 0.06493506493506494
3 0.46711899791231726 0.735621521335807 0.037578288100208766 0.03710575139146568
3 0.4692066805845511 0.7152133580705009 0.04175365344467641 0.03153988868274583
4 0.5876826722338204 0.6479591836734694 0.032359081419624215 0.03246753246753247
7 0.6323068893528183 0.8033395176252319 0.05375782881002087 0.05380333951762523
7 0.6724947807933194 0.7203153988868275 0.056889352818371604 0.05287569573283859
7 0.6696242171189979 0.700834879406308 0.056367432150313146 0.043599257884972174
7 0.7048538622129435 0.6669758812615956 0.020354906054279746 0.055658627087198514
7 0.5795929018789143 0.6354359925788498 0.020354906054279746 0.025974025974025976
4 0.5908141962421711 0.6224489795918368 0.039665970772442584 0.027829313543599257
4 0.5978601252609603 0.5797773654916513 0.02766179540709812 0.027829313543599257
3 0.5876826722338204 0.5756029684601113 0.027139874739039664 0.026901669758812616
3 0.62160751565762 0.5589053803339518 0.030271398747390394 0.02319109461966605
3 0.6210855949895615 0.5380333951762524 0.029227557411273482 0.022263450834879406
3 0.6223903966597076 0.5296846011131725 0.028705636743215027 0.02411873840445269
4 0.6184759916492693 0.5176252319109462 0.029227557411273482 0.02411873840445269
7 0.5790709812108559 0.5157699443413729 0.007828810020876827 0.022263450834879406
6 0.5420146137787056 0.5241187384044527 0.013048016701461376 0.016697588126159554
9 0.6223903966597076 0.6006493506493507 0.014091858037578286 0.0176252319109462
7 0.6244780793319414 0.5890538033395176 0.019311064718162838 0.027829313543599257
7 0.6664926931106471 0.4860853432282004 0.010438413361169102 0.022263450834879406
0 0.6385699373695197 0.4888682745825603 0.004697286012526096 0.01855287569573284
1 0.5054801670146137 0.5848794063079777 0.0057411273486430055 0.013914656771799629
0 0.49791231732776614 0.5742115027829313 0.0031315240083507304 0.01855287569573284
2 0.5054801670146137 0.5728200371057514 0.013048016701461376 0.012059369202226345
1 0.5240083507306889 0.5264378478664193 0.006263048016701461 0.010204081632653062
6 0.5305323590814196 0.5134508348794063 0.009916492693110646 0.010204081632653062
6 0.522964509394572 0.4953617810760668 0.016701461377870562 0.020408163265306124
0 0.5224425887265135 0.4577922077922078 0.0041753653444676405 0.012059369202226345
6 0.5271398747390396 0.4619666048237477 0.010438413361169102 0.014842300556586271
6 0.5806367432150312 0.48562152133580705 0.007828810020876827 0.01948051948051948
0 0.5832463465553235 0.48283858998144713 0.004697286012526096 0.015769944341372914
0 0.5769832985386221 0.4860853432282004 0.006784968684759916 0.01855287569573284
0 0.5793319415448851 0.45454545454545453 0.0041753653444676405 0.016697588126159554
7 0.5868997912317327 0.45408163265306123 0.007828810020876827 0.01948051948051948
7 0.563152400835073 0.42346938775510207 0.0073068893528183704 0.0176252319109462
3 0.6059498956158663 0.4489795918367347 0.021920668058455113 0.016697588126159554
3 0.5926409185803757 0.4401669758812616 0.020354906054279746 0.0176252319109462
4 0.6069937369519832 0.4355287569573284 0.016701461377870562 0.015769944341372914
3 0.5973382045929018 0.43042671614100186 0.014091858037578286 0.011131725417439703
3 0.6049060542797494 0.4285714285714286 0.01774530271398747 0.012987012987012988
4 0.6033402922755741 0.4197588126159555 0.024008350730688934 0.01948051948051948
1 0.5438413361169102 0.4165120593692022 0.0020876826722338203 0.00927643784786642
9 0.5456680584551148 0.4174397031539889 0.0057411273486430055 0.0074211502782931356
9 0.5407098121085594 0.4165120593692022 0.005219206680584551 0.0074211502782931356
9 0.5558455114822547 0.37569573283859 0.006263048016701461 0.00927643784786642
9 0.549321503131524 0.3715213358070501 0.0057411273486430055 0.006493506493506494
9 0.5422755741127349 0.38589981447124305 0.005219206680584551 0.0074211502782931356
9 0.5600208768267223 0.36410018552875695 0.0031315240083507304 0.008348794063079777
1 0.5602818371607515 0.362708719851577 0.0026096033402922755 0.00927643784786642
0 0.565501043841336 0.37291280148423006 0.0026096033402922755 0.011131725417439703
0 0.5634133611691022 0.37244897959183676 0.0026096033402922755 0.010204081632653062
2 0.5626304801670146 0.37291280148423006 0.0020876826722338203 0.00927643784786642
9 0.5709812108559499 0.37337662337662336 0.0031315240083507304 0.008348794063079777
1 0.5709812108559499 0.3710575139146568 0.0031315240083507304 0.0074211502782931356
0 0.5709812108559499 0.36641929499072357 0.0031315240083507304 0.011131725417439703
0 0.5581941544885177 0.3395176252319109 0.0026096033402922755 0.00927643784786642
1 0.5626304801670146 0.3492578849721707 0.0031315240083507304 0.008348794063079777
9 0.5623695198329853 0.35111317254174396 0.0026096033402922755 0.006493506493506494
4 0.5623695198329853 0.3334879406307978 0.006784968684759916 0.012059369202226345
7 0.5673277661795406 0.3320964749536178 0.0041753653444676405 0.011131725417439703
7 0.5715031315240083 0.32884972170686455 0.0041753653444676405 0.010204081632653062
6 0.5748956158663883 0.33070500927643787 0.004697286012526096 0.008348794063079777
1 0.5748956158663883 0.32884972170686455 0.0026096033402922755 0.006493506493506494
3 0.5835073068893527 0.38821892393320967 0.018789144050104383 0.012059369202226345
3 0.5853340292275574 0.3761595547309833 0.016179540709812108 0.012059369202226345
3 0.6028183716075156 0.39239332096474955 0.016701461377870562 0.012987012987012988
3 0.6017745302713987 0.3868274582560297 0.016701461377870562 0.014842300556586271
4 0.6025574112734864 0.3807977736549165 0.013048016701461376 0.013914656771799629
0 0.6109081419624216 0.3845083487940631 0.0036534446764091852 0.013914656771799629
4 0.5999478079331941 0.37708719851576994 0.013048016701461376 0.013914656771799629
3 0.6025574112734864 0.3747680890538033 0.015135699373695197 0.011131725417439703
3 0.6017745302713987 0.3687384044526902 0.01774530271398747 0.013914656771799629
3 0.5897703549060542 0.37244897959183676 0.014613778705636741 0.012059369202226345
7 0.5850730688935282 0.36363636363636365 0.012526096033402922 0.012987012987012988
7 0.6150835073068893 0.35482374768089053 0.010960334029227557 0.012059369202226345
7 0.600991649269311 0.35064935064935066 0.008872651356993735 0.00927643784786642
3 0.5991649269311065 0.34740259740259744 0.014613778705636741 0.010204081632653062
3 0.598643006263048 0.3460111317254174 0.013569937369519832 0.011131725417439703
3 0.5861169102296451 0.34833024118738404 0.006263048016701461 0.012059369202226345
3 0.583768267223382 0.3455473098330241 0.014091858037578286 0.010204081632653062
3 0.5866388308977035 0.34415584415584416 0.015657620041753653 0.011131725417439703
7 0.5840292275574113 0.3395176252319109 0.008350730688935281 0.0074211502782931356
3 0.6362212943632567 0.3650278293135436 0.008350730688935281 0.013914656771799629
3 0.6244780793319414 0.3200371057513915 0.0057411273486430055 0.00927643784786642
0 0.5675887265135698 0.31586270871985156 0.0026096033402922755 0.00463821892393321
0 0.568893528183716 0.31493506493506496 0.0020876826722338203 0.008348794063079777
0 0.5704592901878914 0.31586270871985156 0.0020876826722338203 0.008348794063079777
0 0.5735908141962421 0.31910946196660483 0.0020876826722338203 0.00927643784786642
0 0.5754175365344467 0.3181818181818182 0.0015657620041753652 0.00927643784786642
7 0.5649791231732776 0.3075139146567718 0.0036534446764091852 0.008348794063079777
1 0.5733298538622129 0.3079777365491651 0.0026096033402922755 0.0055658627087198514
6 0.5738517745302714 0.30890538033395176 0.0057411273486430055 0.0055658627087198514
9 0.6346555323590813 0.3320964749536178 0.0031315240083507304 0.0074211502782931356
1 0.6343945720250521 0.3297773654916512 0.0015657620041753652 0.006493506493506494
5 0.6385699373695197 0.2782931354359926 0.010960334029227557 0.016697588126159554
5 0.6375260960334028 0.2602040816326531 0.007828810020876827 0.0176252319109462
8 0.656054279749478 0.26669758812615957 0.006263048016701461 0.012059369202226345
3 0.6610125260960333 0.2894248608534323 0.004697286012526096 0.0074211502782931356
3 0.6633611691022964 0.29730983302411873 0.006263048016701461 0.008348794063079777
3 0.656054279749478 0.30287569573283857 0.006263048016701461 0.008348794063079777
7 0.6764091858037578 0.30658627087198514 0.005219206680584551 0.010204081632653062
5 0.6657098121085594 0.3209647495361781 0.009916492693110646 0.020408163265306124
3 0.6680584551148225 0.3460111317254174 0.008350730688935281 0.014842300556586271
3 0.6696242171189979 0.3385899814471243 0.0073068893528183704 0.011131725417439703
3 0.6805845511482254 0.34461966604823746 0.0073068893528183704 0.012059369202226345
4 0.7001565762004175 0.35482374768089053 0.007828810020876827 0.013914656771799629
0 0.6677974947807932 0.3715213358070501 0.0026096033402922755 0.006493506493506494
9 0.667536534446764 0.37337662337662336 0.0031315240083507304 0.008348794063079777
3 0.6863256784968684 0.40120593692022266 0.009394572025052192 0.015769944341372914
5 0.7244258872651357 0.3849721706864564 0.018789144050104383 0.029684601113172542
5 0.7359081419624216 0.38636363636363635 0.011482254697286011 0.021335807050092765
5 0.7536534446764092 0.426252319109462 0.027139874739039664 0.045454545454545456
3 0.7593945720250521 0.40816326530612246 0.011482254697286011 0.01855287569573284
8 0.7176409185803757 0.47031539888682744 0.019832985386221292 0.0352504638218924
3 0.7434759916492693 0.48330241187384043 0.016179540709812108 0.025974025974025976
5 0.7860125260960333 0.4893320964749536 0.01774530271398747 0.026901669758812616
1 0.7886221294363256 0.44712430426716143 0.0031315240083507304 0.00927643784786642
1 0.7878392484342379 0.4457328385899815 0.004697286012526096 0.012059369202226345
9 0.7873173277661795 0.44805194805194803 0.004697286012526096 0.012987012987012988
9 0.8165448851774529 0.46335807050092764 0.010960334029227557 0.012059369202226345
0 0.8645615866388308 0.49443413729128016 0.0036534446764091852 0.016697588126159554
3 0.8032359081419623 0.5306122448979592 0.018789144050104383 0.02411873840445269
7 0.878653444676409 0.4962894248608534 0.019311064718162838 0.022263450834879406
1 0.931367432150313 0.5088126159554731 0.004697286012526096 0.008348794063079777
9 0.9258872651356993 0.5106679035250464 0.006263048016701461 0.0176252319109462
0 0.9237995824634655 0.5528756957328386 0.0041753653444676405 0.020408163265306124
1 0.9237995824634655 0.5598330241187384 0.008350730688935281 0.015769944341372914
3 0.9410229645093945 0.563543599257885 0.029227557411273482 0.0287569573283859
7 0.9637265135699373 0.5732838589981447 0.02453027139874739 0.029684601113172542
1 0.9587682672233819 0.5269016697588126 0.005219206680584551 0.014842300556586271
9 0.9592901878914404 0.5310760667903525 0.010438413361169102 0.013914656771799629
6 0.9618997912317326 0.5190166975881262 0.018789144050104383 0.015769944341372914
9 0.9801670146137786 0.5176252319109462 0.008350730688935281 0.014842300556586271
9 0.9848643006263047 0.5064935064935066 0.006263048016701461 0.012987012987012988
7 0.9919102296450939 0.6465677179962894 0.015135699373695197 0.03339517625231911
5 0.9454592901878913 0.7017625231910947 0.06837160751565761 0.09369202226345083
7 0.7857515657620041 0.9443413729128015 0.025574112734864297 0.06493506493506494
0 0.7220772442588725 0.9605751391465678 0.006784968684759916 0.030612244897959183
1 0.7184237995824634 0.9865491651205938 0.009916492693110646 0.02319109461966605
7 0.7346033402922755 0.9429499072356216 0.01826722338204593 0.045454545454545456
7 0.6980688935281837 0.8432282003710575 0.056889352818371604 0.05009276437847866
6 0.7087682672233819 0.8107606679035251 0.029227557411273482 0.027829313543599257
0 0.7283402922755741 0.8116883116883117 0.006784968684759916 0.0352504638218924
6 0.7377348643006262 0.8126159554730984 0.019311064718162838 0.055658627087198514
1 0.7270354906054279 0.6233766233766234 0.006263048016701461 0.01855287569573284
9 0.7267745302713987 0.6289424860853432 0.007828810020876827 0.022263450834879406
9 0.673277661795407 0.487012987012987 0.005219206680584551 0.014842300556586271
1 0.6740605427974947 0.4837662337662338 0.004697286012526096 0.010204081632653062
0 0.6604906054279749 0.45871985157699446 0.0036534446764091852 0.015769944341372914
7 0.6581419624217119 0.45408163265306123 0.008350730688935281 0.021335807050092765
9 0.6432672233820459 0.4072356215213358 0.004697286012526096 0.00927643784786642
9 0.6176931106471816 0.4039888682745826 0.008872651356993735 0.012059369202226345
9 0.7241649269311063 0.36363636363636365 0.0036534446764091852 0.0074211502782931356
1 0.7241649269311063 0.36131725417439703 0.0026096033402922755 0.008348794063079777
9 0.8627348643006262 0.4777365491651206 0.008350730688935281 0.011131725417439703
6 0.841858037578288 0.46614100185528756 0.010438413361169102 0.021335807050092765
0 0.6513569937369519 0.46985157699443414 0.0041753653444676405 0.015769944341372914
2 0.6531837160751565 0.4707792207792208 0.009916492693110646 0.010204081632653062
3 0.6375260960334028 0.3269944341372913 0.004697286012526096 0.008348794063079777
6 0.8105427974947808 0.43042671614100186 0.005219206680584551 0.011131725417439703
6 0.8019311064718162 0.4225417439703154 0.006784968684759916 0.013914656771799629
0 0.7974947807933194 0.4225417439703154 0.0031315240083507304 0.012059369202226345
0 0.7972338204592901 0.41836734693877553 0.0026096033402922755 0.011131725417439703
5 0.7927974947807932 0.41280148423005564 0.009394572025052192 0.016697588126159554
7 0.7646137787056366 0.38311688311688313 0.008350730688935281 0.012987012987012988
3 0.7586116910229644 0.3464749536178108 0.010960334029227557 0.012059369202226345
3 0.7560020876826722 0.34369202226345086 0.012004175365344467 0.010204081632653062
4 0.7552192066805845 0.34090909090909094 0.012526096033402922 0.012059369202226345
4 0.7528705636743215 0.3399814471243043 0.012004175365344467 0.008348794063079777
4 0.7479123173277661 0.3358070500927644 0.015657620041753653 0.012987012987012988
5 0.7499999999999999 0.32838589981447125 0.019832985386221292 0.014842300556586271
4 0.7419102296450939 0.3269944341372913 0.010960334029227557 0.012059369202226345
4 0.7390396659707724 0.32606679035250463 0.010438413361169102 0.010204081632653062
3 0.7369519832985385 0.325139146567718 0.012526096033402922 0.010204081632653062
4 0.7346033402922755 0.3177179962894249 0.010960334029227557 0.010204081632653062
3 0.7262526096033403 0.31215213358070504 0.010960334029227557 0.010204081632653062
3 0.7393006263048016 0.31215213358070504 0.010960334029227557 0.010204081632653062
5 0.7275574112734864 0.3070500927643785 0.016701461377870562 0.012987012987012988
3 0.7231210855949894 0.30844155844155846 0.012004175365344467 0.010204081632653062
3 0.7197286012526095 0.3042671614100186 0.010438413361169102 0.0074211502782931356
3 0.7160751565762004 0.3014842300556586 0.010438413361169102 0.00927643784786642
3 0.7124217118997912 0.29684601113172543 0.009394572025052192 0.00927643784786642
3 0.7105949895615866 0.29638218923933213 0.008872651356993735 0.008348794063079777
3 0.7066805845511481 0.2912801484230056 0.009394572025052192 0.0074211502782931356
4 0.7035490605427974 0.2884972170686456 0.009394572025052192 0.0074211502782931356
3 0.7004175365344467 0.28617810760667906 0.008350730688935281 0.006493506493506494
4 0.7019832985386221 0.2852504638218924 0.0073068893528183704 0.008348794063079777
4 0.7249478079331941 0.29730983302411873 0.009394572025052192 0.008348794063079777
3 0.7218162839248433 0.2945269016697588 0.009394572025052192 0.008348794063079777
4 0.7194676409185803 0.2912801484230056 0.007828810020876827 0.0055658627087198514
3 0.716858037578288 0.2917439703153989 0.008872651356993735 0.008348794063079777
3 0.7160751565762004 0.287569573283859 0.008350730688935281 0.00927643784786642
7 0.7103340292275574 0.28664192949907236 0.005219206680584551 0.0074211502782931356
