3 0.435 0.061548223350253804 0.012857142857142857 0.05456852791878172
3 0.40285714285714286 0.09898477157360405 0.014285714285714285 0.05837563451776649
3 0.43285714285714283 0.19543147208121825 0.014285714285714285 0.050761421319796954
3 0.42928571428571427 0.26078680203045684 0.012857142857142857 0.05456852791878172
8 0.39535714285714285 0.3769035532994924 0.016428571428571428 0.07614213197969542
3 0.3889285714285714 0.4473350253807106 0.015 0.05964467005076142
3 0.4157142857142857 0.7125634517766497 0.02857142857142857 0.024111675126903553
3 0.4210714285714286 0.7499999999999999 0.030714285714285715 0.025380710659898477
3 0.46714285714285714 0.7125634517766497 0.032857142857142856 0.026649746192893398
4 0.5239285714285714 0.7131979695431472 0.03357142857142857 0.02284263959390863
3 0.5842857142857143 0.715736040609137 0.03 0.025380710659898477
3 0.6610714285714285 0.7112944162436547 0.03357142857142857 0.029187817258883246
3 0.6671428571428571 0.7506345177664974 0.03571428571428571 0.026649746192893398
5 0.30214285714285716 0.898477157360406 0.03 0.13197969543147206
3 0.2978571428571429 0.9828680203045684 0.012857142857142857 0.031725888324873094
3 0.78 0.7265228426395939 0.037142857142857144 0.029187817258883246
3 0.8510714285714286 0.7195431472081217 0.039285714285714285 0.027918781725888322
5 0.8589285714285714 0.7633248730964466 0.065 0.03934010152284264
5 0.9510714285714286 0.7658629441624365 0.062142857142857146 0.049492385786802026
4 0.9778571428571429 0.7163705583756345 0.04 0.03426395939086294
0 0.3821428571428571 0.5488578680203046 0.005714285714285714 0.011421319796954314
0 0.3917857142857143 0.5596446700507614 0.005 0.01015228426395939
0 0.3575 0.7588832487309644 0.009285714285714286 0.012690355329949238
0 0.3653571428571429 0.7411167512690354 0.007857142857142858 0.012690355329949238
0 0.37607142857142856 0.714467005076142 0.005 0.012690355329949238
0 0.37 0.6878172588832486 0.005714285714285714 0.01015228426395939
0 0.36964285714285716 0.6446700507614213 0.005 0.01015228426395939
0 0.3525 0.748730964467005 0.0064285714285714285 0.012690355329949238
0 0.355 0.7265228426395939 0.005714285714285714 0.011421319796954314
0 0.3467857142857143 0.7271573604060914 0.0064285714285714285 0.012690355329949238
0 0.35714285714285715 0.7049492385786802 0.007142857142857143 0.013959390862944161
0 0.3517857142857143 0.6713197969543147 0.007857142857142858 0.015228426395939085
0 0.32 0.557741116751269 0.005714285714285714 0.011421319796954314
0 0.5428571428571428 0.5875634517766497 0.005714285714285714 0.012690355329949238
0 0.4710714285714286 0.38832487309644664 0.0064285714285714285 0.012690355329949238
0 0.45285714285714285 0.31916243654822335 0.004285714285714286 0.016497461928934008
0 0.4625 0.26015228426395937 0.005 0.012690355329949238
0 0.4564285714285714 0.25253807106598986 0.004285714285714286 0.01015228426395939
0 0.46964285714285714 0.1351522842639594 0.005 0.011421319796954314
0 0.46035714285714285 0.09073604060913705 0.0064285714285714285 0.016497461928934008
0 0.4660714285714286 0.09073604060913705 0.005 0.016497461928934008
0 0.45714285714285713 0.038705583756345176 0.005714285714285714 0.016497461928934008
