3 0.07535714285714286 0.9 0.14785714285714285 0.2
3 0.060714285714285714 0.6828571428571428 0.11857142857142858 0.18095238095238095
0 0.1925 0.5752380952380952 0.06928571428571428 0.08571428571428572
0 0.23285714285714285 0.5104761904761905 0.06428571428571428 0.08761904761904762
0 0.17964285714285713 0.47285714285714286 0.047857142857142855 0.08857142857142856
0 0.2732142857142857 0.39666666666666667 0.05071428571428571 0.08857142857142856
0 0.4564285714285714 0.7819047619047619 0.045714285714285714 0.09714285714285714
0 0.4039285714285714 0.8085714285714286 0.065 0.08952380952380952
0 0.8792857142857143 0.07285714285714286 0.04857142857142857 0.10761904761904761
0 0.8625 0.26857142857142857 0.05785714285714286 0.10095238095238095
0 0.8810714285714286 0.3119047619047619 0.07642857142857143 0.10380952380952381
4 0.9328571428571428 0.8523809523809524 0.13428571428571429 0.18857142857142858
0 0.8046428571428571 0.98 0.075 0.04
4 0.07642857142857143 0.1523809523809524 0.15285714285714286 0.14857142857142858
4 0.06964285714285715 0.2838095238095238 0.13785714285714284 0.1619047619047619
4 0.06821428571428571 0.4361904761904762 0.135 0.17523809523809525
