3 0.6128571428571429 0.30583756345177665 0.005714285714285714 0.0076142131979695426
3 0.62 0.30583756345177665 0.005714285714285714 0.0076142131979695426
4 0.6071428571428571 0.3223350253807106 0.007142857142857143 0.01015228426395939
4 0.735 0.4029187817258883 0.024285714285714285 0.03934010152284264
4 0.7128571428571429 0.40862944162436543 0.018571428571428572 0.035532994923857864
4 0.6971428571428572 0.4098984771573604 0.017142857142857144 0.035532994923857864
4 0.7260714285714286 0.44543147208121825 0.02214285714285714 0.032994923857868015
3 0.7239285714285715 0.45875634517766495 0.020714285714285713 0.024111675126903553
9 0.7242857142857143 0.4955583756345177 0.007142857142857143 0.024111675126903553
9 0.7346428571428572 0.5145939086294415 0.016428571428571428 0.024111675126903553
9 0.7346428571428572 0.5209390862944162 0.016428571428571428 0.021573604060913704
9 0.7432142857142857 0.5260152284263959 0.015 0.019035532994923856
9 0.7535714285714286 0.5361675126903553 0.017142857142857144 0.021573604060913704
9 0.7567857142857143 0.5412436548223349 0.017857142857142856 0.021573604060913704
9 0.7603571428571428 0.5469543147208121 0.017857142857142856 0.02284263959390863
9 0.7646428571428572 0.5513959390862944 0.019285714285714285 0.021573604060913704
9 0.7692857142857142 0.5558375634517766 0.02 0.02030456852791878
9 0.7742857142857142 0.5590101522842639 0.018571428571428572 0.021573604060913704
9 0.7803571428571429 0.5647208121827411 0.017857142857142856 0.02284263959390863
9 0.7875 0.572969543147208 0.016428571428571428 0.024111675126903553
9 0.7967857142857143 0.5793147208121827 0.016428571428571428 0.021573604060913704
9 0.8035714285714286 0.5856598984771573 0.02 0.019035532994923856
9 0.81 0.6173857868020304 0.02142857142857143 0.026649746192893398
3 0.8078571428571428 0.6040609137055837 0.045714285714285714 0.035532994923857864
3 0.7139285714285715 0.5482233502538071 0.019285714285714285 0.03807106598984771
3 0.7510714285714286 0.6364213197969543 0.035 0.04695431472081218
3 0.7571428571428571 0.6662436548223349 0.04 0.03045685279187817
4 0.7671428571428571 0.682741116751269 0.047142857142857146 0.04314720812182741
4 0.7217857142857143 0.6015228426395939 0.020714285714285713 0.04314720812182741
0 0.5882142857142857 0.3623096446700507 0.0035714285714285713 0.016497461928934008
0 0.5553571428571429 0.36675126903553296 0.0035714285714285713 0.015228426395939085
0 0.39035714285714285 0.35977157360406087 0.0035714285714285713 0.011421319796954314
8 0.35892857142857143 0.3756345177664974 0.04071428571428572 0.025380710659898477
8 0.42678571428571427 0.3711928934010152 0.04071428571428572 0.029187817258883246
0 0.4575 0.3762690355329949 0.002142857142857143 0.016497461928934008
0 0.4992857142857143 0.37246192893401014 0.002857142857142857 0.013959390862944161
0 0.5292857142857142 0.3705583756345177 0.002857142857142857 0.015228426395939085
0 0.5289285714285714 0.34835025380710655 0.002142857142857143 0.019035532994923856
0 0.5414285714285715 0.34581218274111675 0.002857142857142857 0.013959390862944161
8 0.49892857142857144 0.35977157360406087 0.055 0.03426395939086294
8 0.5628571428571428 0.357233502538071 0.04 0.029187817258883246
0 0.5235714285714286 0.4041878172588832 0.002857142857142857 0.011421319796954314
2 0.5239285714285714 0.40609137055837563 0.0064285714285714285 0.0076142131979695426
0 0.48464285714285715 0.4213197969543147 0.002142857142857143 0.012690355329949238
0 0.48714285714285716 0.4232233502538071 0.002857142857142857 0.013959390862944161
0 0.4903571428571429 0.42639593908629436 0.002142857142857143 0.012690355329949238
9 0.4610714285714286 0.4543147208121827 0.0064285714285714285 0.015228426395939085
9 0.43464285714285716 0.4841370558375634 0.005 0.016497461928934008
0 0.42892857142857144 0.5044416243654822 0.0035714285714285713 0.016497461928934008
0 0.5953571428571428 0.516497461928934 0.0035714285714285713 0.017766497461928932
0 0.5996428571428571 0.5190355329949238 0.0035714285714285713 0.017766497461928932
0 0.5917857142857142 0.5418781725888324 0.0035714285714285713 0.02030456852791878
0 0.5882142857142857 0.5482233502538071 0.0035714285714285713 0.017766497461928932
0 0.5760714285714286 0.5678934010152283 0.0035714285714285713 0.019035532994923856
0 0.5857142857142857 0.5939086294416244 0.004285714285714286 0.02030456852791878
0 0.5814285714285714 0.6192893401015228 0.004285714285714286 0.02030456852791878
0 0.5703571428571429 0.6135786802030456 0.005 0.024111675126903553
0 0.5660714285714286 0.6129441624365481 0.0035714285714285713 0.02030456852791878
0 0.5682142857142857 0.732233502538071 0.0064285714285714285 0.027918781725888322
0 0.5935714285714285 0.8521573604060914 0.007142857142857143 0.029187817258883246
0 0.605 0.9162436548223349 0.007142857142857143 0.035532994923857864
0 0.6135714285714285 0.9143401015228426 0.007142857142857143 0.03680203045685279
3 0.9860714285714286 0.7703045685279187 0.027857142857142858 0.048223350253807105
5 0.22857142857142856 0.9631979695431472 0.05714285714285714 0.07106598984771573
0 0.18 0.9619289340101522 0.008571428571428572 0.04060913705583756
0 0.1957142857142857 0.8705583756345177 0.007142857142857143 0.035532994923857864
0 0.26321428571428573 0.7385786802030456 0.005 0.032994923857868015
0 0.26964285714285713 0.7392131979695431 0.0064285714285714285 0.031725888324873094
4 0.2475 0.9092639593908629 0.047857142857142855 0.06725888324873096
4 0.30428571428571427 0.7195431472081217 0.027142857142857142 0.04060913705583756
4 0.3314285714285714 0.6713197969543147 0.03142857142857143 0.04568527918781726
4 0.3653571428571429 0.6338832487309645 0.023571428571428573 0.031725888324873094
3 0.29178571428571426 0.7741116751269035 0.04642857142857143 0.03807106598984771
3 0.3875 0.6085025380710659 0.02214285714285714 0.029187817258883246
0 0.355 0.6072335025380711 0.004285714285714286 0.019035532994923856
0 0.35714285714285715 0.6116751269035533 0.004285714285714286 0.02284263959390863
