0 0.31785714285714284 0.9266666666666666 0.024285714285714285 0.03238095238095238
0 0.5664285714285714 0.44142857142857145 0.015714285714285715 0.04285714285714286
0 0.5914285714285714 0.4085714285714286 0.014285714285714285 0.0380952380952381
0 0.6289285714285714 0.4523809523809524 0.016428571428571428 0.03428571428571429
0 0.6178571428571429 0.69 0.018571428571428572 0.04285714285714286
0 0.615 0.6390476190476191 0.02 0.0380952380952381
0 0.2767857142857143 0.4685714285714286 0.025 0.0419047619047619
0 0.15821428571428572 0.6323809523809524 0.020714285714285713 0.04
0 0.30785714285714283 0.3861904761904762 0.02 0.039047619047619046
0 0.19785714285714287 0.2776190476190476 0.015714285714285715 0.037142857142857144
0 0.0625 0.39380952380952383 0.027857142857142858 0.04476190476190476
0 0.0575 0.24619047619047618 0.019285714285714285 0.040952380952380955
0 0.0575 0.9061904761904762 0.035 0.040952380952380955
2 0.26571428571428574 0.27285714285714285 0.018571428571428572 0.021904761904761906
2 0.2825 0.30523809523809525 0.03214285714285714 0.03142857142857143
2 0.2885714285714286 0.3180952380952381 0.03571428571428571 0.030476190476190476
2 0.19785714285714287 0.3980952380952381 0.018571428571428572 0.0380952380952381
1 0.05678571428571429 0.520952380952381 0.03357142857142857 0.04380952380952381
2 0.44142857142857145 0.4138095238095238 0.025714285714285714 0.040952380952380955
2 0.5142857142857142 0.07857142857142857 0.014285714285714285 0.023809523809523808
2 0.5282142857142857 0.08571428571428572 0.013571428571428571 0.03238095238095238
