0 0.3915 0.9583333333333333 0.041 0.06466666666666666
0 0.25525000000000003 0.7803333333333333 0.035500000000000004 0.05933333333333333
0 0.2425 0.9166666666666666 0.025 0.03866666666666667
0 0.215 0.8433333333333333 0.042 0.06266666666666666
0 0.09025 0.777 0.0525 0.054
0 0.0815 0.893 0.05 0.05933333333333333
0 0.281 0.494 0.029 0.064
0 0.113 0.49966666666666665 0.032 0.054
0 0.08575 0.5196666666666666 0.0365 0.06466666666666666
0 0.0765 0.5106666666666666 0.021 0.024
0 0.4685 0.5223333333333333 0.02 0.06333333333333332
0 0.55975 0.6776666666666666 0.0305 0.06866666666666667
0 0.62725 0.4643333333333333 0.0195 0.05266666666666667
0 0.53025 0.5113333333333333 0.0195 0.06266666666666666
0 0.52675 0.4983333333333333 0.0125 0.03
0 0.5115000000000001 0.47733333333333333 0.016 0.06133333333333333
0 0.537 0.4573333333333333 0.014 0.05333333333333333
1 0.9585 0.3153333333333333 0.015 0.03733333333333333
1 0.8240000000000001 0.36966666666666664 0.018000000000000002 0.057999999999999996
0 0.9775 0.32266666666666666 0.033 0.04533333333333333
3 0.14775 0.15866666666666665 0.08750000000000001 0.042666666666666665
3 0.14875 0.18766666666666665 0.0945 0.04066666666666666
3 0.14575 0.222 0.10250000000000001 0.050666666666666665
3 0.21575 0.14133333333333334 0.0795 0.04133333333333333
3 0.1375 0.109 0.036000000000000004 0.049999999999999996
3 0.0645 0.131 0.049 0.06866666666666667
3 0.021500000000000002 0.14666666666666667 0.043000000000000003 0.052
3 0.041 0.10099999999999999 0.046 0.03133333333333333
3 0.07075000000000001 0.064 0.0385 0.042666666666666665
3 0.09425 0.022666666666666665 0.0285 0.04533333333333333
5 0.51775 0.22266666666666665 0.0975 0.06666666666666667
3 0.5875 0.26066666666666666 0.064 0.10266666666666667
3 0.6315000000000001 0.3413333333333333 0.08600000000000001 0.096
3 0.42825 0.38766666666666666 0.0625 0.126
4 0.61725 0.8606666666666667 0.1685 0.2786666666666667
3 0.12175 0.40166666666666667 0.0915 0.09799999999999999
1 0.3055 0.31066666666666665 0.018000000000000002 0.029333333333333333
1 0.36475 0.29666666666666663 0.0125 0.03333333333333333
1 0.3645 0.2803333333333333 0.013000000000000001 0.02733333333333333
1 0.3645 0.26466666666666666 0.017 0.022666666666666665
1 0.34725 0.2733333333333333 0.0145 0.03333333333333333
1 0.47975 0.15933333333333333 0.0125 0.029333333333333333
9 0.47875 0.17033333333333334 0.0125 0.033999999999999996
9 0.3425 0.4403333333333333 0.05 0.03666666666666667
