8 0.44785714285714284 0.32047619047619047 0.024285714285714285 0.07333333333333333
9 0.4589285714285714 0.37666666666666665 0.005 0.01619047619047619
9 0.4725 0.15857142857142856 0.0035714285714285713 0.008571428571428572
9 0.4882142857142857 0.08333333333333333 0.005 0.004761904761904762
3 0.49464285714285716 0.08666666666666667 0.009285714285714286 0.009523809523809525
3 0.6046428571428571 0.09952380952380953 0.005 0.006666666666666666
3 0.6346428571428572 0.10095238095238095 0.0064285714285714285 0.007619047619047619
3 0.6521428571428571 0.10095238095238095 0.007142857142857143 0.007619047619047619
3 0.7771428571428571 0.08571428571428572 0.01 0.009523809523809525
3 0.6646428571428571 0.1019047619047619 0.0064285714285714285 0.009523809523809525
4 0.6453571428571429 0.1 0.0064285714285714285 0.009523809523809525
4 0.705 0.44285714285714284 0.03571428571428571 0.03238095238095238
5 0.9267857142857143 0.08666666666666667 0.023571428571428573 0.013333333333333332
1 0.5971428571428572 0.41095238095238096 0.004285714285714286 0.014285714285714285
1 0.6021428571428571 0.4119047619047619 0.002857142857142857 0.01619047619047619
1 0.6057142857142858 0.4104761904761905 0.004285714285714286 0.013333333333333332
1 0.4589285714285714 0.3738095238095238 0.0035714285714285713 0.010476190476190476
1 0.4725 0.15761904761904763 0.002142857142857143 0.006666666666666666
1 0.48857142857142855 0.08333333333333333 0.002857142857142857 0.002857142857142857
