3 0.7653571428571428 0.9871428571428571 0.04357142857142857 0.025714285714285714
3 0.8607142857142858 0.8323809523809523 0.03428571428571429 0.022857142857142857
3 0.8996428571428572 0.7814285714285715 0.017857142857142856 0.02
3 0.925 0.7857142857142857 0.015714285714285715 0.01904761904761905
3 0.6453571428571429 0.7880952380952381 0.02642857142857143 0.02
3 0.6435714285714286 0.758095238095238 0.022857142857142857 0.017142857142857144
3 0.5582142857142857 0.7261904761904762 0.017857142857142856 0.014285714285714285
3 0.5157142857142857 0.7228571428571429 0.02 0.013333333333333332
3 0.42607142857142855 0.6919047619047619 0.016428571428571428 0.012380952380952381
3 0.3514285714285714 0.6547619047619048 0.012857142857142857 0.010476190476190476
