0 0.7285714285714285 0.731904761904762 0.014285714285714285 0.05238095238095238
0 0.7060714285714286 0.7361904761904762 0.019285714285714285 0.045714285714285714
0 0.5410714285714285 0.4961904761904762 0.012142857142857143 0.0380952380952381
0 0.031071428571428573 0.7352380952380952 0.025 0.05523809523809524
0 0.010357142857142856 0.4680952380952381 0.020714285714285713 0.039047619047619046
1 0.40964285714285714 0.5 0.016428571428571428 0.03428571428571429
9 0.40785714285714286 0.5023809523809524 0.03142857142857143 0.025714285714285714
3 0.7625 0.5576190476190476 0.08928571428571429 0.05238095238095238
3 0.71 0.48857142857142855 0.07857142857142857 0.0419047619047619
3 0.75 0.5157142857142857 0.08285714285714285 0.04285714285714286
3 0.5807142857142857 0.4461904761904762 0.054285714285714284 0.04476190476190476
3 0.6321428571428571 0.44047619047619047 0.03571428571428571 0.04857142857142857
3 0.42928571428571427 0.39 0.024285714285714285 0.03333333333333333
3 0.41964285714285715 0.36 0.019285714285714285 0.022857142857142857
3 0.39785714285714285 0.32571428571428573 0.047142857142857146 0.026666666666666665
3 0.33964285714285714 0.3680952380952381 0.02214285714285714 0.029523809523809525
3 0.20964285714285713 0.3280952380952381 0.027857142857142858 0.03142857142857143
3 0.22642857142857142 0.3 0.02142857142857143 0.02095238095238095
3 0.24285714285714285 0.27666666666666667 0.02 0.02
3 0.25821428571428573 0.25666666666666665 0.015 0.01619047619047619
3 0.2617857142857143 0.24761904761904763 0.015 0.017142857142857144
3 0.26857142857142857 0.24047619047619048 0.014285714285714285 0.01619047619047619
3 0.2732142857142857 0.23285714285714285 0.010714285714285714 0.01619047619047619
3 0.2857142857142857 0.21571428571428572 0.011428571428571429 0.012380952380952381
3 0.3053571428571429 0.22 0.010714285714285714 0.013333333333333332
3 0.445 0.22476190476190477 0.022857142857142857 0.013333333333333332
3 0.4342857142857143 0.25952380952380955 0.014285714285714285 0.01619047619047619
3 0.33464285714285713 0.34523809523809523 0.020714285714285713 0.025714285714285714
3 0.34035714285714286 0.32571428571428573 0.019285714285714285 0.024761904761904763
3 0.3407142857142857 0.31 0.02 0.023809523809523808
4 0.45821428571428574 0.24714285714285714 0.02642857142857143 0.018095238095238095
4 0.4546428571428571 0.24476190476190476 0.029285714285714286 0.017142857142857144
4 0.3964285714285714 0.37761904761904763 0.022857142857142857 0.04476190476190476
3 0.5257142857142857 0.36 0.047142857142857146 0.030476190476190476
3 0.5107142857142857 0.3861904761904762 0.02857142857142857 0.03142857142857143
3 0.5167857142857143 0.3504761904761905 0.04642857142857143 0.030476190476190476
3 0.5060714285714286 0.3414285714285714 0.045 0.023809523809523808
3 0.5025 0.3319047619047619 0.045 0.023809523809523808
3 0.49535714285714283 0.32666666666666666 0.039285714285714285 0.022857142857142857
3 0.4932142857142857 0.31857142857142856 0.039285714285714285 0.023809523809523808
3 0.5721428571428572 0.37476190476190474 0.02857142857142857 0.039047619047619046
3 0.6003571428571428 0.37666666666666665 0.030714285714285715 0.035238095238095235
3 0.6296428571428572 0.37476190476190474 0.03214285714285714 0.035238095238095235
3 0.7525 0.4257142857142857 0.04071428571428572 0.045714285714285714
3 0.865 0.4166666666666667 0.05 0.04857142857142857
3 0.9007142857142857 0.4095238095238095 0.03857142857142857 0.04380952380952381
3 0.9660714285714286 0.4595238095238095 0.06642857142857143 0.035238095238095235
3 0.9378571428571428 0.4157142857142857 0.05 0.04285714285714286
3 0.8107142857142857 0.42428571428571427 0.05 0.04476190476190476
3 0.9678571428571429 0.4114285714285714 0.04857142857142857 0.0380952380952381
3 0.8807142857142857 0.5019047619047619 0.07857142857142857 0.04380952380952381
3 0.8035714285714286 0.4766666666666667 0.06571428571428571 0.040952380952380955
3 0.8817857142857143 0.540952380952381 0.09071428571428572 0.05523809523809524
3 0.9682142857142857 0.5228571428571429 0.06357142857142857 0.05333333333333333
3 0.9692857142857143 0.48904761904761906 0.06142857142857143 0.04476190476190476
3 0.9146428571428571 0.35333333333333333 0.029285714285714286 0.03238095238095238
2 0.5889285714285715 0.4633333333333333 0.019285714285714285 0.02761904761904762
0 0.7139285714285715 0.7128571428571429 0.019285714285714285 0.058095238095238096
3 0.115 0.3919047619047619 0.037142857142857144 0.03142857142857143
3 0.13071428571428573 0.3676190476190476 0.032857142857142856 0.030476190476190476
3 0.15214285714285714 0.3414285714285714 0.03 0.03333333333333333
3 0.16535714285714287 0.3252380952380952 0.029285714285714286 0.02761904761904762
3 0.18178571428571427 0.30714285714285716 0.025 0.02761904761904762
3 0.12892857142857142 0.29904761904761906 0.025 0.02857142857142857
4 0.06964285714285715 0.2357142857142857 0.020714285714285713 0.021904761904761906
5 0.02892857142857143 0.20142857142857143 0.017857142857142856 0.023809523809523808
5 0.05178571428571429 0.19952380952380952 0.02214285714285714 0.02
5 0.046785714285714285 0.19095238095238096 0.03214285714285714 0.021904761904761906
5 0.16214285714285714 0.18476190476190477 0.014285714285714285 0.02857142857142857
5 0.15178571428571427 0.1761904761904762 0.016428571428571428 0.022857142857142857
3 0.39785714285714285 0.3157142857142857 0.03857142857142857 0.02
3 0.39285714285714285 0.30428571428571427 0.03142857142857143 0.021904761904761906
4 0.395 0.29285714285714287 0.03571428571428571 0.02
3 0.39321428571428574 0.2833333333333333 0.030714285714285715 0.018095238095238095
0 0.33107142857142857 0.20666666666666667 0.005 0.009523809523809525
3 0.9460714285714286 0.89 0.10785714285714286 0.10571428571428572
