3 0.5508872651356993 0.700834879406308 0.03496868475991649 0.04730983302411874
4 0.828027139874739 0.7305194805194806 0.04540709812108559 0.04730983302411874
3 0.7129436325678496 0.6108534322820037 0.024008350730688934 0.026901669758812616
3 0.6623173277661795 0.5487012987012987 0.015657620041753653 0.03246753246753247
3 0.25835073068893527 0.5482374768089054 0.032359081419624215 0.027829313543599257
3 0.1440501043841336 0.5496289424860854 0.037578288100208766 0.0287569573283859
3 0.2593945720250522 0.48562152133580705 0.027139874739039664 0.02504638218923933
3 0.4141440501043841 0.4155844155844156 0.02139874739039666 0.01855287569573284
3 0.458768267223382 0.3965677179962894 0.014613778705636741 0.013914656771799629
1 0.1289144050104384 0.524582560296846 0.0041753653444676405 0.012059369202226345
1 0.20302713987473903 0.4907235621521336 0.0031315240083507304 0.011131725417439703
1 0.3285490605427975 0.4322820037105751 0.0057411273486430055 0.011131725417439703
1 0.4778183716075156 0.3645640074211503 0.0026096033402922755 0.0074211502782931356
9 0.12943632567849686 0.5310760667903525 0.014613778705636741 0.012059369202226345
9 0.20328810020876825 0.49907235621521334 0.012004175365344467 0.011131725417439703
9 0.3298538622129436 0.4401669758812616 0.011482254697286011 0.010204081632653062
9 0.4778183716075156 0.3692022263450835 0.0057411273486430055 0.0055658627087198514
3 0.5970772442588725 0.32142857142857145 0.008350730688935281 0.013914656771799629
3 0.6197807933194154 0.3320964749536178 0.007828810020876827 0.011131725417439703
3 0.627348643006263 0.30612244897959184 0.008350730688935281 0.00927643784786642
3 0.6417014613778705 0.3051948051948052 0.006784968684759916 0.011131725417439703
1 0.5281837160751566 0.40584415584415584 0.0031315240083507304 0.006493506493506494
1 0.5448851774530271 0.3914656771799629 0.0031315240083507304 0.0074211502782931356
1 0.5579331941544885 0.38868274582560297 0.0041753653444676405 0.00927643784786642
9 0.5281837160751566 0.4109461966604824 0.0041753653444676405 0.0037105751391465678
9 0.5446242171189979 0.3970315398886827 0.0036534446764091852 0.0055658627087198514
9 0.55741127348643 0.3933209647495362 0.005219206680584551 0.0037105751391465678
3 0.7319937369519832 0.27365491651205937 0.0057411273486430055 0.0074211502782931356
3 0.722599164926931 0.2727272727272727 0.0057411273486430055 0.0074211502782931356
3 0.6873695198329853 0.2810760667903525 0.005219206680584551 0.0074211502782931356
3 0.6821503131524008 0.2634508348794063 0.008350730688935281 0.0055658627087198514
1 0.737473903966597 0.5923005565862709 0.005219206680584551 0.015769944341372914
2 0.7369519832985385 0.6001855287569573 0.009394572025052192 0.014842300556586271
