3 0.4767857142857143 0.41307106598984766 0.013571428571428571 0.04441624365482233
3 0.4782142857142857 0.6211928934010151 0.016428571428571428 0.05456852791878172
3 0.5010714285714286 0.7176395939086294 0.016428571428571428 0.06725888324873096
3 0.4235714285714286 0.3965736040609137 0.011428571428571429 0.03426395939086294
3 0.4442857142857143 0.324238578680203 0.012857142857142857 0.03426395939086294
3 0.43892857142857145 0.06345177664974619 0.009285714285714286 0.017766497461928932
3 0.5085714285714286 0.18527918781725886 0.008571428571428572 0.027918781725888322
3 0.5010714285714286 0.029187817258883246 0.007857142857142858 0.02030456852791878
3 0.4542857142857143 0.026015228426395937 0.007142857142857143 0.016497461928934008
4 0.47928571428571426 0.8096446700507614 0.02 0.08883248730964466
4 0.5339285714285714 0.4695431472081218 0.025 0.053299492385786795
3 0.4303571428571429 0.20368020304568527 0.010714285714285714 0.026649746192893398
4 0.5107142857142857 0.2519035532994924 0.011428571428571429 0.03934010152284264
3 0.49214285714285716 0.2969543147208122 0.014285714285714285 0.04060913705583756
8 0.5167857142857143 0.35850253807106597 0.020714285714285713 0.11802030456852791
4 0.4789285714285714 0.08375634517766496 0.009285714285714286 0.032994923857868015
4 0.4810714285714286 0.025380710659898477 0.007857142857142858 0.02284263959390863
3 0.5032142857142857 0.12373096446700507 0.010714285714285714 0.03426395939086294
3 0.5035714285714286 0.07233502538071065 0.01 0.027918781725888322
3 0.4253571428571429 0.9860406091370557 0.019285714285714285 0.025380710659898477
3 0.7078571428571429 0.532994923857868 0.04 0.027918781725888322
3 0.8942857142857142 0.47144670050761417 0.03857142857142857 0.024111675126903553
3 0.9485714285714286 0.47144670050761417 0.03857142857142857 0.029187817258883246
4 0.985 0.4644670050761421 0.02857142857142857 0.032994923857868015
3 0.7935714285714286 0.5285532994923857 0.037142857142857144 0.03680203045685279
3 0.7496428571428572 0.5298223350253807 0.03642857142857143 0.024111675126903553
4 0.8396428571428571 0.5190355329949238 0.03785714285714286 0.032994923857868015
3 0.8857142857142857 0.5171319796954315 0.03571428571428571 0.024111675126903553
3 0.9353571428571429 0.5126903553299492 0.035 0.02030456852791878
3 0.9182142857142858 0.49175126903553296 0.03357142857142857 0.019035532994923856
3 0.9789285714285715 0.5126903553299492 0.03642857142857143 0.025380710659898477
0 0.7389285714285714 0.8071065989847716 0.009285714285714286 0.017766497461928932
0 0.8510714285714286 0.7658629441624365 0.0064285714285714285 0.019035532994923856
4 0.7496428571428572 0.06979695431472081 0.03214285714285714 0.027918781725888322
8 0.9228571428571428 0.050761421319796954 0.045714285714285714 0.03045685279187817
5 0.4907142857142857 0.16560913705583755 0.015714285714285715 0.06218274111675126
