4 0.03214285714285714 0.6192893401015228 0.04 0.055837563451776644
4 0.0825 0.5678934010152283 0.03642857142857143 0.05710659898477157
1 0.19285714285714287 0.06408629441624365 0.004285714285714286 0.016497461928934008
0 0.2892857142857143 0.20304568527918782 0.005714285714285714 0.017766497461928932
1 0.27 0.08692893401015228 0.005714285714285714 0.013959390862944161
1 0.24785714285714286 0.09390862944162436 0.007142857142857143 0.012690355329949238
1 0.24535714285714286 0.016497461928934008 0.0064285714285714285 0.017766497461928932
1 0.24285714285714285 0.008248730964467004 0.005714285714285714 0.016497461928934008
3 0.4525 0.7499999999999999 0.035 0.06091370558375634
4 0.465 0.7918781725888324 0.037142857142857144 0.06345177664974619
4 0.47714285714285715 0.8299492385786802 0.03857142857142857 0.06345177664974619
5 0.5428571428571428 0.5970812182741116 0.08142857142857143 0.12309644670050761
5 0.6171428571428571 0.4974619289340101 0.06285714285714286 0.09137055837563451
3 0.6617857142857143 0.15228426395939085 0.025 0.032994923857868015
9 0.6971428571428572 0.5317258883248731 0.014285714285714285 0.025380710659898477
9 0.6878571428571428 0.5571065989847716 0.008571428571428572 0.032994923857868015
9 0.7085714285714285 0.5196700507614213 0.015714285714285715 0.024111675126903553
4 0.6742857142857143 0.5558375634517766 0.017142857142857144 0.06598984771573603
3 0.6535714285714286 0.5894670050761421 0.015714285714285715 0.05964467005076142
4 0.6342857142857142 0.6129441624365481 0.017142857142857144 0.06091370558375634
4 0.6157142857142857 0.6427664974619289 0.015714285714285715 0.07233502538071065
4 0.5953571428571428 0.6814720812182741 0.017857142857142856 0.06852791878172589
4 0.5739285714285715 0.7093908629441624 0.019285714285714285 0.06852791878172589
3 0.5942857142857143 0.9771573604060912 0.02857142857142857 0.04314720812182741
4 0.6521428571428571 0.8927664974619288 0.032857142857142856 0.06979695431472081
3 0.6878571428571428 0.8864213197969543 0.027142857142857142 0.05710659898477157
3 0.7128571428571429 0.8052030456852791 0.02857142857142857 0.07233502538071065
3 0.7039285714285715 0.7290609137055837 0.030714285714285715 0.05964467005076142
3 0.7760714285714285 0.6998730964467005 0.025 0.05964467005076142
5 0.7682142857142857 0.583756345177665 0.056428571428571425 0.12944162436548223
4 0.8207142857142857 0.5279187817258882 0.025714285714285714 0.06091370558375634
4 0.8225 0.43972081218274106 0.019285714285714285 0.04695431472081218
4 0.85 0.43845177664974616 0.017142857142857144 0.03680203045685279
3 0.7432142857142857 0.47144670050761417 0.03214285714285714 0.04695431472081218
3 0.755 0.45177664974619286 0.032857142857142856 0.050761421319796954
4 0.765 0.4282994923857868 0.032857142857142856 0.05456852791878172
3 0.7860714285714285 0.39530456852791873 0.02642857142857143 0.03680203045685279
3 0.7917857142857143 0.3705583756345177 0.03357142857142857 0.04314720812182741
3 0.8067857142857143 0.32741116751269034 0.03214285714285714 0.04314720812182741
4 0.8157142857142857 0.30901015228426393 0.03 0.03934010152284264
4 0.8239285714285715 0.2899746192893401 0.027857142857142858 0.03426395939086294
3 0.9085714285714286 0.06979695431472081 0.017142857142857144 0.03807106598984771
3 0.8975 0.09961928934010152 0.025 0.03680203045685279
5 0.8789285714285714 0.12182741116751268 0.039285714285714285 0.07360406091370558
5 0.8332142857142857 0.14784263959390861 0.055 0.09517766497461928
5 0.8442857142857143 0.1814720812182741 0.05 0.08121827411167512
5 0.86 0.20939086294416243 0.03857142857142857 0.07614213197969542
3 0.8957142857142857 0.6116751269035533 0.022857142857142857 0.06091370558375634
8 0.9407142857142857 0.5634517766497461 0.05857142857142857 0.1548223350253807
8 0.8814285714285715 0.266497461928934 0.05142857142857143 0.12436548223350252
3 0.8857142857142857 0.3280456852791878 0.011428571428571429 0.021573604060913704
4 0.9139285714285714 0.24999999999999997 0.020714285714285713 0.04568527918781726
3 0.985 0.18527918781725886 0.02142857142857143 0.04568527918781726
3 0.935 0.17956852791878172 0.018571428571428572 0.03680203045685279
3 0.9264285714285714 0.13451776649746192 0.018571428571428572 0.035532994923857864
3 0.9710714285714286 0.06472081218274112 0.016428571428571428 0.03045685279187817
3 0.9607142857142857 0.029187817258883246 0.015714285714285715 0.032994923857868015
