3 0.5814285714285714 0.8861904761904762 0.06285714285714286 0.07714285714285714
3 0.3314285714285714 0.7771428571428571 0.07 0.05904761904761905
3 0.48678571428571427 0.930952380952381 0.056428571428571425 0.11333333333333333
3 0.2417857142857143 0.8133333333333334 0.04928571428571429 0.07809523809523809
3 0.18785714285714286 0.8361904761904762 0.04857142857142857 0.09523809523809523
3 0.3921428571428571 0.7219047619047619 0.07571428571428572 0.0380952380952381
3 0.385 0.679047619047619 0.06285714285714286 0.03428571428571429
3 0.9410714285714286 0.6523809523809524 0.05785714285714286 0.04
4 0.6610714285714285 0.6319047619047619 0.03785714285714286 0.04285714285714286
4 0.4421428571428571 0.570952380952381 0.04 0.037142857142857144
3 0.565 0.6795238095238095 0.055714285714285716 0.040952380952380955
4 0.1075 0.9 0.09928571428571428 0.07238095238095238
3 0.022857142857142857 0.8871428571428571 0.045714285714285714 0.10952380952380952
3 0.2907142857142857 0.7971428571428572 0.05857142857142857 0.07428571428571429
0 0.2867857142857143 0.8466666666666667 0.013571428571428571 0.0419047619047619
0 0.30428571428571427 0.87 0.01 0.04285714285714286
0 0.30178571428571427 0.8542857142857143 0.010714285714285714 0.03619047619047619
3 0.3392857142857143 0.9542857142857143 0.06714285714285714 0.09142857142857143
3 0.3982142857142857 0.95 0.06642857142857143 0.1
3 0.26535714285714285 0.9666666666666667 0.07357142857142857 0.06285714285714286
3 0.3557142857142857 0.6638095238095238 0.05857142857142857 0.03619047619047619
3 0.35964285714285715 0.6390476190476191 0.052142857142857144 0.03619047619047619
3 0.35892857142857143 0.6223809523809524 0.04642857142857143 0.03142857142857143
3 0.6835714285714286 0.770952380952381 0.06142857142857143 0.039047619047619046
3 0.6539285714285714 0.7480952380952381 0.052142857142857144 0.04285714285714286
3 0.6346428571428572 0.7266666666666667 0.062142857142857146 0.04380952380952381
3 0.6121428571428571 0.7047619047619048 0.05142857142857143 0.03619047619047619
3 0.6746428571428571 0.6152380952380953 0.045 0.0419047619047619
3 0.5475 0.66 0.04928571428571429 0.03619047619047619
3 0.5207142857142857 0.6376190476190476 0.045714285714285714 0.03142857142857143
3 0.5107142857142857 0.6228571428571429 0.04428571428571428 0.030476190476190476
3 0.49714285714285716 0.6090476190476191 0.04285714285714286 0.025714285714285714
3 0.48714285714285716 0.5961904761904762 0.04285714285714286 0.022857142857142857
3 0.4675 0.5852380952380952 0.039285714285714285 0.029523809523809525
3 0.42214285714285715 0.5566666666666666 0.03428571428571429 0.023809523809523808
3 0.4010714285714286 0.5442857142857143 0.03785714285714286 0.023809523809523808
3 0.3846428571428571 0.5333333333333333 0.03214285714285714 0.017142857142857144
3 0.36642857142857144 0.5233333333333333 0.03428571428571429 0.02
4 0.3582142857142857 0.5161904761904762 0.029285714285714286 0.01904761904761905
4 0.32392857142857145 0.4928571428571429 0.04071428571428572 0.023809523809523808
3 0.3335714285714286 0.5038095238095238 0.03142857142857143 0.01904761904761905
3 0.3382142857142857 0.5138095238095238 0.030714285714285715 0.021904761904761906
3 0.4760714285714286 0.4604761904761905 0.017857142857142856 0.014285714285714285
3 0.5632142857142857 0.47714285714285715 0.020714285714285713 0.01904761904761905
3 0.5164285714285715 0.4561904761904762 0.02 0.015238095238095238
3 0.49535714285714283 0.45 0.016428571428571428 0.014285714285714285
3 0.48142857142857143 0.44333333333333336 0.015714285714285715 0.012380952380952381
3 0.43392857142857144 0.43142857142857144 0.010714285714285714 0.013333333333333332
3 0.42 0.42714285714285716 0.015714285714285715 0.010476190476190476
3 0.42178571428571426 0.4138095238095238 0.012142857142857143 0.010476190476190476
3 0.3775 0.4123809523809524 0.012142857142857143 0.009523809523809525
3 0.4117857142857143 0.4095238095238095 0.010714285714285714 0.009523809523809525
4 0.3675 0.40476190476190477 0.013571428571428571 0.009523809523809525
3 0.3364285714285714 0.3842857142857143 0.012857142857142857 0.008571428571428572
3 0.32607142857142857 0.38476190476190475 0.009285714285714286 0.009523809523809525
5 0.30607142857142855 0.37047619047619046 0.017857142857142856 0.017142857142857144
3 0.2842857142857143 0.36523809523809525 0.008571428571428572 0.008571428571428572
3 0.2760714285714286 0.36142857142857143 0.007857142857142858 0.008571428571428572
3 0.2710714285714286 0.3557142857142857 0.0064285714285714285 0.006666666666666666
3 0.2667857142857143 0.3547619047619048 0.005 0.006666666666666666
3 0.25821428571428573 0.34904761904761905 0.0064285714285714285 0.006666666666666666
3 0.25 0.3457142857142857 0.007142857142857143 0.005714285714285714
3 0.23964285714285713 0.34 0.0064285714285714285 0.005714285714285714
3 0.23464285714285715 0.33714285714285713 0.0064285714285714285 0.005714285714285714
3 0.2882142857142857 0.35333333333333333 0.0064285714285714285 0.007619047619047619
3 0.26964285714285713 0.3466666666666667 0.005 0.005714285714285714
3 0.3607142857142857 0.3871428571428571 0.015714285714285715 0.008571428571428572
3 0.3482142857142857 0.37952380952380954 0.010714285714285714 0.008571428571428572
4 0.5842857142857143 0.5819047619047619 0.032857142857142856 0.03428571428571429
3 0.7764285714285715 0.5723809523809524 0.032857142857142856 0.026666666666666665
0 0.8810714285714286 0.6166666666666667 0.010714285714285714 0.023809523809523808
0 0.6639285714285714 0.700952380952381 0.007857142857142858 0.030476190476190476
9 0.4325 0.45 0.0064285714285714285 0.008571428571428572
1 0.43285714285714283 0.4461904761904762 0.002857142857142857 0.008571428571428572
3 0.39071428571428574 0.4023809523809524 0.015714285714285715 0.008571428571428572
3 0.3825 0.3995238095238095 0.012142857142857143 0.008571428571428572
3 0.375 0.39666666666666667 0.012857142857142857 0.008571428571428572
3 0.37035714285714283 0.3942857142857143 0.013571428571428571 0.009523809523809525
