3 0.15187891440501042 0.4290352504638219 0.04906054279749478 0.03803339517625232
3 0.13413361169102295 0.45964749536178107 0.04697286012526095 0.039888682745825604
3 0.1818893528183716 0.462430426716141 0.04958246346555323 0.03803339517625232
0 0.23382045929018785 0.3891465677179963 0.005219206680584551 0.0176252319109462
9 0.23251565762004173 0.3747680890538033 0.013048016701461376 0.016697588126159554
9 0.24765135699373692 0.39053803339517623 0.008872651356993735 0.020408163265306124
3 0.2914926931106471 0.3974953617810761 0.025574112734864297 0.0640074211502783
3 0.3449895615866388 0.4100185528756957 0.028183716075156573 0.06679035250463822
9 0.40788100208768263 0.42439703153988867 0.016179540709812108 0.015769944341372914
9 0.38413361169102295 0.37987012987012986 0.006263048016701461 0.02504638218923933
3 0.4360647181628392 0.4253246753246753 0.023486430062630476 0.0640074211502783
3 0.46685803757828803 0.4267161410018553 0.02139874739039666 0.07235621521335807
3 0.33350730688935276 0.700834879406308 0.033402922755741124 0.07699443413729128
3 0.30062630480167013 0.6818181818181819 0.031315240083507306 0.07421150278293136
3 0.36560542797494777 0.7031539888682746 0.02766179540709812 0.0816326530612245
5 0.14613778705636743 0.5496289424860854 0.08037578288100208 0.06029684601113173
4 0.17484342379958245 0.673469387755102 0.045929018789144044 0.07792207792207792
3 0.5503653444676408 0.7282003710575139 0.02453027139874739 0.07606679035250465
3 0.6490083507306889 0.7481447124304267 0.02661795407098121 0.0862708719851577
3 0.7103340292275574 0.7620593692022264 0.028183716075156573 0.08070500927643785
3 0.7439979123173277 0.775974025974026 0.02974947807933194 0.09369202226345083
3 0.7805323590814195 0.7815398886827458 0.03079331941544885 0.08998144712430427
3 0.8436847599164926 0.7741187384044527 0.03810020876826722 0.08998144712430427
3 0.7852296450939457 0.5166975881261595 0.05167014613778705 0.04081632653061225
4 0.8935281837160751 0.5769944341372912 0.031315240083507306 0.07792207792207792
3 0.9665970772442588 0.7393320964749537 0.04070981210855949 0.09647495361781076
9 0.7369519832985385 0.4689239332096475 0.0073068893528183704 0.026901669758812616
9 0.5775052192066805 0.4313543599257885 0.008872651356993735 0.027829313543599257
9 0.5534968684759916 0.41929499072356213 0.004697286012526096 0.027829313543599257
3 0.8517745302713987 0.24582560296846012 0.015657620041753653 0.0463821892393321
3 0.8924843423799581 0.2541743970315399 0.021920668058455113 0.0463821892393321
3 0.9016179540709811 0.026901669758812616 0.02139874739039666 0.04267161410018553
1 0.9819937369519832 0.05148423005565863 0.0057411273486430055 0.013914656771799629
0 0.9752087682672232 0.05148423005565863 0.006784968684759916 0.013914656771799629
