1 0.17392857142857143 0.5114285714285715 0.15357142857142858 0.3219047619047619
1 0.3317857142857143 0.38476190476190475 0.11214285714285714 0.29333333333333333
1 0.3692857142857143 0.3252380952380952 0.08714285714285715 0.26
1 0.2953571428571429 0.31857142857142856 0.075 0.23142857142857143
1 0.21464285714285714 0.31666666666666665 0.09357142857142857 0.2619047619047619
1 0.12035714285714286 0.3576190476190476 0.09642857142857143 0.26761904761904765
1 0.06964285714285715 0.4857142857142857 0.1392857142857143 0.2914285714285714
1 0.04071428571428572 0.34095238095238095 0.07285714285714286 0.21523809523809523
1 0.795 0.3028571428571429 0.1 0.2419047619047619
1 0.885 0.3333333333333333 0.12714285714285714 0.23809523809523808
1 0.8932142857142857 0.21333333333333332 0.075 0.20761904761904762
1 0.8128571428571428 0.21571428571428572 0.08285714285714285 0.23142857142857143
1 0.7521428571428571 0.2219047619047619 0.05714285714285714 0.21523809523809523
1 0.7103571428571429 0.25857142857142856 0.07642857142857143 0.24476190476190476
1 0.5782142857142857 0.21 0.07357142857142857 0.20095238095238097
1 0.4957142857142857 0.21761904761904763 0.08 0.19523809523809524
1 0.4442857142857143 0.18857142857142858 0.06285714285714286 0.18666666666666668
1 0.4253571428571429 0.1661904761904762 0.060714285714285714 0.17809523809523808
1 0.4735714285714286 0.14809523809523809 0.045714285714285714 0.19523809523809524
1 0.5228571428571429 0.15047619047619049 0.04857142857142857 0.17142857142857143
1 0.5782142857142857 0.14238095238095239 0.055 0.18761904761904763
1 0.6328571428571429 0.15904761904761905 0.04285714285714286 0.1980952380952381
1 0.9714285714285714 0.26857142857142857 0.05714285714285714 0.2704761904761905
1 0.9571428571428572 0.3385714285714286 0.08571428571428572 0.1895238095238095
