8 0.4057142857142857 0.5958121827411167 0.03142857142857143 0.11548223350253806
3 0.24285714285714285 0.5780456852791878 0.018571428571428572 0.03680203045685279
3 0.062142857142857146 0.5717005076142132 0.022857142857142857 0.03680203045685279
3 0.09607142857142857 0.5748730964467005 0.02214285714285714 0.03807106598984771
3 0.11357142857142857 0.5761421319796954 0.02 0.035532994923857864
4 0.22607142857142856 0.5774111675126903 0.019285714285714285 0.04314720812182741
4 0.21 0.5774111675126903 0.02 0.04314720812182741
4 0.19357142857142856 0.5780456852791878 0.02 0.04187817258883248
3 0.17642857142857143 0.5793147208121827 0.024285714285714285 0.03934010152284264
3 0.13107142857142856 0.575507614213198 0.012142857142857143 0.031725888324873094
3 0.145 0.5780456852791878 0.014285714285714285 0.03680203045685279
3 0.16285714285714287 0.5780456852791878 0.017142857142857144 0.03426395939086294
4 0.08071428571428571 0.5697969543147208 0.02 0.03807106598984771
3 0.45607142857142857 0.3972081218274111 0.009285714285714286 0.027918781725888322
3 0.4682142857142857 0.37880710659898476 0.007857142857142858 0.021573604060913704
3 0.5164285714285715 0.4828680203045685 0.024285714285714285 0.024111675126903553
3 0.5571428571428572 0.48350253807106597 0.027142857142857142 0.02030456852791878
8 0.4114285714285714 0.15355329949238578 0.02142857142857143 0.050761421319796954
4 0.4317857142857143 0.3902284263959391 0.015 0.03680203045685279
4 0.235 0.05964467005076142 0.012857142857142857 0.015228426395939085
8 0.24821428571428572 0.05266497461928934 0.017857142857142856 0.019035532994923856
8 0.2332142857142857 0.046319796954314714 0.015 0.013959390862944161
4 0.3175 0.053299492385786795 0.010714285714285714 0.017766497461928932
4 0.33285714285714285 0.03616751269035533 0.008571428571428572 0.013959390862944161
3 0.3264285714285714 0.042512690355329945 0.008571428571428572 0.011421319796954314
3 0.3360714285714286 0.028553299492385786 0.0064285714285714285 0.008883248730964466
3 0.33035714285714285 0.052030456852791875 0.010714285714285714 0.01015228426395939
0 0.3539285714285714 0.6738578680203046 0.0035714285714285713 0.017766497461928932
0 0.5153571428571428 0.3781725888324873 0.002142857142857143 0.012690355329949238
0 0.4407142857142857 0.21192893401015228 0.0014285714285714286 0.012690355329949238
0 0.44535714285714284 0.1846446700507614 0.0035714285714285713 0.013959390862944161
0 0.43964285714285717 0.19860406091370555 0.0035714285714285713 0.011421319796954314
