0 0.2095 0.312 0.048 0.04533333333333333
1 0.20025 0.36433333333333334 0.0385 0.046
1 0.29 0.30966666666666665 0.028 0.03666666666666667
1 0.28375 0.27199999999999996 0.0235 0.03333333333333333
1 0.24925 0.24433333333333332 0.035500000000000004 0.038
1 0.27925 0.22266666666666665 0.0315 0.048
5 0.5555 0.10633333333333334 0.199 0.19
4 0.0345 0.6403333333333333 0.068 0.162
1 0.03125 0.947 0.0475 0.078
0 0.09925 0.889 0.059500000000000004 0.062
0 0.0995 0.9159999999999999 0.037 0.04133333333333333
0 0.47600000000000003 0.8256666666666667 0.028 0.056666666666666664
0 0.552 0.822 0.026000000000000002 0.04666666666666666
1 0.548 0.8376666666666667 0.019 0.033999999999999996
9 0.40775 0.7586666666666666 0.0585 0.076
9 0.45 0.7466666666666666 0.058 0.04
9 0.30625 0.6649999999999999 0.07150000000000001 0.038
0 0.47000000000000003 0.738 0.031 0.048
0 0.4875 0.7116666666666667 0.034 0.038
0 0.51075 0.7233333333333333 0.0225 0.048
0 0.5415 0.706 0.025 0.05333333333333333
0 0.5965 0.6793333333333333 0.026000000000000002 0.03733333333333333
0 0.59975 0.7056666666666667 0.021500000000000002 0.046
0 0.6667500000000001 0.6923333333333334 0.0285 0.038
0 0.6755 0.7346666666666667 0.03 0.04666666666666666
0 0.461 0.6563333333333333 0.027 0.04066666666666666
0 0.54675 0.6553333333333333 0.0175 0.028
0 0.5317500000000001 0.6356666666666666 0.0225 0.03266666666666666
4 0.40825 0.5733333333333334 0.0935 0.19733333333333333
0 0.7015 0.972 0.041 0.056
0 0.70625 0.9149999999999999 0.0445 0.06333333333333332
0 0.681 0.8423333333333333 0.042 0.06333333333333332
0 0.62775 0.6819999999999999 0.0405 0.050666666666666665
0 0.66025 0.6546666666666666 0.0245 0.029333333333333333
0 0.647 0.6076666666666667 0.029 0.03666666666666667
0 0.6725 0.629 0.037 0.04466666666666667
0 0.7135 0.6446666666666666 0.041 0.03333333333333333
0 0.7332500000000001 0.6563333333333333 0.0335 0.03666666666666667
0 0.751 0.6543333333333333 0.03 0.03
1 0.7965 0.6716666666666666 0.023 0.03
1 0.7805 0.6663333333333333 0.024 0.028666666666666667
1 0.7695 0.6413333333333333 0.029 0.03333333333333333
1 0.7857500000000001 0.6223333333333333 0.029500000000000002 0.03
0 0.67525 0.5543333333333333 0.0405 0.03133333333333333
0 0.69725 0.5753333333333334 0.0385 0.025333333333333333
0 0.9835 0.8203333333333334 0.033 0.03266666666666666
0 0.803 0.5489999999999999 0.057 0.028666666666666667
1 0.9822500000000001 0.5316666666666666 0.035500000000000004 0.05266666666666667
4 0.71825 0.489 0.1345 0.286
4 0.66125 0.23333333333333334 0.1125 0.24666666666666665
6 0.802 0.134 0.116 0.09066666666666666
6 0.895 0.088 0.077 0.07333333333333333
9 0.886 0.027 0.07200000000000001 0.054
