3 0.4492857142857143 0.7061904761904761 0.024285714285714285 0.07333333333333333
3 0.44535714285714284 0.6209523809523809 0.023571428571428573 0.07047619047619047
3 0.4392857142857143 0.5523809523809524 0.02142857142857143 0.06095238095238095
3 0.5489285714285714 0.6728571428571428 0.025 0.06952380952380953
3 0.5407142857142857 0.6014285714285714 0.024285714285714285 0.058095238095238096
3 0.5396428571428571 0.5404761904761904 0.02214285714285714 0.054285714285714284
3 0.5221428571428571 0.38952380952380955 0.02 0.04380952380952381
3 0.49607142857142855 0.12761904761904763 0.016428571428571428 0.03238095238095238
3 0.4282142857142857 0.05 0.019285714285714285 0.03142857142857143
4 0.5714285714285714 0.8961904761904762 0.03571428571428571 0.09714285714285714
4 0.5610714285714286 0.7757142857142857 0.029285714285714286 0.08476190476190476
4 0.5175 0.3357142857142857 0.016428571428571428 0.04285714285714286
4 0.5125 0.28523809523809524 0.015 0.040952380952380955
5 0.5310714285714285 0.45380952380952383 0.02214285714285714 0.06380952380952382
5 0.37607142857142856 0.49714285714285716 0.05071428571428571 0.03238095238095238
5 0.4925 0.07333333333333333 0.020714285714285713 0.07428571428571429
3 0.48928571428571427 0.02857142857142857 0.014285714285714285 0.02095238095238095
6 0.4332142857142857 0.3871428571428571 0.013571428571428571 0.035238095238095235
6 0.5 0.19857142857142857 0.012857142857142857 0.035238095238095235
6 0.49892857142857144 0.1680952380952381 0.013571428571428571 0.02761904761904762
9 0.45607142857142857 0.38142857142857145 0.007857142857142858 0.021904761904761906
9 0.4710714285714286 0.3628571428571429 0.007857142857142858 0.024761904761904763
9 0.45714285714285713 0.35428571428571426 0.007142857142857143 0.022857142857142857
9 0.44821428571428573 0.30714285714285716 0.0064285714285714285 0.023809523809523808
9 0.4275 0.44333333333333336 0.013571428571428571 0.021904761904761906
9 0.3939285714285714 0.4714285714285714 0.016428571428571428 0.015238095238095238
9 0.39535714285714285 0.45476190476190476 0.017857142857142856 0.01619047619047619
9 0.4760714285714286 0.2923809523809524 0.0064285714285714285 0.02095238095238095
9 0.43357142857142855 0.3438095238095238 0.014285714285714285 0.011428571428571429
9 0.43392857142857144 0.3304761904761905 0.013571428571428571 0.013333333333333332
9 0.43142857142857144 0.29904761904761906 0.014285714285714285 0.017142857142857144
9 0.4307142857142857 0.2833333333333333 0.014285714285714285 0.018095238095238095
9 0.435 0.26571428571428574 0.005714285714285714 0.024761904761904763
9 0.46035714285714285 0.2195238095238095 0.007857142857142858 0.021904761904761906
9 0.43892857142857145 0.11523809523809524 0.005 0.02095238095238095
9 0.42928571428571427 0.07904761904761905 0.012857142857142857 0.015238095238095238
9 0.43857142857142856 0.015714285714285715 0.005714285714285714 0.018095238095238095
9 0.4742857142857143 0.005714285714285714 0.004285714285714286 0.011428571428571429
9 0.45357142857142857 0.04 0.005714285714285714 0.01904761904761905
9 0.365 0.43285714285714283 0.008571428571428572 0.023809523809523808
0 0.42178571428571426 0.19 0.0064285714285714285 0.01619047619047619
0 0.4825 0.1376190476190476 0.0064285714285714285 0.01619047619047619
0 0.5035714285714286 0.007619047619047619 0.004285714285714286 0.015238095238095238
0 0.49642857142857144 0.004761904761904762 0.004285714285714286 0.009523809523809525
0 0.42214285714285715 0.25666666666666665 0.005714285714285714 0.01619047619047619
0 0.40785714285714286 0.4057142857142857 0.005714285714285714 0.015238095238095238
0 0.3871428571428571 0.4247619047619048 0.007142857142857143 0.017142857142857144
0 0.39357142857142857 0.4076190476190476 0.007142857142857143 0.017142857142857144
0 0.405 0.5519047619047619 0.007142857142857143 0.014285714285714285
0 0.4114285714285714 0.5823809523809523 0.007142857142857143 0.012380952380952381
2 0.4639285714285714 0.2914285714285714 0.005 0.02095238095238095
2 0.45714285714285713 0.10952380952380952 0.005714285714285714 0.02095238095238095
2 0.5032142857142857 0.36857142857142855 0.005 0.01904761904761905
1 0.5035714285714286 0.3647619047619048 0.004285714285714286 0.011428571428571429
1 0.42642857142857143 0.4423809523809524 0.007142857142857143 0.01619047619047619
1 0.39285714285714285 0.4523809523809524 0.005714285714285714 0.009523809523809525
1 0.39285714285714285 0.46904761904761905 0.008571428571428572 0.012380952380952381
1 0.3967857142857143 0.4519047619047619 0.0064285714285714285 0.008571428571428572
1 0.44821428571428573 0.3028571428571429 0.0064285714285714285 0.015238095238095238
1 0.4635714285714286 0.28809523809523807 0.004285714285714286 0.012380952380952381
1 0.4757142857142857 0.2895238095238095 0.004285714285714286 0.013333333333333332
1 0.4607142857142857 0.21476190476190476 0.005714285714285714 0.014285714285714285
1 0.4575 0.1061904761904762 0.005 0.012380952380952381
1 0.43892857142857145 0.11238095238095239 0.005 0.013333333333333332
1 0.45357142857142857 0.03666666666666667 0.004285714285714286 0.008571428571428572
1 0.43857142857142856 0.011428571428571429 0.004285714285714286 0.007619047619047619
