0 0.46825 0.6046666666666667 0.0055 0.014666666666666666
0 0.528 0.508 0.021 0.04133333333333333
0 0.56175 0.512 0.021500000000000002 0.044
0 0.5875 0.514 0.02 0.042666666666666665
0 0.62075 0.5143333333333333 0.021500000000000002 0.043333333333333335
3 0.64575 0.5266666666666666 0.0195 0.048
3 0.69425 0.5293333333333333 0.0185 0.04533333333333333
0 0.59325 0.6876666666666666 0.0075 0.018
0 0.63125 0.842 0.0055 0.02
2 0.47750000000000004 0.725 0.019 0.015333333333333332
2 0.551 0.7929999999999999 0.021 0.015333333333333332
2 0.55175 0.783 0.021500000000000002 0.014
2 0.553 0.7533333333333333 0.02 0.013333333333333332
2 0.5545 0.7253333333333333 0.02 0.012
2 0.5575 0.7186666666666667 0.02 0.012
2 0.55575 0.7096666666666667 0.0185 0.011333333333333332
2 0.55525 0.6983333333333334 0.0165 0.008666666666666666
2 0.55975 0.6886666666666666 0.0175 0.010666666666666666
2 0.49575 0.6786666666666666 0.0195 0.009333333333333332
2 0.485 0.6676666666666666 0.017 0.014
2 0.4885 0.6606666666666666 0.016 0.017333333333333333
2 0.48775 0.6523333333333333 0.0175 0.011333333333333332
2 0.49125 0.6473333333333333 0.0195 0.013333333333333332
2 0.49 0.6356666666666666 0.017 0.014
