3 0.7714285714285715 0.8719047619047618 0.08428571428571428 0.07142857142857142
3 0.31357142857142856 0.7704761904761904 0.06571428571428571 0.05333333333333333
3 0.4471428571428571 0.6785714285714286 0.06 0.05619047619047619
3 0.5489285714285714 0.6214285714285714 0.05357142857142857 0.06571428571428571
3 0.6307142857142857 0.7619047619047619 0.03571428571428571 0.06476190476190476
3 0.43857142857142856 0.6066666666666667 0.054285714285714284 0.049523809523809526
9 0.6564285714285715 0.4866666666666667 0.014285714285714285 0.030476190476190476
3 0.6946428571428571 0.4519047619047619 0.045 0.06952380952380953
3 0.7103571428571429 0.3109523809523809 0.039285714285714285 0.06571428571428571
3 0.6725 0.2519047619047619 0.04071428571428572 0.03333333333333333
5 0.7632142857142857 0.2995238095238095 0.065 0.09238095238095238
3 0.8225 0.32571428571428573 0.05071428571428571 0.05523809523809524
3 0.895 0.14761904761904762 0.03571428571428571 0.05523809523809524
4 0.37607142857142856 0.5761904761904761 0.03785714285714286 0.06666666666666667
3 0.29892857142857143 0.6047619047619047 0.03214285714285714 0.07238095238095238
3 0.25142857142857145 0.6285714285714286 0.045714285714285714 0.04380952380952381
3 0.09821428571428571 0.7071428571428572 0.06642857142857143 0.05619047619047619
8 0.9032142857142857 0.5304761904761904 0.06357142857142857 0.1619047619047619
3 0.9110714285714285 0.4095238095238095 0.03214285714285714 0.06476190476190476
3 0.9232142857142858 0.2571428571428571 0.025 0.05333333333333333
4 0.9510714285714286 0.24904761904761905 0.02642857142857143 0.05619047619047619
4 0.9507142857142857 0.13285714285714287 0.03142857142857143 0.06571428571428571
3 0.9742857142857143 0.1519047619047619 0.02857142857142857 0.06380952380952382
3 0.9807142857142858 0.07761904761904762 0.027142857142857142 0.05619047619047619
9 0.9642857142857143 0.0419047619047619 0.014285714285714285 0.024761904761904763
1 0.965 0.0380952380952381 0.011428571428571429 0.017142857142857144
