3 0.33714285714285713 0.04441624365482233 0.03142857142857143 0.032994923857868015
3 0.34 0.03109137055837563 0.027142857142857142 0.026649746192893398
3 0.34464285714285714 0.01713197969543147 0.027857142857142858 0.024111675126903553
3 0.4625 0.15862944162436546 0.013571428571428571 0.04314720812182741
3 0.4725 0.2112944162436548 0.016428571428571428 0.04695431472081218
3 0.42607142857142855 0.33883248730964466 0.029285714285714286 0.027918781725888322
3 0.4232142857142857 0.3578680203045685 0.03214285714285714 0.027918781725888322
3 0.4228571428571429 0.3826142131979695 0.04 0.026649746192893398
0 0.4417857142857143 0.39340101522842635 0.007857142857142858 0.017766497461928932
3 0.47785714285714287 0.40038071065989844 0.014285714285714285 0.04695431472081218
3 0.4228571428571429 0.4511421319796954 0.032857142857142856 0.029187817258883246
3 0.4235714285714286 0.4746192893401015 0.03142857142857143 0.03045685279187817
3 0.42 0.5012690355329948 0.03428571428571429 0.03045685279187817
3 0.41892857142857143 0.5520304568527918 0.035 0.03045685279187817
3 0.41535714285714287 0.581218274111675 0.03642857142857143 0.03045685279187817
3 0.4117857142857143 0.6065989847715736 0.035 0.03045685279187817
4 0.4089285714285714 0.6351522842639593 0.04071428571428572 0.03680203045685279
3 0.4107142857142857 0.6954314720812182 0.04 0.032994923857868015
3 0.4085714285714286 0.723984771573604 0.03857142857142857 0.031725888324873094
3 0.41 0.7576142131979695 0.04 0.03807106598984771
3 0.4042857142857143 0.824238578680203 0.041428571428571426 0.03426395939086294
3 0.40035714285714286 0.8629441624365481 0.04214285714285714 0.035532994923857864
3 0.3989285714285714 0.9003807106598984 0.039285714285714285 0.03426395939086294
3 0.39107142857142857 0.9441624365482233 0.04357142857142857 0.03807106598984771
3 0.3921428571428571 0.9841370558375634 0.04428571428571428 0.029187817258883246
3 0.5114285714285715 0.9631979695431472 0.03571428571428571 0.06091370558375634
3 0.5021428571428571 0.8343908629441624 0.041428571428571426 0.03426395939086294
4 0.5021428571428571 0.7906091370558375 0.045714285714285714 0.04060913705583756
3 0.49964285714285717 0.7461928934010151 0.039285714285714285 0.035532994923857864
3 0.49964285714285717 0.7112944162436547 0.04071428571428572 0.03426395939086294
3 0.49964285714285717 0.6782994923857868 0.04071428571428572 0.03426395939086294
3 0.5035714285714286 0.6465736040609137 0.037142857142857144 0.031725888324873094
3 0.5021428571428571 0.5920050761421319 0.037142857142857144 0.031725888324873094
4 0.485 0.4689086294416243 0.015714285714285715 0.05456852791878172
3 0.7425 0.012690355329949238 0.019285714285714285 0.025380710659898477
3 0.7571428571428571 0.010786802030456852 0.015714285714285715 0.021573604060913704
3 0.7732142857142857 0.012055837563451776 0.019285714285714285 0.024111675126903553
3 0.7696428571428572 0.0881979695431472 0.02214285714285714 0.03680203045685279
3 0.7821428571428571 0.07931472081218273 0.017142857142857144 0.029187817258883246
3 0.8153571428571429 0.015862944162436547 0.023571428571428573 0.031725888324873094
3 0.055 0.973984771573604 0.03857142857142857 0.03934010152284264
