0 0.048 0.9623333333333333 0.003 0.01
0 0.069 0.9406666666666667 0.004 0.012
0 0.08700000000000001 0.9346666666666666 0.004 0.012
4 0.07925 0.9143333333333333 0.0235 0.020666666666666667
3 0.12375 0.9276666666666666 0.0165 0.02333333333333333
3 0.11800000000000001 0.8493333333333333 0.022 0.013333333333333332
3 0.12225 0.8386666666666667 0.021500000000000002 0.010666666666666666
1 0.15 0.9259999999999999 0.003 0.008
9 0.15 0.9283333333333333 0.003 0.008666666666666666
9 0.15825 0.902 0.006500000000000001 0.010666666666666666
1 0.157 0.9003333333333333 0.003 0.008666666666666666
3 0.17400000000000002 0.9043333333333333 0.015 0.020666666666666667
3 0.1945 0.902 0.016 0.021333333333333333
3 0.1615 0.875 0.012 0.019333333333333334
3 0.18475 0.864 0.0145 0.02
3 0.198 0.863 0.013000000000000001 0.018
3 0.2145 0.8516666666666667 0.011 0.018
3 0.20775000000000002 0.825 0.0105 0.019333333333333334
3 0.19275 0.7983333333333333 0.0125 0.016666666666666666
3 0.15725 0.7899999999999999 0.021500000000000002 0.012
3 0.16325 0.78 0.0205 0.010666666666666666
3 0.1675 0.7676666666666666 0.019 0.01
0 0.31225 0.7413333333333333 0.0025 0.008
3 0.3275 0.734 0.01 0.012
3 0.3325 0.7153333333333333 0.008 0.010666666666666666
3 0.308 0.7116666666666667 0.009000000000000001 0.011333333333333332
3 0.2605 0.7273333333333333 0.01 0.013333333333333332
3 0.20075 0.7243333333333333 0.0175 0.008666666666666666
3 0.23450000000000001 0.6323333333333333 0.015 0.008666666666666666
8 0.2635 0.6926666666666667 0.015 0.032
8 0.244 0.6963333333333334 0.016 0.026
3 0.2555 0.6859999999999999 0.007 0.012
1 0.2755 0.6563333333333333 0.003 0.004666666666666666
9 0.27575 0.658 0.0035 0.005333333333333333
3 0.33275 0.6516666666666666 0.0085 0.01
3 0.28525 0.626 0.0075 0.008
8 0.30675 0.587 0.0095 0.015333333333333332
3 0.342 0.6136666666666667 0.006 0.007333333333333333
3 0.33575 0.604 0.0055 0.008
3 0.34675 0.601 0.0085 0.008666666666666666
3 0.34325 0.5933333333333333 0.006500000000000001 0.008
3 0.3565 0.5783333333333334 0.007 0.008666666666666666
3 0.38625 0.5066666666666666 0.006500000000000001 0.008
