3 0.5171428571428571 0.8610406091370558 0.06 0.04441624365482233
3 0.6567857142857143 0.7690355329949238 0.02214285714285714 0.09898477157360405
3 0.7078571428571429 0.6618020304568527 0.047142857142857146 0.09517766497461928
3 0.7117857142857142 0.4098984771573604 0.025 0.09390862944162436
3 0.6103571428571428 0.7227157360406091 0.052142857142857144 0.03934010152284264
3 0.6039285714285715 0.6510152284263959 0.06642857142857143 0.048223350253807105
3 0.6114285714285714 0.5964467005076142 0.05 0.03807106598984771
3 0.6085714285714285 0.5298223350253807 0.055714285714285716 0.03934010152284264
3 0.6107142857142858 0.473984771573604 0.055714285714285716 0.03934010152284264
3 0.6107142857142858 0.4111675126903553 0.054285714285714284 0.03807106598984771
3 0.615 0.35977157360406087 0.05142857142857143 0.04187817258883248
3 0.6075 0.30901015228426393 0.05071428571428571 0.04187817258883248
3 0.5253571428571429 0.21954314720812182 0.055 0.053299492385786795
3 0.6075 0.08629441624365482 0.05785714285714286 0.048223350253807105
3 0.6039285714285715 0.03362944162436548 0.05785714285714286 0.04187817258883248
4 0.7171428571428572 0.15228426395939085 0.022857142857142857 0.09390862944162436
4 0.6146428571428572 0.26015228426395937 0.052142857142857144 0.03807106598984771
4 0.25035714285714283 0.08185279187817258 0.027857142857142858 0.10025380710659898
5 0.6067857142857143 0.20431472081218272 0.07071428571428572 0.05837563451776649
3 0.5228571428571429 0.3895939086294416 0.06142857142857143 0.050761421319796954
3 0.5278571428571428 0.4593908629441624 0.055714285714285716 0.04568527918781726
3 0.5267857142857143 0.5298223350253807 0.05785714285714286 0.03934010152284264
3 0.5257142857142857 0.6598984771573604 0.055714285714285716 0.04568527918781726
4 0.5239285714285714 0.7170050761421319 0.04642857142857143 0.03807106598984771
8 0.4082142857142857 0.6192893401015228 0.039285714285714285 0.2512690355329949
3 0.23607142857142857 0.8426395939086294 0.023571428571428573 0.09898477157360405
3 0.2392857142857143 0.7265228426395939 0.024285714285714285 0.09517766497461928
3 0.2425 0.6053299492385786 0.02642857142857143 0.09898477157360405
3 0.2475 0.4689086294416243 0.025 0.09263959390862943
3 0.245 0.3362944162436548 0.02 0.09644670050761421
5 0.24357142857142858 0.2112944162436548 0.03428571428571429 0.12055837563451775
3 0.23392857142857143 0.964467005076142 0.027857142857142858 0.06852791878172589
9 0.4575 0.12373096446700507 0.010714285714285714 0.052030456852791875
1 0.45785714285714285 0.12309644670050761 0.011428571428571429 0.025380710659898477
0 0.6871428571428572 0.09898477157360405 0.011428571428571429 0.02284263959390863
0 0.7221428571428572 0.5945431472081217 0.011428571428571429 0.016497461928934008
0 0.7489285714285714 0.5723350253807106 0.010714285714285714 0.015228426395939085
0 0.6592857142857143 0.17766497461928932 0.008571428571428572 0.017766497461928932
0 0.5335714285714286 0.9530456852791878 0.01 0.027918781725888322
0 0.7303571428571428 0.873730964467005 0.009285714285714286 0.019035532994923856
0 0.7557142857142857 0.6059644670050761 0.007142857142857143 0.016497461928934008
