1 0.6375 0.01 0.0064285714285714285 0.012380952380952381
1 0.6535714285714286 0.07476190476190477 0.007142857142857143 0.01619047619047619
1 0.6582142857142858 0.15428571428571428 0.009285714285714286 0.013333333333333332
1 0.6671428571428571 0.1895238095238095 0.007142857142857143 0.017142857142857144
1 0.595 0.24095238095238095 0.007142857142857143 0.01904761904761905
1 0.6278571428571429 0.40523809523809523 0.012857142857142857 0.01619047619047619
1 0.56 0.4038095238095238 0.01 0.02095238095238095
1 0.4764285714285714 0.32047619047619047 0.01 0.021904761904761906
1 0.5082142857142857 0.17761904761904762 0.007857142857142858 0.021904761904761906
1 0.6785714285714286 0.5066666666666667 0.012857142857142857 0.02095238095238095
1 0.7192857142857143 0.6719047619047619 0.011428571428571429 0.029523809523809525
1 0.6778571428571428 0.7180952380952381 0.012857142857142857 0.022857142857142857
1 0.6785714285714286 0.729047619047619 0.014285714285714285 0.023809523809523808
1 0.4357142857142857 0.8242857142857143 0.015714285714285715 0.03333333333333333
1 0.4307142857142857 0.8371428571428572 0.014285714285714285 0.030476190476190476
1 0.3082142857142857 0.6942857142857143 0.013571428571428571 0.024761904761904763
1 0.335 0.830952380952381 0.024285714285714285 0.02761904761904762
1 0.31035714285714283 0.8195238095238095 0.019285714285714285 0.023809523809523808
1 0.3132142857142857 0.8038095238095239 0.017857142857142856 0.024761904761904763
0 0.18321428571428572 0.9019047619047619 0.020714285714285713 0.0419047619047619
0 0.135 0.9004761904761904 0.025714285714285714 0.03333333333333333
0 0.09178571428571429 0.8157142857142857 0.017857142857142856 0.029523809523809525
3 0.022857142857142857 0.8871428571428571 0.045714285714285714 0.06571428571428571
7 0.3117857142857143 0.9414285714285714 0.056428571428571425 0.11714285714285715
9 0.1125 0.7757142857142857 0.029285714285714286 0.040952380952380955
9 0.08607142857142858 0.7928571428571428 0.03357142857142857 0.054285714285714284
9 0.33321428571428574 0.8323809523809523 0.015 0.06095238095238095
9 0.31142857142857144 0.8223809523809524 0.02142857142857143 0.07142857142857142
9 0.43285714285714283 0.840952380952381 0.02142857142857143 0.0761904761904762
9 0.31035714285714283 0.700952380952381 0.02642857142857143 0.047619047619047616
0 0.35035714285714287 0.5885714285714285 0.012142857142857143 0.03619047619047619
7 0.36714285714285716 0.8076190476190476 0.03857142857142857 0.11047619047619048
3 0.43607142857142855 0.6733333333333333 0.04642857142857143 0.12571428571428572
3 0.49785714285714283 0.6914285714285714 0.04857142857142857 0.12761904761904763
3 0.39071428571428574 0.6042857142857143 0.05857142857142857 0.0980952380952381
3 0.6053571428571428 0.8342857142857143 0.045 0.13333333333333333
9 0.6789285714285714 0.731904761904762 0.015 0.05238095238095238
9 0.7175 0.680952380952381 0.016428571428571428 0.045714285714285714
3 0.5164285714285715 0.5728571428571428 0.03571428571428571 0.08285714285714285
3 0.5860714285714286 0.5476190476190477 0.04214285714285714 0.10666666666666666
3 0.5239285714285714 0.4747619047619048 0.039285714285714285 0.08476190476190476
7 0.4592857142857143 0.5423809523809524 0.02857142857142857 0.06952380952380953
9 0.39285714285714285 0.4738095238095238 0.014285714285714285 0.035238095238095235
9 0.6782142857142857 0.5142857142857142 0.012142857142857143 0.0380952380952381
9 0.6282142857142857 0.4114285714285714 0.012142857142857143 0.03619047619047619
9 0.56 0.4147619047619048 0.012857142857142857 0.035238095238095235
9 0.585 0.37142857142857144 0.011428571428571429 0.04380952380952381
9 0.47714285714285715 0.32666666666666666 0.011428571428571429 0.03428571428571429
0 0.4407142857142857 0.4038095238095238 0.01 0.03619047619047619
0 0.43357142857142855 0.39666666666666667 0.007142857142857143 0.03142857142857143
0 0.42714285714285716 0.39714285714285713 0.008571428571428572 0.024761904761904763
4 0.49464285714285716 0.3757142857142857 0.03214285714285714 0.07904761904761905
3 0.5396428571428571 0.38142857142857145 0.03214285714285714 0.07523809523809524
3 0.5489285714285714 0.3109523809523809 0.029285714285714286 0.06571428571428571
3 0.5517857142857143 0.2342857142857143 0.027857142857142858 0.05714285714285714
3 0.7064285714285714 0.32761904761904764 0.03142857142857143 0.06285714285714286
3 0.7028571428571428 0.2661904761904762 0.03 0.054285714285714284
9 0.7535714285714286 0.2557142857142857 0.022857142857142857 0.025714285714285714
8 0.6482142857142857 0.29904761904761906 0.04928571428571429 0.13904761904761906
3 0.6164285714285714 0.2019047619047619 0.025714285714285714 0.049523809523809526
9 0.595 0.25 0.01 0.029523809523809525
9 0.6671428571428571 0.1961904761904762 0.008571428571428572 0.030476190476190476
9 0.6585714285714286 0.16238095238095238 0.008571428571428572 0.02761904761904762
2 0.5078571428571429 0.18285714285714286 0.01 0.030476190476190476
3 0.4564285714285714 0.25523809523809526 0.03142857142857143 0.05523809523809524
0 0.3271428571428571 0.21095238095238095 0.011428571428571429 0.018095238095238095
9 0.6975 0.15142857142857144 0.015 0.026666666666666665
9 0.685 0.08619047619047619 0.012857142857142857 0.02761904761904762
5 0.6928571428571428 0.12 0.024285714285714285 0.047619047619047616
3 0.5039285714285714 0.054285714285714284 0.019285714285714285 0.03238095238095238
3 0.49607142857142855 0.08666666666666667 0.02214285714285714 0.03238095238095238
7 0.5403571428571429 0.049523809523809526 0.016428571428571428 0.045714285714285714
0 0.5175 0.06285714285714286 0.007857142857142858 0.026666666666666665
3 0.5821428571428572 0.05619047619047619 0.022857142857142857 0.04380952380952381
9 0.6546428571428572 0.08142857142857143 0.007857142857142858 0.021904761904761906
9 0.6375 0.01619047619047619 0.007857142857142858 0.022857142857142857
9 0.7239285714285715 0.10857142857142857 0.020714285714285713 0.01904761904761905
3 0.5421428571428571 0.11714285714285715 0.025714285714285714 0.047619047619047616
