3 0.5367857142857143 0.7842857142857143 0.02214285714285714 0.01619047619047619
3 0.5182142857142857 0.7785714285714286 0.02642857142857143 0.018095238095238095
3 0.40464285714285714 0.9061904761904762 0.020714285714285713 0.02761904761904762
0 0.3082142857142857 0.8466666666666667 0.0064285714285714285 0.01904761904761905
3 0.25821428571428573 0.9890476190476191 0.020714285714285713 0.021904761904761906
3 0.2 0.9766666666666667 0.025714285714285714 0.04285714285714286
3 0.12107142857142857 0.8757142857142857 0.019285714285714285 0.03142857142857143
8 0.032857142857142856 0.9080952380952381 0.06571428571428571 0.06
0 0.34964285714285714 0.6742857142857143 0.0035714285714285713 0.007619047619047619
3 0.24892857142857142 0.6871428571428572 0.009285714285714286 0.012380952380952381
3 0.19035714285714286 0.669047619047619 0.007857142857142858 0.012380952380952381
3 0.22714285714285715 0.5828571428571429 0.004285714285714286 0.007619047619047619
5 0.21821428571428572 0.5780952380952381 0.0064285714285714285 0.011428571428571429
3 0.9892857142857143 0.6209523809523809 0.011428571428571429 0.007619047619047619
3 0.9971428571428571 0.6214285714285714 0.005714285714285714 0.004761904761904762
