3 0.2925 0.9828571428571429 0.03642857142857143 0.03428571428571429
3 0.25357142857142856 0.97 0.07 0.06
3 0.3325 0.9280952380952381 0.05928571428571429 0.08666666666666667
3 0.3053571428571429 0.9023809523809524 0.06642857142857143 0.09619047619047619
3 0.28 0.8738095238095238 0.06285714285714286 0.0980952380952381
3 0.2575 0.8357142857142857 0.05928571428571429 0.08666666666666667
3 0.22964285714285715 0.8071428571428572 0.06785714285714285 0.08476190476190476
3 0.2125 0.780952380952381 0.062142857142857146 0.07428571428571429
3 0.18821428571428572 0.7557142857142857 0.06785714285714285 0.08285714285714285
3 0.1657142857142857 0.7309523809523809 0.06142857142857143 0.07523809523809524
3 0.14642857142857144 0.7028571428571428 0.06142857142857143 0.0761904761904762
3 0.12214285714285714 0.6804761904761905 0.06428571428571428 0.08095238095238096
3 0.10178571428571428 0.6580952380952381 0.07214285714285715 0.08
3 0.22285714285714286 0.9566666666666667 0.055714285714285716 0.08285714285714285
3 0.2057142857142857 0.9195238095238095 0.06857142857142857 0.09238095238095238
3 0.17785714285714285 0.8947619047619048 0.07285714285714286 0.09619047619047619
3 0.15428571428571428 0.8561904761904762 0.06428571428571428 0.08571428571428572
3 0.12857142857142856 0.8342857142857143 0.06285714285714286 0.08190476190476191
3 0.1075 0.8042857142857143 0.06357142857142857 0.08476190476190476
3 0.08214285714285714 0.7761904761904762 0.06571428571428571 0.0761904761904762
3 0.05785714285714286 0.7561904761904762 0.06714285714285714 0.07809523809523809
3 0.028214285714285713 0.7214285714285714 0.056428571428571425 0.08476190476190476
3 0.2892857142857143 0.5261904761904762 0.07142857142857142 0.07714285714285714
3 0.40964285714285714 0.7309523809523809 0.095 0.11523809523809524
3 0.37357142857142855 0.7976190476190477 0.07285714285714286 0.09238095238095238
5 0.9310714285714285 0.8371428571428572 0.13785714285714284 0.15619047619047619
3 0.8510714285714286 0.7052380952380952 0.030714285714285715 0.07714285714285714
3 0.8842857142857142 0.7119047619047619 0.03428571428571429 0.07333333333333333
9 0.9164285714285715 0.7185714285714285 0.011428571428571429 0.029523809523809525
9 0.8353571428571429 0.65 0.020714285714285713 0.018095238095238095
9 0.6892857142857143 0.6061904761904762 0.02857142857142857 0.03142857142857143
1 0.6867857142857143 0.6047619047619047 0.012142857142857143 0.017142857142857144
1 0.21285714285714286 0.31285714285714283 0.041428571428571426 0.040952380952380955
9 0.2810714285714286 0.27095238095238094 0.010714285714285714 0.023809523809523808
5 0.11785714285714285 0.2138095238095238 0.045714285714285714 0.05238095238095238
4 0.1425 0.18476190476190477 0.03357142857142857 0.0419047619047619
5 0.20285714285714285 0.19285714285714287 0.07857142857142857 0.08476190476190476
3 0.07285714285714286 0.17285714285714285 0.04 0.039047619047619046
0 0.04214285714285714 0.06 0.011428571428571429 0.02095238095238095
0 0.11571428571428571 0.08428571428571428 0.008571428571428572 0.01619047619047619
1 0.1332142857142857 0.08571428571428572 0.005 0.017142857142857144
9 0.13392857142857142 0.0919047619047619 0.009285714285714286 0.01619047619047619
3 0.12785714285714286 0.051904761904761905 0.041428571428571426 0.025714285714285714
0 0.3264285714285714 0.2257142857142857 0.005714285714285714 0.017142857142857144
3 0.39714285714285713 0.3119047619047619 0.03571428571428571 0.05238095238095238
3 0.4257142857142857 0.32285714285714284 0.03 0.05142857142857143
3 0.44821428571428573 0.3485714285714286 0.03785714285714286 0.05142857142857143
3 0.5235714285714286 0.4033333333333333 0.037142857142857144 0.054285714285714284
6 0.5625 0.41714285714285715 0.012142857142857143 0.04380952380952381
6 0.5775 0.4319047619047619 0.013571428571428571 0.035238095238095235
3 0.5989285714285715 0.4633333333333333 0.025 0.06
9 0.47964285714285715 0.38 0.015 0.026666666666666665
1 0.8289285714285715 0.5566666666666666 0.007857142857142858 0.014285714285714285
1 0.9303571428571429 0.6219047619047618 0.010714285714285714 0.015238095238095238
1 0.9264285714285714 0.6080952380952381 0.011428571428571429 0.02
1 0.9067857142857143 0.6171428571428571 0.012142857142857143 0.013333333333333332
1 0.9414285714285714 0.6204761904761905 0.01 0.014285714285714285
1 0.9910714285714286 0.669047619047619 0.013571428571428571 0.014285714285714285
