3 0.4382142857142857 0.7942857142857143 0.035 0.09523809523809523
3 0.49535714285714283 0.9114285714285715 0.03642857142857143 0.1180952380952381
3 0.42714285714285716 0.6423809523809524 0.02857142857142857 0.07523809523809524
3 0.4114285714285714 0.5247619047619048 0.024285714285714285 0.05904761904761905
3 0.4042857142857143 0.4623809523809524 0.02142857142857143 0.04476190476190476
3 0.40285714285714286 0.13333333333333333 0.02142857142857143 0.02857142857142857
3 0.2592857142857143 0.13714285714285715 0.03571428571428571 0.015238095238095238
3 0.2532142857142857 0.12857142857142856 0.035 0.017142857142857144
3 0.2567857142857143 0.11666666666666667 0.035 0.018095238095238095
3 0.25821428571428573 0.1061904761904762 0.03357142857142857 0.014285714285714285
3 0.25892857142857145 0.10238095238095238 0.029285714285714286 0.01619047619047619
3 0.2571428571428571 0.09619047619047619 0.025714285714285714 0.015238095238095238
3 0.2667857142857143 0.08714285714285715 0.03214285714285714 0.02
3 0.26 0.07523809523809524 0.025714285714285714 0.015238095238095238
3 0.26357142857142857 0.06857142857142857 0.032857142857142856 0.01904761904761905
3 0.2621428571428571 0.05904761904761905 0.02857142857142857 0.015238095238095238
3 0.2596428571428571 0.05 0.023571428571428573 0.012380952380952381
3 0.26357142857142857 0.043333333333333335 0.02857142857142857 0.018095238095238095
3 0.26071428571428573 0.03428571428571429 0.02857142857142857 0.017142857142857144
3 0.2617857142857143 0.025714285714285714 0.029285714285714286 0.01904761904761905
3 0.2675 0.02 0.029285714285714286 0.01904761904761905
3 0.2664285714285714 0.011428571428571429 0.03 0.017142857142857144
3 0.2692857142857143 0.005238095238095238 0.024285714285714285 0.008571428571428572
3 0.16428571428571428 0.07761904761904762 0.02142857142857143 0.025714285714285714
3 0.1467857142857143 0.09380952380952381 0.027857142857142858 0.02
3 0.1125 0.1180952380952381 0.027857142857142858 0.024761904761904763
3 0.18392857142857144 0.15095238095238095 0.015 0.02761904761904762
3 0.14 0.15285714285714286 0.012857142857142857 0.02761904761904762
2 0.18785714285714286 0.004761904761904762 0.012857142857142857 0.009523809523809525
9 0.18035714285714285 0.029523809523809525 0.010714285714285714 0.007619047619047619
9 0.17821428571428571 0.04523809523809524 0.009285714285714286 0.006666666666666666
9 0.18142857142857144 0.02238095238095238 0.01 0.006666666666666666
0 0.23035714285714284 0.013333333333333332 0.0035714285714285713 0.015238095238095238
0 0.21714285714285714 0.023333333333333334 0.005714285714285714 0.010476190476190476
0 0.21357142857142858 0.022857142857142857 0.004285714285714286 0.013333333333333332
0 0.17714285714285713 0.11 0.004285714285714286 0.018095238095238095
0 0.17357142857142857 0.10809523809523809 0.004285714285714286 0.018095238095238095
4 0.2067857142857143 0.14523809523809525 0.015 0.03333333333333333
3 0.16178571428571428 0.1519047619047619 0.016428571428571428 0.025714285714285714
3 0.1357142857142857 0.10523809523809524 0.03142857142857143 0.021904761904761906
0 0.29035714285714287 0.07952380952380952 0.0064285714285714285 0.01619047619047619
0 0.28285714285714286 0.07714285714285714 0.004285714285714286 0.015238095238095238
0 0.2789285714285714 0.07476190476190477 0.005 0.018095238095238095
4 0.33214285714285713 0.04428571428571428 0.011428571428571429 0.021904761904761906
3 0.3557142857142857 0.06857142857142857 0.011428571428571429 0.02095238095238095
3 0.36 0.11857142857142858 0.014285714285714285 0.02761904761904762
3 0.3582142857142857 0.09238095238095238 0.013571428571428571 0.024761904761904763
9 0.31607142857142856 0.1319047619047619 0.005 0.018095238095238095
1 0.31607142857142856 0.1280952380952381 0.0035714285714285713 0.010476190476190476
3 0.3125 0.24142857142857144 0.04642857142857143 0.023809523809523808
3 0.22392857142857142 0.26095238095238094 0.04928571428571429 0.022857142857142857
3 0.12214285714285714 0.2719047619047619 0.05142857142857143 0.023809523809523808
3 0.0275 0.26285714285714284 0.04928571428571429 0.026666666666666665
0 0.2757142857142857 0.16285714285714287 0.005714285714285714 0.015238095238095238
0 0.26857142857142857 0.15333333333333332 0.004285714285714286 0.009523809523809525
3 0.13107142857142856 0.3157142857142857 0.05928571428571429 0.025714285714285714
3 0.06107142857142857 0.3761904761904762 0.04642857142857143 0.026666666666666665
3 0.25214285714285717 0.44761904761904764 0.054285714285714284 0.0380952380952381
3 0.2714285714285714 0.48857142857142855 0.054285714285714284 0.0419047619047619
3 0.2567857142857143 0.5138095238095238 0.060714285714285714 0.05238095238095238
0 0.22285714285714286 0.4014285714285714 0.002857142857142857 0.010476190476190476
0 0.21821428571428572 0.4438095238095238 0.0064285714285714285 0.01904761904761905
0 0.2117857142857143 0.46714285714285714 0.0064285714285714285 0.02
0 0.22178571428571428 0.47619047619047616 0.0064285714285714285 0.02095238095238095
9 0.30857142857142855 0.44047619047619047 0.011428571428571429 0.023809523809523808
3 0.25285714285714284 0.6223809523809524 0.054285714285714284 0.04857142857142857
3 0.24928571428571428 0.7052380952380952 0.05714285714285714 0.07904761904761905
9 0.29642857142857143 0.6057142857142858 0.018571428571428572 0.013333333333333332
9 0.29892857142857143 0.7447619047619047 0.02214285714285714 0.015238095238095238
3 0.26571428571428574 0.8480952380952381 0.055714285714285716 0.08857142857142856
3 0.26607142857142857 0.9552380952380952 0.065 0.08952380952380952
0 0.14964285714285713 0.7638095238095238 0.012142857142857143 0.015238095238095238
3 0.39357142857142857 0.018571428571428572 0.012857142857142857 0.02
3 0.3921428571428571 0.007619047619047619 0.011428571428571429 0.013333333333333332
0 0.4232142857142857 0.005238095238095238 0.002142857142857143 0.008571428571428572
0 0.42928571428571427 0.004285714285714286 0.002857142857142857 0.006666666666666666
0 0.435 0.0038095238095238095 0.002857142857142857 0.007619047619047619
0 0.42607142857142855 0.018571428571428572 0.002142857142857143 0.012380952380952381
0 0.4546428571428571 0.08238095238095237 0.005 0.014285714285714285
0 0.44857142857142857 0.10666666666666666 0.004285714285714286 0.015238095238095238
3 0.49214285714285716 0.012380952380952381 0.008571428571428572 0.011428571428571429
4 0.5646428571428571 0.12761904761904763 0.03357142857142857 0.024761904761904763
3 0.5589285714285714 0.22095238095238096 0.04357142857142857 0.022857142857142857
1 0.5771428571428572 0.09333333333333334 0.002857142857142857 0.009523809523809525
3 0.6203571428571428 0.11047619047619048 0.020714285714285713 0.015238095238095238
9 0.6035714285714285 0.15047619047619049 0.01 0.013333333333333332
3 0.5867857142857142 0.06857142857142857 0.027857142857142858 0.015238095238095238
0 0.6357142857142857 0.13142857142857142 0.002857142857142857 0.013333333333333332
0 0.6842857142857143 0.2419047619047619 0.002857142857142857 0.011428571428571429
0 0.7064285714285714 0.36238095238095236 0.007142857142857143 0.02
0 0.6978571428571428 0.3619047619047619 0.005714285714285714 0.015238095238095238
3 0.6228571428571429 0.3233333333333333 0.04428571428571428 0.025714285714285714
3 0.6564285714285715 0.3738095238095238 0.05142857142857143 0.03142857142857143
9 0.7046428571428571 0.32142857142857145 0.015 0.010476190476190476
2 0.5857142857142857 0.37285714285714283 0.005714285714285714 0.021904761904761906
1 0.5853571428571429 0.37 0.0064285714285714285 0.014285714285714285
0 0.5364285714285715 0.3619047619047619 0.004285714285714286 0.01904761904761905
0 0.5246428571428572 0.38142857142857145 0.005 0.018095238095238095
0 0.5421428571428571 0.3566666666666667 0.004285714285714286 0.012380952380952381
0 0.5946428571428571 0.35428571428571426 0.005 0.01904761904761905
0 0.5564285714285714 0.43047619047619046 0.005714285714285714 0.02095238095238095
0 0.55 0.43047619047619046 0.004285714285714286 0.02095238095238095
0 0.6157142857142857 0.4276190476190476 0.004285714285714286 0.01904761904761905
0 0.6135714285714285 0.4204761904761905 0.005714285714285714 0.018095238095238095
0 0.6275 0.41333333333333333 0.005 0.017142857142857144
0 0.6153571428571428 0.41 0.005 0.014285714285714285
0 0.5960714285714286 0.37333333333333335 0.0064285714285714285 0.017142857142857144
0 0.6042857142857143 0.3819047619047619 0.004285714285714286 0.017142857142857144
0 0.5082142857142857 0.36714285714285716 0.0064285714285714285 0.01619047619047619
0 0.5171428571428571 0.3761904761904762 0.002857142857142857 0.011428571428571429
0 0.515 0.37142857142857144 0.004285714285714286 0.013333333333333332
0 0.7035714285714286 0.45571428571428574 0.007142857142857143 0.021904761904761906
0 0.5996428571428571 0.5542857142857143 0.0064285714285714285 0.02095238095238095
0 0.6328571428571429 0.5914285714285714 0.007142857142857143 0.022857142857142857
0 0.6432142857142857 0.5942857142857143 0.005 0.013333333333333332
0 0.6410714285714286 0.7495238095238095 0.007857142857142858 0.024761904761904763
0 0.6282142857142857 0.7633333333333333 0.007857142857142858 0.023809523809523808
0 0.6967857142857142 0.8685714285714285 0.009285714285714286 0.02857142857142857
0 0.6617857142857143 0.9657142857142857 0.015 0.02857142857142857
9 0.5928571428571429 0.900952380952381 0.022857142857142857 0.015238095238095238
9 0.5996428571428571 0.9261904761904762 0.027857142857142858 0.021904761904761906
9 0.575 0.9738095238095238 0.02857142857142857 0.025714285714285714
9 0.5703571428571429 0.8166666666666667 0.02642857142857143 0.018095238095238095
9 0.5653571428571429 0.7947619047619048 0.025 0.018095238095238095
0 0.7435714285714285 0.1 0.004285714285714286 0.013333333333333332
0 0.7396428571428572 0.09380952380952381 0.005 0.014285714285714285
0 0.7785714285714286 0.08523809523809524 0.004285714285714286 0.01619047619047619
0 0.7546428571428572 0.08285714285714285 0.0035714285714285713 0.007619047619047619
0 0.7807142857142857 0.09047619047619047 0.004285714285714286 0.013333333333333332
0 0.7985714285714286 0.07857142857142857 0.002857142857142857 0.012380952380952381
0 0.8060714285714285 0.08 0.0035714285714285713 0.011428571428571429
0 0.8021428571428572 0.07857142857142857 0.002857142857142857 0.008571428571428572
0 0.7910714285714285 0.08 0.0035714285714285713 0.009523809523809525
4 0.7821428571428571 0.14047619047619048 0.027142857142857142 0.02761904761904762
3 0.8135714285714286 0.30428571428571427 0.04 0.025714285714285714
0 0.7189285714285715 0.4147619047619048 0.005 0.02
0 0.7117857142857142 0.4342857142857143 0.0064285714285714285 0.01904761904761905
0 0.7678571428571429 0.4076190476190476 0.005714285714285714 0.02095238095238095
0 0.7567857142857143 0.42714285714285716 0.0064285714285714285 0.02
0 0.7428571428571429 0.4442857142857143 0.007142857142857143 0.018095238095238095
0 0.7303571428571428 0.4642857142857143 0.0064285714285714285 0.02
0 0.7203571428571428 0.4742857142857143 0.007857142857142858 0.01904761904761905
0 0.715 0.49523809523809526 0.005714285714285714 0.02095238095238095
0 0.7389285714285714 0.5204761904761904 0.0064285714285714285 0.021904761904761906
0 0.7507142857142857 0.5 0.007142857142857143 0.02095238095238095
0 0.7635714285714286 0.4828571428571429 0.008571428571428572 0.02095238095238095
0 0.7696428571428572 0.4657142857142857 0.0064285714285714285 0.02095238095238095
0 0.7771428571428571 0.45285714285714285 0.008571428571428572 0.018095238095238095
0 0.7896428571428571 0.4423809523809524 0.0064285714285714285 0.02
0 0.7960714285714285 0.42714285714285716 0.007857142857142858 0.021904761904761906
0 0.7989285714285714 0.4704761904761905 0.0064285714285714285 0.01904761904761905
0 0.7810714285714285 0.5057142857142857 0.007857142857142858 0.01904761904761905
0 0.8178571428571428 0.5019047619047619 0.008571428571428572 0.02095238095238095
9 0.8346428571428571 0.4419047619047619 0.017857142857142856 0.017142857142857144
9 0.8239285714285715 0.45904761904761904 0.017857142857142856 0.013333333333333332
9 0.8267857142857142 0.4719047619047619 0.015 0.012380952380952381
3 0.7035714285714286 0.6228571428571429 0.04857142857142857 0.06857142857142857
3 0.7346428571428572 0.5880952380952381 0.05071428571428571 0.058095238095238096
0 0.7207142857142858 0.820952380952381 0.012857142857142857 0.026666666666666665
0 0.8760714285714286 0.5504761904761905 0.0035714285714285713 0.015238095238095238
0 0.8671428571428571 0.5480952380952381 0.004285714285714286 0.01619047619047619
0 0.8614285714285714 0.34 0.005714285714285714 0.01904761904761905
0 0.8464285714285714 0.33904761904761904 0.008571428571428572 0.015238095238095238
0 0.8753571428571428 0.34 0.0064285714285714285 0.01904761904761905
3 0.8603571428571428 0.29904761904761906 0.04071428571428572 0.024761904761904763
4 0.8517857142857143 0.14714285714285713 0.03357142857142857 0.021904761904761906
3 0.85 0.14047619047619048 0.02857142857142857 0.018095238095238095
3 0.8671428571428571 0.13238095238095238 0.022857142857142857 0.01904761904761905
3 0.8871428571428571 0.13380952380952382 0.017142857142857144 0.018095238095238095
3 0.9542857142857143 0.12904761904761905 0.04 0.025714285714285714
0 0.9685714285714285 0.10571428571428572 0.004285714285714286 0.015238095238095238
0 0.9453571428571429 0.09142857142857143 0.0064285714285714285 0.017142857142857144
0 0.9160714285714285 0.08857142857142856 0.0064285714285714285 0.017142857142857144
4 0.8503571428571428 0.03238095238095238 0.012142857142857143 0.02095238095238095
0 0.96 0.1180952380952381 0.002857142857142857 0.011428571428571429
0 0.955 0.1180952380952381 0.004285714285714286 0.013333333333333332
