3 0.441 0.42233333333333334 0.023 0.03933333333333333
3 0.45375 0.36333333333333334 0.021500000000000002 0.03733333333333333
0 0.47150000000000003 0.288 0.005 0.017333333333333333
3 0.44175000000000003 0.24 0.0145 0.024
3 0.40750000000000003 0.30466666666666664 0.015 0.029333333333333333
3 0.40875 0.27566666666666667 0.0135 0.02333333333333333
3 0.40825 0.2363333333333333 0.0165 0.024666666666666667
3 0.5865 0.446 0.029 0.03866666666666667
3 0.651 0.4653333333333333 0.029 0.036
3 0.60925 0.35833333333333334 0.0275 0.03
3 0.56075 0.24233333333333332 0.0185 0.016666666666666666
3 0.54025 0.20966666666666667 0.0135 0.016666666666666666
3 0.542 0.19699999999999998 0.011 0.012666666666666666
3 0.5710000000000001 0.11933333333333333 0.02 0.012
3 0.55 0.11466666666666667 0.019 0.012
3 0.53025 0.11133333333333333 0.0185 0.009333333333333332
4 0.52975 0.12166666666666666 0.0175 0.011333333333333332
3 0.48475 0.106 0.0195 0.010666666666666666
3 0.40125 0.174 0.0275 0.013333333333333332
3 0.364 0.11399999999999999 0.016 0.010666666666666666
3 0.37725000000000003 0.118 0.0175 0.012
3 0.38275000000000003 0.106 0.0125 0.013333333333333332
3 0.37575000000000003 0.09799999999999999 0.0115 0.012
3 0.19125 0.358 0.0495 0.024
4 0.1965 0.06799999999999999 0.012 0.010666666666666666
0 0.19775 0.07533333333333334 0.0035 0.009333333333333332
0 0.2 0.07566666666666666 0.003 0.01
