3 0.3407142857142857 0.015862944162436547 0.018571428571428572 0.031725888324873094
3 0.4225 0.4727157360406091 0.016428571428571428 0.06472081218274112
3 0.4521428571428571 0.5913705583756345 0.015714285714285715 0.06852791878172589
3 0.46 0.83248730964467 0.017142857142857144 0.06852791878172589
4 0.4325 0.7728426395939085 0.016428571428571428 0.07360406091370558
4 0.4664285714285714 0.9790609137055837 0.015714285714285715 0.03934010152284264
0 0.24678571428571427 0.9784263959390862 0.005 0.005076142131979695
0 0.2517857142857143 0.10088832487309644 0.005 0.011421319796954314
0 0.2557142857142857 0.09200507614213198 0.005714285714285714 0.011421319796954314
0 0.2621428571428571 0.09200507614213198 0.005714285714285714 0.011421319796954314
0 0.2675 0.09454314720812182 0.0064285714285714285 0.006345177664974619
0 0.25357142857142856 0.27411167512690354 0.007142857142857143 0.015228426395939085
0 0.2646428571428571 0.3978426395939086 0.005 0.006345177664974619
0 0.26964285714285713 0.4562182741116751 0.0064285714285714285 0.008883248730964466
0 0.26535714285714285 0.5323604060913705 0.005 0.008883248730964466
0 0.2742857142857143 0.5564720812182741 0.008571428571428572 0.016497461928934008
0 0.2782142857142857 0.4993654822335025 0.0064285714285714285 0.013959390862944161
0 0.2646428571428571 0.49302030456852786 0.005 0.008883248730964466
0 0.2617857142857143 0.4885786802030456 0.005 0.0076142131979695426
0 0.2789285714285714 0.8026649746192893 0.0064285714285714285 0.013959390862944161
1 0.30714285714285716 0.7360406091370558 0.007142857142857143 0.012690355329949238
2 0.30785714285714283 0.7303299492385786 0.005714285714285714 0.026649746192893398
