9 0.4878571428571429 0.9892131979695431 0.008571428571428572 0.019035532994923856
3 0.5014285714285714 0.9733502538071065 0.02142857142857143 0.050761421319796954
3 0.5192857142857142 0.9384517766497461 0.02 0.06979695431472081
4 0.5353571428571429 0.898477157360406 0.017857142857142856 0.06345177664974619
4 0.5492857142857143 0.8534263959390862 0.02142857142857143 0.07233502538071065
4 0.5628571428571428 0.8052030456852791 0.02142857142857143 0.06472081218274112
4 0.5785714285714286 0.7684010152284263 0.022857142857142857 0.06472081218274112
5 0.6253571428571428 0.8616751269035532 0.062142857142857146 0.1446700507614213
0 0.7510714285714286 0.6294416243654822 0.0064285714285714285 0.017766497461928932
3 0.7192857142857143 0.6586294416243654 0.02 0.050761421319796954
3 0.6735714285714286 0.6840101522842639 0.024285714285714285 0.053299492385786795
4 0.655 0.6541878172588832 0.027142857142857142 0.05456852791878172
4 0.6389285714285714 0.631979695431472 0.027857142857142858 0.055837563451776644
5 0.9782142857142857 0.07550761421319796 0.023571428571428573 0.06979695431472081
5 0.7317857142857143 0.43527918781725883 0.027857142857142858 0.06091370558375634
3 0.7067857142857142 0.40609137055837563 0.023571428571428573 0.04314720812182741
8 0.7125 0.20050761421319796 0.05928571428571429 0.11675126903553298
4 0.7025 0.039974619289340096 0.020714285714285713 0.04441624365482233
4 0.6553571428571429 0.22208121827411165 0.023571428571428573 0.053299492385786795
4 0.5814285714285714 0.4961928934010152 0.022857142857142857 0.055837563451776644
9 0.5432142857142858 0.5444162436548223 0.007857142857142858 0.02284263959390863
1 0.5425 0.5456852791878172 0.005 0.017766497461928932
4 0.4382142857142857 0.02982233502538071 0.016428571428571428 0.03680203045685279
3 0.5207142857142857 0.1681472081218274 0.018571428571428572 0.03934010152284264
4 0.4853571428571429 0.21002538071065988 0.016428571428571428 0.03934010152284264
4 0.5389285714285714 0.22208121827411165 0.017857142857142856 0.050761421319796954
3 0.5325 0.3369289340101523 0.017857142857142856 0.04695431472081218
4 0.5528571428571428 0.39403553299492383 0.018571428571428572 0.049492385786802026
3 0.55 0.45685279187817257 0.02142857142857143 0.053299492385786795
3 0.5260714285714285 0.523477157360406 0.02214285714285714 0.05456852791878172
8 0.5214285714285715 0.6046954314720812 0.03142857142857143 0.08248730964467005
3 0.48857142857142855 0.700507614213198 0.018571428571428572 0.06345177664974619
3 0.4625 0.6465736040609137 0.02214285714285714 0.05964467005076142
3 0.4635714285714286 0.7252538071065989 0.02 0.06472081218274112
5 0.4525 0.8439086294416243 0.05071428571428571 0.16243654822335024
4 0.4432142857142857 0.640228426395939 0.020714285714285713 0.052030456852791875
3 0.4232142857142857 0.7341370558375634 0.023571428571428573 0.06725888324873096
4 0.4275 0.8096446700507614 0.023571428571428573 0.06345177664974619
5 0.3914285714285714 0.9416243654822334 0.02857142857142857 0.08629441624365482
3 0.3982142857142857 0.8591370558375634 0.02214285714285714 0.06345177664974619
3 0.3142857142857143 0.8642131979695431 0.025714285714285714 0.06852791878172589
3 0.35 0.7944162436548222 0.024285714285714285 0.06345177664974619
4 0.33785714285714286 0.6998730964467005 0.022857142857142857 0.05964467005076142
4 0.33107142857142857 0.5704314720812182 0.019285714285714285 0.052030456852791875
4 0.22142857142857142 0.02030456852791878 0.012857142857142857 0.035532994923857864
3 0.21464285714285714 0.07677664974619289 0.013571428571428571 0.03934010152284264
0 0.1825 0.1516497461928934 0.005 0.013959390862944161
0 0.1742857142857143 0.1618020304568528 0.005714285714285714 0.016497461928934008
0 0.0575 0.22081218274111675 0.0064285714285714285 0.01015228426395939
0 0.05821428571428571 0.2861675126903553 0.007857142857142858 0.013959390862944161
0 0.055357142857142855 0.28236040609137053 0.0064285714285714285 0.011421319796954314
9 0.07857142857142857 0.2836294416243655 0.011428571428571429 0.013959390862944161
9 0.17892857142857144 0.12753807106598983 0.0035714285714285713 0.013959390862944161
3 0.20714285714285716 0.15038071065989847 0.015714285714285715 0.03680203045685279
3 0.19785714285714287 0.21954314720812182 0.015714285714285715 0.04060913705583756
3 0.18642857142857142 0.2848984771573604 0.018571428571428572 0.04441624365482233
3 0.17821428571428571 0.34581218274111675 0.017857142857142856 0.04695431472081218
4 0.1632142857142857 0.41180203045685276 0.025 0.052030456852791875
0 0.08821428571428572 0.3052030456852792 0.007857142857142858 0.013959390862944161
0 0.12035714285714286 0.3426395939086294 0.0064285714285714285 0.015228426395939085
0 0.1367857142857143 0.3508883248730964 0.0064285714285714285 0.016497461928934008
3 0.14 0.5215736040609137 0.024285714285714285 0.048223350253807105
0 0.08892857142857143 0.6161167512690355 0.007857142857142858 0.011421319796954314
3 0.12071428571428572 0.590736040609137 0.025714285714285714 0.05456852791878172
3 0.09428571428571429 0.690989847715736 0.027142857142857142 0.05964467005076142
4 0.062142857142857146 0.7982233502538071 0.03428571428571429 0.06598984771573603
4 0.025 0.9156091370558375 0.03857142857142857 0.0748730964467005
1 0.865 0.39530456852791873 0.005714285714285714 0.013959390862944161
0 0.029285714285714286 0.0666243654822335 0.007142857142857143 0.019035532994923856
0 0.007142857142857143 0.07614213197969542 0.007142857142857143 0.015228426395939085
0 0.8667857142857143 0.3895939086294416 0.0064285714285714285 0.01015228426395939
0 0.8707142857142857 0.38197969543147203 0.007142857142857143 0.015228426395939085
