3 0.2914285714285714 0.014285714285714285 0.03571428571428571 0.026666666666666665
4 0.36607142857142855 0.015714285714285715 0.023571428571428573 0.03142857142857143
3 0.405 0.012857142857142857 0.027142857142857142 0.025714285714285714
3 0.4592857142857143 0.023809523809523808 0.03142857142857143 0.047619047619047616
3 0.3575 0.05142857142857143 0.030714285714285715 0.05333333333333333
3 0.26785714285714285 0.04238095238095238 0.06142857142857143 0.039047619047619046
3 0.22892857142857143 0.06904761904761905 0.065 0.040952380952380955
3 0.39714285714285713 0.0419047619047619 0.025714285714285714 0.047619047619047616
3 0.34464285714285714 0.09952380952380953 0.03214285714285714 0.04857142857142857
4 0.3892857142857143 0.08 0.03 0.06095238095238095
3 0.175 0.23761904761904762 0.07142857142857142 0.04857142857142857
3 0.11892857142857143 0.4247619047619048 0.07357142857142857 0.11238095238095239
9 0.1407142857142857 0.29904761904761906 0.027142857142857142 0.03619047619047619
3 0.2932142857142857 0.24095238095238095 0.027857142857142858 0.06857142857142857
3 0.335 0.24619047619047618 0.045714285714285714 0.07904761904761905
3 0.37857142857142856 0.23857142857142857 0.032857142857142856 0.08285714285714285
3 0.44642857142857145 0.25142857142857145 0.03142857142857143 0.08571428571428572
3 0.24821428571428572 0.37952380952380954 0.05357142857142857 0.0980952380952381
0 0.40464285714285714 0.22857142857142856 0.015 0.04380952380952381
0 0.36714285714285716 0.4147619047619048 0.014285714285714285 0.04666666666666667
3 0.35035714285714287 0.3519047619047619 0.04642857142857143 0.1019047619047619
3 0.31142857142857144 0.5276190476190477 0.06 0.13714285714285715
3 0.21071428571428572 0.520952380952381 0.06 0.12571428571428572
5 0.15321428571428572 0.7219047619047619 0.10357142857142858 0.20761904761904762
4 0.27964285714285714 0.6914285714285714 0.065 0.14285714285714285
4 0.3357142857142857 0.7804761904761904 0.06571428571428571 0.19904761904761906
4 0.24785714285714286 0.89 0.08571428571428572 0.2123809523809524
4 0.11785714285714285 0.9419047619047619 0.08714285714285715 0.11428571428571428
5 0.515 0.4095238095238095 0.06714285714285714 0.22476190476190477
3 0.6057142857142858 0.18666666666666668 0.03428571428571429 0.06476190476190476
3 0.67 0.2823809523809524 0.025714285714285714 0.06
0 0.5960714285714286 0.012380952380952381 0.009285714285714286 0.024761904761904763
0 0.6078571428571429 0.017619047619047618 0.007142857142857143 0.035238095238095235
0 0.6182142857142857 0.02142857142857143 0.007857142857142858 0.037142857142857144
3 0.6710714285714285 0.06428571428571428 0.04928571428571429 0.058095238095238096
3 0.675 0.1138095238095238 0.03571428571428571 0.05238095238095238
3 0.6921428571428572 0.18047619047619048 0.03857142857142857 0.06571428571428571
3 0.7092857142857143 0.25761904761904764 0.05 0.07714285714285714
3 0.7332142857142857 0.33714285714285713 0.04928571428571429 0.0838095238095238
3 0.77 0.4542857142857143 0.05857142857142857 0.10285714285714286
3 0.8075 0.5876190476190476 0.07642857142857143 0.12571428571428572
3 0.8567857142857143 0.7804761904761904 0.10214285714285715 0.1895238095238095
3 0.9132142857142858 0.9566666666666667 0.09357142857142857 0.08285714285714285
