3 0.2625 0.8238095238095238 0.2792857142857143 0.21333333333333332
3 0.22892857142857143 0.6209523809523809 0.24214285714285713 0.17523809523809525
3 0.2032142857142857 0.4742857142857143 0.2092857142857143 0.15619047619047619
3 0.11 0.24666666666666667 0.13 0.09904761904761905
3 0.6775 0.7438095238095238 0.19642857142857142 0.31238095238095237
3 0.7253571428571428 0.5661904761904762 0.16357142857142856 0.21428571428571427
3 0.6964285714285714 0.37761904761904763 0.14142857142857143 0.13238095238095238
3 0.8435714285714285 0.3919047619047619 0.15857142857142856 0.1419047619047619
3 0.7303571428571428 0.26571428571428574 0.12928571428571428 0.10666666666666666
4 0.5571428571428572 0.34714285714285714 0.13285714285714287 0.17047619047619048
4 0.5078571428571429 0.4504761904761905 0.1442857142857143 0.2038095238095238
3 0.39 0.31333333333333335 0.1357142857142857 0.1180952380952381
3 0.46 0.22285714285714286 0.08857142857142856 0.1295238095238095
3 0.35714285714285715 0.18714285714285714 0.08142857142857143 0.10761904761904761
3 0.31392857142857145 0.09666666666666666 0.056428571428571425 0.07714285714285714
0 0.02142857142857143 0.2638095238095238 0.03857142857142857 0.08761904761904762
1 0.26 0.22380952380952382 0.02142857142857143 0.0380952380952381
2 0.2592857142857143 0.23714285714285716 0.024285714285714285 0.049523809523809526
3 0.40035714285714286 0.13714285714285715 0.08071428571428571 0.09714285714285714
3 0.36857142857142855 0.07904761904761905 0.06428571428571428 0.07047619047619047
3 0.2175 0.10809523809523809 0.062142857142857146 0.08095238095238096
3 0.10607142857142857 0.10857142857142857 0.13214285714285715 0.07809523809523809
3 0.10642857142857143 0.07142857142857142 0.12 0.06666666666666667
3 0.07821428571428571 0.05 0.11928571428571429 0.05238095238095238
3 0.08785714285714286 0.024761904761904763 0.11 0.049523809523809526
3 0.19392857142857142 0.049523809523809526 0.05928571428571429 0.07047619047619047
3 0.2689285714285714 0.03190476190476191 0.055 0.06190476190476191
3 0.32 0.026666666666666665 0.05714285714285714 0.05333333333333333
8 0.5403571428571429 0.15571428571428572 0.22785714285714287 0.26571428571428574
3 0.6517857142857143 0.1742857142857143 0.07214285714285715 0.08571428571428572
3 0.5639285714285714 0.09571428571428571 0.07071428571428572 0.06190476190476191
3 0.5017857142857143 0.03380952380952381 0.06642857142857143 0.05619047619047619
0 0.43857142857142856 0.02095238095238095 0.012857142857142857 0.0419047619047619
5 0.5825 0.03142857142857143 0.07214285714285715 0.047619047619047616
3 0.6817857142857143 0.11523809523809524 0.11357142857142857 0.05904761904761905
3 0.7335714285714285 0.14714285714285713 0.12428571428571429 0.06571428571428571
3 0.7753571428571429 0.19095238095238096 0.13642857142857143 0.07904761904761905
4 0.8703571428571428 0.24285714285714285 0.13357142857142856 0.09523809523809523
0 0.96 0.2680952380952381 0.03571428571428571 0.07904761904761905
0 0.9521428571428572 0.3280952380952381 0.032857142857142856 0.07142857142857142
