3 0.555 0.8496192893401014 0.024285714285714285 0.08502538071065989
3 0.37535714285714283 0.9124365482233502 0.025 0.08375634517766496
3 0.375 0.7176395939086294 0.02142857142857143 0.06979695431472081
4 0.43 0.7170050761421319 0.022857142857142857 0.09137055837563451
3 0.4228571428571429 0.4777918781725888 0.02142857142857143 0.08502538071065989
3 0.3628571428571429 0.34581218274111675 0.022857142857142857 0.0748730964467005
3 0.38857142857142857 0.35913705583756345 0.02142857142857143 0.08375634517766496
3 0.41964285714285715 0.34708121827411165 0.02214285714285714 0.08248730964467005
5 0.44892857142857145 0.35913705583756345 0.023571428571428573 0.09390862944162436
8 0.4932142857142857 0.1947969543147208 0.03357142857142857 0.23223350253807104
0 0.6471428571428571 0.1681472081218274 0.005714285714285714 0.016497461928934008
0 0.6360714285714286 0.14784263959390861 0.0064285714285714285 0.021573604060913704
0 0.6264285714285714 0.12246192893401014 0.005714285714285714 0.021573604060913704
0 0.6221428571428571 0.11675126903553298 0.007142857142857143 0.025380710659898477
0 0.6378571428571429 0.0881979695431472 0.007142857142857143 0.019035532994923856
0 0.6464285714285715 0.09390862944162436 0.005714285714285714 0.02284263959390863
0 0.6517857142857143 0.09517766497461928 0.0064285714285714285 0.025380710659898477
4 0.8060714285714285 0.15736040609137056 0.04642857142857143 0.03807106598984771
5 0.7307142857142858 0.15038071065989847 0.07571428571428572 0.05710659898477157
3 0.7025 0.10723350253807105 0.04928571428571429 0.04187817258883248
8 0.7817857142857143 0.10342639593908629 0.06928571428571428 0.049492385786802026
3 0.21071428571428572 0.1516497461928934 0.047142857142857146 0.03680203045685279
3 0.019642857142857142 0.10025380710659898 0.039285714285714285 0.035532994923857864
