0 0.92425 0.9646666666666667 0.1365 0.07066666666666667
2 0.92825 0.5726666666666667 0.1105 0.10933333333333332
0 0.9285 0.48933333333333334 0.07 0.13466666666666666
0 0.9675 0.6113333333333333 0.065 0.13733333333333334
0 0.718 0.48666666666666664 0.046 0.092
0 0.70225 0.39766666666666667 0.0385 0.11399999999999999
0 0.6415 0.39999999999999997 0.042 0.128
0 0.647 0.355 0.035 0.11533333333333333
0 0.798 0.08333333333333333 0.034 0.08399999999999999
0 0.82675 0.079 0.021500000000000002 0.07133333333333333
0 0.842 0.09899999999999999 0.025 0.07666666666666666
0 0.68025 0.08566666666666667 0.035500000000000004 0.10066666666666667
0 0.639 0.07133333333333333 0.025 0.08399999999999999
0 0.5720000000000001 0.035666666666666666 0.018000000000000002 0.07133333333333333
1 0.601 0.050666666666666665 0.02 0.048
0 0.42975 0.029666666666666664 0.0225 0.057999999999999996
0 0.397 0.030333333333333334 0.023 0.06066666666666667
0 0.38425 0.033 0.021500000000000002 0.066
0 0.332 0.045 0.024 0.09
0 0.29 0.026 0.016 0.052
0 0.23525000000000001 0.071 0.0405 0.08066666666666666
0 0.419 0.28733333333333333 0.024 0.11733333333333333
3 0.50025 0.07766666666666666 0.0785 0.14333333333333334
9 0.53325 0.159 0.0585 0.06333333333333332
1 0.535 0.14966666666666667 0.033 0.10466666666666666
9 0.55125 0.313 0.0775 0.08333333333333333
9 0.665 0.181 0.065 0.06999999999999999
1 0.6685 0.16766666666666666 0.032 0.09799999999999999
2 0.61075 0.22033333333333333 0.0655 0.074
1 0.6145 0.20199999999999999 0.04 0.088
1 0.63375 0.19599999999999998 0.0195 0.06266666666666666
2 0.44075000000000003 0.6156666666666667 0.0425 0.13933333333333334
1 0.431 0.5766666666666667 0.051000000000000004 0.108
0 0.27625 0.653 0.0675 0.118
0 0.151 0.18233333333333332 0.037 0.09
0 0.17250000000000001 0.3993333333333333 0.079 0.10666666666666666
0 0.1085 0.18366666666666667 0.031 0.08466666666666667
0 0.11800000000000001 0.205 0.036000000000000004 0.086
1 0.02925 0.20233333333333334 0.0395 0.08066666666666666
9 0.03975 0.21733333333333332 0.0725 0.064
1 0.0945 0.35933333333333334 0.05 0.09333333333333332
8 0.18025 0.29566666666666663 0.2985 0.2793333333333333
9 0.11275 0.45966666666666667 0.1205 0.086
0 0.073 0.49666666666666665 0.097 0.104
0 0.099 0.5896666666666667 0.08600000000000001 0.122
0 0.046 0.6823333333333333 0.092 0.106
9 0.11725000000000001 0.7013333333333334 0.1155 0.18666666666666665
0 0.0345 0.7876666666666666 0.069 0.102
