3 0.225 0.979047619047619 0.06 0.0419047619047619
9 0.26607142857142857 0.9061904761904762 0.023571428571428573 0.054285714285714284
9 0.2717857142857143 0.8428571428571429 0.02214285714285714 0.049523809523809526
0 0.26035714285714284 0.8519047619047619 0.015 0.01619047619047619
9 0.24 0.8761904761904762 0.027142857142857142 0.04380952380952381
3 0.40964285714285714 0.820952380952381 0.035 0.10666666666666666
3 0.16392857142857142 0.9166666666666666 0.08071428571428571 0.11904761904761904
7 0.2860714285714286 0.71 0.04642857142857143 0.07523809523809524
9 0.3367857142857143 0.6614285714285715 0.012142857142857143 0.04666666666666667
9 0.43 0.7019047619047619 0.03428571428571429 0.030476190476190476
1 0.4317857142857143 0.7 0.016428571428571428 0.02095238095238095
1 0.3364285714285714 0.6571428571428571 0.015714285714285715 0.02095238095238095
9 0.2367857142857143 0.7042857142857143 0.035 0.029523809523809525
9 0.20107142857142857 0.6961904761904761 0.02642857142857143 0.03619047619047619
9 0.22 0.690952380952381 0.027142857142857142 0.040952380952380955
1 0.19892857142857143 0.6923809523809524 0.015 0.017142857142857144
1 0.23107142857142857 0.7038095238095238 0.015 0.017142857142857144
3 0.255 0.6571428571428571 0.06285714285714286 0.08
3 0.205 0.590952380952381 0.05857142857142857 0.07523809523809524
3 0.15642857142857142 0.5242857142857142 0.054285714285714284 0.07142857142857142
5 0.10607142857142857 0.45904761904761904 0.06357142857142857 0.07238095238095238
3 0.031785714285714285 0.36047619047619045 0.05071428571428571 0.06
3 0.0125 0.31857142857142856 0.025 0.05238095238095238
2 0.01 0.2866666666666667 0.02 0.026666666666666665
1 0.004642857142857143 0.2780952380952381 0.009285714285714286 0.01904761904761905
3 0.10285714285714286 0.3476190476190476 0.055714285714285716 0.06857142857142857
3 0.17535714285714285 0.34 0.055 0.06095238095238095
9 0.18857142857142858 0.3976190476190476 0.022857142857142857 0.037142857142857144
9 0.2517857142857143 0.27666666666666667 0.020714285714285713 0.021904761904761906
1 0.18607142857142858 0.3919047619047619 0.015 0.02
1 0.25 0.2723809523809524 0.011428571428571429 0.017142857142857144
3 0.19357142857142856 0.24666666666666667 0.04857142857142857 0.049523809523809526
3 0.23392857142857143 0.22333333333333333 0.04642857142857143 0.04857142857142857
0 0.25892857142857145 0.22142857142857142 0.015 0.029523809523809525
5 0.2664285714285714 0.18761904761904763 0.04857142857142857 0.05142857142857143
5 0.3867857142857143 0.29333333333333333 0.07642857142857143 0.08
0 0.1332142857142857 0.19666666666666666 0.017857142857142856 0.02761904761904762
0 0.1467857142857143 0.1880952380952381 0.016428571428571428 0.025714285714285714
9 0.07 0.08571428571428572 0.015714285714285715 0.024761904761904763
9 0.1075 0.08666666666666667 0.025 0.02095238095238095
9 0.039285714285714285 0.037142857142857144 0.017142857142857144 0.02095238095238095
1 0.03785714285714286 0.030476190476190476 0.011428571428571429 0.01904761904761905
1 0.06714285714285714 0.08047619047619048 0.011428571428571429 0.018095238095238095
1 0.105 0.08476190476190476 0.014285714285714285 0.02095238095238095
3 0.08714285714285715 0.02238095238095238 0.037142857142857144 0.035238095238095235
3 0.11785714285714285 0.05142857142857143 0.037142857142857144 0.03619047619047619
9 0.14107142857142857 0.06952380952380953 0.02214285714285714 0.02095238095238095
9 0.17035714285714285 0.10142857142857142 0.017857142857142856 0.023809523809523808
5 0.19428571428571428 0.12142857142857143 0.04285714285714286 0.04476190476190476
3 0.23107142857142857 0.15285714285714286 0.04357142857142857 0.04285714285714286
9 0.39107142857142857 0.5185714285714286 0.027857142857142858 0.03142857142857143
1 0.38785714285714284 0.5133333333333333 0.015714285714285715 0.022857142857142857
2 0.3917857142857143 0.49142857142857144 0.025 0.026666666666666665
1 0.39071428571428574 0.4880952380952381 0.014285714285714285 0.02
3 0.40285714285714286 0.46714285714285714 0.06714285714285714 0.06952380952380953
3 0.46 0.43047619047619046 0.06142857142857143 0.05523809523809524
3 0.46964285714285714 0.37285714285714283 0.052142857142857144 0.054285714285714284
3 0.5467857142857143 0.6876190476190476 0.07642857142857143 0.05333333333333333
9 0.6225 0.9057142857142857 0.03357142857142857 0.03619047619047619
1 0.6228571428571429 0.9052380952380953 0.017142857142857144 0.021904761904761906
3 0.7121428571428572 0.8295238095238096 0.06142857142857143 0.10857142857142857
3 0.7710714285714285 0.6495238095238095 0.056428571428571425 0.08571428571428572
3 0.5960714285714286 0.48857142857142855 0.06928571428571428 0.045714285714285714
3 0.6410714285714286 0.38095238095238093 0.05071428571428571 0.06285714285714286
3 0.6860714285714286 0.3233333333333333 0.04642857142857143 0.058095238095238096
3 0.7396428571428572 0.3376190476190476 0.047857142857142855 0.06761904761904762
9 0.7175 0.3933333333333333 0.030714285714285715 0.024761904761904763
1 0.7185714285714285 0.39285714285714285 0.015714285714285715 0.021904761904761906
0 0.755 0.44095238095238093 0.012857142857142857 0.02095238095238095
0 0.7142857142857143 0.4042857142857143 0.01 0.021904761904761906
3 0.8589285714285714 0.5009523809523809 0.05071428571428571 0.07809523809523809
9 0.9325 0.37142857142857144 0.020714285714285713 0.03619047619047619
1 0.9346428571428571 0.3661904761904762 0.015 0.021904761904761906
9 0.935 0.51 0.02142857142857143 0.03333333333333333
9 0.9560714285714286 0.5395238095238095 0.013571428571428571 0.03333333333333333
1 0.935 0.5076190476190476 0.02142857142857143 0.022857142857142857
1 0.9614285714285714 0.5352380952380953 0.015714285714285715 0.02095238095238095
0 0.9317857142857143 0.7585714285714286 0.020714285714285713 0.01619047619047619
4 0.8425 0.08761904761904762 0.027857142857142858 0.0419047619047619
3 0.7953571428571429 0.16 0.04642857142857143 0.05904761904761905
4 0.8717857142857143 0.04476190476190476 0.035 0.05523809523809524
3 0.9021428571428571 0.014761904761904763 0.032857142857142856 0.029523809523809525
