3 0.395 0.950952380952381 0.03 0.07142857142857142
3 0.5314285714285715 0.700952380952381 0.02857142857142857 0.05714285714285714
8 0.4875 0.7028571428571428 0.045 0.11047619047619048
0 0.38357142857142856 0.8314285714285714 0.007142857142857143 0.015238095238095238
0 0.3578571428571429 0.8723809523809524 0.008571428571428572 0.017142857142857144
0 0.36178571428571427 0.8147619047619048 0.007857142857142858 0.018095238095238095
4 0.3414285714285714 0.7952380952380952 0.032857142857142856 0.05333333333333333
0 0.35892857142857143 0.758095238095238 0.009285714285714286 0.013333333333333332
0 0.36392857142857143 0.7409523809523809 0.009285714285714286 0.013333333333333332
3 0.515 0.6157142857142857 0.024285714285714285 0.04666666666666667
3 0.49107142857142855 0.5633333333333334 0.02214285714285714 0.040952380952380955
5 0.4789285714285714 0.49952380952380954 0.035 0.06190476190476191
3 0.465 0.43761904761904763 0.022857142857142857 0.039047619047619046
3 0.4278571428571429 0.42904761904761907 0.02142857142857143 0.04476190476190476
3 0.4075 0.3495238095238095 0.019285714285714285 0.0380952380952381
3 0.4492857142857143 0.39380952380952383 0.022857142857142857 0.037142857142857144
3 0.4432142857142857 0.35285714285714287 0.02214285714285714 0.03333333333333333
3 0.42857142857142855 0.30666666666666664 0.018571428571428572 0.03428571428571429
3 0.42428571428571427 0.2695238095238095 0.018571428571428572 0.030476190476190476
3 0.3196428571428571 0.3295238095238095 0.019285714285714285 0.03619047619047619
5 0.3460714285714286 0.36666666666666664 0.04357142857142857 0.0380952380952381
4 0.33785714285714286 0.42666666666666664 0.017142857142857144 0.03238095238095238
3 0.3407142857142857 0.4614285714285714 0.02 0.037142857142857144
3 0.31107142857142855 0.27666666666666667 0.013571428571428571 0.039047619047619046
3 0.39285714285714285 0.2280952380952381 0.02142857142857143 0.029523809523809525
3 0.4135714285714286 0.2319047619047619 0.017142857142857144 0.029523809523809525
3 0.4 0.20285714285714285 0.02 0.026666666666666665
5 0.38821428571428573 0.16047619047619047 0.027857142857142858 0.05619047619047619
3 0.3657142857142857 0.16380952380952382 0.015714285714285715 0.026666666666666665
8 0.35928571428571426 0.07523809523809524 0.05714285714285714 0.05714285714285714
3 0.3175 0.13904761904761906 0.015 0.026666666666666665
3 0.30392857142857144 0.19095238095238096 0.020714285714285713 0.03142857142857143
3 0.3028571428571429 0.2195238095238095 0.018571428571428572 0.03333333333333333
0 0.2842857142857143 0.22285714285714286 0.007142857142857143 0.015238095238095238
0 0.2914285714285714 0.30857142857142855 0.007142857142857143 0.013333333333333332
0 0.2925 0.26857142857142857 0.0064285714285714285 0.013333333333333332
0 0.29642857142857143 0.26666666666666666 0.005714285714285714 0.017142857142857144
4 0.5375 0.24714285714285714 0.030714285714285715 0.05238095238095238
3 0.5742857142857143 0.51 0.018571428571428572 0.03142857142857143
4 0.6932142857142857 0.8523809523809524 0.029285714285714286 0.05904761904761905
4 0.7221428571428572 0.9361904761904762 0.02857142857142857 0.06476190476190476
3 0.7842857142857143 0.8261904761904761 0.047142857142857146 0.040952380952380955
3 0.7735714285714286 0.7919047619047619 0.04857142857142857 0.040952380952380955
3 0.7364285714285714 0.699047619047619 0.05 0.0380952380952381
4 0.7196428571428571 0.6652380952380952 0.047857142857142855 0.039047619047619046
3 0.7071428571428572 0.6423809523809524 0.03857142857142857 0.029523809523809525
3 0.4682142857142857 0.1961904761904762 0.02214285714285714 0.047619047619047616
