3 0.4164285714285714 0.46095238095238095 0.014285714285714285 0.022857142857142857
3 0.4332142857142857 0.42523809523809525 0.009285714285714286 0.014285714285714285
3 0.43392857142857144 0.41285714285714287 0.0064285714285714285 0.010476190476190476
3 0.42392857142857143 0.39666666666666667 0.0035714285714285713 0.004761904761904762
3 0.4317857142857143 0.39095238095238094 0.005 0.006666666666666666
3 0.7853571428571429 0.47285714285714286 0.1392857142857143 0.11904761904761904
3 0.8321428571428572 0.36666666666666664 0.12285714285714286 0.09523809523809523
3 0.8460714285714286 0.25333333333333335 0.11785714285714285 0.08761904761904762
3 0.8292857142857143 0.1838095238095238 0.08714285714285715 0.07809523809523809
3 0.8821428571428571 0.07380952380952381 0.07857142857142857 0.08095238095238096
3 0.7567857142857143 0.21476190476190476 0.05785714285714286 0.06380952380952382
3 0.7039285714285715 0.23666666666666666 0.047857142857142855 0.04476190476190476
3 0.6946428571428571 0.16285714285714287 0.03214285714285714 0.04
3 0.6414285714285715 0.3485714285714286 0.055714285714285716 0.05904761904761905
3 0.5971428571428572 0.42523809523809525 0.05142857142857143 0.06190476190476191
3 0.545 0.42 0.03428571428571429 0.04
3 0.5764285714285714 0.370952380952381 0.032857142857142856 0.03333333333333333
3 0.6060714285714286 0.31523809523809526 0.030714285714285715 0.03619047619047619
3 0.7967857142857143 0.017142857142857144 0.03357142857142857 0.03428571428571429
3 0.6178571428571429 0.22476190476190477 0.02 0.022857142857142857
3 0.6110714285714286 0.21761904761904763 0.017857142857142856 0.023809523809523808
3 0.5828571428571429 0.24047619047619048 0.014285714285714285 0.02
3 0.5917857142857142 0.2480952380952381 0.016428571428571428 0.018095238095238095
3 0.5846428571428571 0.2652380952380952 0.019285714285714285 0.021904761904761906
3 0.5064285714285715 0.40523809523809523 0.022857142857142857 0.03333333333333333
3 0.5357142857142857 0.36714285714285716 0.022857142857142857 0.02761904761904762
3 0.5560714285714285 0.3361904761904762 0.023571428571428573 0.02857142857142857
3 0.5325 0.3404761904761905 0.017857142857142856 0.021904761904761906
5 0.5125 0.36523809523809525 0.019285714285714285 0.02761904761904762
3 0.49642857142857144 0.38857142857142857 0.02 0.01904761904761905
4 0.4825 0.4119047619047619 0.017857142857142856 0.023809523809523808
3 0.48142857142857143 0.3933333333333333 0.014285714285714285 0.015238095238095238
4 0.4992857142857143 0.36714285714285716 0.015714285714285715 0.02
3 0.5082142857142857 0.3519047619047619 0.016428571428571428 0.01619047619047619
3 0.5121428571428571 0.3385714285714286 0.012857142857142857 0.010476190476190476
3 0.4710714285714286 0.39571428571428574 0.012142857142857143 0.018095238095238095
3 0.46214285714285713 0.3995238095238095 0.011428571428571429 0.018095238095238095
3 0.45571428571428574 0.3985714285714286 0.008571428571428572 0.010476190476190476
3 0.455 0.3861904761904762 0.008571428571428572 0.010476190476190476
3 0.5271428571428571 0.31666666666666665 0.014285714285714285 0.018095238095238095
3 0.5167857142857143 0.3233333333333333 0.012142857142857143 0.01619047619047619
3 0.4632142857142857 0.37476190476190474 0.007857142857142858 0.010476190476190476
3 0.48035714285714287 0.37333333333333335 0.012142857142857143 0.015238095238095238
3 0.47535714285714287 0.36238095238095236 0.009285714285714286 0.012380952380952381
3 0.51 0.3261904761904762 0.011428571428571429 0.014285714285714285
3 0.5039285714285714 0.3414285714285714 0.009285714285714286 0.014285714285714285
3 0.49964285714285717 0.3433333333333333 0.012142857142857143 0.014285714285714285
3 0.505 0.32857142857142857 0.01 0.015238095238095238
3 0.49892857142857144 0.3314285714285714 0.009285714285714286 0.013333333333333332
3 0.49142857142857144 0.3457142857142857 0.008571428571428572 0.013333333333333332
3 0.48464285714285715 0.34 0.007857142857142858 0.011428571428571429
3 0.47964285714285715 0.35 0.009285714285714286 0.008571428571428572
3 0.5553571428571429 0.2509523809523809 0.012142857142857143 0.01619047619047619
3 0.5564285714285714 0.26761904761904765 0.011428571428571429 0.015238095238095238
3 0.5417857142857143 0.27285714285714285 0.009285714285714286 0.014285714285714285
3 0.5364285714285715 0.2861904761904762 0.011428571428571429 0.01619047619047619
3 0.5189285714285714 0.3061904761904762 0.010714285714285714 0.014285714285714285
3 0.5203571428571429 0.2976190476190476 0.0064285714285714285 0.006666666666666666
3 0.525 0.28809523809523807 0.008571428571428572 0.010476190476190476
3 0.5303571428571429 0.28095238095238095 0.0064285714285714285 0.011428571428571429
3 0.5139285714285714 0.29904761904761906 0.0064285714285714285 0.009523809523809525
3 0.5060714285714286 0.31666666666666665 0.009285714285714286 0.012380952380952381
3 0.5028571428571429 0.31285714285714283 0.007142857142857143 0.008571428571428572
3 0.5092857142857142 0.2966666666666667 0.005714285714285714 0.010476190476190476
3 0.5021428571428571 0.30523809523809525 0.007142857142857143 0.006666666666666666
3 0.4942857142857143 0.3233333333333333 0.007142857142857143 0.010476190476190476
3 0.4932142857142857 0.3171428571428571 0.0064285714285714285 0.011428571428571429
3 0.45607142857142857 0.34523809523809523 0.0035714285714285713 0.004761904761904762
3 0.4632142857142857 0.3385714285714286 0.0035714285714285713 0.004761904761904762
3 0.4610714285714286 0.3442857142857143 0.0035714285714285713 0.004761904761904762
3 0.4764285714285714 0.33095238095238094 0.005714285714285714 0.006666666666666666
3 0.48642857142857143 0.319047619047619 0.004285714285714286 0.007619047619047619
3 0.45571428571428574 0.36047619047619045 0.005714285714285714 0.008571428571428572
3 0.44785714285714284 0.36714285714285716 0.004285714285714286 0.006666666666666666
3 0.44571428571428573 0.3738095238095238 0.004285714285714286 0.006666666666666666
5 0.42928571428571427 0.38333333333333336 0.007142857142857143 0.008571428571428572
