8 0.7489285714285714 0.839467005076142 0.062142857142857146 0.2017766497461929
8 0.8121428571428572 0.8940355329949238 0.07285714285714286 0.20431472081218272
3 0.6871428571428572 0.9156091370558375 0.04285714285714286 0.11294416243654821
8 0.7164285714285714 0.532994923857868 0.055714285714285716 0.11421319796954314
8 0.7582142857142857 0.6713197969543147 0.060714285714285714 0.17766497461928932
8 0.7064285714285714 0.6694162436548223 0.06142857142857143 0.17385786802030456
8 0.6010714285714286 0.7436548223350253 0.055 0.21573604060913704
4 0.34535714285714286 0.5114213197969543 0.027857142857142858 0.06345177664974619
5 0.4982142857142857 0.3381979695431472 0.027857142857142858 0.10025380710659898
4 0.4614285714285714 0.3102791878172589 0.02142857142857143 0.05710659898477157
3 0.4657142857142857 0.24175126903553298 0.015714285714285715 0.029187817258883246
3 0.4882142857142857 0.1979695431472081 0.013571428571428571 0.035532994923857864
8 0.6771428571428572 0.5241116751269035 0.054285714285714284 0.13197969543147206
8 0.6485714285714286 0.4365482233502538 0.04 0.10659898477157359
8 0.6246428571428572 0.4676395939086294 0.03357142857142857 0.09010152284263959
8 0.6321428571428571 0.3623096446700507 0.02857142857142857 0.06979695431472081
3 0.6107142857142858 0.4149746192893401 0.02142857142857143 0.04060913705583756
5 0.6703571428571429 0.2760152284263959 0.056428571428571425 0.04187817258883248
8 0.5710714285714286 0.5158629441624365 0.03214285714285714 0.14340101522842638
5 0.4903571428571429 0.10977157360406091 0.010714285714285714 0.03680203045685279
5 0.43464285714285716 0.08185279187817258 0.010714285714285714 0.031725888324873094
8 0.5007142857142857 0.06789340101522842 0.014285714285714285 0.03680203045685279
3 0.47928571428571426 0.03426395939086294 0.01 0.017766497461928932
3 0.5182142857142857 0.17385786802030456 0.012142857142857143 0.017766497461928932
3 0.5089285714285714 0.03934010152284264 0.010714285714285714 0.012690355329949238
3 0.5185714285714286 0.029187817258883246 0.008571428571428572 0.012690355329949238
3 0.4757142857142857 0.09835025380710659 0.011428571428571429 0.016497461928934008
3 0.4707142857142857 0.133248730964467 0.012857142857142857 0.025380710659898477
3 0.41928571428571426 0.1281725888324873 0.012857142857142857 0.02284263959390863
3 0.40035714285714286 0.2315989847715736 0.016428571428571428 0.026649746192893398
0 0.575 0.6104060913705583 0.011428571428571429 0.035532994923857864
