3 0.7117857142857142 0.9042857142857142 0.195 0.19142857142857142
1 0.14142857142857143 0.741904761904762 0.037142857142857144 0.07047619047619047
1 0.34 0.7904761904761904 0.03857142857142857 0.06285714285714286
1 0.2914285714285714 0.3576190476190476 0.02142857142857143 0.04476190476190476
1 0.7839285714285714 0.5619047619047619 0.029285714285714286 0.05523809523809524
1 0.7853571428571429 0.2938095238095238 0.012142857142857143 0.03142857142857143
1 0.5696428571428571 0.28714285714285714 0.013571428571428571 0.039047619047619046
1 0.30785714285714283 0.24952380952380954 0.015714285714285715 0.03428571428571429
2 0.1525 0.7561904761904762 0.06785714285714285 0.06095238095238095
2 0.29285714285714287 0.36904761904761907 0.032857142857142856 0.040952380952380955
2 0.5710714285714286 0.29904761904761906 0.023571428571428573 0.02857142857142857
2 0.7582142857142857 0.52 0.016428571428571428 0.049523809523809526
9 0.3385714285714286 0.7995238095238095 0.07571428571428572 0.08476190476190476
9 0.785 0.5680952380952381 0.02142857142857143 0.06571428571428571
9 0.7839285714285714 0.30238095238095236 0.015 0.03333333333333333
4 0.9210714285714285 0.5142857142857142 0.11785714285714285 0.09523809523809523
0 0.8460714285714286 0.42857142857142855 0.019285714285714285 0.047619047619047616
0 0.8653571428571428 0.45095238095238094 0.020714285714285713 0.054285714285714284
0 0.18142857142857144 0.20904761904761904 0.01 0.035238095238095235
0 0.18642857142857142 0.22095238095238096 0.014285714285714285 0.03619047619047619
0 0.19428571428571428 0.21047619047619048 0.011428571428571429 0.0380952380952381
0 0.20392857142857143 0.21 0.015 0.040952380952380955
0 0.425 0.23666666666666666 0.008571428571428572 0.040952380952380955
2 0.47928571428571426 0.23 0.017142857142857144 0.023809523809523808
0 0.5182142857142857 0.29333333333333333 0.013571428571428571 0.0419047619047619
0 0.5514285714285714 0.3180952380952381 0.014285714285714285 0.0380952380952381
0 0.5446428571428571 0.3019047619047619 0.016428571428571428 0.04
0 0.5392857142857143 0.24476190476190476 0.008571428571428572 0.030476190476190476
0 0.5332142857142858 0.24428571428571427 0.012142857142857143 0.037142857142857144
3 0.5696428571428571 0.24666666666666667 0.05785714285714286 0.05142857142857143
6 0.3271428571428571 0.2723809523809524 0.03 0.02857142857142857
3 0.6960714285714286 0.2195238095238095 0.039285714285714285 0.040952380952380955
3 0.6782142857142857 0.28714285714285714 0.060714285714285714 0.06380952380952382
3 0.7167857142857142 0.2538095238095238 0.045 0.05047619047619047
3 0.7567857142857143 0.2119047619047619 0.04071428571428572 0.05047619047619047
4 0.7835714285714286 0.17952380952380953 0.03571428571428571 0.06
3 0.8021428571428572 0.16238095238095238 0.025714285714285714 0.035238095238095235
3 0.8132142857142857 0.14095238095238094 0.02214285714285714 0.02857142857142857
3 0.8142857142857143 0.11857142857142858 0.02142857142857143 0.025714285714285714
3 0.7996428571428571 0.10904761904761905 0.020714285714285713 0.023809523809523808
3 0.8046428571428571 0.09523809523809523 0.019285714285714285 0.022857142857142857
3 0.8335714285714285 0.10523809523809524 0.024285714285714285 0.021904761904761906
3 0.8232142857142857 0.09142857142857143 0.020714285714285713 0.02095238095238095
3 0.8353571428571429 0.08285714285714285 0.02214285714285714 0.022857142857142857
3 0.8610714285714286 0.10761904761904761 0.025 0.03238095238095238
0 0.8514285714285714 0.10333333333333333 0.005714285714285714 0.02
3 0.8560714285714286 0.0919047619047619 0.015 0.01619047619047619
3 0.9596428571428571 0.12380952380952381 0.047857142857142855 0.030476190476190476
0 0.9682142857142857 0.09666666666666666 0.009285714285714286 0.021904761904761906
3 0.8725 0.08190476190476191 0.035 0.017142857142857144
3 0.8603571428571428 0.07571428571428572 0.03214285714285714 0.025714285714285714
3 0.8564285714285714 0.07428571428571429 0.032857142857142856 0.02095238095238095
3 0.8482142857142857 0.06714285714285714 0.04071428571428572 0.018095238095238095
3 0.8403571428571428 0.062380952380952384 0.03357142857142857 0.018095238095238095
3 0.8357142857142857 0.05333333333333333 0.03 0.01904761904761905
3 0.8014285714285714 0.08095238095238096 0.022857142857142857 0.022857142857142857
3 0.7964285714285714 0.07476190476190477 0.018571428571428572 0.025714285714285714
3 0.7775 0.11190476190476191 0.017857142857142856 0.025714285714285714
3 0.7721428571428571 0.12333333333333334 0.02 0.029523809523809525
3 0.7660714285714286 0.1376190476190476 0.02214285714285714 0.02761904761904762
3 0.7542857142857143 0.15333333333333332 0.03 0.03428571428571429
0 0.7675 0.520952380952381 0.020714285714285713 0.05333333333333333
