3 0.14107142857142857 0.6618020304568527 0.017857142857142856 0.03680203045685279
3 0.2367857142857143 0.4143401015228426 0.010714285714285714 0.021573604060913704
3 0.42392857142857143 0.3236040609137056 0.007857142857142858 0.015228426395939085
3 0.41535714285714287 0.2918781725888325 0.007857142857142858 0.012690355329949238
3 0.3925 0.21383248730964466 0.0064285714285714285 0.013959390862944161
3 0.40464285714285714 0.1681472081218274 0.0064285714285714285 0.011421319796954314
3 0.41464285714285715 0.17068527918781726 0.0064285714285714285 0.011421319796954314
3 0.3982142857142857 0.13705583756345177 0.009285714285714286 0.017766497461928932
5 0.35464285714285715 0.1630710659898477 0.017857142857142856 0.021573604060913704
3 0.4514285714285714 0.6522842639593908 0.014285714285714285 0.035532994923857864
3 0.9028571428571428 0.42385786802030456 0.02 0.012690355329949238
5 0.9475 0.41370558375634514 0.030714285714285715 0.03045685279187817
