0 0.18714285714285714 0.8871428571428571 0.014285714285714285 0.04285714285714286
9 0.25821428571428573 0.8771428571428571 0.027857142857142858 0.030476190476190476
0 0.5810714285714286 0.809047619047619 0.009285714285714286 0.037142857142857144
0 0.595 0.810952380952381 0.011428571428571429 0.039047619047619046
0 0.6139285714285714 0.8185714285714286 0.010714285714285714 0.039047619047619046
0 0.6328571428571429 0.8133333333333334 0.01 0.03428571428571429
0 0.6914285714285714 0.819047619047619 0.011428571428571429 0.0380952380952381
0 0.6925 0.8538095238095238 0.010714285714285714 0.04285714285714286
0 0.7214285714285714 0.9023809523809524 0.012857142857142857 0.05047619047619047
0 0.7721428571428571 0.8457142857142858 0.014285714285714285 0.045714285714285714
0 0.8053571428571429 0.849047619047619 0.017857142857142856 0.05619047619047619
0 0.8328571428571429 0.8542857142857143 0.012857142857142857 0.05333333333333333
0 0.7721428571428571 0.7985714285714286 0.012857142857142857 0.037142857142857144
0 0.6557142857142857 0.7438095238095238 0.008571428571428572 0.02095238095238095
9 0.6782142857142857 0.7657142857142857 0.0064285714285714285 0.015238095238095238
0 0.6778571428571428 0.7552380952380953 0.005714285714285714 0.017142857142857144
0 0.6796428571428571 0.7385714285714285 0.007857142857142858 0.025714285714285714
0 0.8578571428571429 0.8652380952380953 0.018571428571428572 0.054285714285714284
0 0.8875 0.8842857142857142 0.015 0.040952380952380955
9 0.89 0.9038095238095238 0.04428571428571428 0.03238095238095238
0 0.8939285714285714 0.8771428571428571 0.012142857142857143 0.04380952380952381
9 0.9107142857142857 0.8476190476190476 0.02142857142857143 0.04
0 0.8167857142857143 0.8152380952380952 0.012142857142857143 0.0419047619047619
3 0.6935714285714286 0.6776190476190476 0.01 0.010476190476190476
0 0.6932142857142857 0.92 0.016428571428571428 0.05523809523809524
0 0.7646428571428572 0.9085714285714286 0.019285714285714285 0.049523809523809526
0 0.7646428571428572 0.9319047619047619 0.017857142857142856 0.054285714285714284
0 0.7521428571428571 0.9728571428571429 0.018571428571428572 0.054285714285714284
0 0.735 0.9571428571428572 0.02142857142857143 0.06476190476190476
0 0.7396428571428572 0.9371428571428572 0.016428571428571428 0.05523809523809524
0 0.7167857142857142 0.9376190476190476 0.016428571428571428 0.05619047619047619
0 0.7057142857142857 0.95 0.012857142857142857 0.037142857142857144
0 0.7564285714285715 0.7533333333333333 0.008571428571428572 0.022857142857142857
0 0.7539285714285714 0.7471428571428571 0.007857142857142858 0.021904761904761906
0 0.7389285714285714 0.7385714285714285 0.007857142857142858 0.021904761904761906
0 0.7089285714285715 0.7366666666666667 0.007857142857142858 0.025714285714285714
3 0.5428571428571428 0.731904761904762 0.022857142857142857 0.021904761904761906
3 0.5196428571428572 0.7242857142857143 0.023571428571428573 0.02761904761904762
3 0.5753571428571429 0.7061904761904761 0.013571428571428571 0.01619047619047619
3 0.5675 0.700952380952381 0.015 0.011428571428571429
3 0.5857142857142857 0.6928571428571428 0.011428571428571429 0.014285714285714285
0 0.485 0.7342857142857143 0.008571428571428572 0.02095238095238095
0 0.43214285714285716 0.7847619047619048 0.007142857142857143 0.030476190476190476
9 0.43607142857142855 0.7795238095238095 0.012142857142857143 0.018095238095238095
4 0.3875 0.7642857142857142 0.03642857142857143 0.021904761904761906
3 0.3982142857142857 0.7614285714285715 0.035 0.01619047619047619
3 0.4125 0.7561904761904762 0.035 0.01904761904761905
3 0.42464285714285716 0.7485714285714286 0.03642857142857143 0.017142857142857144
3 0.44892857142857145 0.7352380952380952 0.02642857142857143 0.015238095238095238
3 0.4585714285714286 0.7314285714285714 0.02857142857142857 0.017142857142857144
3 0.46464285714285714 0.7271428571428571 0.03357142857142857 0.01619047619047619
3 0.47285714285714286 0.7204761904761905 0.025714285714285714 0.014285714285714285
3 0.6125 0.6657142857142857 0.007857142857142858 0.009523809523809525
3 0.6178571428571429 0.6614285714285715 0.007142857142857143 0.006666666666666666
0 0.2914285714285714 0.7952380952380952 0.008571428571428572 0.01904761904761905
9 0.2907142857142857 0.8061904761904762 0.02142857142857143 0.014285714285714285
0 0.77 0.9738095238095238 0.02 0.05238095238095238
0 0.7535714285714286 0.9719047619047619 0.018571428571428572 0.05619047619047619
0 0.7410714285714286 0.9814285714285714 0.015 0.037142857142857144
0 0.7125 0.9738095238095238 0.019285714285714285 0.05238095238095238
0 0.6792857142857143 0.6666666666666666 0.004285714285714286 0.009523809523809525
0 0.6728571428571428 0.6661904761904762 0.004285714285714286 0.010476190476190476
0 0.6889285714285714 0.6919047619047619 0.0035714285714285713 0.01619047619047619
0 0.6835714285714286 0.690952380952381 0.002857142857142857 0.012380952380952381
0 0.715 0.7371428571428571 0.005714285714285714 0.01904761904761905
0 0.7185714285714285 0.7352380952380952 0.005714285714285714 0.024761904761904763
0 0.7217857142857143 0.7295238095238096 0.0064285714285714285 0.024761904761904763
0 0.7042857142857143 0.7138095238095238 0.004285714285714286 0.018095238095238095
0 0.6910714285714286 0.7114285714285714 0.005 0.01904761904761905
0 0.7 0.6923809523809524 0.005714285714285714 0.015238095238095238
0 0.6953571428571429 0.7052380952380952 0.005 0.01619047619047619
0 0.6939285714285715 0.7014285714285714 0.0035714285714285713 0.02
0 0.7096428571428571 0.7142857142857143 0.005 0.01904761904761905
0 0.7014285714285714 0.7138095238095238 0.004285714285714286 0.014285714285714285
0 0.7685714285714286 0.7661904761904762 0.008571428571428572 0.029523809523809525
2 0.8139285714285714 0.7980952380952381 0.03642857142857143 0.017142857142857144
9 0.8089285714285714 0.7857142857142857 0.030714285714285715 0.017142857142857144
0 0.8592857142857143 0.7876190476190477 0.01 0.03428571428571429
0 0.9135714285714286 0.9842857142857143 0.02142857142857143 0.03142857142857143
2 0.355 0.82 0.025714285714285714 0.022857142857142857
2 0.3510714285714286 0.8228571428571428 0.023571428571428573 0.022857142857142857
2 0.34785714285714286 0.8271428571428572 0.018571428571428572 0.025714285714285714
2 0.3196428571428571 0.8423809523809523 0.017857142857142856 0.02761904761904762
2 0.2978571428571429 0.8566666666666667 0.024285714285714285 0.018095238095238095
2 0.2867857142857143 0.8666666666666667 0.020714285714285713 0.02095238095238095
9 0.3067857142857143 0.8485714285714285 0.029285714285714286 0.026666666666666665
3 0.5121428571428571 0.7004761904761905 0.024285714285714285 0.010476190476190476
0 0.5421428571428571 0.6985714285714286 0.004285714285714286 0.01619047619047619
