5 0.06964285714285715 0.10025380710659898 0.05071428571428571 0.04060913705583756
5 0.10357142857142858 0.061548223350253804 0.05714285714285714 0.04441624365482233
5 0.10964285714285714 0.02030456852791878 0.05357142857142857 0.04060913705583756
5 0.1275 0.0881979695431472 0.04928571428571429 0.049492385786802026
4 0.08107142857142857 0.7290609137055837 0.017857142857142856 0.05456852791878172
4 0.09964285714285714 0.7170050761421319 0.020714285714285713 0.06345177664974619
3 0.04642857142857143 0.7347715736040609 0.02 0.053299492385786795
8 0.4235714285714286 0.6928934010152283 0.06857142857142857 0.11928934010152284
8 0.5021428571428571 0.824238578680203 0.054285714285714284 0.09517766497461928
8 0.5771428571428572 0.6700507614213197 0.02 0.12690355329949238
8 0.38107142857142856 0.4225888324873096 0.023571428571428573 0.08629441624365482
8 0.39964285714285713 0.4175126903553299 0.02214285714285714 0.09137055837563451
8 0.42 0.4143401015228426 0.024285714285714285 0.10279187817258882
8 0.43964285714285717 0.39911167512690354 0.02214285714285714 0.08756345177664974
8 0.4607142857142857 0.40736040609137053 0.02142857142857143 0.08629441624365482
8 0.4832142857142857 0.4282994923857868 0.029285714285714286 0.14340101522842638
8 0.5603571428571429 0.3629441624365482 0.02214285714285714 0.09390862944162436
8 0.43 0.5076142131979695 0.022857142857142857 0.08375634517766496
8 0.4125 0.5272842639593909 0.02214285714285714 0.08502538071065989
8 0.39285714285714285 0.5298223350253807 0.02142857142857143 0.08502538071065989
0 0.7942857142857143 0.10786802030456852 0.008571428571428572 0.01015228426395939
0 0.7885714285714286 0.11865482233502538 0.005714285714285714 0.008883248730964466
0 0.79 0.12119289340101522 0.007142857142857143 0.013959390862944161
4 0.9685714285714285 0.22398477157360405 0.03857142857142857 0.03426395939086294
0 0.8782142857142857 0.4473350253807106 0.007857142857142858 0.008883248730964466
0 0.8525 0.5532994923857868 0.007857142857142858 0.01015228426395939
0 0.775 0.6687817258883249 0.007142857142857143 0.01015228426395939
