3 0.2907142857142857 0.03190476190476191 0.047142857142857146 0.05619047619047619
0 0.27535714285714286 0.010952380952380953 0.007857142857142858 0.021904761904761906
0 0.2817857142857143 0.06952380952380953 0.015 0.04380952380952381
0 0.2475 0.05380952380952381 0.015 0.04476190476190476
0 0.26321428571428573 0.10047619047619048 0.013571428571428571 0.05238095238095238
0 0.1825 0.07095238095238095 0.02214285714285714 0.04857142857142857
0 0.22285714285714286 0.08714285714285715 0.018571428571428572 0.04476190476190476
0 0.2057142857142857 0.07809523809523809 0.014285714285714285 0.049523809523809526
0 0.2007142857142857 0.09904761904761905 0.017142857142857144 0.045714285714285714
0 0.19357142857142856 0.12904761904761905 0.018571428571428572 0.04476190476190476
0 0.15571428571428572 0.16666666666666666 0.018571428571428572 0.047619047619047616
0 0.21321428571428572 0.10285714285714286 0.016428571428571428 0.04380952380952381
0 0.23285714285714285 0.11761904761904762 0.015714285714285715 0.040952380952380955
0 0.2357142857142857 0.1295238095238095 0.018571428571428572 0.04380952380952381
9 0.21821428571428572 0.11952380952380952 0.017857142857142856 0.035238095238095235
1 0.21714285714285714 0.15142857142857144 0.02142857142857143 0.026666666666666665
1 0.25892857142857145 0.14761904761904762 0.019285714285714285 0.02857142857142857
0 0.29214285714285715 0.15571428571428572 0.02 0.04285714285714286
0 0.2842857142857143 0.14 0.011428571428571429 0.0380952380952381
1 0.2782142857142857 0.1523809523809524 0.013571428571428571 0.02857142857142857
0 0.2842857142857143 0.16666666666666666 0.015714285714285715 0.03619047619047619
0 0.3417857142857143 0.1919047619047619 0.020714285714285713 0.05619047619047619
0 0.2689285714285714 0.19428571428571428 0.019285714285714285 0.05142857142857143
0 0.2757142857142857 0.1880952380952381 0.018571428571428572 0.04857142857142857
0 0.2710714285714286 0.17095238095238094 0.013571428571428571 0.04476190476190476
1 0.2985714285714286 0.18523809523809523 0.014285714285714285 0.025714285714285714
1 0.3117857142857143 0.19238095238095237 0.013571428571428571 0.02857142857142857
0 0.15964285714285714 0.2119047619047619 0.020714285714285713 0.05238095238095238
0 0.13964285714285715 0.29619047619047617 0.023571428571428573 0.047619047619047616
0 0.046785714285714285 0.36523809523809525 0.03357142857142857 0.058095238095238096
0 0.10035714285714285 0.34904761904761905 0.02642857142857143 0.05047619047619047
0 0.018571428571428572 0.5833333333333334 0.037142857142857144 0.054285714285714284
7 0.03642857142857143 0.5485714285714286 0.07285714285714286 0.18285714285714286
7 0.06607142857142857 0.5828571428571429 0.10357142857142858 0.10666666666666666
0 0.021785714285714287 0.67 0.03642857142857143 0.05047619047619047
0 0.09178571428571429 0.6180952380952381 0.04214285714285714 0.047619047619047616
0 0.08964285714285715 0.5957142857142858 0.04214285714285714 0.05047619047619047
7 0.08821428571428572 0.7314285714285714 0.175 0.19428571428571428
7 0.3625 0.810952380952381 0.16357142857142856 0.22952380952380952
0 0.23285714285714285 0.8857142857142857 0.04285714285714286 0.06666666666666667
7 0.6292857142857143 0.8804761904761905 0.16 0.16095238095238096
1 0.6778571428571428 0.8014285714285714 0.025714285714285714 0.05238095238095238
0 0.7428571428571429 0.9709523809523809 0.03 0.05619047619047619
9 0.8296428571428571 0.9338095238095238 0.08928571428571429 0.08857142857142856
9 0.5110714285714286 0.6904761904761905 0.02642857142857143 0.09523809523809523
0 0.6157142857142857 0.5519047619047619 0.024285714285714285 0.054285714285714284
0 0.4853571428571429 0.5714285714285714 0.02214285714285714 0.04380952380952381
3 0.6625 0.4461904761904762 0.13642857142857143 0.09047619047619047
9 0.5589285714285714 0.16857142857142857 0.017857142857142856 0.05523809523809524
0 0.5025 0.3061904761904762 0.023571428571428573 0.05238095238095238
0 0.8810714285714286 0.2719047619047619 0.02214285714285714 0.05238095238095238
0 0.2 0.4576190476190476 0.032857142857142856 0.05619047619047619
1 0.25 0.5204761904761904 0.024285714285714285 0.035238095238095235
1 0.18178571428571427 0.4380952380952381 0.020714285714285713 0.03619047619047619
7 0.145 0.4238095238095238 0.06428571428571428 0.05333333333333333
7 0.3192857142857143 0.12047619047619047 0.04 0.04476190476190476
