0 0.4942857142857143 0.2957142857142857 0.002857142857142857 0.008571428571428572
0 0.5039285714285714 0.40714285714285714 0.0035714285714285713 0.008571428571428572
0 0.4982142857142857 0.4219047619047619 0.002142857142857143 0.013333333333333332
1 0.42642857142857143 0.4280952380952381 0.004285714285714286 0.010476190476190476
9 0.42642857142857143 0.4342857142857143 0.005714285714285714 0.009523809523809525
5 0.2621428571428571 0.9328571428571428 0.06428571428571428 0.13428571428571429
4 0.2835714285714286 0.6152380952380953 0.03142857142857143 0.06095238095238095
4 0.3439285714285714 0.48 0.017857142857142856 0.03619047619047619
0 0.13142857142857142 0.7423809523809524 0.01 0.023809523809523808
0 0.15678571428571428 0.7466666666666667 0.007857142857142858 0.024761904761904763
0 0.16464285714285715 0.7461904761904762 0.0064285714285714285 0.02761904761904762
0 0.1707142857142857 0.7476190476190476 0.01 0.024761904761904763
3 0.1975 0.6357142857142857 0.035 0.04857142857142857
3 0.22321428571428573 0.5857142857142857 0.035 0.047619047619047616
3 0.5678571428571428 0.41285714285714287 0.014285714285714285 0.023809523809523808
3 0.5521428571428572 0.3357142857142857 0.02 0.012380952380952381
3 0.5532142857142857 0.32761904761904764 0.017857142857142856 0.013333333333333332
3 0.5492857142857143 0.31857142857142856 0.02 0.012380952380952381
3 0.6671428571428571 0.41 0.027142857142857142 0.01619047619047619
3 0.7121428571428572 0.41095238095238096 0.03 0.01619047619047619
3 0.48428571428571426 0.1676190476190476 0.004285714285714286 0.005714285714285714
0 0.07928571428571428 0.31047619047619046 0.01 0.022857142857142857
