3 0.5314735336194564 0.5844465648854962 0.08297567954220314 0.09064885496183206
3 0.7088698140200286 0.495706106870229 0.06723891273247497 0.08492366412213741
3 0.9570815450643777 0.41459923664122134 0.06294706723891273 0.05820610687022901
3 0.6723891273247496 0.8859732824427481 0.11301859799713877 0.11354961832061068
3 0.9599427753934192 0.9623091603053435 0.07582260371959942 0.0715648854961832
3 0.7113733905579399 0.9580152671755725 0.14234620886981403 0.08015267175572519
4 0.5829756795422032 0.5372137404580153 0.060085836909871244 0.09923664122137404
3 0.6752503576537912 0.5133587786259541 0.06580829756795423 0.08396946564885496
3 0.8587267525035766 0.8177480916030534 0.11659513590844063 0.1431297709923664
3 0.8891273247496423 0.7485687022900763 0.1044349070100143 0.1364503816793893
5 0.9177396280400573 0.5567748091603053 0.10586552217453504 0.0982824427480916
0 0.9921316165951359 0.5438931297709924 0.012875536480686695 0.030534351145038167
0 0.8147353361945636 0.4484732824427481 0.012875536480686695 0.03816793893129771
1 0.82689556509299 0.5729961832061069 0.012875536480686695 0.023854961832061067
3 0.7578683834048641 0.4895038167938931 0.06223175965665236 0.08587786259541984
3 0.5969241773962805 0.28291984732824427 0.056509298998569386 0.03530534351145038
3 0.1680972818311874 0.36736641221374045 0.07296137339055794 0.04007633587786259
3 0.0661659513590844 0.299618320610687 0.06938483547925609 0.04961832061068702
3 0.13948497854077252 0.1564885496183206 0.035765379113018594 0.03244274809160305
3 0.05293276108726752 0.12404580152671756 0.024320457796852647 0.026717557251908396
0 0.11337625178826896 0.1946564885496183 0.01072961373390558 0.026717557251908396
3 0.1552217453505007 0.3344465648854962 0.06437768240343347 0.04293893129770992
3 0.027896995708154508 0.11068702290076335 0.022889842632331903 0.02480916030534351
4 0.015736766809728183 0.12261450381679388 0.030042918454935622 0.04484732824427481
0 0.008226037195994278 0.19704198473282442 0.009298998569384835 0.025763358778625952
0 0.13340486409155938 0.8554389312977099 0.02932761087267525 0.046755725190839696
0 0.0661659513590844 0.9122137404580152 0.032188841201716736 0.03625954198473282
0 0.21530758226037197 0.9270038167938931 0.024320457796852647 0.046755725190839696
0 0.39413447782546496 0.416030534351145 0.011444921316165951 0.04007633587786259
0 0.4356223175965665 0.3683206106870229 0.01430615164520744 0.026717557251908396
0 0.34120171673819744 0.8334923664122137 0.020028612303290415 0.033396946564885496
0 0.33583690987124465 0.8115458015267175 0.017882689556509297 0.03721374045801527
3 0.8372675250357654 0.49236641221374045 0.06938483547925609 0.05725190839694656
3 0.928826895565093 0.42366412213740456 0.06652360515021459 0.07251908396946564
0 0.90379113018598 0.32872137404580154 0.012160228898426323 0.029580152671755722
3 0.9062947067238912 0.23616412213740456 0.04291845493562232 0.03530534351145038
3 0.9130901287553648 0.31154580152671757 0.04220314735336195 0.027671755725190837
3 0.4413447782546495 0.308206106870229 0.06437768240343347 0.03244274809160305
3 0.38197424892703863 0.2881679389312977 0.03862660944206009 0.05343511450381679
3 0.35300429184549353 0.2075381679389313 0.046494992846924176 0.02194656488549618
4 0.3158082975679542 0.25524809160305345 0.0765379113018598 0.04484732824427481
4 0.4341917024320458 0.24618320610687022 0.060085836909871244 0.04389312977099236
4 0.2657367668097282 0.14265267175572519 0.020743919885550785 0.046755725190839696
0 0.26502145922746784 0.17604961832061067 0.01072961373390558 0.023854961832061067
3 0.1756080114449213 0.019083969465648856 0.013590844062947067 0.019083969465648856
0 0.25357653791130186 0.14456106870229007 0.006437768240343348 0.01431297709923664
3 0.25608011444921314 0.05677480916030534 0.01430615164520744 0.020038167938931296
3 0.24821173104434907 0.034828244274809156 0.012875536480686695 0.01812977099236641
3 0.2532188841201717 0.02146946564885496 0.012875536480686695 0.016221374045801526
9 0.3397711015736767 0.17270992366412213 0.01859799713876967 0.015267175572519083
7 0.2571530758226037 0.20896946564885496 0.030758226037195996 0.02480916030534351
1 0.26430615164520743 0.2056297709923664 0.009298998569384835 0.020038167938931296
0 0.4688841201716738 0.4327290076335878 0.009298998569384835 0.033396946564885496
0 0.7135193133047211 0.12022900763358778 0.005007153075822604 0.01717557251908397
9 0.7714592274678111 0.1006679389312977 0.007868383404864092 0.012404580152671756
9 0.5393419170243204 0.3702290076335878 0.022889842632331903 0.02099236641221374
1 0.5418454935622318 0.3654580152671756 0.012160228898426323 0.019083969465648856
3 0.7485693848354793 0.1412213740458015 0.03791130185979971 0.022900763358778626
3 0.8415593705293276 0.1073473282442748 0.032188841201716736 0.02194656488549618
4 0.7943490701001431 0.1321564885496183 0.030758226037195996 0.027671755725190837
0 0.928826895565093 0.08158396946564885 0.005007153075822604 0.01431297709923664
3 0.9130901287553648 0.07681297709923664 0.016452074391988557 0.01812977099236641
3 0.9223891273247496 0.06965648854961831 0.016452074391988557 0.011450381679389313
3 0.9352646638054364 0.06965648854961831 0.013590844062947067 0.013358778625954198
3 0.9488555078683834 0.06965648854961831 0.017882689556509297 0.013358778625954198
3 0.9592274678111588 0.06393129770992366 0.01859799713876967 0.011450381679389313
3 0.9746065808297568 0.0648854961832061 0.015021459227467811 0.013358778625954198
