3 0.3632142857142857 0.09644670050761421 0.03357142857142857 0.04060913705583756
3 0.37535714285714283 0.315989847715736 0.02214285714285714 0.06091370558375634
3 0.3964285714285714 0.22398477157360405 0.02857142857142857 0.05710659898477157
3 0.42464285714285716 0.3743654822335025 0.025 0.06598984771573603
3 0.48464285714285715 0.6637055837563451 0.02642857142857143 0.09644670050761421
3 0.8778571428571429 0.2766497461928934 0.02857142857142857 0.07868020304568528
3 0.2675 0.06852791878172589 0.030714285714285715 0.03807106598984771
3 0.2785714285714286 0.032994923857868015 0.03142857142857143 0.032994923857868015
3 0.3807142857142857 0.013959390862944161 0.02142857142857143 0.027918781725888322
3 0.40285714285714286 0.013959390862944161 0.02142857142857143 0.027918781725888322
3 0.2792857142857143 0.12563451776649745 0.032857142857142856 0.04314720812182741
3 0.3092857142857143 0.07043147208121826 0.027142857142857142 0.04441624365482233
4 0.6046428571428571 0.7442893401015228 0.030714285714285715 0.12309644670050761
4 0.7135714285714285 0.6364213197969543 0.04428571428571428 0.133248730964467
5 0.7039285714285715 0.30710659898477155 0.04357142857142857 0.15736040609137056
8 0.7282142857142857 0.08058375634517766 0.047857142857142855 0.1611675126903553
1 0.2860714285714286 0.34581218274111675 0.010714285714285714 0.021573604060913704
1 0.2710714285714286 0.34073604060913704 0.005 0.013959390862944161
0 0.2575 0.2442893401015228 0.009285714285714286 0.024111675126903553
0 0.2639285714285714 0.24175126903553298 0.007857142857142858 0.029187817258883246
