0 0.88625 0.6513333333333333 0.0235 0.016
0 0.8155 0.649 0.025 0.012666666666666666
1 0.80625 0.6516666666666666 0.0035 0.008666666666666666
9 0.80575 0.6563333333333333 0.0075 0.007333333333333333
0 0.7975 0.6416666666666666 0.003 0.006
9 0.7967500000000001 0.6456666666666666 0.006500000000000001 0.006
3 0.793 0.662 0.02 0.013333333333333332
3 0.7907500000000001 0.6383333333333333 0.0245 0.011333333333333332
3 0.75525 0.6406666666666666 0.0245 0.014666666666666666
3 0.754 0.6726666666666666 0.018000000000000002 0.012
3 0.731 0.6573333333333333 0.017 0.012
3 0.71325 0.6843333333333333 0.021500000000000002 0.012666666666666666
3 0.70975 0.6633333333333333 0.021500000000000002 0.013333333333333332
3 0.69125 0.6913333333333334 0.0235 0.016
3 0.6875 0.6679999999999999 0.022 0.017333333333333333
4 0.66225 0.6739999999999999 0.0195 0.016
4 0.64225 0.6783333333333333 0.021500000000000002 0.019333333333333334
3 0.6627500000000001 0.6976666666666667 0.025500000000000002 0.016666666666666666
3 0.63875 0.7053333333333333 0.025500000000000002 0.014666666666666666
3 0.6215 0.6976666666666667 0.026000000000000002 0.015333333333333332
3 0.61875 0.6873333333333334 0.0265 0.016
3 0.6085 0.7153333333333333 0.027 0.017333333333333333
3 0.589 0.6946666666666667 0.025 0.017333333333333333
3 0.57725 0.7226666666666667 0.0275 0.018666666666666665
3 0.56 0.7023333333333334 0.026000000000000002 0.016666666666666666
0 0.539 0.707 0.004 0.014
0 0.5255 0.6936666666666667 0.004 0.015333333333333332
4 0.5437500000000001 0.6936666666666667 0.0245 0.019333333333333334
4 0.54525 0.7293333333333333 0.0305 0.022666666666666665
3 0.514 0.7393333333333333 0.024 0.017333333333333333
0 0.498 0.7196666666666667 0.004 0.01
0 0.501 0.7203333333333333 0.005 0.014
0 0.49975 0.7066666666666667 0.0045000000000000005 0.013333333333333332
3 0.491 0.7176666666666667 0.03 0.018
3 0.48275 0.749 0.0315 0.019333333333333334
3 0.44525000000000003 0.7603333333333333 0.0315 0.022
3 0.40475 0.7696666666666666 0.0375 0.02733333333333333
3 0.40525 0.7416666666666667 0.0325 0.026
3 0.4015 0.7296666666666667 0.031 0.018
3 0.369 0.767 0.036000000000000004 0.020666666666666667
3 0.356 0.7869999999999999 0.036000000000000004 0.020666666666666667
3 0.3615 0.7523333333333333 0.034 0.020666666666666667
3 0.3095 0.8006666666666666 0.034 0.024
4 0.3125 0.7633333333333333 0.033 0.026666666666666665
3 0.2755 0.7763333333333333 0.018000000000000002 0.018
0 0.43 0.7413333333333333 0.006 0.017333333333333333
0 0.43875000000000003 0.7376666666666667 0.0055 0.019333333333333334
0 0.4345 0.7333333333333333 0.004 0.016
0 0.47025 0.8263333333333333 0.006500000000000001 0.020666666666666667
0 0.44525000000000003 0.8346666666666667 0.006500000000000001 0.021333333333333333
0 0.45475 0.8083333333333333 0.0055 0.018
1 0.4325 0.8233333333333333 0.008 0.014666666666666666
6 0.393 0.8126666666666666 0.025 0.02
0 0.39925 0.7959999999999999 0.006500000000000001 0.02
0 0.39175 0.7926666666666666 0.0055 0.021333333333333333
0 0.512 0.6859999999999999 0.004 0.013333333333333332
0 0.52425 0.6416666666666666 0.0045000000000000005 0.012666666666666666
0 0.5135 0.6453333333333333 0.003 0.012
3 0.51925 0.6563333333333333 0.021500000000000002 0.014
3 0.5915 0.6566666666666666 0.021 0.017333333333333333
0 0.44275000000000003 0.6356666666666666 0.0025 0.01
0 0.43925000000000003 0.6376666666666666 0.0025 0.008666666666666666
1 0.3795 0.6323333333333333 0.004 0.008666666666666666
0 0.382 0.643 0.003 0.011333333333333332
3 0.36 0.634 0.014 0.012
3 0.34600000000000003 0.635 0.012 0.015333333333333332
1 0.29175 0.654 0.0045000000000000005 0.010666666666666666
0 0.26575 0.641 0.0035 0.01
0 0.24875 0.6423333333333333 0.0045000000000000005 0.012666666666666666
1 0.243 0.6513333333333333 0.005 0.008
0 0.23925000000000002 0.6536666666666666 0.0035 0.011333333333333332
4 0.24125 0.6699999999999999 0.0195 0.02
9 0.39125 0.6083333333333333 0.0055 0.008666666666666666
9 0.3575 0.619 0.005 0.008666666666666666
9 0.35275 0.6193333333333333 0.0035 0.009333333333333332
9 0.34800000000000003 0.619 0.003 0.008666666666666666
0 0.263 0.58 0.003 0.008
0 0.257 0.5793333333333334 0.003 0.008
0 0.252 0.6193333333333333 0.002 0.008
0 0.146 0.9166666666666666 0.01 0.030666666666666665
3 0.2465 0.8153333333333334 0.047 0.028
3 0.22725 0.8066666666666666 0.0395 0.022666666666666665
3 0.16775 0.8033333333333333 0.043500000000000004 0.024
3 0.1105 0.816 0.051000000000000004 0.026666666666666665
0 0.15075 0.6723333333333333 0.0045000000000000005 0.014
9 0.134 0.6753333333333333 0.011 0.010666666666666666
0 0.47300000000000003 0.5846666666666667 0.003 0.008
