3 0.795 0.5088832487309645 0.03571428571428571 0.09390862944162436
3 0.9435714285714286 0.5196700507614213 0.05 0.08248730964467005
8 0.6814285714285714 0.43401015228426393 0.02857142857142857 0.09898477157360405
5 0.6692857142857143 0.24555837563451774 0.027142857142857142 0.10279187817258882
3 0.7071428571428572 0.20621827411167512 0.022857142857142857 0.06472081218274112
3 0.6725 0.11421319796954314 0.019285714285714285 0.04314720812182741
3 0.7528571428571429 0.14911167512690354 0.024285714285714285 0.05964467005076142
3 0.7271428571428571 0.04441624365482233 0.02142857142857143 0.03045685279187817
3 0.7392857142857143 0.03362944162436548 0.02 0.03680203045685279
3 0.1475 0.1649746192893401 0.02214285714285714 0.027918781725888322
3 0.1575 0.1446700507614213 0.015 0.02030456852791878
3 0.14214285714285715 0.12246192893401014 0.014285714285714285 0.021573604060913704
3 0.10107142857142858 0.19225888324873094 0.023571428571428573 0.026649746192893398
3 0.017857142857142856 0.25380710659898476 0.03428571428571429 0.027918781725888322
3 0.11678571428571428 0.3826142131979695 0.04357142857142857 0.052030456852791875
3 0.15642857142857142 0.35342639593908626 0.03428571428571429 0.029187817258883246
3 0.10464285714285715 0.37246192893401014 0.04214285714285714 0.04695431472081218
3 0.09428571428571429 0.3635786802030457 0.04 0.04187817258883248
3 0.06392857142857143 0.3343908629441624 0.030714285714285715 0.019035532994923856
3 0.053214285714285714 0.33185279187817257 0.03642857142857143 0.024111675126903553
3 0.047857142857142855 0.3178934010152284 0.03857142857142857 0.024111675126903553
3 0.03 0.30203045685279184 0.03428571428571429 0.027918781725888322
3 0.08392857142857142 0.2963197969543147 0.035 0.031725888324873094
3 0.07357142857142857 0.34581218274111675 0.03571428571428571 0.04187817258883248
3 0.16142857142857142 0.4555837563451776 0.03571428571428571 0.035532994923857864
3 0.13642857142857143 0.3369289340101523 0.027142857142857142 0.024111675126903553
3 0.12607142857142858 0.3305837563451776 0.03357142857142857 0.021573604060913704
3 0.11392857142857143 0.31979695431472077 0.030714285714285715 0.02284263959390863
3 0.10535714285714286 0.31218274111675126 0.03785714285714286 0.027918781725888322
3 0.23892857142857143 0.315989847715736 0.02642857142857143 0.03045685279187817
3 0.22357142857142856 0.30837563451776645 0.025714285714285714 0.03045685279187817
3 0.21035714285714285 0.29885786802030456 0.030714285714285715 0.03426395939086294
4 0.19714285714285715 0.2880710659898477 0.025714285714285714 0.03045685279187817
4 0.19 0.28172588832487305 0.02 0.027918781725888322
4 0.15107142857142858 0.26078680203045684 0.02214285714285714 0.024111675126903553
4 0.13 0.24048223350253806 0.03428571428571429 0.03934010152284264
4 0.1792857142857143 0.2315989847715736 0.03571428571428571 0.03426395939086294
3 0.19892857142857143 0.24999999999999997 0.030714285714285715 0.025380710659898477
3 0.215 0.26205583756345174 0.018571428571428572 0.024111675126903553
3 0.16785714285714284 0.2703045685279188 0.024285714285714285 0.02030456852791878
3 0.11321428571428571 0.23984771573604058 0.025 0.025380710659898477
4 0.04964285714285714 0.4486040609137055 0.052142857142857144 0.05456852791878172
4 0.04 0.43401015228426393 0.05 0.04060913705583756
4 0.02142857142857143 0.42576142131979694 0.03857142857142857 0.03426395939086294
4 0.01892857142857143 0.40609137055837563 0.03357142857142857 0.027918781725888322
4 0.3067857142857143 0.2442893401015228 0.029285714285714286 0.03680203045685279
5 0.2842857142857143 0.3578680203045685 0.055714285714285716 0.06852791878172589
5 0.3717857142857143 0.28743654822335024 0.045 0.06979695431472081
5 0.405 0.30583756345177665 0.04857142857142857 0.07614213197969542
5 0.4210714285714286 0.3166243654822335 0.05071428571428571 0.07994923857868019
5 0.4421428571428571 0.3210659898477157 0.04428571428571428 0.06852791878172589
5 0.4635714285714286 0.33185279187817257 0.04285714285714286 0.06979695431472081
5 0.48035714285714287 0.3439086294416243 0.04357142857142857 0.06852791878172589
5 0.38857142857142857 0.4295685279187817 0.06571428571428571 0.08502538071065989
5 0.49464285714285716 0.357233502538071 0.04071428571428572 0.0748730964467005
5 0.3489285714285714 0.40672588832487305 0.062142857142857146 0.07741116751269035
5 0.32785714285714285 0.3972081218274111 0.054285714285714284 0.07868020304568528
3 0.6310714285714286 0.07868020304568528 0.013571428571428571 0.02284263959390863
3 0.3560714285714286 0.5038071065989848 0.045 0.06345177664974619
3 0.33535714285714285 0.47906091370558374 0.035 0.05710659898477157
3 0.31142857142857144 0.45875634517766495 0.032857142857142856 0.04187817258883248
3 0.3007142857142857 0.44543147208121825 0.037142857142857144 0.04314720812182741
3 0.2810714285714286 0.440989847715736 0.023571428571428573 0.04441624365482233
3 0.2664285714285714 0.4282994923857868 0.027142857142857142 0.049492385786802026
3 0.24035714285714285 0.40862944162436543 0.03785714285714286 0.03807106598984771
4 0.2275 0.39213197969543145 0.04642857142857143 0.053299492385786795
4 0.22607142857142856 0.5488578680203046 0.04357142857142857 0.05964467005076142
3 0.2475 0.5310913705583756 0.04071428571428572 0.04695431472081218
3 0.3514285714285714 0.6148477157360406 0.05 0.05964467005076142
3 0.32607142857142857 0.6459390862944162 0.035 0.050761421319796954
3 0.1492857142857143 0.5139593908629442 0.03857142857142857 0.048223350253807105
3 0.1425 0.46573604060913704 0.02642857142857143 0.03807106598984771
4 0.11678571428571428 0.48032994923857864 0.03785714285714286 0.052030456852791875
4 0.18607142857142858 0.756979695431472 0.052142857142857144 0.07741116751269035
4 0.17607142857142857 0.8420050761421319 0.03214285714285714 0.07994923857868019
3 0.11571428571428571 0.7760152284263959 0.032857142857142856 0.06725888324873096
3 0.1407142857142857 0.8191624365482233 0.032857142857142856 0.08756345177664974
4 0.0925 0.7557106598984771 0.03357142857142857 0.06472081218274112
3 0.1692857142857143 0.7328680203045684 0.05285714285714286 0.06979695431472081
3 0.15071428571428572 0.7100253807106598 0.05142857142857143 0.06725888324873096
3 0.13071428571428573 0.6935279187817258 0.05285714285714286 0.06725888324873096
3 0.11285714285714285 0.6706852791878172 0.054285714285714284 0.06725888324873096
3 0.09392857142857143 0.6548223350253807 0.04928571428571429 0.06345177664974619
3 0.07607142857142857 0.6326142131979695 0.05928571428571429 0.06472081218274112
3 0.10357142857142858 0.5469543147208121 0.047142857142857146 0.06598984771573603
3 0.08071428571428571 0.5666243654822335 0.041428571428571426 0.06472081218274112
3 0.054285714285714284 0.5862944162436547 0.037142857142857144 0.055837563451776644
3 0.022857142857142857 0.6078680203045684 0.04428571428571428 0.06091370558375634
3 0.023571428571428573 0.5545685279187816 0.03142857142857143 0.04568527918781726
3 0.04535714285714286 0.5298223350253807 0.029285714285714286 0.03426395939086294
3 0.07428571428571429 0.5145939086294415 0.025714285714285714 0.031725888324873094
3 0.09714285714285714 0.49809644670050757 0.025714285714285714 0.029187817258883246
3 0.9092857142857143 0.1364213197969543 0.02142857142857143 0.024111675126903553
3 0.9657142857142857 0.07170050761421319 0.027142857142857142 0.021573604060913704
3 0.9396428571428571 0.05139593908629441 0.02214285714285714 0.021573604060913704
3 0.9453571428571429 0.03426395939086294 0.013571428571428571 0.012690355329949238
3 0.9264285714285714 0.07170050761421319 0.022857142857142857 0.021573604060913704
3 0.9182142857142858 0.07677664974619289 0.020714285714285713 0.016497461928934008
3 0.9135714285714286 0.08565989847715735 0.022857142857142857 0.019035532994923856
4 0.8296428571428571 0.025380710659898477 0.016428571428571428 0.027918781725888322
4 0.7921428571428571 0.04505076142131979 0.017142857142857144 0.031725888324873094
3 0.16892857142857143 0.3680203045685279 0.039285714285714285 0.03807106598984771
4 0.13178571428571428 0.3908629441624365 0.04642857142857143 0.055837563451776644
4 0.1392857142857143 0.2512690355329949 0.03428571428571429 0.035532994923857864
3 0.4725 0.17195431472081216 0.015 0.029187817258883246
3 0.4757142857142857 0.04758883248730964 0.02 0.021573604060913704
3 0.45285714285714285 0.05647208121827411 0.011428571428571429 0.019035532994923856
0 0.5728571428571428 0.06535532994923858 0.007142857142857143 0.019035532994923856
8 0.3632142857142857 0.9048223350253807 0.15357142857142858 0.1878172588832487
0 0.43607142857142855 0.6046954314720812 0.010714285714285714 0.031725888324873094
3 0.935 0.7601522842639593 0.05857142857142857 0.09390862944162436
0 0.8646428571428572 0.24555837563451774 0.007857142857142858 0.029187817258883246
