3 0.18678571428571428 0.579047619047619 0.08928571428571429 0.05142857142857143
3 0.17357142857142857 0.5133333333333333 0.07857142857142857 0.0419047619047619
3 0.17357142857142857 0.48857142857142855 0.07428571428571429 0.030476190476190476
3 0.18964285714285714 0.540952380952381 0.07785714285714286 0.0419047619047619
3 0.1775 0.4614285714285714 0.07071428571428572 0.039047619047619046
3 0.17642857142857143 0.44285714285714284 0.07 0.03238095238095238
3 0.17821428571428571 0.42714285714285716 0.06642857142857143 0.02761904761904762
3 0.18214285714285713 0.35285714285714287 0.055714285714285716 0.025714285714285714
3 0.15821428571428572 0.33285714285714285 0.055 0.03333333333333333
3 0.16 0.32047619047619047 0.05142857142857143 0.021904761904761906
3 0.16142857142857142 0.30904761904761907 0.04285714285714286 0.021904761904761906
3 0.18214285714285713 0.29095238095238096 0.04428571428571428 0.023809523809523808
3 0.1492857142857143 0.2842857142857143 0.037142857142857144 0.02
3 0.15214285714285714 0.25476190476190474 0.04 0.021904761904761906
3 0.1525 0.22523809523809524 0.04071428571428572 0.021904761904761906
3 0.037142857142857144 0.7814285714285715 0.07428571428571429 0.08285714285714285
3 0.09142857142857143 0.9676190476190476 0.06571428571428571 0.06476190476190476
3 0.10428571428571429 0.8633333333333333 0.05714285714285714 0.12666666666666668
3 0.3057142857142857 0.9542857142857143 0.13 0.09142857142857143
3 0.29964285714285716 0.8866666666666667 0.11928571428571429 0.09714285714285714
3 0.6464285714285715 0.9295238095238095 0.12142857142857143 0.13333333333333333
3 0.6935714285714286 0.9695238095238096 0.11571428571428571 0.06095238095238095
3 0.5989285714285715 0.7895238095238095 0.09214285714285714 0.0838095238095238
3 0.5867857142857142 0.7247619047619047 0.09071428571428572 0.0761904761904762
3 0.5296428571428572 0.6480952380952381 0.08071428571428571 0.06190476190476191
3 0.46535714285714286 0.5819047619047619 0.075 0.05523809523809524
3 0.4521428571428571 0.5495238095238095 0.07142857142857142 0.05142857142857143
3 0.40464285714285714 0.4719047619047619 0.065 0.04285714285714286
3 0.39071428571428574 0.4471428571428571 0.06428571428571428 0.04476190476190476
3 0.3842857142857143 0.4280952380952381 0.05714285714285714 0.035238095238095235
3 0.375 0.41 0.05714285714285714 0.037142857142857144
3 0.3632142857142857 0.3923809523809524 0.047857142857142855 0.03619047619047619
3 0.35285714285714287 0.3780952380952381 0.05857142857142857 0.0380952380952381
3 0.35642857142857143 0.3566666666666667 0.045714285714285714 0.02761904761904762
3 0.3467857142857143 0.34714285714285714 0.039285714285714285 0.023809523809523808
3 0.34 0.33666666666666667 0.04285714285714286 0.029523809523809525
3 0.3082142857142857 0.32571428571428573 0.04071428571428572 0.02857142857142857
3 0.28535714285714286 0.32047619047619047 0.04642857142857143 0.02761904761904762
3 0.2825 0.30904761904761907 0.04071428571428572 0.025714285714285714
3 0.2885714285714286 0.29285714285714287 0.041428571428571426 0.021904761904761906
3 0.2860714285714286 0.28095238095238095 0.04357142857142857 0.02095238095238095
3 0.25821428571428573 0.27095238095238094 0.04071428571428572 0.029523809523809525
3 0.24892857142857142 0.25761904761904764 0.035 0.021904761904761906
3 0.24571428571428572 0.2423809523809524 0.03 0.02
3 0.2375 0.2276190476190476 0.03642857142857143 0.022857142857142857
3 0.22857142857142856 0.17952380952380953 0.02857142857142857 0.01619047619047619
3 0.02142857142857143 0.6209523809523809 0.04285714285714286 0.07809523809523809
3 0.031785714285714285 0.530952380952381 0.04071428571428572 0.058095238095238096
3 0.0375 0.47523809523809524 0.03642857142857143 0.045714285714285714
0 0.032857142857142856 0.9714285714285714 0.024285714285714285 0.05142857142857143
0 0.08857142857142856 0.7114285714285714 0.015714285714285715 0.047619047619047616
0 0.10285714285714286 0.7014285714285714 0.017142857142857144 0.037142857142857144
0 0.4735714285714286 0.9823809523809524 0.02 0.035238095238095235
0 0.40964285714285714 0.6242857142857143 0.010714285714285714 0.03333333333333333
0 0.46035714285714285 0.6242857142857143 0.010714285714285714 0.040952380952380955
0 0.475 0.6228571428571429 0.011428571428571429 0.0419047619047619
0 0.25642857142857145 0.33714285714285713 0.01 0.02857142857142857
0 0.22464285714285714 0.30142857142857143 0.009285714285714286 0.023809523809523808
0 0.18892857142857142 0.2742857142857143 0.0064285714285714285 0.022857142857142857
0 0.2057142857142857 0.23714285714285716 0.005714285714285714 0.01904761904761905
3 0.1442857142857143 0.15142857142857144 0.02857142857142857 0.013333333333333332
3 0.15821428571428572 0.21 0.03357142857142857 0.018095238095238095
3 0.15678571428571428 0.20238095238095238 0.03357142857142857 0.01619047619047619
3 0.15428571428571428 0.19666666666666666 0.03571428571428571 0.01619047619047619
3 0.155 0.18095238095238095 0.03142857142857143 0.015238095238095238
3 0.04178571428571429 0.1357142857142857 0.015 0.014285714285714285
3 0.19678571428571429 0.051904761904761905 0.015 0.008571428571428572
3 0.15107142857142858 0.13095238095238096 0.02642857142857143 0.014285714285714285
3 0.1492857142857143 0.10666666666666666 0.025714285714285714 0.011428571428571429
3 0.15178571428571427 0.12 0.023571428571428573 0.013333333333333332
3 0.14785714285714285 0.0919047619047619 0.024285714285714285 0.010476190476190476
3 0.15178571428571427 0.08095238095238096 0.02214285714285714 0.007619047619047619
3 0.17714285714285713 0.08857142857142856 0.012857142857142857 0.02095238095238095
0 0.18285714285714286 0.060476190476190475 0.004285714285714286 0.008571428571428572
4 0.04214285714285714 0.41619047619047617 0.03571428571428571 0.06095238095238095
8 0.045 0.015714285714285715 0.012857142857142857 0.014285714285714285
8 0.02035714285714286 0.03666666666666667 0.015 0.02
0 0.0125 0.05714285714285714 0.005 0.011428571428571429
3 0.04964285714285714 0.049523809523809526 0.016428571428571428 0.007619047619047619
0 0.21964285714285714 0.2842857142857143 0.0064285714285714285 0.023809523809523808
0 0.22607142857142856 0.28714285714285714 0.007857142857142858 0.018095238095238095
3 0.2907142857142857 0.2342857142857143 0.014285714285714285 0.024761904761904763
4 0.17892857142857144 0.3985714285714286 0.056428571428571425 0.03333333333333333
3 0.18428571428571427 0.3661904761904762 0.06 0.02761904761904762
0 0.18464285714285714 0.20904761904761904 0.005 0.01619047619047619
0 0.18964285714285714 0.21 0.0035714285714285713 0.014285714285714285
3 0.18142857142857144 0.047142857142857146 0.011428571428571429 0.006666666666666666
0 0.20357142857142857 0.04857142857142857 0.002857142857142857 0.009523809523809525
0 0.18928571428571428 0.1538095238095238 0.004285714285714286 0.010476190476190476
4 0.09607142857142857 0.5895238095238096 0.04071428571428572 0.07047619047619047
4 0.5453571428571429 0.6876190476190476 0.09214285714285714 0.0838095238095238
9 0.6910714285714286 0.8380952380952381 0.019285714285714285 0.045714285714285714
9 0.7164285714285714 0.7766666666666666 0.03 0.04285714285714286
2 0.5203571428571429 0.5352380952380953 0.015 0.024761904761904763
