3 0.0325 0.051904761904761905 0.02642857142857143 0.03333333333333333
3 0.075 0.039047619047619046 0.04 0.03619047619047619
0 0.10214285714285715 0.041428571428571426 0.011428571428571429 0.029523809523809525
0 0.11285714285714285 0.04238095238095238 0.011428571428571429 0.023809523809523808
0 0.10678571428571429 0.07380952380952381 0.010714285714285714 0.029523809523809525
0 0.11571428571428571 0.07333333333333333 0.011428571428571429 0.03238095238095238
0 0.14 0.10476190476190476 0.007142857142857143 0.03238095238095238
9 0.09321428571428571 0.017142857142857144 0.020714285714285713 0.015238095238095238
9 0.10785714285714286 0.025714285714285714 0.02 0.017142857142857144
3 0.165 0.14047619047619048 0.05142857142857143 0.04666666666666667
3 0.08714285714285715 0.20809523809523808 0.045714285714285714 0.04476190476190476
3 0.12392857142857143 0.24333333333333335 0.045 0.04285714285714286
3 0.1775 0.29333333333333333 0.06642857142857143 0.05904761904761905
3 0.23857142857142857 0.3352380952380952 0.08 0.07238095238095238
3 0.1925 0.07285714285714286 0.03785714285714286 0.03333333333333333
3 0.2596428571428571 0.1 0.04928571428571429 0.02857142857142857
3 0.27535714285714286 0.10523809523809524 0.04214285714285714 0.023809523809523808
3 0.29214285714285715 0.12047619047619047 0.055714285714285716 0.035238095238095235
3 0.33285714285714285 0.1376190476190476 0.04428571428571428 0.04285714285714286
4 0.4014285714285714 0.1580952380952381 0.055714285714285716 0.05333333333333333
1 0.4057142857142857 0.12857142857142856 0.008571428571428572 0.02095238095238095
3 0.29714285714285715 0.22666666666666666 0.06285714285714286 0.05142857142857143
3 0.36428571428571427 0.2680952380952381 0.06857142857142857 0.05238095238095238
3 0.43392857142857144 0.31047619047619046 0.07357142857142857 0.06666666666666667
2 0.4635714285714286 0.2919047619047619 0.022857142857142857 0.02761904761904762
0 0.43107142857142855 0.36904761904761907 0.012142857142857143 0.03333333333333333
3 0.47714285714285715 0.16333333333333333 0.054285714285714284 0.04476190476190476
3 0.5235714285714286 0.1738095238095238 0.05714285714285714 0.04285714285714286
3 0.5460714285714285 0.14904761904761904 0.045 0.035238095238095235
3 0.595 0.12 0.054285714285714284 0.030476190476190476
9 0.5553571428571429 0.12428571428571429 0.013571428571428571 0.02
3 0.5985714285714285 0.18619047619047618 0.055714285714285716 0.04285714285714286
3 0.6221428571428571 0.17238095238095238 0.05142857142857143 0.04
3 0.5103571428571428 0.23095238095238096 0.060714285714285714 0.04285714285714286
3 0.48214285714285715 0.2480952380952381 0.06142857142857143 0.04857142857142857
3 0.575 0.19904761904761906 0.06428571428571428 0.047619047619047616
0 0.56 0.16476190476190475 0.007142857142857143 0.026666666666666665
0 0.5746428571428571 0.15619047619047619 0.007857142857142858 0.024761904761904763
0 0.5642857142857143 0.15761904761904763 0.007142857142857143 0.021904761904761906
0 0.6182142857142857 0.08523809523809524 0.005 0.014285714285714285
0 0.6264285714285714 0.0838095238095238 0.008571428571428572 0.02095238095238095
3 0.7332142857142857 0.11476190476190476 0.055 0.04666666666666667
3 0.7678571428571429 0.054285714285714284 0.04428571428571428 0.04
3 0.8042857142857143 0.08619047619047619 0.03857142857142857 0.04285714285714286
3 0.8253571428571429 0.05142857142857143 0.04214285714285714 0.0419047619047619
3 0.5389285714285714 0.3738095238095238 0.09214285714285714 0.07523809523809524
3 0.6307142857142857 0.43523809523809526 0.1 0.08190476190476191
0 0.7675 0.4147619047619048 0.019285714285714285 0.037142857142857144
0 0.6939285714285715 0.43285714285714283 0.017857142857142856 0.04857142857142857
0 0.6082142857142857 0.6033333333333334 0.019285714285714285 0.06380952380952382
4 0.7803571428571429 0.5076190476190476 0.11357142857142857 0.09904761904761905
4 0.9157142857142857 0.549047619047619 0.12857142857142856 0.1
0 0.9864285714285714 0.5766666666666667 0.025714285714285714 0.05619047619047619
5 0.7046428571428571 0.8685714285714285 0.24357142857142858 0.26095238095238094
3 0.7171428571428572 0.7866666666666666 0.1742857142857143 0.21523809523809523
6 0.4807142857142857 0.5761904761904761 0.024285714285714285 0.05714285714285714
