3 0.5310714285714285 0.920952380952381 0.016428571428571428 0.05333333333333333
3 0.5285714285714286 0.8561904761904762 0.015714285714285715 0.05523809523809524
3 0.6046428571428571 0.8604761904761905 0.03642857142857143 0.023809523809523808
3 0.6039285714285715 0.8366666666666667 0.035 0.021904761904761906
3 0.6046428571428571 0.8080952380952381 0.029285714285714286 0.021904761904761906
3 0.6053571428571428 0.7819047619047619 0.035 0.022857142857142857
3 0.6014285714285714 0.7066666666666667 0.03571428571428571 0.02095238095238095
3 0.5964285714285714 0.679047619047619 0.03571428571428571 0.024761904761904763
3 0.5942857142857143 0.6314285714285715 0.03571428571428571 0.022857142857142857
3 0.5910714285714286 0.559047619047619 0.030714285714285715 0.01904761904761905
3 0.5910714285714286 0.4828571428571429 0.03357142857142857 0.02095238095238095
3 0.6382142857142857 0.40476190476190477 0.015 0.045714285714285714
0 0.6242857142857143 0.9338095238095238 0.008571428571428572 0.010476190476190476
0 0.6189285714285714 0.9219047619047619 0.0064285714285714285 0.007619047619047619
3 0.5317857142857143 0.979047619047619 0.016428571428571428 0.0419047619047619
3 0.37642857142857145 0.9542857142857143 0.017142857142857144 0.049523809523809526
3 0.37607142857142856 0.8909523809523809 0.016428571428571428 0.05238095238095238
3 0.37785714285714284 0.7061904761904761 0.015714285714285715 0.04857142857142857
3 0.3742857142857143 0.6528571428571428 0.015714285714285715 0.037142857142857144
3 0.5235714285714286 0.6666666666666666 0.017142857142857144 0.047619047619047616
3 0.5267857142857143 0.7966666666666666 0.016428571428571428 0.05047619047619047
3 0.3082142857142857 0.8438095238095238 0.020714285714285713 0.05142857142857143
3 0.35428571428571426 0.979047619047619 0.017142857142857144 0.0419047619047619
3 0.3510714285714286 0.8466666666666667 0.017857142857142856 0.05333333333333333
3 0.3482142857142857 0.780952380952381 0.016428571428571428 0.05142857142857143
3 0.38142857142857145 0.7671428571428571 0.017142857142857144 0.05619047619047619
4 0.3557142857142857 0.9328571428571428 0.015714285714285715 0.04666666666666667
9 0.6007142857142858 0.7261904761904762 0.014285714285714285 0.008571428571428572
3 0.5446428571428571 0.6228571428571429 0.015 0.0419047619047619
3 0.5396428571428571 0.5647619047619048 0.016428571428571428 0.045714285714285714
3 0.5203571428571429 0.5542857142857143 0.016428571428571428 0.049523809523809526
3 0.5217857142857143 0.61 0.016428571428571428 0.04285714285714286
3 0.5257142857142857 0.7285714285714285 0.015714285714285715 0.03428571428571429
3 0.36 0.48333333333333334 0.015714285714285715 0.04857142857142857
3 0.35642857142857143 0.5761904761904761 0.015714285714285715 0.049523809523809526
3 0.37607142857142856 0.49714285714285716 0.016428571428571428 0.0419047619047619
3 0.41785714285714287 0.44857142857142857 0.015714285714285715 0.04380952380952381
4 0.3742857142857143 0.5985714285714285 0.017142857142857144 0.05047619047619047
4 0.5764285714285714 0.27285714285714285 0.02857142857142857 0.02
3 0.5846428571428571 0.38857142857142857 0.03357142857142857 0.022857142857142857
3 0.5832142857142857 0.4104761904761905 0.03214285714285714 0.02095238095238095
3 0.5832142857142857 0.36428571428571427 0.03357142857142857 0.023809523809523808
3 0.6321428571428571 0.2976190476190476 0.015714285714285715 0.04285714285714286
3 0.7010714285714286 0.30142857142857143 0.016428571428571428 0.04476190476190476
3 0.7110714285714286 0.23333333333333334 0.035 0.022857142857142857
3 0.5825 0.30142857142857143 0.03357142857142857 0.023809523809523808
3 0.5853571428571429 0.3238095238095238 0.02642857142857143 0.02095238095238095
3 0.5064285714285715 0.09142857142857143 0.015714285714285715 0.0380952380952381
3 0.4514285714285714 0.11428571428571428 0.015714285714285715 0.0419047619047619
3 0.5278571428571428 0.10095238095238095 0.017142857142857144 0.04380952380952381
5 0.5764285714285714 0.19666666666666666 0.04428571428571428 0.02761904761904762
3 0.08535714285714285 0.2276190476190476 0.030714285714285715 0.02095238095238095
3 0.15857142857142856 0.2714285714285714 0.032857142857142856 0.02095238095238095
3 0.21142857142857144 0.34476190476190477 0.03571428571428571 0.02095238095238095
3 0.26142857142857145 0.34095238095238095 0.032857142857142856 0.02095238095238095
3 0.1725 0.40476190476190477 0.03214285714285714 0.04
0 0.3067857142857143 0.44095238095238093 0.0064285714285714285 0.007619047619047619
3 0.3075 0.48904761904761906 0.03642857142857143 0.021904761904761906
0 0.31535714285714284 0.44571428571428573 0.007857142857142858 0.007619047619047619
0 0.5578571428571428 0.4423809523809524 0.005714285714285714 0.010476190476190476
1 0.4210714285714286 0.31285714285714283 0.005 0.008571428571428572
0 0.5403571428571429 0.27380952380952384 0.0064285714285714285 0.012380952380952381
9 0.4207142857142857 0.31476190476190474 0.004285714285714286 0.010476190476190476
9 0.3821428571428571 0.04666666666666667 0.008571428571428572 0.02095238095238095
1 0.38107142857142856 0.04428571428571428 0.007857142857142858 0.008571428571428572
0 0.36714285714285716 0.08857142857142856 0.005714285714285714 0.011428571428571429
0 0.35214285714285715 0.047142857142857146 0.005714285714285714 0.012380952380952381
0 0.34964285714285714 0.06333333333333334 0.005 0.012380952380952381
3 0.3357142857142857 0.10571428571428572 0.015714285714285715 0.0419047619047619
3 0.5032142857142857 0.05142857142857143 0.013571428571428571 0.04
3 0.5028571428571429 0.013333333333333332 0.014285714285714285 0.026666666666666665
1 0.35928571428571426 0.36 0.007142857142857143 0.007619047619047619
3 0.3603571428571429 0.36238095238095236 0.012142857142857143 0.008571428571428572
0 0.37142857142857144 0.33 0.005714285714285714 0.010476190476190476
9 0.6153571428571428 0.43857142857142856 0.010714285714285714 0.010476190476190476
3 0.115 0.6933333333333334 0.02 0.047619047619047616
3 0.07785714285714286 0.6804761904761905 0.02 0.05047619047619047
3 0.060714285714285714 0.6833333333333333 0.02142857142857143 0.05619047619047619
3 0.02035714285714286 0.6842857142857143 0.02214285714285714 0.05047619047619047
3 0.25142857142857145 0.2195238095238095 0.03571428571428571 0.021904761904761906
1 0.235 0.23714285714285716 0.008571428571428572 0.013333333333333332
2 0.23607142857142857 0.23761904761904762 0.013571428571428571 0.012380952380952381
9 0.11964285714285715 0.23761904761904762 0.010714285714285714 0.012380952380952381
9 0.047142857142857146 0.2519047619047619 0.015714285714285715 0.010476190476190476
1 0.04607142857142857 0.25333333333333335 0.007857142857142858 0.013333333333333332
0 0.705 0.18095238095238095 0.005714285714285714 0.015238095238095238
1 0.5928571428571429 0.23476190476190475 0.005714285714285714 0.010476190476190476
9 0.5928571428571429 0.23714285714285716 0.012857142857142857 0.009523809523809525
5 0.2735714285714286 0.2842857142857143 0.041428571428571426 0.025714285714285714
