4 0.6375 0.9359137055837563 0.06785714285714285 0.12563451776649745
3 0.82 0.45177664974619286 0.05714285714285714 0.08629441624365482
0 0.2671428571428571 0.6605329949238579 0.012857142857142857 0.03680203045685279
0 0.29285714285714287 0.6313451776649746 0.011428571428571429 0.029187817258883246
0 0.31214285714285717 0.6034263959390862 0.01 0.03680203045685279
0 0.2882142857142857 0.5831218274111675 0.012142857142857143 0.03426395939086294
0 0.29035714285714287 0.4828680203045685 0.009285714285714286 0.03680203045685279
4 0.3632142857142857 0.4035532994923858 0.05357142857142857 0.07868020304568528
0 0.45714285714285713 0.3115482233502538 0.005714285714285714 0.03426395939086294
0 0.4789285714285714 0.2480964467005076 0.005 0.021573604060913704
0 0.4832142857142857 0.24746192893401014 0.0064285714285714285 0.025380710659898477
0 0.48678571428571427 0.1611675126903553 0.0064285714285714285 0.025380710659898477
3 0.35535714285714287 0.09581218274111675 0.030714285714285715 0.06472081218274112
