3 0.041428571428571426 0.3109137055837563 0.03428571428571429 0.055837563451776644
3 0.145 0.2639593908629441 0.037142857142857144 0.053299492385786795
3 0.2910714285714286 0.1611675126903553 0.017857142857142856 0.03807106598984771
3 0.3196428571428571 0.15862944162436546 0.017857142857142856 0.04060913705583756
3 0.20214285714285715 0.5171319796954315 0.04285714285714286 0.07741116751269035
3 0.8025 0.7214467005076142 0.04642857142857143 0.07233502538071065
3 0.4735714285714286 0.8178934010152283 0.06142857142857143 0.10786802030456852
3 0.44571428571428573 0.9581218274111675 0.06142857142857143 0.08121827411167512
5 0.23857142857142857 0.7182741116751269 0.1 0.20050761421319796
8 0.13535714285714287 0.5050761421319797 0.05928571428571429 0.11928934010152284
4 0.3132142857142857 0.20304568527918782 0.02642857142857143 0.050761421319796954
