4 0.6703571428571429 0.8052030456852791 0.056428571428571425 0.13071065989847716
4 0.6410714285714286 0.6757614213197969 0.04642857142857143 0.11802030456852791
4 0.5917857142857142 0.49682741116751267 0.039285714285714285 0.08502538071065989
4 0.7110714285714286 0.9397208121827411 0.05785714285714286 0.11802030456852791
3 0.6160714285714286 0.5869289340101522 0.04357142857142857 0.08756345177664974
4 0.5746428571428571 0.4232233502538071 0.03214285714285714 0.08248730964467005
4 0.5517857142857143 0.3578680203045685 0.030714285714285715 0.07360406091370558
4 0.5346428571428572 0.29568527918781723 0.025 0.06091370558375634
4 0.5228571428571429 0.24999999999999997 0.025714285714285714 0.06852791878172589
4 0.5089285714285714 0.2081218274111675 0.020714285714285713 0.055837563451776644
3 0.45071428571428573 0.07614213197969542 0.02142857142857143 0.035532994923857864
3 0.4932142857142857 0.2379441624365482 0.02214285714285714 0.052030456852791875
0 0.49785714285714283 0.8692893401015228 0.011428571428571429 0.032994923857868015
0 0.49642857142857144 0.9663705583756345 0.015714285714285715 0.03934010152284264
0 0.625 0.473984771573604 0.008571428571428572 0.03680203045685279
0 0.6128571428571429 0.47208121827411165 0.008571428571428572 0.027918781725888322
0 0.5342857142857143 0.15989847715736039 0.004285714285714286 0.025380710659898477
0 0.5310714285714285 0.15926395939086294 0.005 0.029187817258883246
0 0.5403571428571429 0.13071065989847716 0.005 0.025380710659898477
3 0.5010714285714286 0.1763959390862944 0.015 0.035532994923857864
4 0.43642857142857144 0.013959390862944161 0.014285714285714285 0.027918781725888322
0 0.39 0.08692893401015228 0.005714285714285714 0.019035532994923856
0 0.4775 0.05393401015228426 0.009285714285714286 0.021573604060913704
3 0.4657142857142857 0.06091370558375634 0.017142857142857144 0.03045685279187817
