3 0.3975 0.5881979695431472 0.012142857142857143 0.026649746192893398
3 0.40464285714285714 0.5196700507614213 0.009285714285714286 0.021573604060913704
3 0.41464285714285715 0.42195431472081213 0.0064285714285714285 0.013959390862944161
3 0.4085714285714286 0.4035532994923858 0.007142857142857143 0.012690355329949238
3 0.4521428571428571 0.34073604060913704 0.005714285714285714 0.011421319796954314
3 0.45035714285714284 0.2975888324873096 0.005 0.011421319796954314
3 0.4425 0.28870558375634514 0.0035714285714285713 0.008883248730964466
3 0.4517857142857143 0.27347715736040606 0.005 0.011421319796954314
3 0.42642857142857143 0.23286802030456852 0.004285714285714286 0.008883248730964466
3 0.4525 0.22335025380710657 0.0035714285714285713 0.01015228426395939
4 0.44392857142857145 0.41941624365482233 0.007857142857142858 0.019035532994923856
4 0.42214285714285715 0.5761421319796954 0.011428571428571429 0.032994923857868015
3 0.47964285714285715 0.5901015228426395 0.013571428571428571 0.025380710659898477
8 0.4625 0.523477157360406 0.009285714285714286 0.03934010152284264
4 0.4257142857142857 0.5038071065989848 0.008571428571428572 0.027918781725888322
8 0.3917857142857143 0.3826142131979695 0.010714285714285714 0.04187817258883248
4 0.575 0.5977157360406091 0.025714285714285714 0.02284263959390863
4 0.6228571428571429 0.5913705583756345 0.025714285714285714 0.02284263959390863
4 0.7542857142857143 0.5774111675126903 0.027142857142857142 0.02284263959390863
4 0.8067857142857143 0.575507614213198 0.02642857142857143 0.026649746192893398
4 0.7778571428571428 0.575507614213198 0.024285714285714285 0.019035532994923856
5 0.38035714285714284 0.581218274111675 0.019285714285714285 0.04568527918781726
3 0.395 0.4308375634517766 0.008571428571428572 0.016497461928934008
