0 0.7505000000000001 0.5623333333333334 0.042 0.09533333333333333
2 0.68425 0.5433333333333333 0.0655 0.072
1 0.6895 0.531 0.036000000000000004 0.08466666666666667
9 0.6115 0.5063333333333333 0.077 0.06733333333333333
0 0.61825 0.482 0.0235 0.08666666666666667
0 0.75975 0.4353333333333333 0.021500000000000002 0.06133333333333333
0 0.778 0.42866666666666664 0.037 0.08533333333333333
2 0.81725 0.4066666666666667 0.0395 0.048
1 0.82175 0.39599999999999996 0.0265 0.050666666666666665
9 0.734 0.385 0.042 0.054
1 0.73875 0.36833333333333335 0.0305 0.062
9 0.94525 0.4383333333333333 0.0685 0.056666666666666664
0 0.9585 0.43066666666666664 0.024 0.05733333333333333
1 0.9530000000000001 0.42266666666666663 0.041 0.076
4 0.925 0.365 0.15 0.106
9 0.84 0.32566666666666666 0.027 0.051333333333333335
2 0.78025 0.3343333333333333 0.0165 0.05266666666666667
0 0.75875 0.31966666666666665 0.0235 0.05933333333333333
0 0.66425 0.314 0.0225 0.058666666666666666
0 0.661 0.3153333333333333 0.012 0.04533333333333333
0 0.6405 0.30766666666666664 0.019 0.06066666666666667
9 0.58175 0.43366666666666664 0.0655 0.06999999999999999
1 0.58525 0.42966666666666664 0.0345 0.08466666666666667
0 0.418 0.5546666666666666 0.037 0.108
0 0.48625 0.48366666666666663 0.0345 0.10066666666666667
0 0.36 0.5306666666666666 0.027 0.10133333333333333
0 0.37475 0.513 0.0275 0.102
0 0.361 0.48533333333333334 0.034 0.09466666666666666
0 0.337 0.5559999999999999 0.028 0.104
0 0.5355 0.39899999999999997 0.027 0.08466666666666667
9 0.52625 0.3983333333333333 0.0335 0.05933333333333333
2 0.4945 0.3753333333333333 0.047 0.056
1 0.49025 0.36133333333333334 0.0285 0.06933333333333333
0 0.437 0.3733333333333333 0.019 0.08266666666666667
0 0.458 0.33766666666666667 0.019 0.06733333333333333
2 0.4675 0.34299999999999997 0.049 0.04733333333333333
9 0.382 0.36666666666666664 0.022 0.05333333333333333
1 0.38525 0.35266666666666663 0.029500000000000002 0.06666666666666667
0 0.44925 0.30466666666666664 0.0195 0.058666666666666666
9 0.45625 0.31 0.0185 0.05333333333333333
2 0.46925 0.2823333333333333 0.0145 0.046
1 0.465 0.2796666666666667 0.016 0.024666666666666667
9 0.401 0.29933333333333334 0.028 0.04533333333333333
1 0.398 0.293 0.019 0.05533333333333333
1 0.355 0.3343333333333333 0.019 0.05933333333333333
0 0.41825 0.24066666666666667 0.0095 0.03333333333333333
0 0.40900000000000003 0.23433333333333334 0.011 0.043333333333333335
0 0.40900000000000003 0.22933333333333333 0.013000000000000001 0.044
0 0.423 0.22766666666666666 0.01 0.043333333333333335
9 0.432 0.21566666666666667 0.031 0.026
1 0.43125 0.21033333333333332 0.0125 0.033999999999999996
4 0.42025 0.19833333333333333 0.0285 0.04466666666666667
4 0.3595 0.20333333333333334 0.054 0.03866666666666667
4 0.35275 0.19633333333333333 0.0555 0.03933333333333333
0 0.19675 0.48633333333333334 0.0165 0.074
0 0.10575 0.4683333333333333 0.0345 0.08866666666666666
0 0.061 0.4653333333333333 0.041 0.08666666666666667
0 0.03075 0.5096666666666666 0.0365 0.102
0 0.024 0.48966666666666664 0.038 0.09666666666666666
3 0.251 0.3983333333333333 0.183 0.09133333333333334
4 0.179 0.241 0.089 0.051333333333333335
9 0.22875 0.22999999999999998 0.0285 0.028
1 0.219 0.22633333333333333 0.012 0.028666666666666667
4 0.22375 0.20666666666666667 0.0685 0.044
4 0.22325 0.17666666666666667 0.0375 0.03333333333333333
0 0.2975 0.20966666666666667 0.01 0.03
0 0.3055 0.20966666666666667 0.009000000000000001 0.02733333333333333
6 0.2925 0.21066666666666667 0.027 0.032
0 0.2955 0.18966666666666665 0.012 0.03133333333333333
1 0.305 0.183 0.01 0.015333333333333332
0 0.264 0.179 0.014 0.03133333333333333
0 0.07775 0.21166666666666667 0.0125 0.026
0 0.105 0.204 0.012 0.029333333333333333
0 0.088 0.19733333333333333 0.013000000000000001 0.032
0 0.12225 0.18866666666666665 0.0095 0.028
0 0.1335 0.18733333333333332 0.009000000000000001 0.028
4 0.11025 0.18533333333333332 0.0665 0.04
3 0.15725 0.17099999999999999 0.0455 0.024666666666666667
4 0.164 0.16366666666666665 0.043000000000000003 0.02733333333333333
0 0.19425 0.16733333333333333 0.0095 0.030666666666666665
0 0.222 0.159 0.007 0.022
0 0.23 0.15966666666666665 0.008 0.024666666666666667
0 0.2495 0.152 0.008 0.024
3 0.25525000000000003 0.16266666666666665 0.0205 0.025333333333333333
3 0.28325 0.15566666666666665 0.0285 0.03133333333333333
3 0.2975 0.149 0.021 0.02333333333333333
4 0.228 0.14266666666666666 0.045 0.030666666666666665
3 0.197 0.15733333333333333 0.046 0.021333333333333333
5 0.20425000000000001 0.14966666666666667 0.0505 0.03666666666666667
3 0.13425 0.127 0.0325 0.015333333333333332
3 0.15525 0.14133333333333334 0.035500000000000004 0.02
3 0.22275 0.12466666666666666 0.0325 0.016
3 0.2465 0.13633333333333333 0.038 0.018
3 0.276 0.132 0.04 0.018666666666666665
3 0.26725 0.125 0.0275 0.016666666666666666
4 0.3415 0.15166666666666667 0.042 0.03133333333333333
