0 0.08892857142857143 0.3628571428571429 0.047857142857142855 0.03238095238095238
0 0.08964285714285715 0.439047619047619 0.03785714285714286 0.026666666666666665
0 0.1382142857142857 0.4552380952380952 0.035 0.030476190476190476
9 0.14 0.52 0.04857142857142857 0.026666666666666665
0 0.1792857142857143 0.7223809523809523 0.03428571428571429 0.025714285714285714
0 0.15071428571428572 0.7395238095238095 0.02857142857142857 0.02761904761904762
0 0.039285714285714285 0.7042857142857143 0.05 0.023809523809523808
0 0.26107142857142857 0.88 0.03642857142857143 0.03619047619047619
0 0.3142857142857143 0.8661904761904762 0.025714285714285714 0.04857142857142857
0 0.33321428571428574 0.8947619047619048 0.027857142857142858 0.029523809523809525
0 0.32821428571428574 0.48714285714285716 0.020714285714285713 0.037142857142857144
2 0.5107142857142857 0.0380952380952381 0.041428571428571426 0.047619047619047616
1 0.6275 0.24761904761904763 0.03357142857142857 0.02857142857142857
1 0.6146428571428572 0.39380952380952383 0.023571428571428573 0.029523809523809525
1 0.5821428571428572 0.3933333333333333 0.022857142857142857 0.04
0 0.365 0.5176190476190476 0.03 0.025714285714285714
0 0.4467857142857143 0.3780952380952381 0.023571428571428573 0.03238095238095238
0 0.43714285714285717 0.7647619047619048 0.022857142857142857 0.03238095238095238
0 0.425 0.9057142857142857 0.025714285714285714 0.03619047619047619
0 0.645 0.6490476190476191 0.024285714285714285 0.02761904761904762
0 0.5060714285714286 0.7252380952380952 0.016428571428571428 0.037142857142857144
1 0.4657142857142857 0.8195238095238095 0.022857142857142857 0.04857142857142857
1 0.5617857142857143 0.7995238095238095 0.03642857142857143 0.02761904761904762
1 0.5978571428571429 0.7971428571428572 0.03142857142857143 0.0419047619047619
1 0.5557142857142857 0.97 0.03428571428571429 0.025714285714285714
1 0.5682142857142857 0.6971428571428572 0.03642857142857143 0.02857142857142857
1 0.6042857142857143 0.7014285714285714 0.03142857142857143 0.03333333333333333
1 0.5953571428571428 0.6647619047619048 0.02214285714285714 0.01904761904761905
1 0.5671428571428572 0.6385714285714286 0.03857142857142857 0.029523809523809525
1 0.6960714285714286 0.430952380952381 0.023571428571428573 0.029523809523809525
1 0.6889285714285714 0.6257142857142857 0.035 0.030476190476190476
0 0.8842857142857142 0.919047619047619 0.04285714285714286 0.06666666666666667
0 0.9125 0.7961904761904762 0.03642857142857143 0.05333333333333333
0 0.8864285714285715 0.6104761904761905 0.03428571428571429 0.04380952380952381
0 0.8664285714285714 0.46523809523809523 0.03571428571428571 0.021904761904761906
0 0.9021428571428571 0.49 0.04285714285714286 0.04666666666666667
0 0.925 0.4876190476190476 0.024285714285714285 0.04380952380952381
0 0.7785714285714286 0.55 0.03428571428571429 0.03333333333333333
0 0.7785714285714286 0.3538095238095238 0.03428571428571429 0.039047619047619046
0 0.9064285714285715 0.3380952380952381 0.032857142857142856 0.047619047619047616
0 0.955 0.40095238095238095 0.03571428571428571 0.03428571428571429
0 0.9714285714285714 0.3657142857142857 0.041428571428571426 0.030476190476190476
