3 0.11950000000000001 0.328 0.028 0.029333333333333333
5 0.18725 0.322 0.0335 0.03866666666666667
5 0.192 0.5626666666666666 0.068 0.08533333333333333
3 0.25425000000000003 0.4013333333333333 0.0385 0.03866666666666667
3 0.14250000000000002 0.4713333333333333 0.043000000000000003 0.03866666666666667
3 0.45175 0.5273333333333333 0.0565 0.04666666666666666
3 0.2795 0.6193333333333333 0.058 0.058666666666666666
3 0.32 0.7006666666666667 0.056 0.08933333333333333
4 0.7035 0.9393333333333334 0.069 0.12133333333333333
4 0.81775 0.5726666666666667 0.0535 0.104
0 0.24075 0.618 0.0105 0.030666666666666665
0 0.168 0.7036666666666667 0.017 0.026
3 0.937 0.27499999999999997 0.028 0.028666666666666667
3 0.97175 0.20166666666666666 0.0165 0.020666666666666667
3 0.922 0.3223333333333333 0.028 0.03266666666666666
3 0.9365 0.43266666666666664 0.029 0.04
3 0.96375 0.33899999999999997 0.0275 0.033999999999999996
3 0.9895 0.25166666666666665 0.019 0.02733333333333333
0 0.87 0.36033333333333334 0.012 0.018
9 0.87 0.36433333333333334 0.012 0.020666666666666667
9 0.965 0.38266666666666665 0.012 0.02
9 0.98175 0.29 0.0095 0.014666666666666666
0 0.964 0.37866666666666665 0.012 0.018666666666666665
0 0.9825 0.287 0.008 0.016666666666666666
3 0.6950000000000001 0.04666666666666666 0.014 0.008
9 0.9845 0.15966666666666665 0.005 0.01
0 0.9852500000000001 0.15566666666666665 0.0055 0.011333333333333332
9 0.74725 0.059666666666666666 0.0045000000000000005 0.004666666666666666
9 0.81575 0.056666666666666664 0.0055 0.005333333333333333
0 0.7475 0.05733333333333333 0.003 0.005333333333333333
0 0.81575 0.05466666666666666 0.0035 0.006666666666666666
0 0.9945 0.12933333333333333 0.004 0.012
0 0.998 0.13033333333333333 0.003 0.011333333333333332
3 0.997 0.10866666666666666 0.006 0.012
