4 0.6339285714285714 0.906725888324873 0.03642857142857143 0.14593908629441624
3 0.5692857142857143 0.9428934010152283 0.032857142857142856 0.11167512690355329
8 0.8925 0.42068527918781723 0.055 0.18654822335025378
3 0.59 0.4295685279187817 0.03 0.09010152284263959
3 0.5110714285714286 0.3705583756345177 0.023571428571428573 0.07614213197969542
5 0.4017857142857143 0.4359137055837563 0.039285714285714285 0.11294416243654821
8 0.3821428571428571 0.18337563451776648 0.03428571428571429 0.09263959390862943
8 0.5428571428571428 0.2347715736040609 0.022857142857142857 0.07614213197969542
3 0.5057142857142857 0.12944162436548223 0.02 0.05837563451776649
3 0.4325 0.06789340101522842 0.019285714285714285 0.05456852791878172
5 0.39714285714285713 0.03362944162436548 0.024285714285714285 0.06725888324873096
