3 0.36892857142857144 0.04441624365482233 0.0064285714285714285 0.02030456852791878
3 0.3817857142857143 0.08692893401015228 0.005 0.019035532994923856
3 0.36964285714285716 0.18020304568527917 0.0064285714285714285 0.02030456852791878
3 0.36857142857142855 0.34010152284263956 0.007142857142857143 0.027918781725888322
3 0.4857142857142857 0.22715736040609136 0.007142857142857143 0.02030456852791878
3 0.4760714285714286 0.3876903553299492 0.007857142857142858 0.024111675126903553
3 0.4807142857142857 0.4974619289340101 0.007142857142857143 0.027918781725888322
3 0.4982142857142857 0.2347715736040609 0.0064285714285714285 0.02030456852791878
3 0.5164285714285715 0.19987309644670048 0.005714285714285714 0.019035532994923856
4 0.5289285714285714 0.10596446700507614 0.005 0.019035532994923856
5 0.5103571428571428 0.04695431472081218 0.007857142857142858 0.03045685279187817
5 0.5282142857142857 0.2049492385786802 0.016428571428571428 0.08248730964467005
4 0.41964285714285715 0.9663705583756345 0.010714285714285714 0.052030456852791875
4 0.40714285714285714 0.9308375634517766 0.008571428571428572 0.04187817258883248
5 0.4432142857142857 0.8857868020304568 0.015 0.08121827411167512
5 0.46285714285714286 0.8857868020304568 0.018571428571428572 0.13705583756345177
4 0.42928571428571427 0.8128172588832486 0.005714285714285714 0.03680203045685279
3 0.45071428571428573 0.7969543147208121 0.007142857142857143 0.035532994923857864
3 0.4592857142857143 0.7024111675126903 0.007142857142857143 0.031725888324873094
4 0.44642857142857145 0.6351522842639593 0.008571428571428572 0.026649746192893398
5 0.47928571428571426 0.6529187817258882 0.015714285714285715 0.07741116751269035
4 0.465 0.6453045685279187 0.01 0.03680203045685279
3 0.4375 0.5958121827411167 0.007857142857142858 0.026649746192893398
3 0.4714285714285714 0.5704314720812182 0.01 0.026649746192893398
4 0.5507142857142857 0.5222081218274112 0.01 0.03426395939086294
9 0.46535714285714286 0.4606598984771573 0.0064285714285714285 0.012690355329949238
1 0.46535714285714286 0.4606598984771573 0.002142857142857143 0.01015228426395939
