0 0.18178571428571427 0.7366666666666667 0.005 0.01619047619047619
0 0.11857142857142858 0.5947619047619047 0.002857142857142857 0.008571428571428572
0 0.12142857142857143 0.5957142857142858 0.002857142857142857 0.008571428571428572
0 0.13535714285714287 0.5923809523809523 0.002142857142857143 0.009523809523809525
0 0.1332142857142857 0.5923809523809523 0.002142857142857143 0.009523809523809525
0 0.13071428571428573 0.5928571428571429 0.002857142857142857 0.010476190476190476
0 0.1417857142857143 0.599047619047619 0.002142857142857143 0.007619047619047619
1 0.14464285714285716 0.6166666666666667 0.002142857142857143 0.004761904761904762
2 0.1442857142857143 0.6195238095238095 0.002857142857142857 0.006666666666666666
3 0.0075 0.5480952380952381 0.005 0.004761904761904762
3 0.05357142857142857 0.5619047619047619 0.004285714285714286 0.005714285714285714
3 0.06142857142857143 0.56 0.004285714285714286 0.005714285714285714
3 0.061785714285714284 0.5557142857142857 0.005 0.004761904761904762
3 0.065 0.5633333333333334 0.005714285714285714 0.004761904761904762
3 0.07714285714285714 0.560952380952381 0.004285714285714286 0.0038095238095238095
3 0.085 0.5614285714285714 0.004285714285714286 0.004761904761904762
3 0.08571428571428572 0.5676190476190476 0.005714285714285714 0.005714285714285714
3 0.0725 0.5695238095238095 0.005 0.005714285714285714
3 0.06892857142857142 0.5961904761904762 0.007857142857142858 0.007619047619047619
3 0.08857142857142856 0.5847619047619048 0.005714285714285714 0.005714285714285714
3 0.09357142857142857 0.589047619047619 0.007142857142857143 0.006666666666666666
5 0.12392857142857143 0.570952380952381 0.015 0.010476190476190476
5 0.13035714285714287 0.5714285714285714 0.015 0.009523809523809525
3 0.1392857142857143 0.56 0.011428571428571429 0.005714285714285714
3 0.006071428571428571 0.6333333333333333 0.012142857142857143 0.011428571428571429
3 0.08178571428571428 0.6295238095238095 0.009285714285714286 0.009523809523809525
3 0.09535714285714286 0.6214285714285714 0.009285714285714286 0.008571428571428572
3 0.14714285714285713 0.9871428571428571 0.08142857142857143 0.021904761904761906
3 0.3410714285714286 0.9666666666666667 0.07071428571428572 0.05333333333333333
1 0.4392857142857143 0.8814285714285715 0.01 0.02
0 0.6021428571428571 0.9338095238095238 0.01 0.035238095238095235
2 0.43785714285714283 0.8909523809523809 0.017142857142857144 0.021904761904761906
3 0.48464285714285715 0.9219047619047619 0.056428571428571425 0.04380952380952381
3 0.52 0.8623809523809524 0.045714285714285714 0.037142857142857144
3 0.5107142857142857 0.8428571428571429 0.047142857142857146 0.03428571428571429
3 0.5628571428571428 0.840952380952381 0.04285714285714286 0.03619047619047619
3 0.6307142857142857 0.8414285714285714 0.04 0.035238095238095235
3 0.6132142857142857 0.8157142857142857 0.03785714285714286 0.03333333333333333
5 0.6603571428571429 0.7833333333333333 0.04071428571428572 0.04666666666666667
2 0.6628571428571428 0.8947619047619048 0.014285714285714285 0.023809523809523808
2 0.6685714285714286 0.8909523809523809 0.014285714285714285 0.023809523809523808
2 0.675 0.888095238095238 0.014285714285714285 0.023809523809523808
2 0.6821428571428572 0.8842857142857142 0.014285714285714285 0.023809523809523808
2 0.6885714285714286 0.8804761904761905 0.014285714285714285 0.023809523809523808
2 0.6935714285714286 0.8776190476190476 0.014285714285714285 0.023809523809523808
2 0.705 0.8709523809523809 0.014285714285714285 0.023809523809523808
2 0.7064285714285714 0.8623809523809524 0.014285714285714285 0.023809523809523808
2 0.725 0.8509523809523809 0.014285714285714285 0.023809523809523808
2 0.7378571428571429 0.8471428571428572 0.014285714285714285 0.023809523809523808
2 0.7492857142857143 0.8366666666666667 0.014285714285714285 0.023809523809523808
2 0.755 0.8347619047619048 0.014285714285714285 0.023809523809523808
2 0.7621428571428571 0.8319047619047619 0.014285714285714285 0.023809523809523808
2 0.7664285714285715 0.8271428571428572 0.014285714285714285 0.023809523809523808
2 0.7735714285714286 0.8223809523809524 0.014285714285714285 0.023809523809523808
2 0.7771428571428571 0.8204761904761905 0.014285714285714285 0.023809523809523808
2 0.78 0.8147619047619048 0.014285714285714285 0.023809523809523808
3 0.6985714285714286 0.7747619047619048 0.032857142857142856 0.029523809523809525
3 0.7285714285714285 0.7976190476190477 0.032857142857142856 0.025714285714285714
7 0.8521428571428571 0.83 0.03 0.029523809523809525
7 0.8528571428571429 0.7690476190476191 0.022857142857142857 0.023809523809523808
0 0.8685714285714285 0.7509523809523809 0.005714285714285714 0.02
3 0.7760714285714285 0.770952380952381 0.027857142857142858 0.025714285714285714
3 0.7321428571428571 0.7590476190476191 0.03142857142857143 0.02857142857142857
3 0.7625 0.7457142857142857 0.02642857142857143 0.024761904761904763
0 0.7192857142857143 0.7161904761904762 0.004285714285714286 0.01904761904761905
0 0.7642857142857142 0.700952380952381 0.005714285714285714 0.01904761904761905
3 0.7746428571428572 0.7242857142857143 0.02214285714285714 0.02
3 0.7946428571428571 0.7114285714285714 0.02214285714285714 0.015238095238095238
3 0.7892857142857143 0.731904761904762 0.025714285714285714 0.021904761904761906
3 0.8803571428571428 0.75 0.005 0.018095238095238095
3 0.9071428571428571 0.7276190476190476 0.005714285714285714 0.017142857142857144
3 0.8107142857142857 0.719047619047619 0.022857142857142857 0.02095238095238095
3 0.8589285714285714 0.719047619047619 0.023571428571428573 0.01904761904761905
4 0.8285714285714286 0.710952380952381 0.018571428571428572 0.02
3 0.8435714285714285 0.7061904761904761 0.017142857142857144 0.01619047619047619
3 0.8342857142857143 0.6985714285714286 0.02 0.014285714285714285
3 0.8464285714285714 0.6914285714285714 0.02 0.015238095238095238
3 0.8603571428571428 0.7 0.019285714285714285 0.017142857142857144
0 0.98 0.6785714285714286 0.004285714285714286 0.014285714285714285
9 0.9535714285714286 0.7366666666666667 0.018571428571428572 0.014285714285714285
0 0.9525 0.7276190476190476 0.0035714285714285713 0.013333333333333332
0 0.9471428571428572 0.7261904761904762 0.005714285714285714 0.01619047619047619
3 0.88 0.689047619047619 0.02142857142857143 0.01619047619047619
3 0.8753571428571428 0.6795238095238095 0.023571428571428573 0.01619047619047619
3 0.8967857142857143 0.6819047619047619 0.020714285714285713 0.013333333333333332
4 0.8996428571428572 0.6714285714285714 0.015 0.013333333333333332
3 0.9092857142857143 0.6604761904761904 0.014285714285714285 0.010476190476190476
3 0.9253571428571429 0.6680952380952381 0.016428571428571428 0.012380952380952381
3 0.9403571428571429 0.66 0.015 0.011428571428571429
3 0.9253571428571429 0.6552380952380953 0.015 0.011428571428571429
0 0.9246428571428571 0.6452380952380953 0.002142857142857143 0.010476190476190476
0 0.9292857142857143 0.6480952380952381 0.0014285714285714286 0.012380952380952381
0 0.9321428571428572 0.6490476190476191 0.002857142857142857 0.010476190476190476
3 0.9125 0.6414285714285715 0.017857142857142856 0.012380952380952381
3 0.9042857142857142 0.6452380952380953 0.015714285714285715 0.012380952380952381
3 0.9128571428571428 0.6352380952380953 0.018571428571428572 0.013333333333333332
5 0.9382142857142857 0.6319047619047619 0.02214285714285714 0.012380952380952381
3 0.9307142857142857 0.6190476190476191 0.011428571428571429 0.009523809523809525
5 0.9507142857142857 0.6257142857142857 0.022857142857142857 0.013333333333333332
3 0.9603571428571429 0.6257142857142857 0.017857142857142856 0.009523809523809525
5 0.9553571428571429 0.6214285714285714 0.02214285714285714 0.012380952380952381
3 0.9392857142857143 0.6514285714285715 0.014285714285714285 0.013333333333333332
3 0.9532142857142857 0.6547619047619048 0.015 0.012380952380952381
4 0.9507142857142857 0.6438095238095238 0.014285714285714285 0.015238095238095238
3 0.9632142857142857 0.6504761904761904 0.016428571428571428 0.011428571428571429
4 0.9803571428571428 0.6395238095238095 0.020714285714285713 0.014285714285714285
3 0.8657142857142857 0.6614285714285715 0.022857142857142857 0.012380952380952381
3 0.8317857142857142 0.6580952380952381 0.016428571428571428 0.009523809523809525
3 0.8171428571428572 0.6542857142857142 0.015714285714285715 0.009523809523809525
3 0.805 0.650952380952381 0.017142857142857144 0.012380952380952381
3 0.7871428571428571 0.6495238095238095 0.015714285714285715 0.011428571428571429
3 0.7671428571428571 0.6604761904761904 0.025714285714285714 0.014285714285714285
3 0.7425 0.6533333333333333 0.02214285714285714 0.013333333333333332
3 0.7471428571428571 0.6442857142857142 0.017142857142857144 0.010476190476190476
3 0.7321428571428571 0.638095238095238 0.014285714285714285 0.009523809523809525
3 0.7114285714285714 0.6480952380952381 0.02 0.012380952380952381
3 0.6810714285714285 0.64 0.019285714285714285 0.011428571428571429
3 0.6171428571428571 0.6247619047619047 0.015714285714285715 0.009523809523809525
3 0.4664285714285714 0.5919047619047619 0.012857142857142857 0.006666666666666666
3 0.45285714285714285 0.5885714285714285 0.01 0.005714285714285714
3 0.4425 0.5866666666666667 0.010714285714285714 0.005714285714285714
