3 0.6531837160751565 0.8761595547309833 0.02974947807933194 0.11410018552875696
3 0.5521920668058454 0.8348794063079777 0.030271398747390394 0.10760667903525047
3 0.656054279749478 0.6312615955473099 0.027139874739039664 0.09369202226345083
3 0.7586116910229644 0.687847866419295 0.02661795407098121 0.08998144712430427
3 0.5618475991649269 0.5185528756957328 0.05271398747390396 0.05194805194805195
3 0.34812108559498955 0.5194805194805195 0.03444676409185803 0.07606679035250465
3 0.3241127348643006 0.5074211502782932 0.03444676409185803 0.07792207792207792
3 0.2332985386221294 0.47680890538033394 0.03549060542797494 0.07606679035250465
3 0.15631524008350728 0.4466604823747681 0.03705636743215031 0.07699443413729128
3 0.06967640918580376 0.4165120593692022 0.04436325678496868 0.07421150278293136
3 0.03444676409185803 0.38868274582560297 0.044885177453027135 0.0705009276437848
3 0.015135699373695197 0.3807977736549165 0.030271398747390394 0.06215213358070501
0 0.8186325678496867 0.686456400742115 0.009916492693110646 0.022263450834879406
1 0.8191544885177452 0.6855287569573284 0.0036534446764091852 0.014842300556586271
1 0.789144050104384 0.6846011131725418 0.0073068893528183704 0.011131725417439703
1 0.8042797494780792 0.7017625231910947 0.012526096033402922 0.02504638218923933
0 0.8055845511482254 0.7286641929499073 0.014091858037578286 0.03432282003710575
0 0.8267223382045928 0.7022263450834879 0.013569937369519832 0.022263450834879406
3 0.44024008350730687 0.48747680890538037 0.05480167014613778 0.05844155844155844
3 0.45511482254697283 0.4573283858998145 0.04697286012526095 0.05009276437847866
3 0.464509394572025 0.424860853432282 0.043841336116910226 0.05380333951762523
3 0.4939979123173277 0.36363636363636365 0.04227557411273486 0.0463821892393321
3 0.5031315240083507 0.33441558441558444 0.03549060542797494 0.043599257884972174
3 0.5185281837160751 0.30194805194805197 0.0360125260960334 0.04730983302411874
3 0.5456680584551148 0.23840445269016697 0.03914405010438413 0.0463821892393321
3 0.55401878914405 0.21057513914656772 0.03810020876826722 0.04452690166975881
3 0.6461377870563674 0.13636363636363635 0.016701461377870562 0.04267161410018553
3 0.6252609603340291 0.13126159554730985 0.01774530271398747 0.045454545454545456
3 0.7092901878914404 0.15584415584415584 0.020876826722338204 0.0463821892393321
3 0.6249999999999999 0.30936920222634506 0.03810020876826722 0.036178107606679034
3 0.6411795407098121 0.2662337662337662 0.02661795407098121 0.04452690166975881
3 0.781054279749478 0.17578849721706866 0.028705636743215027 0.045454545454545456
3 0.4832985386221294 0.10250463821892393 0.025052192066805843 0.05473098330241188
