5 0.18535714285714286 0.9804761904761905 0.039285714285714285 0.035238095238095235
5 0.3221428571428571 0.7490476190476191 0.025714285714285714 0.06190476190476191
5 0.3914285714285714 0.6009523809523809 0.032857142857142856 0.024761904761904763
5 0.3842857142857143 0.4661904761904762 0.02 0.039047619047619046
5 0.4139285714285714 0.3742857142857143 0.012142857142857143 0.02095238095238095
5 0.34785714285714286 0.3304761904761905 0.014285714285714285 0.022857142857142857
5 0.3896428571428571 0.27904761904761904 0.015 0.030476190476190476
5 0.3707142857142857 0.29428571428571426 0.008571428571428572 0.013333333333333332
5 0.02035714285714286 0.6028571428571429 0.025 0.03619047619047619
5 0.0575 0.2623809523809524 0.027857142857142858 0.014285714285714285
5 0.18428571428571427 0.19238095238095237 0.01 0.009523809523809525
5 0.18142857142857144 0.1880952380952381 0.017142857142857144 0.02
5 0.17285714285714285 0.18476190476190477 0.015714285714285715 0.022857142857142857
5 0.16892857142857143 0.18333333333333332 0.019285714285714285 0.023809523809523808
3 0.24392857142857144 0.9066666666666666 0.025 0.017142857142857144
3 0.2739285714285714 0.8847619047619047 0.017857142857142856 0.03428571428571429
3 0.21607142857142858 0.8666666666666667 0.016428571428571428 0.030476190476190476
4 0.23035714285714284 0.6038095238095238 0.012142857142857143 0.017142857142857144
3 0.40285714285714286 0.5185714285714286 0.015714285714285715 0.012380952380952381
3 0.4017857142857143 0.5114285714285715 0.016428571428571428 0.011428571428571429
3 0.4039285714285714 0.5042857142857143 0.015 0.008571428571428572
3 0.4064285714285714 0.490952380952381 0.012857142857142857 0.010476190476190476
3 0.42214285714285715 0.3995238095238095 0.014285714285714285 0.010476190476190476
3 0.3242857142857143 0.17238095238095238 0.008571428571428572 0.005714285714285714
3 0.42892857142857144 0.21 0.005 0.006666666666666666
3 0.4367857142857143 0.14952380952380953 0.0035714285714285713 0.005714285714285714
3 0.4425 0.1657142857142857 0.005 0.005714285714285714
3 0.4407142857142857 0.17142857142857143 0.004285714285714286 0.005714285714285714
3 0.43714285714285717 0.17523809523809525 0.004285714285714286 0.005714285714285714
8 0.42428571428571427 0.16714285714285715 0.008571428571428572 0.014285714285714285
8 0.485 0.05523809523809524 0.005714285714285714 0.009523809523809525
