3 0.3003571428571429 0.14530456852791876 0.015 0.024111675126903553
3 0.415 0.029187817258883246 0.007142857142857143 0.015228426395939085
5 0.41892857142857143 0.06725888324873096 0.012142857142857143 0.06091370558375634
3 0.42142857142857143 0.10342639593908629 0.008571428571428572 0.016497461928934008
3 0.42178571428571426 0.14022842639593908 0.009285714285714286 0.019035532994923856
3 0.42607142857142855 0.16751269035532992 0.009285714285714286 0.02030456852791878
3 0.42214285714285715 0.1947969543147208 0.01 0.021573604060913704
3 0.42928571428571427 0.22017766497461927 0.008571428571428572 0.021573604060913704
3 0.42678571428571427 0.24238578680203043 0.009285714285714286 0.02284263959390863
3 0.43464285714285716 0.26840101522842635 0.009285714285714286 0.021573604060913704
4 0.4257142857142857 0.2880710659898477 0.01 0.027918781725888322
3 0.43785714285714283 0.3128172588832487 0.01 0.024111675126903553
3 0.42714285714285716 0.3394670050761421 0.01 0.029187817258883246
5 0.4282142857142857 0.37246192893401014 0.012142857142857143 0.04695431472081218
3 0.44142857142857145 0.35406091370558374 0.01 0.02284263959390863
3 0.4421428571428571 0.4029187817258883 0.011428571428571429 0.029187817258883246
8 0.4317857142857143 0.45177664974619286 0.016428571428571428 0.09644670050761421
5 0.44857142857142857 0.46573604060913704 0.015714285714285715 0.055837563451776644
3 0.43357142857142855 0.5406091370558376 0.011428571428571429 0.03807106598984771
3 0.485 0.36167512690355325 0.011428571428571429 0.03807106598984771
3 0.46035714285714285 0.25571065989847713 0.009285714285714286 0.024111675126903553
3 0.47035714285714286 0.2049492385786802 0.009285714285714286 0.026649746192893398
4 0.43535714285714283 0.6002538071065989 0.013571428571428571 0.04060913705583756
5 0.4542857142857143 0.5939086294416244 0.018571428571428572 0.08375634517766496
3 0.4375 0.6611675126903552 0.012142857142857143 0.04568527918781726
3 0.45571428571428574 0.6903553299492385 0.012857142857142857 0.04314720812182741
3 0.4417857142857143 0.7303299492385786 0.015 0.04695431472081218
3 0.46214285714285713 0.7658629441624365 0.014285714285714285 0.04695431472081218
3 0.44535714285714284 0.8807106598984771 0.015 0.053299492385786795
4 0.4685714285714286 0.9213197969543147 0.015714285714285715 0.05837563451776649
3 0.45 0.9758883248730964 0.015714285714285715 0.04568527918781726
3 0.4807142857142857 0.5019035532994923 0.012857142857142857 0.04187817258883248
3 0.4546428571428571 0.1751269035532995 0.009285714285714286 0.025380710659898477
5 0.46035714285714285 0.08946700507614212 0.013571428571428571 0.049492385786802026
