3 0.5792857142857143 0.8938095238095238 0.02857142857142857 0.07904761904761905
3 0.6210714285714286 0.8361904761904762 0.025 0.07428571428571429
3 0.6232142857142857 0.6857142857142857 0.023571428571428573 0.047619047619047616
3 0.5864285714285714 0.65 0.02142857142857143 0.05238095238095238
3 0.6135714285714285 0.54 0.018571428571428572 0.0419047619047619
3 0.5910714285714286 0.46095238095238095 0.016428571428571428 0.03238095238095238
3 0.5392857142857143 0.49714285714285716 0.02 0.05333333333333333
3 0.6078571428571429 0.3995238095238095 0.014285714285714285 0.023809523809523808
0 0.35035714285714287 0.6466666666666666 0.0064285714285714285 0.030476190476190476
0 0.3578571428571429 0.6452380952380953 0.005714285714285714 0.025714285714285714
3 0.36142857142857143 0.48095238095238096 0.05714285714285714 0.0380952380952381
3 0.5660714285714286 0.3404761904761905 0.012142857142857143 0.029523809523809525
3 0.5767857142857142 0.259047619047619 0.010714285714285714 0.022857142857142857
4 0.5528571428571428 0.2938095238095238 0.011428571428571429 0.02761904761904762
3 0.5782142857142857 0.19380952380952382 0.009285714285714286 0.02
3 0.57 0.1419047619047619 0.014285714285714285 0.015238095238095238
3 0.5839285714285715 0.11619047619047619 0.007857142857142858 0.011428571428571429
3 0.5985714285714285 0.12714285714285714 0.014285714285714285 0.014285714285714285
3 0.6085714285714285 0.01904761904761905 0.008571428571428572 0.007619047619047619
3 0.5664285714285714 0.018571428571428572 0.004285714285714286 0.006666666666666666
3 0.5678571428571428 0.010476190476190476 0.004285714285714286 0.005714285714285714
9 0.5832142857142857 0.02619047619047619 0.002142857142857143 0.006666666666666666
3 0.5592857142857143 0.045714285714285714 0.005714285714285714 0.009523809523809525
3 0.5610714285714286 0.03761904761904762 0.007857142857142858 0.008571428571428572
3 0.5482142857142858 0.09904761904761905 0.007857142857142858 0.007619047619047619
3 0.5489285714285714 0.08952380952380952 0.0064285714285714285 0.007619047619047619
3 0.5571428571428572 0.06333333333333334 0.007142857142857143 0.010476190476190476
3 0.5228571428571429 0.18857142857142858 0.012857142857142857 0.013333333333333332
3 0.6714285714285714 0.40476190476190477 0.015714285714285715 0.02857142857142857
3 0.6685714285714286 0.37285714285714283 0.014285714285714285 0.02761904761904762
9 0.6532142857142857 0.43333333333333335 0.005 0.01904761904761905
0 0.7203571428571428 0.4757142857142857 0.005 0.02
0 0.6610714285714285 0.3 0.005 0.011428571428571429
3 0.6328571428571429 0.014761904761904763 0.005714285714285714 0.008571428571428572
0 0.6325 0.08714285714285715 0.002142857142857143 0.008571428571428572
3 0.6367857142857143 0.05761904761904762 0.005 0.006666666666666666
3 0.6360714285714286 0.05095238095238095 0.0064285714285714285 0.006666666666666666
3 0.6239285714285714 0.0380952380952381 0.012142857142857143 0.007619047619047619
9 0.6282142857142857 0.055714285714285716 0.002142857142857143 0.006666666666666666
9 0.6317857142857143 0.06571428571428571 0.002142857142857143 0.007619047619047619
0 0.6453571428571429 0.19238095238095237 0.0035714285714285713 0.011428571428571429
3 0.6657142857142857 0.026666666666666665 0.008571428571428572 0.007619047619047619
3 0.6660714285714285 0.03619047619047619 0.007857142857142858 0.007619047619047619
1 0.6289285714285714 0.054285714285714284 0.002142857142857143 0.0038095238095238095
1 0.6317857142857143 0.06380952380952382 0.002142857142857143 0.0038095238095238095
1 0.6525 0.4276190476190476 0.005 0.011428571428571429
