0 0.1775 0.5828571428571429 0.013571428571428571 0.03619047619047619
0 0.075 0.6595238095238095 0.02 0.040952380952380955
0 0.27035714285714285 0.6895238095238095 0.0064285714285714285 0.022857142857142857
0 0.2617857142857143 0.6933333333333334 0.009285714285714286 0.024761904761904763
3 0.24642857142857144 0.960952380952381 0.032857142857142856 0.049523809523809526
3 0.5414285714285715 0.8714285714285714 0.05857142857142857 0.13714285714285715
3 0.5221428571428571 0.7080952380952381 0.06285714285714286 0.12095238095238095
0 0.5432142857142858 0.06 0.007857142857142858 0.026666666666666665
3 0.6253571428571428 0.04666666666666667 0.029285714285714286 0.045714285714285714
3 0.7271428571428571 0.10952380952380952 0.032857142857142856 0.05333333333333333
5 0.7057142857142857 0.18 0.027142857142857142 0.05142857142857143
3 0.6707142857142857 0.27904761904761904 0.037142857142857144 0.06666666666666667
3 0.6289285714285714 0.3980952380952381 0.04642857142857143 0.0838095238095238
3 0.6435714285714286 0.4938095238095238 0.05285714285714286 0.0980952380952381
3 0.5942857142857143 0.6571428571428571 0.04857142857142857 0.12380952380952381
3 0.9339285714285714 0.034761904761904765 0.04214285714285714 0.039047619047619046
3 0.9071428571428571 0.1538095238095238 0.025714285714285714 0.04857142857142857
