4 0.3092857142857143 0.8066666666666666 0.07714285714285714 0.12380952380952381
4 0.38142857142857145 0.7061904761904761 0.07142857142857142 0.1
3 0.12821428571428573 0.8657142857142857 0.10928571428571429 0.08571428571428572
9 0.3367857142857143 0.920952380952381 0.056428571428571425 0.09904761904761905
3 0.4303571428571429 0.6276190476190476 0.06642857142857143 0.09714285714285714
3 0.27785714285714286 0.5252380952380953 0.05857142857142857 0.04857142857142857
3 0.30892857142857144 0.4957142857142857 0.07357142857142857 0.05238095238095238
3 0.32857142857142857 0.43761904761904763 0.06 0.06571428571428571
3 0.39357142857142857 0.4076190476190476 0.06571428571428571 0.045714285714285714
3 0.4957142857142857 0.5295238095238095 0.05285714285714286 0.07047619047619047
3 0.5428571428571428 0.45904761904761904 0.04428571428571428 0.05714285714285714
3 0.49392857142857144 0.29 0.047857142857142855 0.025714285714285714
4 0.5171428571428571 0.2623809523809524 0.041428571428571426 0.025714285714285714
5 0.55 0.23333333333333334 0.03857142857142857 0.022857142857142857
3 0.5642857142857143 0.22428571428571428 0.03428571428571429 0.021904761904761906
3 0.58 0.2119047619047619 0.03428571428571429 0.02
3 0.6085714285714285 0.17952380952380953 0.022857142857142857 0.014285714285714285
3 0.6157142857142857 0.1742857142857143 0.024285714285714285 0.017142857142857144
3 0.6232142857142857 0.16380952380952382 0.023571428571428573 0.013333333333333332
3 0.6007142857142858 0.19142857142857142 0.022857142857142857 0.017142857142857144
3 0.59 0.12142857142857143 0.014285714285714285 0.02
3 0.6053571428571428 0.12333333333333334 0.016428571428571428 0.02
3 0.5753571428571429 0.12 0.013571428571428571 0.017142857142857144
3 0.6367857142857143 0.1442857142857143 0.02214285714285714 0.014285714285714285
3 0.6471428571428571 0.13428571428571429 0.02 0.013333333333333332
3 0.6596428571428572 0.12666666666666668 0.020714285714285713 0.013333333333333332
3 0.6675 0.1219047619047619 0.020714285714285713 0.013333333333333332
5 0.5742857142857143 0.4033333333333333 0.03571428571428571 0.04666666666666667
3 0.5946428571428571 0.3680952380952381 0.03785714285714286 0.037142857142857144
3 0.6146428571428572 0.3380952380952381 0.03214285714285714 0.04380952380952381
3 0.6310714285714286 0.3161904761904762 0.030714285714285715 0.0380952380952381
3 0.6428571428571429 0.2919047619047619 0.027142857142857142 0.029523809523809525
3 0.6596428571428572 0.2723809523809524 0.025 0.02857142857142857
3 0.6710714285714285 0.24904761904761905 0.023571428571428573 0.023809523809523808
5 0.6825 0.23285714285714285 0.02214285714285714 0.025714285714285714
3 0.6925 0.2195238095238095 0.019285714285714285 0.023809523809523808
4 0.6971428571428572 0.20047619047619047 0.027142857142857142 0.02761904761904762
3 0.7214285714285714 0.06571428571428571 0.014285714285714285 0.011428571428571429
3 0.7553571428571428 0.12380952380952381 0.012142857142857143 0.013333333333333332
3 0.7828571428571428 0.08047619047619048 0.01 0.006666666666666666
3 0.8175 0.026666666666666665 0.009285714285714286 0.007619047619047619
3 0.6964285714285714 0.0761904761904762 0.012857142857142857 0.009523809523809525
3 0.8182142857142857 0.020476190476190478 0.007857142857142858 0.008571428571428572
3 0.7857142857142857 0.07285714285714286 0.011428571428571429 0.010476190476190476
3 0.7496428571428572 0.13380952380952382 0.013571428571428571 0.01619047619047619
3 0.8260714285714286 0.25666666666666665 0.019285714285714285 0.02761904761904762
3 0.8207142857142857 0.18 0.018571428571428572 0.024761904761904763
3 0.8453571428571428 0.06285714285714286 0.009285714285714286 0.011428571428571429
3 0.8607142857142858 0.049523809523809526 0.008571428571428572 0.009523809523809525
3 0.8810714285714286 0.030952380952380953 0.0064285714285714285 0.008571428571428572
3 0.8742857142857143 0.005714285714285714 0.007142857142857143 0.009523809523809525
3 0.8892857142857142 0.0038095238095238095 0.005714285714285714 0.007619047619047619
3 0.8785714285714286 0.06571428571428571 0.007142857142857143 0.009523809523809525
3 0.8896428571428572 0.05142857142857143 0.007857142857142858 0.009523809523809525
3 0.8860714285714286 0.07333333333333333 0.009285714285714286 0.011428571428571429
3 0.9085714285714286 0.1838095238095238 0.015714285714285715 0.02095238095238095
3 0.9835714285714285 0.16238095238095238 0.015714285714285715 0.01619047619047619
3 0.9496428571428571 0.09476190476190476 0.010714285714285714 0.010476190476190476
3 0.8625 0.002857142857142857 0.007857142857142858 0.005714285714285714
3 0.8821428571428571 0.003333333333333333 0.005714285714285714 0.006666666666666666
9 0.9614285714285714 0.10333333333333333 0.004285714285714286 0.012380952380952381
9 0.98 0.2061904761904762 0.005714285714285714 0.01619047619047619
9 0.995 0.23142857142857143 0.007142857142857143 0.017142857142857144
1 0.9617857142857142 0.10047619047619048 0.0035714285714285713 0.006666666666666666
1 0.98 0.20238095238095238 0.005714285714285714 0.006666666666666666
1 0.9957142857142857 0.2276190476190476 0.004285714285714286 0.011428571428571429
