4 0.5007142857142857 0.782994923857868 0.017142857142857144 0.053299492385786795
0 0.6310714285714286 0.7696700507614213 0.005 0.024111675126903553
4 0.6528571428571428 0.6618020304568527 0.017142857142857144 0.049492385786802026
3 0.46964285714285714 0.6395939086294415 0.013571428571428571 0.027918781725888322
3 0.4542857142857143 0.6040609137055837 0.012857142857142857 0.02284263959390863
4 0.42678571428571427 0.5805837563451777 0.013571428571428571 0.026649746192893398
3 0.46535714285714286 0.48540609137055835 0.010714285714285714 0.019035532994923856
3 0.56 0.5361675126903553 0.011428571428571429 0.024111675126903553
4 0.5053571428571428 0.449238578680203 0.010714285714285714 0.027918781725888322
3 0.5064285714285715 0.416243654822335 0.008571428571428572 0.017766497461928932
3 0.5164285714285715 0.3445431472081218 0.008571428571428572 0.011421319796954314
4 0.5278571428571428 0.3343908629441624 0.007142857142857143 0.016497461928934008
3 0.5075 0.2975888324873096 0.0064285714285714285 0.013959390862944161
3 0.48428571428571426 0.28172588832487305 0.005714285714285714 0.012690355329949238
3 0.515 0.27538071065989844 0.005714285714285714 0.012690355329949238
4 0.6821428571428572 0.5431472081218274 0.02857142857142857 0.025380710659898477
4 0.7378571428571429 0.5380710659898477 0.03 0.027918781725888322
