3 0.6121428571428571 0.5304761904761904 0.05714285714285714 0.049523809523809526
3 0.5260714285714285 0.3980952380952381 0.062142857142857146 0.0380952380952381
0 0.5371428571428571 0.4919047619047619 0.01 0.012380952380952381
0 0.5482142857142858 0.4876190476190476 0.007857142857142858 0.007619047619047619
0 0.4614285714285714 0.430952380952381 0.01 0.010476190476190476
0 0.46714285714285714 0.4257142857142857 0.008571428571428572 0.013333333333333332
3 0.5057142857142857 0.35095238095238096 0.06285714285714286 0.040952380952380955
2 0.47035714285714286 0.3376190476190476 0.012142857142857143 0.025714285714285714
3 0.4903571428571429 0.30238095238095236 0.06357142857142857 0.04476190476190476
9 0.4825 0.26095238095238094 0.019285714285714285 0.01904761904761905
9 0.4253571428571429 0.2342857142857143 0.016428571428571428 0.024761904761904763
6 0.4467857142857143 0.2276190476190476 0.030714285714285715 0.03619047619047619
4 0.4282142857142857 0.2038095238095238 0.05785714285714286 0.05714285714285714
3 0.4060714285714286 0.17 0.05928571428571429 0.06190476190476191
9 0.31535714285714284 0.1661904761904762 0.020714285714285713 0.025714285714285714
1 0.3117857142857143 0.16095238095238096 0.013571428571428571 0.011428571428571429
3 0.3875 0.13285714285714287 0.062142857142857146 0.06
7 0.36714285714285716 0.08761904761904762 0.04857142857142857 0.049523809523809526
7 0.3407142857142857 0.030476190476190476 0.054285714285714284 0.05333333333333333
3 0.30607142857142855 0.015714285714285715 0.05357142857142857 0.03142857142857143
9 0.15678571428571428 0.018571428571428572 0.016428571428571428 0.037142857142857144
1 0.15678571428571428 0.012857142857142857 0.012142857142857143 0.021904761904761906
