3 0.19535714285714287 0.10238095238095238 0.023571428571428573 0.05238095238095238
3 0.28714285714285714 0.2123809523809524 0.03 0.05142857142857143
9 0.3557142857142857 0.08095238095238096 0.007142857142857143 0.024761904761904763
0 0.0875 0.3357142857142857 0.012142857142857143 0.037142857142857144
3 0.21892857142857142 0.3466666666666667 0.029285714285714286 0.08952380952380952
3 0.30857142857142855 0.3233333333333333 0.03428571428571429 0.058095238095238096
3 0.34535714285714286 0.45666666666666667 0.04071428571428572 0.07904761904761905
3 0.2935714285714286 0.49523809523809526 0.03857142857142857 0.09142857142857143
3 0.31857142857142856 0.6152380952380953 0.045714285714285714 0.09904761904761905
3 0.2842857142857143 0.7566666666666667 0.04857142857142857 0.12476190476190477
3 0.44285714285714284 0.9219047619047619 0.06571428571428571 0.13904761904761906
3 0.37142857142857144 0.62 0.054285714285714284 0.09904761904761905
3 0.435 0.19952380952380952 0.045714285714285714 0.054285714285714284
3 0.5553571428571429 0.09238095238095238 0.04928571428571429 0.0380952380952381
9 0.3807142857142857 0.2119047619047619 0.011428571428571429 0.02761904761904762
9 0.4735714285714286 0.03428571428571429 0.017142857142857144 0.015238095238095238
9 0.4857142857142857 0.047142857142857146 0.017142857142857144 0.01619047619047619
0 0.4907142857142857 0.04619047619047619 0.004285714285714286 0.021904761904761906
0 0.5078571428571429 0.17238095238095238 0.005714285714285714 0.022857142857142857
0 0.49857142857142855 0.1838095238095238 0.005714285714285714 0.02095238095238095
0 0.46964285714285714 0.2123809523809524 0.005 0.02095238095238095
0 0.4832142857142857 0.2061904761904762 0.005 0.021904761904761906
0 0.47785714285714287 0.21 0.005714285714285714 0.02761904761904762
5 0.6064285714285714 0.13047619047619047 0.04285714285714286 0.0419047619047619
0 0.7603571428571428 0.5623809523809524 0.010714285714285714 0.03142857142857143
0 0.7460714285714286 0.5452380952380952 0.012142857142857143 0.03142857142857143
1 0.475 0.029047619047619048 0.002857142857142857 0.012380952380952381
1 0.4789285714285714 0.02857142857142857 0.0035714285714285713 0.013333333333333332
1 0.48642857142857143 0.0419047619047619 0.002857142857142857 0.013333333333333332
1 0.3560714285714286 0.07761904761904762 0.005 0.01619047619047619
1 0.38035714285714284 0.20523809523809525 0.007857142857142858 0.01619047619047619
