0 0.186 0.6739999999999999 0.007 0.017333333333333333
3 0.20125 0.6873333333333334 0.0385 0.024
3 0.24975 0.8416666666666667 0.0345 0.024666666666666667
3 0.302 0.846 0.037 0.026666666666666665
3 0.35575 0.8466666666666667 0.0415 0.028
3 0.41100000000000003 0.8486666666666667 0.039 0.026666666666666665
3 0.462 0.8546666666666667 0.045 0.028
3 0.40075 0.9076666666666666 0.0485 0.02733333333333333
3 0.459 0.9126666666666666 0.044 0.028
3 0.51625 0.9189999999999999 0.0495 0.03266666666666666
2 0.51275 0.856 0.0155 0.013333333333333332
3 0.56425 0.8586666666666667 0.0375 0.026666666666666665
3 0.6165 0.861 0.046 0.028666666666666667
3 0.62675 0.9229999999999999 0.0485 0.024666666666666667
3 0.68075 0.9256666666666666 0.0385 0.02333333333333333
3 0.6677500000000001 0.849 0.0345 0.04066666666666666
3 0.8585 0.8726666666666666 0.049 0.029333333333333333
3 0.80725 0.8686666666666666 0.0455 0.030666666666666665
3 0.895 0.7066666666666667 0.02 0.03333333333333333
3 0.87875 0.6226666666666666 0.021500000000000002 0.032
3 0.897 0.5736666666666667 0.026000000000000002 0.02333333333333333
3 0.90225 0.5466666666666666 0.0165 0.018666666666666665
3 0.806 0.48633333333333334 0.014 0.018
3 0.8255 0.5013333333333333 0.026000000000000002 0.018666666666666665
3 0.78 0.4343333333333333 0.015 0.022
3 0.7715 0.4003333333333333 0.018000000000000002 0.014
3 0.76675 0.38266666666666665 0.0135 0.013333333333333332
3 0.738 0.39 0.011 0.012
3 0.67475 0.39699999999999996 0.0095 0.014
3 0.68575 0.39799999999999996 0.0095 0.016
3 0.69475 0.39466666666666667 0.0135 0.014666666666666666
3 0.67275 0.38566666666666666 0.0175 0.015333333333333332
3 0.669 0.373 0.015 0.012666666666666666
3 0.665 0.35866666666666663 0.015 0.012
3 0.26725 0.46599999999999997 0.0125 0.018666666666666665
3 0.69325 0.18566666666666667 0.0105 0.007333333333333333
3 0.7055 0.18533333333333332 0.01 0.006666666666666666
3 0.7205 0.186 0.01 0.008
3 0.7315 0.18733333333333332 0.01 0.006666666666666666
8 0.74975 0.191 0.0285 0.012666666666666666
3 0.64975 0.6036666666666667 0.0155 0.026
3 0.6325000000000001 0.646 0.026000000000000002 0.018666666666666665
3 0.638 0.6726666666666666 0.037 0.02
4 0.64075 0.6913333333333334 0.0335 0.024
4 0.64125 0.74 0.0395 0.025333333333333333
3 0.6435 0.76 0.04 0.024
