3 0.6042857142857143 0.5431472081218274 0.09714285714285714 0.11928934010152284
3 0.41535714285714287 0.4473350253807106 0.09642857142857143 0.12055837563451775
3 0.42142857142857143 0.6167512690355329 0.09 0.11675126903553298
8 0.10607142857142857 0.35342639593908626 0.10071428571428571 0.14340101522842638
5 0.10357142857142858 0.12246192893401014 0.10571428571428572 0.13578680203045684
3 0.2642857142857143 0.8331218274111675 0.054285714285714284 0.11040609137055837
8 0.3289285714285714 0.07804568527918782 0.08214285714285714 0.13578680203045684
8 0.2775 0.07106598984771573 0.07071428571428572 0.11167512690355329
0 0.10214285714285715 0.6383248730964467 0.017142857142857144 0.035532994923857864
0 0.08785714285714286 0.633248730964467 0.011428571428571429 0.02284263959390863
0 0.06 0.5418781725888324 0.014285714285714285 0.027918781725888322
0 0.055 0.5507614213197969 0.017142857142857144 0.032994923857868015
3 0.2417857142857143 0.6840101522842639 0.04214285714285714 0.08375634517766496
8 0.2117857142857143 0.031725888324873094 0.07357142857142857 0.06345177664974619
2 0.4235714285714286 0.09581218274111675 0.017142857142857144 0.031725888324873094
3 0.026071428571428572 0.39403553299492383 0.03642857142857143 0.052030456852791875
