0 0.6645 0.7153333333333333 0.03 0.04
1 0.0935 0.641 0.025 0.02733333333333333
1 0.074 0.6436666666666666 0.027 0.026
3 0.06275 0.31866666666666665 0.0815 0.056
3 0.17875 0.25 0.0655 0.042666666666666665
3 0.021750000000000002 0.11133333333333333 0.043500000000000004 0.030666666666666665
0 0.09725 0.08633333333333333 0.0105 0.02333333333333333
3 0.075 0.09066666666666666 0.046 0.028
5 0.24 0.30266666666666664 0.053 0.076
2 0.21425 0.29166666666666663 0.021500000000000002 0.024666666666666667
3 0.5065000000000001 0.47 0.046 0.10533333333333333
4 0.9590000000000001 0.571 0.082 0.06333333333333332
3 0.9400000000000001 0.48866666666666664 0.1 0.058666666666666666
3 0.90425 0.4453333333333333 0.0995 0.06
3 0.927 0.063 0.044 0.024666666666666667
3 0.86625 0.064 0.0415 0.025333333333333333
0 0.8745 0.04033333333333333 0.008 0.022
0 0.86575 0.04033333333333333 0.0075 0.020666666666666667
0 0.83325 0.008 0.0075 0.016
1 0.72375 0.053 0.0075 0.019333333333333334
1 0.7222500000000001 0.055 0.0095 0.020666666666666667
9 0.723 0.057666666666666665 0.009000000000000001 0.02333333333333333
3 0.69525 0.4333333333333333 0.0555 0.08
0 0.739 0.368 0.013000000000000001 0.03866666666666667
0 0.7145 0.33766666666666667 0.011 0.035333333333333335
1 0.6195 0.322 0.012 0.029333333333333333
9 0.6195 0.3283333333333333 0.012 0.03266666666666666
3 0.44025000000000003 0.318 0.0545 0.06133333333333333
3 0.5720000000000001 0.18766666666666665 0.058 0.03933333333333333
1 0.515 0.223 0.01 0.026
9 0.51575 0.22733333333333333 0.0195 0.021333333333333333
3 0.243 0.21633333333333332 0.062 0.033999999999999996
3 0.3325 0.15833333333333333 0.045 0.038
0 0.313 0.08166666666666667 0.008 0.024666666666666667
0 0.32525 0.07833333333333332 0.0075 0.024666666666666667
4 0.31675000000000003 0.066 0.0375 0.034666666666666665
3 0.50075 0.042333333333333334 0.0165 0.026
3 0.498 0.02333333333333333 0.016 0.024
3 0.49125 0.007 0.0135 0.014
