5 0.016428571428571428 0.06142857142857143 0.032857142857142856 0.12285714285714286
3 0.43642857142857144 0.32095238095238093 0.06142857142857143 0.10666666666666666
0 0.5653571428571429 0.27714285714285714 0.012142857142857143 0.045714285714285714
0 0.5417857142857143 0.23714285714285716 0.010714285714285714 0.047619047619047616
2 0.5471428571428572 0.24095238095238095 0.022857142857142857 0.04
3 0.5089285714285714 0.4638095238095238 0.015 0.0380952380952381
3 0.6260714285714286 0.4114285714285714 0.013571428571428571 0.05142857142857143
3 0.6342857142857142 0.6395238095238095 0.13714285714285715 0.09619047619047619
3 0.5364285714285715 0.4014285714285714 0.06285714285714286 0.12285714285714286
4 0.7328571428571429 0.7804761904761904 0.17857142857142858 0.11333333333333333
