0 0.44857142857142857 0.981904761904762 0.022857142857142857 0.03619047619047619
0 0.4471428571428571 0.9071428571428571 0.02142857142857143 0.06952380952380953
0 0.4139285714285714 0.9 0.02214285714285714 0.06285714285714286
0 0.3921428571428571 0.9057142857142857 0.024285714285714285 0.06476190476190476
9 0.3707142857142857 0.8657142857142857 0.024285714285714285 0.06095238095238095
0 0.45571428571428574 0.7638095238095238 0.018571428571428572 0.05714285714285714
0 0.4203571428571429 0.7609523809523809 0.017857142857142856 0.06476190476190476
0 0.39964285714285713 0.76 0.019285714285714285 0.05714285714285714
0 0.47714285714285715 0.8576190476190476 0.02 0.06761904761904762
0 0.5092857142857142 0.7666666666666667 0.014285714285714285 0.06095238095238095
0 0.5239285714285714 0.7633333333333333 0.017857142857142856 0.05619047619047619
0 0.5625 0.8885714285714286 0.019285714285714285 0.06666666666666667
0 0.5746428571428571 0.8733333333333333 0.015 0.06095238095238095
0 0.5503571428571429 0.8766666666666667 0.019285714285714285 0.06761904761904762
0 0.5532142857142857 0.758095238095238 0.019285714285714285 0.05523809523809524
2 0.5542857142857143 0.7766666666666666 0.017142857142857144 0.05047619047619047
9 0.565 0.7147619047619047 0.014285714285714285 0.040952380952380955
0 0.5314285714285715 0.69 0.017142857142857144 0.058095238095238096
0 0.4107142857142857 0.6961904761904761 0.014285714285714285 0.05142857142857143
0 0.56 0.6714285714285714 0.014285714285714285 0.0419047619047619
0 0.5467857142857143 0.6642857142857143 0.010714285714285714 0.04857142857142857
0 0.5589285714285714 0.659047619047619 0.012142857142857143 0.04
0 0.5178571428571429 0.6319047619047619 0.012857142857142857 0.05047619047619047
0 0.505 0.6209523809523809 0.014285714285714285 0.04380952380952381
0 0.49142857142857144 0.6204761904761905 0.011428571428571429 0.04666666666666667
0 0.4853571428571429 0.5676190476190476 0.012142857142857143 0.03619047619047619
0 0.4739285714285714 0.5695238095238095 0.010714285714285714 0.0380952380952381
0 0.4407142857142857 0.5714285714285714 0.01 0.0380952380952381
0 0.41285714285714287 0.5885714285714285 0.014285714285714285 0.04
0 0.4067857142857143 0.599047619047619 0.007857142857142858 0.04
0 0.39785714285714285 0.6533333333333333 0.011428571428571429 0.04380952380952381
0 0.3992857142857143 0.6428571428571429 0.01 0.0419047619047619
0 0.5303571428571429 0.59 0.010714285714285714 0.04476190476190476
0 0.5435714285714286 0.5895238095238096 0.007142857142857143 0.0380952380952381
0 0.5314285714285715 0.5728571428571428 0.01 0.039047619047619046
0 0.5210714285714285 0.5166666666666667 0.007857142857142858 0.035238095238095235
0 0.5303571428571429 0.5171428571428571 0.009285714285714286 0.0380952380952381
0 0.5360714285714285 0.5423809523809524 0.007857142857142858 0.037142857142857144
0 0.5417857142857143 0.5380952380952381 0.0064285714285714285 0.03428571428571429
0 0.5092857142857142 0.5114285714285715 0.01 0.03619047619047619
0 0.5125 0.5 0.0064285714285714285 0.03238095238095238
0 0.5225 0.4880952380952381 0.0064285714285714285 0.029523809523809525
0 0.5078571428571429 0.49 0.007142857142857143 0.03333333333333333
0 0.4228571428571429 0.5242857142857142 0.01 0.035238095238095235
0 0.4392857142857143 0.5109523809523809 0.008571428571428572 0.029523809523809525
0 0.45 0.4819047619047619 0.01 0.030476190476190476
0 0.435 0.48714285714285716 0.008571428571428572 0.02761904761904762
0 0.48892857142857143 0.48095238095238096 0.0064285714285714285 0.02857142857142857
0 0.4564285714285714 0.4523809523809524 0.005714285714285714 0.022857142857142857
0 0.45 0.45 0.004285714285714286 0.02
0 0.45714285714285713 0.44476190476190475 0.004285714285714286 0.022857142857142857
0 0.42892857142857144 0.4514285714285714 0.0064285714285714285 0.024761904761904763
0 0.4382142857142857 0.44761904761904764 0.005 0.022857142857142857
0 0.42178571428571426 0.4714285714285714 0.0064285714285714285 0.024761904761904763
0 0.4164285714285714 0.4742857142857143 0.005714285714285714 0.017142857142857144
0 0.4160714285714286 0.49857142857142855 0.0064285714285714285 0.02761904761904762
0 0.4114285714285714 0.4795238095238095 0.005714285714285714 0.025714285714285714
0 0.40464285714285714 0.4661904761904762 0.0064285714285714285 0.023809523809523808
0 0.4014285714285714 0.46095238095238095 0.005714285714285714 0.02095238095238095
0 0.3942857142857143 0.46285714285714286 0.007142857142857143 0.024761904761904763
0 0.5025 0.4361904761904762 0.005 0.024761904761904763
0 0.4664285714285714 0.4276190476190476 0.005714285714285714 0.024761904761904763
0 0.4592857142857143 0.42666666666666664 0.005714285714285714 0.022857142857142857
0 0.4517857142857143 0.43047619047619046 0.005 0.02095238095238095
0 0.44642857142857145 0.43714285714285717 0.004285714285714286 0.022857142857142857
0 0.4392857142857143 0.43952380952380954 0.005714285714285714 0.021904761904761906
0 0.4232142857142857 0.4280952380952381 0.005 0.021904761904761906
0 0.41785714285714287 0.42714285714285716 0.004285714285714286 0.021904761904761906
9 0.48714285714285716 0.4438095238095238 0.007142857142857143 0.017142857142857144
0 0.48678571428571427 0.43857142857142856 0.005 0.01619047619047619
0 0.4907142857142857 0.4195238095238095 0.004285714285714286 0.02
0 0.485 0.42142857142857143 0.004285714285714286 0.021904761904761906
0 0.48035714285714287 0.4076190476190476 0.005 0.02095238095238095
3 0.49642857142857144 0.40523809523809523 0.017142857142857144 0.02
0 0.48142857142857143 0.3980952380952381 0.004285714285714286 0.02095238095238095
0 0.4828571428571429 0.3861904761904762 0.004285714285714286 0.02
0 0.4567857142857143 0.4147619047619048 0.005 0.02
0 0.45321428571428574 0.4104761904761905 0.0035714285714285713 0.02095238095238095
0 0.45 0.4138095238095238 0.005714285714285714 0.023809523809523808
0 0.44035714285714284 0.4138095238095238 0.005 0.021904761904761906
0 0.4235714285714286 0.4042857142857143 0.004285714285714286 0.021904761904761906
0 0.4278571428571429 0.40095238095238095 0.004285714285714286 0.022857142857142857
0 0.48214285714285715 0.3657142857142857 0.002857142857142857 0.015238095238095238
0 0.4860714285714286 0.36523809523809525 0.0035714285714285713 0.01619047619047619
0 0.5 0.37952380952380954 0.004285714285714286 0.018095238095238095
9 0.4625 0.37142857142857144 0.0035714285714285713 0.009523809523809525
9 0.4732142857142857 0.3647619047619048 0.005 0.011428571428571429
0 0.4725 0.35904761904761906 0.0035714285714285713 0.011428571428571429
0 0.4496428571428571 0.5290476190476191 0.0064285714285714285 0.021904761904761906
0 0.45571428571428574 0.5280952380952381 0.007142857142857143 0.023809523809523808
3 0.4525 0.5333333333333333 0.016428571428571428 0.04
0 0.49214285714285716 0.36238095238095236 0.004285714285714286 0.014285714285714285
0 0.47535714285714287 0.3433333333333333 0.0035714285714285713 0.014285714285714285
0 0.43785714285714283 0.37714285714285717 0.002857142857142857 0.015238095238095238
0 0.5096428571428572 0.36666666666666664 0.0035714285714285713 0.013333333333333332
