0 0.055357142857142855 0.016666666666666666 0.029285714285714286 0.03333333333333333
0 0.13357142857142856 0.14285714285714285 0.027142857142857142 0.05142857142857143
0 0.1792857142857143 0.3538095238095238 0.02857142857142857 0.040952380952380955
0 0.2367857142857143 0.58 0.02642857142857143 0.05142857142857143
0 0.3339285714285714 0.590952380952381 0.03357142857142857 0.039047619047619046
0 0.45285714285714285 0.8633333333333333 0.02142857142857143 0.039047619047619046
0 0.6614285714285715 0.5457142857142857 0.024285714285714285 0.05333333333333333
0 0.6821428571428572 0.5657142857142857 0.024285714285714285 0.05142857142857143
0 0.7292857142857143 0.5785714285714286 0.027142857142857142 0.04285714285714286
0 0.8571428571428571 0.7038095238095238 0.03 0.0419047619047619
0 0.905 0.659047619047619 0.032857142857142856 0.047619047619047616
0 0.7889285714285714 0.5095238095238095 0.025 0.049523809523809526
0 0.7757142857142857 0.47523809523809524 0.03428571428571429 0.0380952380952381
0 0.9482142857142857 0.5923809523809523 0.023571428571428573 0.047619047619047616
0 0.9742857142857143 0.5652380952380952 0.025714285714285714 0.054285714285714284
0 0.9392857142857143 0.45476190476190476 0.032857142857142856 0.04285714285714286
0 0.9767857142857143 0.48333333333333334 0.027857142857142858 0.04857142857142857
0 0.9521428571428572 0.37714285714285717 0.032857142857142856 0.0380952380952381
0 0.9417857142857143 0.33095238095238094 0.03642857142857143 0.05238095238095238
0 0.9157142857142857 0.2876190476190476 0.022857142857142857 0.05142857142857143
0 0.8917857142857143 0.2680952380952381 0.02642857142857143 0.039047619047619046
0 0.21035714285714285 0.3357142857142857 0.02642857142857143 0.05619047619047619
0 0.2 0.3514285714285714 0.025714285714285714 0.045714285714285714
9 0.5167857142857143 0.6504761904761904 0.04357142857142857 0.06285714285714286
