3 0.5192857142857142 0.383248730964467 0.02 0.050761421319796954
0 0.42964285714285716 0.4295685279187817 0.007857142857142858 0.031725888324873094
0 0.37214285714285716 0.9486040609137055 0.011428571428571429 0.03934010152284264
3 0.047142857142857146 0.5038071065989848 0.06428571428571428 0.050761421319796954
8 0.17892857142857144 0.4111675126903553 0.07785714285714286 0.07106598984771573
3 0.3 0.3445431472081218 0.05142857142857143 0.04441624365482233
0 0.35285714285714287 0.32170050761421315 0.008571428571428572 0.031725888324873094
0 0.37142857142857144 0.3261421319796954 0.007142857142857143 0.03045685279187817
0 0.435 0.2017766497461929 0.007142857142857143 0.02284263959390863
0 0.4685714285714286 0.19860406091370555 0.007142857142857143 0.024111675126903553
0 0.5160714285714286 0.18210659898477155 0.005 0.024111675126903553
0 0.5296428571428572 0.1611675126903553 0.0064285714285714285 0.03045685279187817
1 0.5257142857142857 0.1814720812182741 0.008571428571428572 0.02284263959390863
0 0.5446428571428571 0.16370558375634517 0.0064285714285714285 0.025380710659898477
3 0.45821428571428574 0.06345177664974619 0.019285714285714285 0.027918781725888322
