3 0.4182142857142857 0.7904761904761904 0.045 0.13333333333333333
3 0.5439285714285714 0.7714285714285715 0.04357142857142857 0.12571428571428572
3 0.6071428571428571 0.8138095238095238 0.054285714285714284 0.14
3 0.5264285714285715 0.6152380952380953 0.041428571428571426 0.10095238095238095
3 0.42857142857142855 0.6404761904761904 0.037142857142857144 0.09238095238095238
3 0.13071428571428573 0.8476190476190476 0.12142857142857143 0.09333333333333334
3 0.17714285714285713 0.7157142857142857 0.09142857142857143 0.058095238095238096
3 0.19214285714285714 0.6538095238095238 0.08 0.04666666666666667
3 0.21035714285714285 0.6071428571428571 0.08357142857142857 0.05047619047619047
3 0.2671428571428571 0.4857142857142857 0.05714285714285714 0.03619047619047619
3 0.2875 0.44952380952380955 0.065 0.04
3 0.435 0.5185714285714286 0.032857142857142856 0.07142857142857142
3 0.4357142857142857 0.43714285714285717 0.027142857142857142 0.05904761904761905
3 0.5096428571428572 0.43285714285714283 0.02642857142857143 0.06380952380952382
3 0.5221428571428571 0.35619047619047617 0.03571428571428571 0.049523809523809526
3 0.44 0.3780952380952381 0.024285714285714285 0.05142857142857143
0 0.20214285714285715 0.4061904761904762 0.014285714285714285 0.03142857142857143
0 0.2117857142857143 0.4023809523809524 0.013571428571428571 0.02761904761904762
3 0.3585714285714286 0.2714285714285714 0.05 0.030476190476190476
3 0.4903571428571429 0.21523809523809523 0.019285714285714285 0.03428571428571429
3 0.4767857142857143 0.14857142857142858 0.016428571428571428 0.024761904761904763
0 0.5978571428571429 0.19238095238095237 0.007142857142857143 0.02095238095238095
3 0.5457142857142857 0.05047619047619047 0.01 0.011428571428571429
3 0.5189285714285714 0.03761904761904762 0.009285714285714286 0.010476190476190476
3 0.5192857142857142 0.021904761904761906 0.008571428571428572 0.011428571428571429
3 0.5321428571428571 0.006666666666666666 0.011428571428571429 0.013333333333333332
1 0.46714285714285714 0.8523809523809524 0.011428571428571429 0.03238095238095238
9 0.4642857142857143 0.8747619047619047 0.014285714285714285 0.035238095238095235
1 0.3603571428571429 0.6319047619047619 0.010714285714285714 0.029523809523809525
9 0.3582142857142857 0.6528571428571428 0.012142857142857143 0.025714285714285714
