4 0.9025 0.8057142857142857 0.06785714285714285 0.0419047619047619
3 0.5889285714285715 0.7376190476190476 0.025 0.035238095238095235
3 0.4710714285714286 0.7542857142857143 0.023571428571428573 0.045714285714285714
3 0.43214285714285716 0.7561904761904762 0.025714285714285714 0.04380952380952381
3 0.44035714285714284 0.7076190476190476 0.020714285714285713 0.03428571428571429
4 0.4546428571428571 0.6633333333333333 0.015 0.03142857142857143
3 0.48464285714285715 0.6414285714285715 0.013571428571428571 0.023809523809523808
3 0.46714285714285714 0.6133333333333333 0.012857142857142857 0.017142857142857144
4 0.5946428571428571 0.5980952380952381 0.020714285714285713 0.017142857142857144
5 0.5096428571428572 0.559047619047619 0.007857142857142858 0.011428571428571429
3 0.5425 0.5633333333333334 0.009285714285714286 0.010476190476190476
3 0.5535714285714286 0.5547619047619048 0.007142857142857143 0.008571428571428572
3 0.5567857142857143 0.5238095238095238 0.005 0.005714285714285714
5 0.525 0.5271428571428571 0.008571428571428572 0.010476190476190476
3 0.5678571428571428 0.5023809523809524 0.004285714285714286 0.004761904761904762
3 0.5439285714285714 0.5157142857142857 0.005 0.004761904761904762
3 0.5392857142857143 0.5114285714285715 0.004285714285714286 0.0038095238095238095
3 0.5285714285714286 0.5038095238095238 0.002857142857142857 0.0038095238095238095
3 0.5460714285714285 0.5047619047619047 0.0035714285714285713 0.005714285714285714
