0 0.5328571428571428 0.8752380952380953 0.008571428571428572 0.017142857142857144
1 0.4367857142857143 0.6976190476190476 0.0064285714285714285 0.012380952380952381
1 0.41535714285714287 0.7104761904761905 0.007857142857142858 0.011428571428571429
9 0.41464285714285715 0.7185714285714285 0.0064285714285714285 0.021904761904761906
9 0.43714285714285717 0.7038095238095238 0.007142857142857143 0.022857142857142857
9 0.5185714285714286 0.38761904761904764 0.002857142857142857 0.009523809523809525
1 0.5189285714285714 0.3838095238095238 0.002142857142857143 0.007619047619047619
5 0.5339285714285714 0.43476190476190474 0.025 0.07333333333333333
3 0.5432142857142858 0.3442857142857143 0.009285714285714286 0.018095238095238095
5 0.5121428571428571 0.13380952380952382 0.017142857142857144 0.006666666666666666
5 0.5335714285714286 0.15571428571428572 0.015714285714285715 0.012380952380952381
3 0.7075 0.20523809523809525 0.015 0.008571428571428572
3 0.7207142857142858 0.20285714285714285 0.004285714285714286 0.007619047619047619
8 0.22285714285714286 0.3242857142857143 0.03142857142857143 0.021904761904761906
0 0.5296428571428572 0.33666666666666667 0.002142857142857143 0.010476190476190476
0 0.4732142857142857 0.49142857142857144 0.002142857142857143 0.011428571428571429
0 0.4735714285714286 0.4861904761904762 0.004285714285714286 0.012380952380952381
3 0.5646428571428571 0.1980952380952381 0.005 0.007619047619047619
3 0.5675 0.1380952380952381 0.0035714285714285713 0.0038095238095238095
3 0.5582142857142857 0.14285714285714285 0.002142857142857143 0.007619047619047619
