3 0.06964285714285715 0.8080952380952381 0.06642857142857143 0.1361904761904762
3 0.12428571428571429 0.4795238095238095 0.05 0.06952380952380953
3 0.7192857142857143 0.5123809523809524 0.05714285714285714 0.05904761904761905
3 0.7803571428571429 0.4533333333333333 0.055 0.06285714285714286
3 0.8475 0.45904761904761904 0.04928571428571429 0.05333333333333333
3 0.047857142857142855 0.35904761904761906 0.04857142857142857 0.05904761904761905
0 0.005714285714285714 0.6490476190476191 0.01 0.018095238095238095
9 0.5646428571428571 0.42714285714285716 0.012142857142857143 0.023809523809523808
9 0.595 0.4204761904761905 0.014285714285714285 0.014285714285714285
6 0.5957142857142858 0.38095238095238093 0.015714285714285715 0.01904761904761905
9 0.5085714285714286 0.34809523809523807 0.014285714285714285 0.012380952380952381
0 0.41928571428571426 0.3028571428571429 0.005714285714285714 0.02095238095238095
0 0.4039285714285714 0.25285714285714284 0.005 0.02
0 0.3796428571428571 0.24761904761904763 0.005 0.01904761904761905
0 0.38642857142857145 0.24761904761904763 0.004285714285714286 0.01904761904761905
0 0.43392857142857144 0.26285714285714284 0.0035714285714285713 0.017142857142857144
0 0.4425 0.26285714285714284 0.005 0.01904761904761905
0 0.42642857142857143 0.2571428571428571 0.004285714285714286 0.015238095238095238
0 0.49392857142857144 0.35 0.0064285714285714285 0.02
0 0.7660714285714286 0.14 0.005 0.01904761904761905
0 0.9121428571428571 0.7866666666666666 0.015714285714285715 0.02857142857142857
0 0.9103571428571429 0.800952380952381 0.010714285714285714 0.01904761904761905
0 0.9185714285714286 0.8085714285714286 0.015714285714285715 0.026666666666666665
3 0.9471428571428572 0.35904761904761906 0.047142857142857146 0.05523809523809524
3 0.9821428571428571 0.1657142857142857 0.032857142857142856 0.045714285714285714
3 0.9875 0.2342857142857143 0.023571428571428573 0.0419047619047619
1 0.5660714285714286 0.41904761904761906 0.009285714285714286 0.01904761904761905
1 0.5975 0.41714285714285715 0.010714285714285714 0.02095238095238095
