6 0.0675 0.03190476190476191 0.016428571428571428 0.025714285714285714
1 0.06892857142857142 0.029047619047619048 0.005 0.014285714285714285
9 0.08571428571428572 0.004761904761904762 0.015714285714285715 0.009523809523809525
3 0.019285714285714285 0.6123809523809524 0.03857142857142857 0.0419047619047619
9 0.016428571428571428 0.6552380952380953 0.024285714285714285 0.03619047619047619
7 0.05142857142857143 0.6623809523809524 0.045714285714285714 0.03142857142857143
7 0.17357142857142857 0.5647619047619048 0.04857142857142857 0.04
1 0.18 0.5642857142857143 0.01 0.01619047619047619
0 0.2760714285714286 0.8242857142857143 0.012142857142857143 0.023809523809523808
1 0.265 0.8071428571428572 0.015714285714285715 0.02
2 0.2739285714285714 0.8285714285714286 0.020714285714285713 0.030476190476190476
9 0.26535714285714285 0.8147619047619048 0.016428571428571428 0.04285714285714286
1 0.49392857142857144 0.7447619047619047 0.012142857142857143 0.02095238095238095
9 0.4932142857142857 0.75 0.012142857142857143 0.05238095238095238
5 0.6017857142857143 0.6357142857142857 0.035 0.10571428571428572
3 0.5432142857142858 0.5561904761904762 0.025 0.07047619047619047
3 0.5853571428571429 0.4014285714285714 0.023571428571428573 0.06
1 0.3792857142857143 0.42095238095238097 0.01 0.013333333333333332
1 0.4014285714285714 0.41285714285714287 0.01 0.01619047619047619
1 0.43535714285714283 0.3861904761904762 0.009285714285714286 0.01619047619047619
9 0.3796428571428571 0.4257142857142857 0.010714285714285714 0.022857142857142857
9 0.4017857142857143 0.4180952380952381 0.012142857142857143 0.026666666666666665
9 0.43714285714285717 0.3923809523809524 0.011428571428571429 0.02857142857142857
3 0.4610714285714286 0.24095238095238095 0.027857142857142858 0.047619047619047616
3 0.555 0.22047619047619046 0.018571428571428572 0.04285714285714286
3 0.5971428571428572 0.13666666666666666 0.017142857142857144 0.04476190476190476
3 0.44892857142857145 0.06952380952380953 0.017857142857142856 0.03428571428571429
5 0.5196428571428572 0.05095238095238095 0.023571428571428573 0.037142857142857144
1 0.5228571428571429 0.11857142857142858 0.007142857142857143 0.01619047619047619
9 0.5232142857142857 0.12380952380952381 0.0064285714285714285 0.01904761904761905
1 0.5303571428571429 0.003333333333333333 0.005 0.006666666666666666
9 0.5303571428571429 0.007619047619047619 0.007857142857142858 0.015238095238095238
5 0.6742857142857143 0.013333333333333332 0.02 0.026666666666666665
1 0.7125 0.08619047619047619 0.0064285714285714285 0.014285714285714285
9 0.7114285714285714 0.09047619047619047 0.007142857142857143 0.02095238095238095
9 0.9567857142857142 0.31761904761904763 0.02214285714285714 0.021904761904761906
3 0.9253571428571429 0.30047619047619045 0.02642857142857143 0.04476190476190476
3 0.9417857142857143 0.3580952380952381 0.03785714285714286 0.05142857142857143
3 0.9828571428571429 0.48333333333333334 0.03428571428571429 0.06380952380952382
9 0.10535714285714286 0.9433333333333334 0.03785714285714286 0.021904761904761906
