2 0.043250000000000004 0.7926666666666666 0.0415 0.06266666666666666
3 0.16075 0.78 0.1565 0.09733333333333333
9 0.1365 0.6966666666666667 0.021 0.06
0 0.08600000000000001 0.6923333333333334 0.025 0.062
9 0.12975 0.6553333333333333 0.0505 0.03733333333333333
2 0.22225 0.5686666666666667 0.0395 0.03866666666666667
2 0.278 0.536 0.037 0.04
3 0.34500000000000003 0.5113333333333333 0.08600000000000001 0.08266666666666667
3 0.975 0.19866666666666666 0.038 0.04
8 0.8295 0.016666666666666666 0.032 0.03333333333333333
3 0.544 0.093 0.042 0.02333333333333333
3 0.5015000000000001 0.14233333333333334 0.04 0.03266666666666666
3 0.5735 0.08499999999999999 0.027 0.02333333333333333
3 0.601 0.09166666666666666 0.042 0.026
3 0.5725 0.054 0.04 0.024
9 0.48325 0.268 0.0125 0.028
9 0.49025 0.24566666666666667 0.0095 0.019333333333333334
9 0.48075 0.24333333333333332 0.0125 0.025333333333333333
9 0.47450000000000003 0.237 0.011 0.02333333333333333
9 0.48525 0.22133333333333333 0.0085 0.02
9 0.47525 0.21933333333333332 0.0085 0.021333333333333333
3 0.6295000000000001 0.183 0.065 0.03
3 0.643 0.19733333333333333 0.046 0.029333333333333333
3 0.638 0.212 0.06 0.034666666666666665
3 0.63675 0.23333333333333334 0.0675 0.034666666666666665
3 0.6355000000000001 0.253 0.07100000000000001 0.03666666666666667
3 0.63025 0.2763333333333333 0.0855 0.041999999999999996
3 0.6395000000000001 0.3273333333333333 0.081 0.042666666666666665
3 0.6445 0.35833333333333334 0.077 0.048666666666666664
3 0.6325000000000001 0.3993333333333333 0.094 0.044
3 0.64175 0.43066666666666664 0.10250000000000001 0.050666666666666665
3 0.648 0.4686666666666667 0.10300000000000001 0.064
3 0.644 0.526 0.12 0.06933333333333333
3 0.64325 0.586 0.1245 0.08266666666666667
3 0.6335000000000001 0.6603333333333333 0.139 0.102
3 0.63875 0.746 0.1535 0.096
3 0.65275 0.829 0.1445 0.106
3 0.64425 0.9436666666666667 0.1845 0.11133333333333333
