5 0.054285714285714284 0.8953045685279187 0.10714285714285714 0.20685279187817257
5 0.06857142857142857 0.9543147208121827 0.09 0.08883248730964466
5 0.15142857142857144 0.839467005076142 0.1 0.1763959390862944
3 0.2325 0.7430203045685279 0.05928571428571429 0.09263959390862943
3 0.2782142857142857 0.648477157360406 0.04928571428571429 0.10659898477157359
4 0.29714285714285715 0.8934010152284263 0.045714285714285714 0.08629441624365482
3 0.33071428571428574 0.9251269035532994 0.054285714285714284 0.10406091370558375
3 0.5171428571428571 0.9530456852791878 0.05 0.09137055837563451
3 0.4203571428571429 0.7290609137055837 0.04642857142857143 0.09517766497461928
8 0.4014285714285714 0.6605329949238579 0.04857142857142857 0.09771573604060912
4 0.515 0.41370558375634514 0.037142857142857144 0.07360406091370558
4 0.5435714285714286 0.45050761421319796 0.03857142857142857 0.07614213197969542
3 0.6246428571428572 0.4955583756345177 0.04642857142857143 0.09010152284263959
9 0.6696428571428571 0.5298223350253807 0.013571428571428571 0.031725888324873094
1 0.6692857142857143 0.5291878172588832 0.011428571428571429 0.02284263959390863
3 0.6103571428571428 0.20431472081218272 0.04642857142857143 0.08629441624365482
3 0.6414285714285715 0.22906091370558374 0.04428571428571428 0.08248730964467005
5 0.7992857142857143 0.17258883248730963 0.10285714285714286 0.12944162436548223
5 0.8046428571428571 0.05012690355329949 0.11214285714285714 0.09771573604060912
