3 0.6315000000000001 0.18266666666666667 0.011 0.017333333333333333
1 0.61025 0.18966666666666665 0.0045000000000000005 0.01
7 0.6105 0.192 0.007 0.013333333333333332
3 0.5345 0.18133333333333332 0.025 0.014666666666666666
3 0.52775 0.18933333333333333 0.0235 0.014666666666666666
3 0.51975 0.20366666666666666 0.0115 0.016666666666666666
3 0.52325 0.217 0.0135 0.015333333333333332
3 0.47725 0.21133333333333332 0.0145 0.02
3 0.4935 0.21266666666666667 0.014 0.017333333333333333
3 0.451 0.23566666666666666 0.019 0.022
3 0.45675 0.249 0.0205 0.020666666666666667
3 0.4895 0.23866666666666667 0.018000000000000002 0.022666666666666665
3 0.50525 0.24266666666666667 0.0175 0.018666666666666665
3 0.482 0.2533333333333333 0.019 0.021333333333333333
1 0.598 0.24366666666666667 0.006 0.014
9 0.59775 0.246 0.0045000000000000005 0.013333333333333332
4 0.56 0.27566666666666667 0.018000000000000002 0.03133333333333333
8 0.57875 0.24233333333333332 0.0245 0.035333333333333335
4 0.5367500000000001 0.32 0.0225 0.036
4 0.505 0.36833333333333335 0.033 0.056666666666666664
4 0.43325 0.471 0.0445 0.06066666666666667
4 0.42625 0.3273333333333333 0.0505 0.03866666666666667
4 0.14200000000000002 0.31866666666666665 0.024 0.030666666666666665
3 0.1155 0.223 0.02 0.022
3 0.117 0.21266666666666667 0.017 0.016
0 0.10300000000000001 0.225 0.008 0.018
0 0.09925 0.22533333333333333 0.006500000000000001 0.016
0 0.09575 0.22866666666666666 0.0075 0.014666666666666666
3 0.08175 0.23399999999999999 0.0315 0.018666666666666665
3 0.0775 0.2593333333333333 0.022 0.021333333333333333
0 0.09175 0.328 0.0075 0.022666666666666665
0 0.09875 0.32766666666666666 0.0075 0.019333333333333334
0 0.13425 0.35866666666666663 0.0085 0.025333333333333333
3 0.0735 0.39499999999999996 0.046 0.038
1 0.005 0.302 0.009000000000000001 0.014666666666666666
2 0.0085 0.30733333333333335 0.017 0.016
2 0.01875 0.299 0.0125 0.015333333333333332
3 0.253 0.423 0.04 0.03933333333333333
4 0.27825 0.428 0.0415 0.042666666666666665
3 0.3085 0.43366666666666664 0.042 0.048666666666666664
3 0.33875 0.4433333333333333 0.0415 0.042666666666666665
3 0.38875 0.539 0.0495 0.056666666666666664
3 0.3265 0.6143333333333333 0.057 0.06733333333333333
4 0.23175 0.7343333333333333 0.0815 0.11399999999999999
0 0.20600000000000002 0.8333333333333333 0.019 0.048
1 0.159 0.8463333333333333 0.019 0.03133333333333333
1 0.1355 0.846 0.021 0.036
4 0.06725 0.9286666666666666 0.1235 0.14266666666666666
3 0.61375 0.5203333333333333 0.0345 0.046
3 0.54625 0.126 0.0085 0.010666666666666666
3 0.535 0.12566666666666665 0.009000000000000001 0.01
3 0.51725 0.12533333333333332 0.0095 0.010666666666666666
0 0.56125 0.09433333333333332 0.0025 0.01
0 0.56675 0.08866666666666666 0.0025 0.012
