3 0.31357142857142856 0.14761904761904762 0.03428571428571429 0.09904761904761905
3 0.4564285714285714 0.034761904761904765 0.03 0.06761904761904762
3 0.45107142857142857 0.13 0.03357142857142857 0.09619047619047619
3 0.535 0.09666666666666666 0.032857142857142856 0.1019047619047619
3 0.4564285714285714 0.3576190476190476 0.032857142857142856 0.09428571428571429
3 0.31285714285714283 0.3738095238095238 0.03857142857142857 0.10380952380952381
3 0.30964285714285716 0.5123809523809524 0.035 0.10476190476190476
3 0.3032142857142857 0.7652380952380953 0.03785714285714286 0.11904761904761904
3 0.31 0.9023809523809524 0.03857142857142857 0.11523809523809524
4 0.44535714285714284 0.83 0.03642857142857143 0.11904761904761904
3 0.3982142857142857 0.6528571428571428 0.035 0.12095238095238095
3 0.5178571428571429 0.6 0.03428571428571429 0.10285714285714286
3 0.45785714285714285 0.6171428571428571 0.03571428571428571 0.10666666666666666
4 0.4567857142857143 0.49238095238095236 0.03214285714285714 0.09904761904761905
3 0.5242857142857142 0.7219047619047619 0.03857142857142857 0.10857142857142857
9 0.5021428571428571 0.800952380952381 0.03428571428571429 0.02095238095238095
0 0.5057142857142857 0.7757142857142857 0.011428571428571429 0.023809523809523808
3 0.6203571428571428 0.7614285714285715 0.020714285714285713 0.04285714285714286
0 0.5557142857142857 0.5738095238095238 0.012857142857142857 0.023809523809523808
0 0.5739285714285715 0.570952380952381 0.012142857142857143 0.014285714285714285
2 0.6125 0.5861904761904762 0.023571428571428573 0.014285714285714285
9 0.6071428571428571 0.430952380952381 0.03142857142857143 0.01619047619047619
9 0.5960714285714286 0.4142857142857143 0.02214285714285714 0.017142857142857144
9 0.6042857142857143 0.4 0.025714285714285714 0.015238095238095238
9 0.5764285714285714 0.3980952380952381 0.02142857142857143 0.01904761904761905
0 0.5542857142857143 0.27 0.008571428571428572 0.021904761904761906
0 0.5592857142857143 0.2704761904761905 0.01 0.022857142857142857
9 0.5996428571428571 0.20714285714285716 0.025 0.021904761904761906
2 0.6028571428571429 0.19666666666666666 0.018571428571428572 0.014285714285714285
9 0.5985714285714285 0.14047619047619048 0.022857142857142857 0.03142857142857143
9 0.5960714285714286 0.12333333333333334 0.025 0.012380952380952381
9 0.5975 0.10714285714285714 0.02214285714285714 0.018095238095238095
9 0.595 0.0919047619047619 0.022857142857142857 0.02
