1 0.10607142857142857 0.4238095238095238 0.0064285714285714285 0.013333333333333332
1 0.13428571428571429 0.42095238095238097 0.007142857142857143 0.02095238095238095
1 0.19142857142857142 0.4123809523809524 0.008571428571428572 0.017142857142857144
0 0.13035714285714287 0.4061904761904762 0.010714285714285714 0.023809523809523808
0 0.11642857142857142 0.4095238095238095 0.005714285714285714 0.02095238095238095
0 0.28714285714285714 0.36904761904761907 0.007142857142857143 0.018095238095238095
1 0.07142857142857142 0.4247619047619048 0.005714285714285714 0.015238095238095238
1 0.09071428571428572 0.43142857142857144 0.01 0.011428571428571429
1 0.115 0.4280952380952381 0.007142857142857143 0.012380952380952381
1 0.20535714285714285 0.3914285714285714 0.009285714285714286 0.024761904761904763
1 0.245 0.39476190476190476 0.007142857142857143 0.01619047619047619
1 0.2592857142857143 0.39285714285714285 0.007142857142857143 0.01619047619047619
0 0.3489285714285714 0.3585714285714286 0.0064285714285714285 0.02761904761904762
0 0.3464285714285714 0.46714285714285714 0.008571428571428572 0.029523809523809525
0 0.33285714285714285 0.4633333333333333 0.008571428571428572 0.02761904761904762
1 0.2325 0.3738095238095238 0.0064285714285714285 0.01619047619047619
0 0.052142857142857144 0.5361904761904762 0.012857142857142857 0.024761904761904763
0 0.04357142857142857 0.5047619047619047 0.017142857142857144 0.026666666666666665
0 0.04964285714285714 0.5252380952380953 0.013571428571428571 0.02761904761904762
0 0.012142857142857143 0.8647619047619047 0.022857142857142857 0.02095238095238095
1 0.028214285714285713 0.8790476190476191 0.017857142857142856 0.02095238095238095
3 0.55 0.6623809523809524 0.041428571428571426 0.1
0 0.3807142857142857 0.30714285714285716 0.005714285714285714 0.02
0 0.38571428571428573 0.3038095238095238 0.005714285714285714 0.022857142857142857
9 0.4567857142857143 0.2423809523809524 0.016428571428571428 0.014285714285714285
9 0.4432142857142857 0.28904761904761905 0.015 0.012380952380952381
9 0.44 0.31333333333333335 0.015714285714285715 0.015238095238095238
9 0.3817857142857143 0.36 0.017857142857142856 0.017142857142857144
9 0.39785714285714285 0.3271428571428571 0.015714285714285715 0.012380952380952381
9 0.41285714285714287 0.30714285714285716 0.017142857142857144 0.014285714285714285
9 0.4282142857142857 0.34904761904761905 0.017857142857142856 0.012380952380952381
9 0.42714285714285716 0.34285714285714286 0.017142857142857144 0.015238095238095238
9 0.42714285714285716 0.32666666666666666 0.018571428571428572 0.017142857142857144
9 0.4496428571428571 0.30095238095238097 0.017857142857142856 0.013333333333333332
9 0.4417857142857143 0.27714285714285714 0.013571428571428571 0.013333333333333332
9 0.43714285714285717 0.27 0.018571428571428572 0.014285714285714285
9 0.36357142857142855 0.2885714285714286 0.015714285714285715 0.011428571428571429
9 0.36714285714285716 0.30333333333333334 0.017142857142857144 0.014285714285714285
9 0.38642857142857145 0.32571428571428573 0.015714285714285715 0.015238095238095238
9 0.3875 0.3485714285714286 0.020714285714285713 0.013333333333333332
9 0.395 0.3438095238095238 0.02 0.015238095238095238
2 0.3775 0.319047619047619 0.015 0.017142857142857144
4 0.4789285714285714 0.014285714285714285 0.013571428571428571 0.01904761904761905
3 0.5546428571428571 0.06333333333333334 0.020714285714285713 0.023809523809523808
3 0.49 0.008571428571428572 0.017142857142857144 0.015238095238095238
4 0.5685714285714286 0.16142857142857142 0.024285714285714285 0.03333333333333333
3 0.5817857142857142 0.017619047619047618 0.019285714285714285 0.018095238095238095
3 0.6510714285714285 0.025714285714285714 0.016428571428571428 0.011428571428571429
3 0.675 0.009047619047619047 0.014285714285714285 0.014285714285714285
3 0.695 0.09761904761904762 0.025714285714285714 0.02
4 0.6010714285714286 0.17333333333333334 0.02214285714285714 0.03428571428571429
9 0.6421428571428571 0.2019047619047619 0.012857142857142857 0.015238095238095238
0 0.6025 0.04 0.0035714285714285713 0.011428571428571429
0 0.6639285714285714 0.19428571428571428 0.0064285714285714285 0.022857142857142857
1 0.6425 0.19666666666666666 0.0064285714285714285 0.014285714285714285
1 0.5964285714285714 0.4338095238095238 0.005714285714285714 0.014285714285714285
3 0.5717857142857142 0.36857142857142855 0.04214285714285714 0.05333333333333333
3 0.6525 0.3914285714285714 0.030714285714285715 0.05904761904761905
3 0.6307142857142857 0.4919047619047619 0.037142857142857144 0.06
9 0.5953571428571428 0.43952380952380954 0.012142857142857143 0.02761904761904762
0 0.6325 0.6166666666666667 0.012142857142857143 0.03142857142857143
3 0.7132142857142857 0.32142857142857145 0.025 0.04666666666666667
3 0.7839285714285714 0.10285714285714286 0.029285714285714286 0.02095238095238095
3 0.7914285714285715 0.07857142857142857 0.025714285714285714 0.018095238095238095
3 0.8192857142857143 0.09142857142857143 0.03 0.02095238095238095
3 0.7678571428571429 0.09333333333333334 0.024285714285714285 0.017142857142857144
3 0.8253571428571429 0.12904761904761905 0.030714285714285715 0.021904761904761906
0 0.8342857142857143 0.1376190476190476 0.005714285714285714 0.018095238095238095
0 0.8478571428571429 0.14523809523809525 0.004285714285714286 0.01619047619047619
3 0.7060714285714286 0.023333333333333334 0.02214285714285714 0.02
3 0.8775 0.11761904761904762 0.03357142857142857 0.021904761904761906
0 0.9742857142857143 0.17333333333333334 0.005714285714285714 0.01904761904761905
