2 0.009642857142857142 0.5895238095238096 0.017857142857142856 0.015238095238095238
4 0.19964285714285715 0.599047619047619 0.045 0.03428571428571429
3 0.35678571428571426 0.67 0.030714285714285715 0.07333333333333333
9 0.3960714285714286 0.5314285714285715 0.009285714285714286 0.02095238095238095
9 0.2825 0.5404761904761904 0.0064285714285714285 0.023809523809523808
9 0.27214285714285713 0.5438095238095239 0.008571428571428572 0.022857142857142857
2 0.2910714285714286 0.5380952380952381 0.005 0.01904761904761905
9 0.3192857142857143 0.5385714285714286 0.007142857142857143 0.02
9 0.3982142857142857 0.48523809523809525 0.009285714285714286 0.01619047619047619
9 0.40285714285714286 0.4819047619047619 0.008571428571428572 0.01904761904761905
2 0.4085714285714286 0.4961904761904762 0.017142857142857144 0.015238095238095238
0 0.5582142857142857 0.5152380952380953 0.009285714285714286 0.01904761904761905
4 0.48928571428571427 0.6266666666666667 0.03571428571428571 0.0838095238095238
4 0.2517857142857143 0.9666666666666667 0.04214285714285714 0.06095238095238095
4 0.8825 0.6514285714285715 0.05357142857142857 0.07047619047619047
4 0.7025 0.5719047619047619 0.04928571428571429 0.06
3 0.8075 0.5519047619047619 0.056428571428571425 0.05238095238095238
3 0.9542857142857143 0.5661904761904762 0.05285714285714286 0.05619047619047619
4 0.8985714285714286 0.43714285714285717 0.03857142857142857 0.045714285714285714
4 0.9142857142857143 0.4176190476190476 0.047142857142857146 0.058095238095238096
3 0.9442857142857143 0.42952380952380953 0.03857142857142857 0.0419047619047619
9 0.9528571428571428 0.4061904761904762 0.018571428571428572 0.01619047619047619
2 0.9275 0.40523809523809523 0.010714285714285714 0.01619047619047619
2 0.9175 0.3942857142857143 0.005 0.017142857142857144
9 0.8689285714285714 0.3871428571428571 0.0035714285714285713 0.01619047619047619
