5 0.5825 0.9595238095238096 0.11642857142857142 0.08095238095238096
3 0.6042857142857143 0.8314285714285714 0.07714285714285714 0.06666666666666667
3 0.6285714285714286 0.7704761904761904 0.08714285714285715 0.07428571428571429
5 0.64 0.7085714285714285 0.09428571428571429 0.08
3 0.6814285714285714 0.6480952380952381 0.07571428571428572 0.07523809523809524
3 0.7421428571428571 0.6133333333333333 0.08714285714285715 0.07238095238095238
5 0.6853571428571429 0.5285714285714286 0.07357142857142857 0.049523809523809526
9 0.505 0.7790476190476191 0.018571428571428572 0.049523809523809526
1 0.5060714285714286 0.7771428571428571 0.015 0.02095238095238095
3 0.5007142857142857 0.6933333333333334 0.05 0.09904761904761905
3 0.5228571428571429 0.5338095238095238 0.045714285714285714 0.0980952380952381
3 0.5928571428571429 0.3980952380952381 0.05142857142857143 0.09142857142857143
3 0.575 0.2985714285714286 0.07142857142857142 0.058095238095238096
3 0.5967857142857143 0.21 0.04071428571428572 0.08476190476190476
3 0.6475 0.2057142857142857 0.03785714285714286 0.07238095238095238
3 0.6714285714285714 0.10285714285714286 0.041428571428571426 0.0838095238095238
5 0.6292857142857143 0.0880952380952381 0.041428571428571426 0.09047619047619047
6 0.6314285714285715 0.15 0.03142857142857143 0.02761904761904762
1 0.6282142857142857 0.1438095238095238 0.013571428571428571 0.02095238095238095
7 0.7067857142857142 0.17714285714285713 0.04642857142857143 0.0380952380952381
1 0.7028571428571428 0.17857142857142858 0.012857142857142857 0.02
9 0.6753571428571429 0.025238095238095237 0.016428571428571428 0.037142857142857144
9 0.6971428571428572 0.051904761904761905 0.02142857142857143 0.039047619047619046
9 0.7117857142857142 0.02761904761904762 0.015 0.04
9 0.6914285714285714 0.016666666666666666 0.014285714285714285 0.03333333333333333
9 0.6535714285714286 0.012857142857142857 0.015714285714285715 0.025714285714285714
1 0.6535714285714286 0.008571428571428572 0.014285714285714285 0.017142857142857144
1 0.6753571428571429 0.022857142857142857 0.016428571428571428 0.026666666666666665
1 0.6932142857142857 0.01380952380952381 0.013571428571428571 0.023809523809523808
1 0.7117857142857142 0.029047619047619048 0.010714285714285714 0.018095238095238095
1 0.7121428571428572 0.019523809523809523 0.015714285714285715 0.021904761904761906
1 0.6992857142857143 0.05047619047619047 0.015714285714285715 0.02095238095238095
5 0.30392857142857144 0.39380952380952383 0.08071428571428571 0.06190476190476191
3 0.3389285714285714 0.35714285714285715 0.062142857142857146 0.05523809523809524
3 0.35 0.31285714285714283 0.07142857142857142 0.05047619047619047
3 0.3742857142857143 0.2509523809523809 0.07714285714285714 0.05238095238095238
3 0.3578571428571429 0.19333333333333333 0.06714285714285714 0.06476190476190476
3 0.3392857142857143 0.1019047619047619 0.06714285714285714 0.05523809523809524
3 0.35464285714285715 0.043333333333333335 0.06785714285714285 0.06190476190476191
9 0.42607142857142855 0.0419047619047619 0.017857142857142856 0.0419047619047619
1 0.4257142857142857 0.03761904761904762 0.014285714285714285 0.029523809523809525
3 0.4614285714285714 0.35333333333333333 0.04857142857142857 0.08952380952380952
3 0.48964285714285716 0.2780952380952381 0.045 0.0838095238095238
3 0.5167857142857143 0.20666666666666667 0.045 0.08571428571428572
3 0.5435714285714286 0.13428571428571429 0.04428571428571428 0.08190476190476191
3 0.5675 0.06619047619047619 0.04357142857142857 0.08095238095238096
3 0.5892857142857143 0.019523809523809523 0.03857142857142857 0.039047619047619046
5 0.5253571428571429 0.23857142857142857 0.1992857142857143 0.47714285714285715
0 0.1742857142857143 0.9547619047619048 0.017142857142857144 0.025714285714285714
9 0.19857142857142857 0.9252380952380952 0.037142857142857144 0.025714285714285714
1 0.2317857142857143 0.9038095238095238 0.017857142857142856 0.02095238095238095
9 0.26 0.8557142857142858 0.02 0.04857142857142857
9 0.245 0.84 0.018571428571428572 0.049523809523809526
9 0.10928571428571429 0.8819047619047619 0.03857142857142857 0.03428571428571429
9 0.06607142857142857 0.8614285714285714 0.03642857142857143 0.02761904761904762
9 0.04392857142857143 0.8442857142857143 0.04642857142857143 0.029523809523809525
3 0.30428571428571427 0.7504761904761905 0.05714285714285714 0.11047619047619048
9 0.28535714285714286 0.7071428571428572 0.015 0.05047619047619047
0 0.22535714285714287 0.7209523809523809 0.019285714285714285 0.017142857142857144
1 0.10607142857142857 0.7880952380952381 0.012142857142857143 0.01619047619047619
1 0.12 0.7847619047619048 0.014285714285714285 0.013333333333333332
1 0.13178571428571428 0.7733333333333333 0.012142857142857143 0.013333333333333332
1 0.13214285714285715 0.7542857142857143 0.012857142857142857 0.015238095238095238
1 0.11357142857142857 0.7357142857142858 0.011428571428571429 0.018095238095238095
1 0.10285714285714286 0.7466666666666667 0.011428571428571429 0.013333333333333332
1 0.09642857142857143 0.7614285714285715 0.015714285714285715 0.014285714285714285
1 0.09928571428571428 0.7785714285714286 0.014285714285714285 0.014285714285714285
1 0.07428571428571429 0.7552380952380953 0.015714285714285715 0.017142857142857144
1 0.0575 0.7619047619047619 0.019285714285714285 0.017142857142857144
1 0.07535714285714286 0.7271428571428571 0.012142857142857143 0.02
1 0.056428571428571425 0.6757142857142857 0.017142857142857144 0.012380952380952381
0 0.06964285714285715 0.6961904761904761 0.02214285714285714 0.01904761904761905
1 0.09821428571428571 0.6204761904761905 0.015 0.01619047619047619
1 0.07821428571428571 0.6128571428571429 0.012142857142857143 0.014285714285714285
1 0.09357142857142857 0.5985714285714285 0.015714285714285715 0.014285714285714285
9 0.1442857142857143 0.6090476190476191 0.032857142857142856 0.018095238095238095
9 0.15714285714285714 0.44285714285714284 0.03142857142857143 0.030476190476190476
9 0.1732142857142857 0.4080952380952381 0.03214285714285714 0.01619047619047619
9 0.1975 0.4004761904761905 0.029285714285714286 0.025714285714285714
9 0.17892857142857144 0.3519047619047619 0.030714285714285715 0.021904761904761906
9 0.19178571428571428 0.29095238095238096 0.029285714285714286 0.02
9 0.2117857142857143 0.2276190476190476 0.03214285714285714 0.022857142857142857
9 0.19714285714285715 0.15 0.024285714285714285 0.039047619047619046
9 0.1382142857142857 0.020476190476190478 0.023571428571428573 0.035238095238095235
0 0.14464285714285716 0.04904761904761905 0.016428571428571428 0.02761904761904762
7 0.15178571428571427 0.0919047619047619 0.04357142857142857 0.040952380952380955
3 0.23535714285714285 0.31761904761904763 0.047857142857142855 0.09047619047619047
