1 0.3632142857142857 0.7204761904761905 0.02214285714285714 0.04285714285714286
1 0.37714285714285717 0.7104761904761905 0.018571428571428572 0.03428571428571429
1 0.3867857142857143 0.7004761904761905 0.023571428571428573 0.035238095238095235
1 0.3917857142857143 0.6828571428571428 0.019285714285714285 0.04380952380952381
1 0.4042857142857143 0.67 0.02142857142857143 0.035238095238095235
1 0.48392857142857143 0.5357142857142857 0.015 0.037142857142857144
1 0.4785714285714286 0.5447619047619048 0.015714285714285715 0.03619047619047619
0 0.8728571428571429 0.49 0.017142857142857144 0.037142857142857144
1 0.4564285714285714 0.19666666666666666 0.012857142857142857 0.02
1 0.46285714285714286 0.19476190476190477 0.008571428571428572 0.023809523809523808
1 0.4689285714285714 0.19285714285714287 0.012142857142857143 0.01619047619047619
1 0.5596428571428571 0.2914285714285714 0.012142857142857143 0.022857142857142857
1 0.5739285714285715 0.2938095238095238 0.009285714285714286 0.02
1 0.5839285714285715 0.30428571428571427 0.009285714285714286 0.023809523809523808
1 0.5825 0.28714285714285714 0.012142857142857143 0.02
1 0.5853571428571429 0.26571428571428574 0.009285714285714286 0.017142857142857144
1 0.6071428571428571 0.2661904761904762 0.007142857142857143 0.023809523809523808
1 0.6010714285714286 0.28523809523809524 0.010714285714285714 0.025714285714285714
0 0.5925 0.2938095238095238 0.007857142857142858 0.029523809523809525
0 0.5514285714285714 0.3142857142857143 0.014285714285714285 0.03619047619047619
1 0.5375 0.2195238095238095 0.010714285714285714 0.021904761904761906
1 0.5521428571428572 0.2138095238095238 0.008571428571428572 0.021904761904761906
1 0.5596428571428571 0.20714285714285716 0.009285714285714286 0.021904761904761906
1 0.5689285714285715 0.20523809523809525 0.012142857142857143 0.01619047619047619
1 0.5707142857142857 0.19380952380952382 0.011428571428571429 0.023809523809523808
