3 0.8942857142857142 0.9161904761904762 0.15428571428571428 0.10095238095238095
0 0.04607142857142857 0.7671428571428571 0.016428571428571428 0.04857142857142857
0 0.0325 0.768095238095238 0.013571428571428571 0.05238095238095238
5 0.027142857142857142 0.7038095238095238 0.05142857142857143 0.07238095238095238
0 0.12285714285714286 0.7152380952380952 0.012857142857142857 0.04
0 0.1407142857142857 0.7142857142857143 0.015714285714285715 0.03619047619047619
3 0.15678571428571428 0.7119047619047619 0.015 0.037142857142857144
3 0.14821428571428572 0.7095238095238096 0.009285714285714286 0.03619047619047619
0 0.17642857142857143 0.6780952380952381 0.007142857142857143 0.04
0 0.19178571428571428 0.6842857142857143 0.007857142857142858 0.035238095238095235
0 0.1875 0.6719047619047619 0.009285714285714286 0.035238095238095235
0 0.20107142857142857 0.67 0.009285714285714286 0.03333333333333333
0 0.22678571428571428 0.6747619047619048 0.009285714285714286 0.035238095238095235
2 0.44 0.5547619047619048 0.004285714285714286 0.008571428571428572
1 0.44 0.5504761904761905 0.004285714285714286 0.009523809523809525
3 0.08071428571428571 0.8795238095238095 0.12714285714285714 0.10952380952380952
3 0.18214285714285713 0.7542857142857143 0.08 0.06285714285714286
5 0.3364285714285714 0.6242857142857143 0.04285714285714286 0.039047619047619046
5 0.39321428571428574 0.61 0.03357142857142857 0.037142857142857144
5 0.4789285714285714 0.6147619047619047 0.03642857142857143 0.06571428571428571
3 0.52 0.6676190476190477 0.022857142857142857 0.03238095238095238
3 0.5239285714285714 0.6 0.016428571428571428 0.01904761904761905
3 0.5514285714285714 0.5923809523809523 0.014285714285714285 0.017142857142857144
3 0.53 0.57 0.011428571428571429 0.014285714285714285
3 0.44142857142857145 0.5685714285714286 0.015714285714285715 0.017142857142857144
3 0.46714285714285714 0.5480952380952381 0.011428571428571429 0.012380952380952381
3 0.48714285714285716 0.5476190476190477 0.011428571428571429 0.011428571428571429
3 0.5364285714285715 0.5485714285714286 0.01 0.013333333333333332
3 0.5210714285714285 0.5447619047619048 0.010714285714285714 0.011428571428571429
3 0.5285714285714286 0.5328571428571428 0.008571428571428572 0.008571428571428572
3 0.5553571428571429 0.5252380952380953 0.0064285714285714285 0.006666666666666666
3 0.5453571428571429 0.5142857142857142 0.005 0.005714285714285714
3 0.5471428571428572 0.508095238095238 0.004285714285714286 0.006666666666666666
3 0.48142857142857143 0.5357142857142857 0.011428571428571429 0.012380952380952381
5 0.5042857142857143 0.5280952380952381 0.007142857142857143 0.010476190476190476
3 0.49178571428571427 0.5266666666666666 0.007857142857142858 0.007619047619047619
3 0.49178571428571427 0.52 0.007857142857142858 0.007619047619047619
3 0.5053571428571428 0.5176190476190476 0.0064285714285714285 0.006666666666666666
3 0.5021428571428571 0.5147619047619048 0.005714285714285714 0.006666666666666666
4 0.51 0.5104761904761905 0.005714285714285714 0.007619047619047619
4 0.5185714285714286 0.5128571428571429 0.005714285714285714 0.006666666666666666
3 0.5217857142857143 0.51 0.005 0.004761904761904762
3 0.5139285714285714 0.5085714285714286 0.005 0.005714285714285714
3 0.5139285714285714 0.5038095238095238 0.0035714285714285713 0.0038095238095238095
3 0.5232142857142857 0.5057142857142857 0.005 0.0038095238095238095
3 0.5278571428571428 0.5028571428571429 0.004285714285714286 0.0038095238095238095
3 0.5225 0.5033333333333333 0.0035714285714285713 0.004761904761904762
3 0.5232142857142857 0.5 0.005 0.0038095238095238095
3 0.525 0.49952380952380954 0.004285714285714286 0.002857142857142857
4 0.5307142857142857 0.5004761904761905 0.002857142857142857 0.004761904761904762
3 0.5325 0.4990476190476191 0.0035714285714285713 0.0038095238095238095
3 0.5285714285714286 0.4961904761904762 0.002857142857142857 0.0038095238095238095
3 0.535 0.4957142857142857 0.002857142857142857 0.002857142857142857
3 0.5342857142857143 0.4928571428571429 0.002857142857142857 0.002857142857142857
3 0.5525 0.48904761904761906 0.002142857142857143 0.002857142857142857
5 0.5489285714285714 0.48904761904761906 0.002142857142857143 0.002857142857142857
3 0.5492857142857143 0.4866666666666667 0.0014285714285714286 0.0019047619047619048
3 0.5553571428571429 0.4876190476190476 0.002142857142857143 0.0019047619047619048
