3 0.435 0.8485714285714285 0.16 0.11619047619047619
0 0.57 0.5542857142857143 0.017142857142857144 0.045714285714285714
0 0.4010714285714286 0.49238095238095236 0.017857142857142856 0.0419047619047619
0 0.3485714285714286 0.23904761904761904 0.017142857142857144 0.049523809523809526
0 0.5307142857142857 0.07571428571428572 0.017142857142857144 0.04857142857142857
0 0.545 0.08857142857142856 0.017142857142857144 0.04380952380952381
0 0.32071428571428573 0.31476190476190474 0.017142857142857144 0.025714285714285714
0 0.3117857142857143 0.3047619047619048 0.016428571428571428 0.04
0 0.2775 0.379047619047619 0.016428571428571428 0.0419047619047619
0 0.26821428571428574 0.590952380952381 0.020714285714285713 0.025714285714285714
0 0.18785714285714286 0.710952380952381 0.027142857142857142 0.03333333333333333
0 0.28714285714285714 0.5723809523809524 0.018571428571428572 0.02095238095238095
0 0.29928571428571427 0.4004761904761905 0.011428571428571429 0.03142857142857143
0 0.2960714285714286 0.14523809523809525 0.010714285714285714 0.02761904761904762
9 0.3075 0.1823809523809524 0.017857142857142856 0.04476190476190476
9 0.30178571428571427 0.1980952380952381 0.015 0.045714285714285714
4 0.43964285714285717 0.9676190476190476 0.16071428571428573 0.06476190476190476
4 0.45107142857142857 0.3661904761904762 0.09785714285714285 0.06952380952380953
3 0.44535714285714284 0.30666666666666664 0.11357142857142857 0.05714285714285714
3 0.44892857142857145 0.25142857142857145 0.10214285714285715 0.05142857142857143
3 0.4514285714285714 0.19666666666666666 0.10142857142857142 0.05047619047619047
3 0.44821428571428573 0.14904761904761904 0.09357142857142857 0.05619047619047619
3 0.4446428571428571 0.10380952380952381 0.09214285714285714 0.05904761904761905
3 0.44857142857142857 0.06619047619047619 0.09857142857142857 0.05047619047619047
3 0.44821428571428573 0.025238095238095237 0.09071428571428572 0.04857142857142857
1 0.6621428571428571 0.3076190476190476 0.015714285714285715 0.026666666666666665
3 0.9589285714285715 0.04285714285714286 0.062142857142857146 0.08190476190476191
3 0.9767857142857143 0.37333333333333335 0.04642857142857143 0.11619047619047619
