3 0.095 0.6687817258883249 0.13857142857142857 0.11421319796954314
3 0.5389285714285714 0.7519035532994923 0.12071428571428572 0.08248730964467005
3 0.8153571428571429 0.42639593908629436 0.125 0.08121827411167512
3 0.5789285714285715 0.10342639593908629 0.07785714285714286 0.04695431472081218
8 0.615 0.18210659898477155 0.19714285714285715 0.11040609137055837
3 0.28714285714285714 0.28236040609137053 0.10142857142857142 0.08756345177664974
3 0.24857142857142858 0.4048223350253807 0.12285714285714286 0.09644670050761421
3 0.12 0.9302030456852791 0.10285714285714286 0.09137055837563451
3 0.8839285714285714 0.965736040609137 0.09071428571428572 0.06091370558375634
5 0.9592857142857143 0.2639593908629441 0.08142857142857143 0.19289340101522842
