0 0.8392857142857143 0.8461904761904762 0.05142857142857143 0.11904761904761904
0 0.7735714285714286 0.8266666666666667 0.05714285714285714 0.12
0 0.2542857142857143 0.7195238095238096 0.03142857142857143 0.0980952380952381
0 0.44107142857142856 0.48 0.029285714285714286 0.05333333333333333
0 0.4564285714285714 0.4038095238095238 0.015714285714285715 0.0761904761904762
0 0.525 0.3238095238095238 0.018571428571428572 0.06666666666666667
0 0.5453571428571429 0.32761904761904764 0.017857142857142856 0.05523809523809524
0 0.5492857142857143 0.2757142857142857 0.014285714285714285 0.04857142857142857
9 0.5160714285714286 0.6995238095238095 0.04928571428571429 0.10571428571428572
9 0.6310714285714286 0.2419047619047619 0.009285714285714286 0.03428571428571429
9 0.6232142857142857 0.23952380952380953 0.009285714285714286 0.035238095238095235
9 0.6146428571428572 0.21095238095238095 0.009285714285714286 0.035238095238095235
3 0.6467857142857143 0.15761904761904763 0.02642857142857143 0.02761904761904762
1 0.46964285714285714 0.26 0.016428571428571428 0.0380952380952381
2 0.4682142857142857 0.2704761904761905 0.019285714285714285 0.03238095238095238
4 0.11928571428571429 0.23952380952380953 0.11428571428571428 0.08666666666666667
3 0.2375 0.21333333333333332 0.07928571428571428 0.05333333333333333
3 0.3335714285714286 0.19857142857142857 0.05857142857142857 0.040952380952380955
3 0.38642857142857145 0.17809523809523808 0.054285714285714284 0.04380952380952381
3 0.43357142857142855 0.17476190476190476 0.05 0.04476190476190476
3 0.4835714285714286 0.15571428571428572 0.041428571428571426 0.029523809523809525
3 0.5467857142857143 0.1438095238095238 0.055 0.026666666666666665
3 0.05821428571428571 0.13952380952380952 0.055 0.037142857142857144
3 0.09892857142857144 0.13714285714285715 0.052142857142857144 0.0419047619047619
3 0.15035714285714286 0.1319047619047619 0.05071428571428571 0.04285714285714286
3 0.18214285714285713 0.1219047619047619 0.047142857142857146 0.030476190476190476
3 0.2839285714285714 0.11571428571428571 0.060714285714285714 0.025714285714285714
3 0.24892857142857142 0.09380952380952381 0.04214285714285714 0.035238095238095235
0 0.24964285714285714 0.1019047619047619 0.013571428571428571 0.030476190476190476
3 0.34964285714285714 0.10761904761904761 0.047857142857142855 0.04380952380952381
3 0.2092857142857143 0.10333333333333333 0.037142857142857144 0.035238095238095235
3 0.4810714285714286 0.0980952380952381 0.027857142857142858 0.02095238095238095
3 0.4660714285714286 0.09761904761904762 0.02642857142857143 0.025714285714285714
3 0.44642857142857145 0.09857142857142857 0.02857142857142857 0.025714285714285714
3 0.435 0.10047619047619048 0.032857142857142856 0.021904761904761906
3 0.415 0.10238095238095238 0.03571428571428571 0.03333333333333333
3 0.5285714285714286 0.09571428571428571 0.032857142857142856 0.025714285714285714
3 0.44357142857142856 0.1380952380952381 0.04857142857142857 0.0380952380952381
3 0.5114285714285715 0.0880952380952381 0.015714285714285715 0.014285714285714285
3 0.6467857142857143 0.11428571428571428 0.027857142857142858 0.024761904761904763
3 0.6203571428571428 0.11142857142857143 0.029285714285714286 0.02095238095238095
0 0.6367857142857143 0.09333333333333334 0.005 0.009523809523809525
0 0.6425 0.09238095238095238 0.0064285714285714285 0.015238095238095238
0 0.6278571428571429 0.09142857142857143 0.005714285714285714 0.013333333333333332
0 0.62 0.09095238095238095 0.004285714285714286 0.012380952380952381
0 0.6496428571428572 0.21095238095238095 0.010714285714285714 0.03142857142857143
