0 0.2789285714285714 0.32170050761421315 0.002142857142857143 0.008883248730964466
8 0.48142857142857143 0.01015228426395939 0.004285714285714286 0.015228426395939085
3 0.47 0.015228426395939085 0.002857142857142857 0.005076142131979695
3 0.4767857142857143 0.027918781725888322 0.002142857142857143 0.005076142131979695
3 0.47 0.032994923857868015 0.002857142857142857 0.005076142131979695
4 0.4717857142857143 0.03807106598984771 0.002142857142857143 0.005076142131979695
3 0.4807142857142857 0.03680203045685279 0.002857142857142857 0.005076142131979695
3 0.4767857142857143 0.03934010152284264 0.002142857142857143 0.005076142131979695
3 0.48 0.04314720812182741 0.002857142857142857 0.005076142131979695
3 0.48142857142857143 0.05012690355329949 0.002857142857142857 0.0038071065989847713
3 0.4828571428571429 0.06218274111675126 0.002857142857142857 0.005076142131979695
8 0.4782142857142857 0.05837563451776649 0.0035714285714285713 0.012690355329949238
8 0.4785714285714286 0.06725888324873096 0.002857142857142857 0.01015228426395939
8 0.4725 0.06345177664974619 0.0035714285714285713 0.01015228426395939
3 0.4689285714285714 0.061548223350253804 0.002142857142857143 0.0038071065989847713
4 0.4635714285714286 0.06598984771573603 0.002857142857142857 0.005076142131979695
4 0.46785714285714286 0.06725888324873096 0.002857142857142857 0.005076142131979695
8 0.45964285714285713 0.09771573604060912 0.005 0.017766497461928932
8 0.4760714285714286 0.11040609137055837 0.005 0.02030456852791878
8 0.48714285714285716 0.10913705583756345 0.005714285714285714 0.02030456852791878
8 0.5210714285714285 0.24365482233502536 0.015 0.03045685279187817
4 0.12642857142857142 0.6795685279187816 0.008571428571428572 0.021573604060913704
4 0.1375 0.6744923857868019 0.009285714285714286 0.021573604060913704
4 0.19642857142857142 0.6446700507614213 0.01 0.02030456852791878
3 0.14714285714285713 0.6713197969543147 0.01 0.017766497461928932
3 0.16785714285714284 0.6586294416243654 0.008571428571428572 0.02284263959390863
3 0.1775 0.6522842639593908 0.007857142857142858 0.017766497461928932
3 0.2067857142857143 0.6421319796954315 0.009285714285714286 0.017766497461928932
3 0.21607142857142858 0.6389593908629441 0.009285714285714286 0.019035532994923856
0 0.14857142857142858 0.8654822335025381 0.004285714285714286 0.012690355329949238
0 0.15071428571428572 0.8616751269035532 0.004285714285714286 0.012690355329949238
0 0.22607142857142856 0.8718274111675126 0.0035714285714285713 0.015228426395939085
1 0.37107142857142855 0.8090101522842639 0.0035714285714285713 0.008883248730964466
1 0.32821428571428574 0.7690355329949238 0.005 0.01015228426395939
5 0.27285714285714285 0.6453045685279187 0.032857142857142856 0.03680203045685279
5 0.3225 0.6256345177664974 0.045 0.03807106598984771
9 0.2417857142857143 0.6288071065989848 0.009285714285714286 0.008883248730964466
9 0.24821428571428572 0.6288071065989848 0.005 0.011421319796954314
4 0.26321428571428573 0.623730964467005 0.016428571428571428 0.021573604060913704
4 0.2889285714285714 0.6148477157360406 0.013571428571428571 0.019035532994923856
4 0.3032142857142857 0.6072335025380711 0.017857142857142856 0.024111675126903553
3 0.27714285714285714 0.6192893401015228 0.014285714285714285 0.02030456852791878
4 0.31642857142857145 0.6021573604060914 0.015714285714285715 0.019035532994923856
4 0.32821428571428574 0.5977157360406091 0.013571428571428571 0.02030456852791878
4 0.2475 0.549492385786802 0.016428571428571428 0.017766497461928932
4 0.3292857142857143 0.5050761421319797 0.015714285714285715 0.017766497461928932
4 0.3557142857142857 0.5260152284263959 0.015714285714285715 0.019035532994923856
3 0.20357142857142857 0.47906091370558374 0.014285714285714285 0.013959390862944161
3 0.25035714285714283 0.449238578680203 0.012142857142857143 0.012690355329949238
3 0.30464285714285716 0.4111675126903553 0.012142857142857143 0.012690355329949238
4 0.32142857142857145 0.3972081218274111 0.014285714285714285 0.012690355329949238
4 0.37857142857142856 0.5862944162436547 0.017142857142857144 0.015228426395939085
4 0.3796428571428571 0.5951776649746192 0.016428571428571428 0.015228426395939085
4 0.4375 0.5006345177664975 0.015 0.021573604060913704
4 0.435 0.5558375634517766 0.01 0.017766497461928932
3 0.37857142857142856 0.6072335025380711 0.017142857142857144 0.013959390862944161
3 0.4039285714285714 0.6154822335025381 0.016428571428571428 0.012690355329949238
3 0.45964285714285713 0.5571065989847716 0.015 0.012690355329949238
5 0.4592857142857143 0.5666243654822335 0.017142857142857144 0.013959390862944161
3 0.4317857142857143 0.4765228426395939 0.015 0.016497461928934008
5 0.43142857142857144 0.5203045685279187 0.02857142857142857 0.03045685279187817
4 0.505 0.641497461928934 0.017142857142857144 0.013959390862944161
4 0.5271428571428571 0.6345177664974618 0.017142857142857144 0.017766497461928932
3 0.5471428571428572 0.6294416243654822 0.017142857142857144 0.015228426395939085
0 0.45785714285714285 0.781725888324873 0.002857142857142857 0.01015228426395939
0 0.48178571428571426 0.7557106598984771 0.002142857142857143 0.011421319796954314
5 0.5532142857142857 0.7614213197969543 0.035 0.035532994923857864
3 0.6182142857142857 0.7480964467005076 0.02214285714285714 0.021573604060913704
0 0.6367857142857143 0.6744923857868019 0.0035714285714285713 0.011421319796954314
0 0.6364285714285715 0.6687817258883249 0.002857142857142857 0.012690355329949238
0 0.6314285714285715 0.6700507614213197 0.002857142857142857 0.01015228426395939
8 0.6614285714285715 0.6998730964467005 0.03571428571428571 0.07233502538071065
8 0.685 0.6370558375634517 0.03142857142857143 0.050761421319796954
8 0.7064285714285714 0.598984771573604 0.025714285714285714 0.05837563451776649
8 0.6289285714285714 0.6180203045685279 0.030714285714285715 0.02284263959390863
8 0.6182142857142857 0.6376903553299492 0.04642857142857143 0.04187817258883248
8 0.6228571428571429 0.6503807106598984 0.05 0.04441624365482233
8 0.7246428571428571 0.7189086294416243 0.02642857142857143 0.03934010152284264
8 0.7189285714285715 0.700507614213198 0.025 0.04060913705583756
8 0.7046428571428571 0.6916243654822335 0.025 0.04060913705583756
8 0.7003571428571429 0.6700507614213197 0.029285714285714286 0.04568527918781726
4 0.7635714285714286 0.6421319796954315 0.017142857142857144 0.02284263959390863
3 0.7310714285714286 0.5368020304568527 0.017857142857142856 0.015228426395939085
3 0.7807142857142857 0.5431472081218274 0.018571428571428572 0.012690355329949238
8 0.8432142857142857 0.515228426395939 0.04214285714285714 0.03045685279187817
4 0.8421428571428572 0.532994923857868 0.017142857142857144 0.025380710659898477
4 0.8496428571428571 0.5304568527918782 0.016428571428571428 0.025380710659898477
4 0.8589285714285714 0.5266497461928934 0.015 0.02030456852791878
4 0.8767857142857143 0.5190355329949238 0.016428571428571428 0.02284263959390863
4 0.9410714285714286 0.4974619289340101 0.019285714285714285 0.025380710659898477
4 0.9514285714285714 0.4942893401015228 0.018571428571428572 0.026649746192893398
4 0.9867857142857143 0.482233502538071 0.019285714285714285 0.027918781725888322
3 0.9610714285714286 0.49048223350253806 0.016428571428571428 0.021573604060913704
3 0.9732142857142857 0.4873096446700507 0.013571428571428571 0.02030456852791878
3 0.9960714285714286 0.47906091370558374 0.007857142857142858 0.024111675126903553
4 0.9928571428571429 0.48032994923857864 0.014285714285714285 0.024111675126903553
0 0.7907142857142857 0.482233502538071 0.002857142857142857 0.0076142131979695426
0 0.895 0.46700507614213194 0.002857142857142857 0.01015228426395939
0 0.8325 0.47335025380710655 0.002142857142857143 0.01015228426395939
0 0.9364285714285714 0.45748730964467 0.002857142857142857 0.008883248730964466
0 0.9582142857142857 0.4486040609137055 0.002142857142857143 0.006345177664974619
0 0.8910714285714286 0.4676395939086294 0.002142857142857143 0.008883248730964466
8 0.8567857142857143 0.40609137055837563 0.035 0.03045685279187817
8 0.8232142857142857 0.4149746192893401 0.03642857142857143 0.03045685279187817
8 0.8453571428571428 0.3172588832487309 0.03357142857142857 0.025380710659898477
5 0.9525 0.3508883248730964 0.023571428571428573 0.019035532994923856
4 0.9439285714285715 0.36675126903553296 0.013571428571428571 0.01015228426395939
3 0.8996428571428572 0.34517766497461927 0.012142857142857143 0.01015228426395939
3 0.8953571428571429 0.37246192893401014 0.015 0.008883248730964466
3 0.8935714285714286 0.383248730964467 0.014285714285714285 0.01015228426395939
3 0.8417857142857142 0.3711928934010152 0.013571428571428571 0.008883248730964466
3 0.8557142857142858 0.36040609137055835 0.012857142857142857 0.01015228426395939
3 0.7964285714285714 0.37182741116751267 0.014285714285714285 0.01015228426395939
3 0.7989285714285714 0.3629441624365482 0.012142857142857143 0.01015228426395939
3 0.7671428571428571 0.3610406091370558 0.01 0.008883248730964466
3 0.7185714285714285 0.33185279187817257 0.01 0.008883248730964466
3 0.7310714285714286 0.3756345177664974 0.013571428571428571 0.01015228426395939
4 0.7285714285714285 0.3426395939086294 0.012857142857142857 0.012690355329949238
4 0.6892857142857143 0.35913705583756345 0.012857142857142857 0.01015228426395939
8 0.7242857142857143 0.31345177664974616 0.018571428571428572 0.017766497461928932
8 0.7267857142857143 0.30837563451776645 0.030714285714285715 0.025380710659898477
0 0.7528571428571429 0.3102791878172589 0.0014285714285714286 0.006345177664974619
0 0.7025 0.30583756345177665 0.002142857142857143 0.005076142131979695
8 0.645 0.35406091370558374 0.02 0.015228426395939085
3 0.6510714285714285 0.37182741116751267 0.012142857142857143 0.01015228426395939
3 0.6664285714285715 0.44035532994923854 0.014285714285714285 0.012690355329949238
3 0.6907142857142857 0.4314720812182741 0.014285714285714285 0.01015228426395939
3 0.6814285714285714 0.4974619289340101 0.014285714285714285 0.02030456852791878
3 0.6353571428571428 0.42576142131979694 0.010714285714285714 0.016497461928934008
3 0.6464285714285715 0.27918781725888325 0.014285714285714285 0.012690355329949238
8 0.6857142857142857 0.2798223350253807 0.02857142857142857 0.021573604060913704
8 0.5817857142857142 0.3312182741116751 0.019285714285714285 0.04060913705583756
3 0.5375 0.3013959390862944 0.007857142857142858 0.011421319796954314
3 0.5607142857142857 0.324238578680203 0.008571428571428572 0.011421319796954314
3 0.5121428571428571 0.3705583756345177 0.012857142857142857 0.01015228426395939
3 0.49464285714285716 0.40609137055837563 0.012142857142857143 0.01015228426395939
8 0.5453571428571429 0.38578680203045684 0.019285714285714285 0.017766497461928932
8 0.52 0.4022842639593908 0.022857142857142857 0.02284263959390863
4 0.5525 0.40609137055837563 0.013571428571428571 0.012690355329949238
4 0.4575 0.38071065989847713 0.013571428571428571 0.015228426395939085
4 0.49535714285714283 0.4143401015228426 0.013571428571428571 0.013959390862944161
4 0.3889285714285714 0.36548223350253806 0.010714285714285714 0.01015228426395939
3 0.34035714285714286 0.38642131979695427 0.010714285714285714 0.011421319796954314
3 0.3514285714285714 0.37499999999999994 0.01 0.011421319796954314
3 0.3628571428571429 0.36167512690355325 0.011428571428571429 0.01015228426395939
8 0.3782142857142857 0.3413705583756345 0.020714285714285713 0.03045685279187817
0 0.4025 0.29505076142131975 0.002142857142857143 0.008883248730964466
0 0.39964285714285713 0.2861675126903553 0.002142857142857143 0.006345177664974619
8 0.425 0.26713197969543145 0.01 0.021573604060913704
8 0.43107142857142855 0.2696700507614213 0.007857142857142858 0.019035532994923856
8 0.43 0.24682741116751267 0.02 0.024111675126903553
8 0.4517857142857143 0.28172588832487305 0.025 0.02030456852791878
8 0.4525 0.27220812182741116 0.025 0.021573604060913704
8 0.4542857142857143 0.26903553299492383 0.02 0.02030456852791878
8 0.45821428571428574 0.266497461928934 0.015 0.017766497461928932
8 0.45607142857142857 0.25444162436548223 0.02214285714285714 0.021573604060913704
8 0.45535714285714285 0.2506345177664974 0.023571428571428573 0.024111675126903553
8 0.455 0.24619289340101522 0.022857142857142857 0.025380710659898477
8 0.45821428571428574 0.2430203045685279 0.019285714285714285 0.024111675126903553
8 0.45964285714285713 0.23921319796954313 0.023571428571428573 0.029187817258883246
8 0.44035714285714284 0.23730964467005075 0.0064285714285714285 0.017766497461928932
8 0.43607142857142855 0.22271573604060912 0.007857142857142858 0.024111675126903553
8 0.4425 0.20368020304568527 0.009285714285714286 0.024111675126903553
8 0.49642857142857144 0.22271573604060912 0.008571428571428572 0.016497461928934008
8 0.48178571428571426 0.1979695431472081 0.0064285714285714285 0.012690355329949238
8 0.4785714285714286 0.16243654822335024 0.007142857142857143 0.02284263959390863
8 0.4342857142857143 0.12753807106598983 0.011428571428571429 0.011421319796954314
4 0.4007142857142857 0.13769035532994922 0.01 0.006345177664974619
3 0.4014285714285714 0.13451776649746192 0.007142857142857143 0.01015228426395939
3 0.41214285714285714 0.17322335025380708 0.008571428571428572 0.006345177664974619
3 0.4125 0.16751269035532992 0.009285714285714286 0.0076142131979695426
8 0.46964285714285714 0.14022842639593908 0.005 0.021573604060913704
8 0.47 0.1548223350253807 0.004285714285714286 0.012690355329949238
8 0.4642857142857143 0.13197969543147206 0.005714285714285714 0.02030456852791878
8 0.4517857142857143 0.14022842639593908 0.0035714285714285713 0.011421319796954314
3 0.4832142857142857 0.07296954314720812 0.002142857142857143 0.006345177664974619
3 0.4632142857142857 0.07423857868020305 0.0035714285714285713 0.006345177664974619
8 0.48464285714285715 0.1878172588832487 0.005 0.01015228426395939
8 0.4660714285714286 0.16751269035532992 0.005 0.015228426395939085
4 0.4546428571428571 0.12499999999999999 0.0064285714285714285 0.006345177664974619
3 0.46714285714285714 0.07804568527918782 0.002857142857142857 0.006345177664974619
3 0.47214285714285714 0.07170050761421319 0.002857142857142857 0.006345177664974619
3 0.4775 0.08502538071065989 0.002142857142857143 0.005076142131979695
3 0.4825 0.08692893401015228 0.002142857142857143 0.006345177664974619
3 0.4807142857142857 0.09581218274111675 0.002857142857142857 0.006345177664974619
3 0.4717857142857143 0.08248730964467005 0.002142857142857143 0.005076142131979695
3 0.46214285714285713 0.07994923857868019 0.004285714285714286 0.005076142131979695
3 0.4664285714285714 0.08756345177664974 0.002857142857142857 0.005076142131979695
3 0.4710714285714286 0.08946700507614212 0.002142857142857143 0.006345177664974619
3 0.4614285714285714 0.08883248730964466 0.002857142857142857 0.0076142131979695426
3 0.4667857142857143 0.09644670050761421 0.002142857142857143 0.0076142131979695426
3 0.4707142857142857 0.09771573604060912 0.004285714285714286 0.005076142131979695
3 0.4660714285714286 0.10342639593908629 0.0035714285714285713 0.006345177664974619
4 0.4682142857142857 0.10850253807106598 0.0035714285714285713 0.006345177664974619
4 0.47 0.11357868020304568 0.002857142857142857 0.006345177664974619
4 0.45964285714285713 0.10977157360406091 0.002142857142857143 0.006345177664974619
4 0.45964285714285713 0.11865482233502538 0.0035714285714285713 0.008883248730964466
3 0.48178571428571426 0.11675126903553298 0.002142857142857143 0.0076142131979695426
3 0.48035714285714287 0.12563451776649745 0.002142857142857143 0.0076142131979695426
4 0.4828571428571429 0.1364213197969543 0.002857142857142857 0.008883248730964466
3 0.4764285714285714 0.1364213197969543 0.002857142857142857 0.006345177664974619
3 0.48714285714285716 0.1484771573604061 0.004285714285714286 0.0076142131979695426
4 0.4875 0.22398477157360405 0.0064285714285714285 0.008883248730964466
3 0.49214285714285716 0.20368020304568527 0.004285714285714286 0.008883248730964466
3 0.5014285714285714 0.22017766497461927 0.005714285714285714 0.008883248730964466
3 0.49357142857142855 0.23223350253807104 0.007142857142857143 0.01015228426395939
3 0.48392857142857143 0.21637055837563451 0.005 0.008883248730964466
3 0.47964285714285715 0.21002538071065988 0.005 0.008883248730964466
3 0.46714285714285714 0.17576142131979694 0.002857142857142857 0.006345177664974619
3 0.4717857142857143 0.16687817258883247 0.0035714285714285713 0.006345177664974619
4 0.47285714285714286 0.17322335025380708 0.004285714285714286 0.008883248730964466
3 0.47714285714285715 0.1884517766497462 0.004285714285714286 0.006345177664974619
3 0.46964285714285714 0.18401015228426396 0.0035714285714285713 0.0076142131979695426
3 0.4710714285714286 0.1897208121827411 0.0035714285714285713 0.008883248730964466
3 0.4732142857142857 0.19543147208121825 0.005 0.0076142131979695426
3 0.4757142857142857 0.20050761421319796 0.004285714285714286 0.01015228426395939
0 0.49535714285714283 0.1548223350253807 0.002142857142857143 0.0076142131979695426
9 0.2764285714285714 0.38642131979695427 0.005714285714285714 0.008883248730964466
0 0.2092857142857143 0.42703045685279184 0.002857142857142857 0.006345177664974619
