4 0.49857142857142855 0.31666666666666665 0.08 0.09238095238095238
1 0.5357142857142857 0.48428571428571426 0.011428571428571429 0.014285714285714285
1 0.5257142857142857 0.5114285714285715 0.008571428571428572 0.011428571428571429
3 0.023214285714285715 0.7757142857142857 0.04642857142857143 0.09619047619047619
4 0.545 0.7638095238095238 0.06714285714285714 0.07428571428571429
4 0.5296428571428572 0.700952380952381 0.065 0.07047619047619047
3 0.7310714285714286 0.8509523809523809 0.08071428571428571 0.09238095238095238
3 0.7185714285714285 0.7747619047619048 0.07142857142857142 0.08095238095238096
3 0.6517857142857143 0.6285714285714286 0.07642857142857143 0.0838095238095238
3 0.9425 0.790952380952381 0.06785714285714285 0.06380952380952382
9 0.8417857142857142 0.5952380952380952 0.02214285714285714 0.024761904761904763
9 0.8707142857142857 0.3742857142857143 0.027142857142857142 0.024761904761904763
4 0.7642857142857142 0.30238095238095236 0.10428571428571429 0.08857142857142856
9 0.7910714285714285 0.10761904761904761 0.019285714285714285 0.02095238095238095
3 0.6139285714285714 0.012857142857142857 0.05928571428571429 0.025714285714285714
3 0.6828571428571428 0.01904761904761905 0.04428571428571428 0.0380952380952381
