4 0.07571428571428572 0.02284263959390863 0.007142857142857143 0.017766497461928932
8 0.09 0.10850253807106598 0.03 0.03934010152284264
8 0.10785714285714286 0.23286802030456852 0.012857142857142857 0.024111675126903553
4 0.08 0.14022842639593908 0.004285714285714286 0.013959390862944161
4 0.12678571428571428 0.2506345177664974 0.012142857142857143 0.013959390862944161
4 0.16857142857142857 0.24746192893401014 0.014285714285714285 0.012690355329949238
3 0.09785714285714285 0.19416243654822332 0.005714285714285714 0.015228426395939085
4 0.14464285714285716 0.08565989847715735 0.010714285714285714 0.013959390862944161
8 0.15928571428571428 0.10532994923857868 0.015714285714285715 0.017766497461928932
8 0.16035714285714286 0.12753807106598983 0.013571428571428571 0.013959390862944161
8 0.15892857142857142 0.20875634517766495 0.03214285714285714 0.024111675126903553
8 0.12535714285714286 0.1897208121827411 0.017857142857142856 0.029187817258883246
8 0.17142857142857143 0.11738578680203045 0.012857142857142857 0.021573604060913704
8 0.2810714285714286 0.18401015228426396 0.030714285714285715 0.032994923857868015
4 0.2817857142857143 0.19860406091370555 0.012142857142857143 0.013959390862944161
3 0.26142857142857145 0.20939086294416243 0.01 0.01015228426395939
3 0.2960714285714286 0.050761421319796954 0.005 0.012690355329949238
3 0.3025 0.10850253807106598 0.005 0.011421319796954314
3 0.35285714285714287 0.13388324873096447 0.012857142857142857 0.008883248730964466
3 0.3325 0.013959390862944161 0.0064285714285714285 0.01015228426395939
3 0.32857142857142857 0.004441624365482233 0.005714285714285714 0.008883248730964466
4 0.2957142857142857 0.07360406091370558 0.005714285714285714 0.012690355329949238
4 0.3157142857142857 0.10279187817258882 0.005714285714285714 0.012690355329949238
4 0.33714285714285713 0.133248730964467 0.01 0.015228426395939085
0 0.3492857142857143 0.049492385786802026 0.0014285714285714286 0.005076142131979695
0 0.3510714285714286 0.048223350253807105 0.002142857142857143 0.005076142131979695
0 0.35428571428571426 0.04758883248730964 0.0014285714285714286 0.0038071065989847713
0 0.3489285714285714 0.11167512690355329 0.002142857142857143 0.0076142131979695426
0 0.3578571428571429 0.10406091370558375 0.002857142857142857 0.0025380710659898475
5 0.3985714285714286 0.1516497461928934 0.012857142857142857 0.026649746192893398
5 0.4085714285714286 0.24999999999999997 0.011428571428571429 0.027918781725888322
4 0.4085714285714286 0.28172588832487305 0.008571428571428572 0.02030456852791878
8 0.40535714285714286 0.3794416243654822 0.013571428571428571 0.03045685279187817
3 0.35678571428571426 0.22271573604060912 0.007857142857142858 0.011421319796954314
3 0.36464285714285716 0.29378172588832485 0.0064285714285714285 0.013959390862944161
8 0.4257142857142857 0.3623096446700507 0.012857142857142857 0.029187817258883246
4 0.4064285714285714 0.21890862944162434 0.007142857142857143 0.016497461928934008
0 0.2617857142857143 0.7360406091370558 0.0035714285714285713 0.01015228426395939
0 0.25892857142857145 0.7385786802030456 0.002142857142857143 0.0076142131979695426
0 0.44642857142857145 0.8534263959390862 0.002857142857142857 0.006345177664974619
0 0.44892857142857145 0.8515228426395939 0.002142857142857143 0.0076142131979695426
0 0.4632142857142857 0.9105329949238578 0.002142857142857143 0.006345177664974619
0 0.4735714285714286 0.898477157360406 0.002857142857142857 0.0076142131979695426
0 0.4421428571428571 0.7893401015228426 0.002857142857142857 0.0076142131979695426
0 0.43607142857142855 0.7798223350253807 0.0035714285714285713 0.008883248730964466
0 0.42142857142857143 0.7296954314720812 0.002857142857142857 0.0076142131979695426
0 0.41678571428571426 0.7284263959390862 0.0035714285714285713 0.005076142131979695
0 0.42607142857142855 0.7258883248730964 0.002142857142857143 0.0076142131979695426
0 0.4014285714285714 0.6814720812182741 0.002857142857142857 0.01015228426395939
0 0.39357142857142857 0.623730964467005 0.002857142857142857 0.006345177664974619
0 0.39107142857142857 0.6256345177664974 0.002142857142857143 0.01015228426395939
0 0.37892857142857145 0.583756345177665 0.002142857142857143 0.0076142131979695426
8 0.495 0.7049492385786802 0.018571428571428572 0.0748730964467005
5 0.5246428571428572 0.8153553299492385 0.016428571428571428 0.052030456852791875
0 0.3514285714285714 0.5031725888324873 0.002857142857142857 0.006345177664974619
0 0.3457142857142857 0.4974619289340101 0.002857142857142857 0.0076142131979695426
0 0.34714285714285714 0.4841370558375634 0.002857142857142857 0.008883248730964466
0 0.33321428571428574 0.43210659898477155 0.002142857142857143 0.006345177664974619
0 0.33464285714285713 0.41370558375634514 0.002142857142857143 0.01015228426395939
0 0.3217857142857143 0.41053299492385786 0.002142857142857143 0.008883248730964466
0 0.3221428571428571 0.38197969543147203 0.0014285714285714286 0.005076142131979695
0 0.31464285714285717 0.3413705583756345 0.002142857142857143 0.005076142131979695
0 0.2832142857142857 0.25380710659898476 0.002142857142857143 0.0076142131979695426
0 0.3125 0.36040609137055835 0.002142857142857143 0.0076142131979695426
0 0.3167857142857143 0.3648477157360406 0.002142857142857143 0.008883248730964466
8 0.4325 0.31218274111675126 0.012142857142857143 0.025380710659898477
4 0.4585714285714286 0.3439086294416243 0.01 0.02030456852791878
4 0.48928571428571427 0.46510152284263956 0.008571428571428572 0.024111675126903553
4 0.455 0.4511421319796954 0.008571428571428572 0.019035532994923856
3 0.4725 0.5272842639593909 0.009285714285714286 0.021573604060913704
4 0.62 0.14784263959390861 0.008571428571428572 0.008883248730964466
5 0.6335714285714286 0.16878172588832485 0.024285714285714285 0.035532994923857864
4 0.6467857142857143 0.18908629441624364 0.012142857142857143 0.017766497461928932
5 0.6646428571428571 0.19670050761421318 0.02214285714285714 0.02030456852791878
5 0.6553571428571429 0.17766497461928932 0.020714285714285713 0.02284263959390863
3 0.6853571428571429 0.2112944162436548 0.010714285714285714 0.013959390862944161
5 0.7475 0.2246192893401015 0.015 0.025380710659898477
4 0.7464285714285714 0.21383248730964466 0.007142857142857143 0.013959390862944161
4 0.7535714285714286 0.3515228426395939 0.007142857142857143 0.01015228426395939
4 0.7610714285714286 0.34010152284263956 0.009285714285714286 0.01015228426395939
3 0.7364285714285714 0.3756345177664974 0.008571428571428572 0.012690355329949238
3 0.7453571428571428 0.3635786802030457 0.007857142857142858 0.016497461928934008
3 0.7282142857142857 0.3876903553299492 0.010714285714285714 0.011421319796954314
8 0.715 0.42005076142131975 0.01 0.02030456852791878
3 0.8307142857142857 0.47208121827411165 0.01 0.015228426395939085
3 0.8235714285714286 0.4625634517766497 0.008571428571428572 0.013959390862944161
0 0.8910714285714286 0.39340101522842635 0.0035714285714285713 0.0076142131979695426
0 0.8853571428571428 0.3908629441624365 0.002142857142857143 0.0076142131979695426
0 0.8625 0.3692893401015228 0.002142857142857143 0.0025380710659898475
0 0.8617857142857143 0.3642131979695431 0.002142857142857143 0.0025380710659898475
0 0.8410714285714286 0.3426395939086294 0.002142857142857143 0.0076142131979695426
0 0.8246428571428571 0.33185279187817257 0.002142857142857143 0.006345177664974619
0 0.825 0.3369289340101523 0.0014285714285714286 0.0038071065989847713
0 0.8278571428571428 0.33185279187817257 0.002857142857142857 0.0038071065989847713
