0 0.3475 0.6252380952380953 0.013571428571428571 0.05238095238095238
1 0.685 0.7342857142857143 0.02142857142857143 0.049523809523809526
0 0.36892857142857144 0.2857142857142857 0.0064285714285714285 0.01904761904761905
0 0.37785714285714284 0.2814285714285714 0.007142857142857143 0.018095238095238095
0 0.5189285714285714 0.4576190476190476 0.007857142857142858 0.02761904761904762
0 0.5275 0.4533333333333333 0.009285714285714286 0.03619047619047619
0 0.5317857142857143 0.4319047619047619 0.012142857142857143 0.035238095238095235
0 0.5442857142857143 0.47523809523809524 0.014285714285714285 0.0380952380952381
0 0.5617857142857143 0.47285714285714286 0.016428571428571428 0.040952380952380955
1 0.5389285714285714 0.5680952380952381 0.015 0.037142857142857144
0 0.5746428571428571 0.37238095238095237 0.012142857142857143 0.03428571428571429
0 0.9039285714285714 0.6052380952380952 0.017857142857142856 0.04476190476190476
0 0.7692857142857142 0.5276190476190477 0.015714285714285715 0.04
0 0.7814285714285715 0.5271428571428571 0.011428571428571429 0.040952380952380955
1 0.8578571428571429 0.5557142857142857 0.011428571428571429 0.037142857142857144
1 0.8546428571428571 0.5504761904761905 0.012142857142857143 0.03619047619047619
1 0.9489285714285715 0.4614285714285714 0.015 0.029523809523809525
1 0.6610714285714285 0.4247619047619048 0.009285714285714286 0.026666666666666665
1 0.7275 0.4595238095238095 0.007857142857142858 0.029523809523809525
1 0.7092857142857143 0.44 0.01 0.030476190476190476
1 0.725 0.36142857142857143 0.007142857142857143 0.02
1 0.9864285714285714 0.3547619047619048 0.007142857142857143 0.02
1 0.9342857142857143 0.3357142857142857 0.007142857142857143 0.01619047619047619
9 0.9457142857142857 0.4642857142857143 0.017142857142857144 0.035238095238095235
9 0.8592857142857143 0.5619047619047619 0.025714285714285714 0.0380952380952381
9 0.7085714285714285 0.44095238095238093 0.022857142857142857 0.02857142857142857
9 0.6607142857142857 0.43 0.025714285714285714 0.021904761904761906
2 0.7289285714285715 0.4695238095238095 0.020714285714285713 0.01904761904761905
2 0.7839285714285714 0.49047619047619045 0.025 0.024761904761904763
0 0.7321428571428571 0.45285714285714285 0.007142857142857143 0.03142857142857143
0 0.7242857142857143 0.45095238095238094 0.007142857142857143 0.02761904761904762
0 0.6478571428571429 0.39476190476190476 0.007142857142857143 0.02761904761904762
2 0.655 0.3942857142857143 0.012857142857142857 0.017142857142857144
9 0.7239285714285715 0.3661904761904762 0.017857142857142856 0.018095238095238095
3 0.8371428571428572 0.44857142857142857 0.047142857142857146 0.045714285714285714
0 0.9678571428571429 0.3576190476190476 0.011428571428571429 0.021904761904761906
9 0.9871428571428571 0.3566666666666667 0.015714285714285715 0.012380952380952381
9 0.9342857142857143 0.33904761904761904 0.02 0.013333333333333332
3 0.9846428571428572 0.3171428571428571 0.027857142857142858 0.026666666666666665
3 0.9714285714285714 0.31952380952380954 0.024285714285714285 0.025714285714285714
3 0.9539285714285715 0.3161904761904762 0.027857142857142858 0.026666666666666665
3 0.945 0.3223809523809524 0.025714285714285714 0.025714285714285714
3 0.9253571428571429 0.31857142857142856 0.02642857142857143 0.025714285714285714
3 0.9089285714285714 0.32047619047619047 0.02642857142857143 0.02761904761904762
3 0.8914285714285715 0.3180952380952381 0.02857142857142857 0.02095238095238095
3 0.8753571428571428 0.32047619047619047 0.02642857142857143 0.02761904761904762
3 0.855 0.32142857142857145 0.02857142857142857 0.021904761904761906
0 0.8689285714285714 0.3242857142857143 0.0064285714285714285 0.021904761904761906
0 0.8364285714285714 0.31857142857142856 0.032857142857142856 0.023809523809523808
0 0.8325 0.3304761904761905 0.03642857142857143 0.024761904761904763
4 0.8235714285714286 0.29619047619047617 0.02857142857142857 0.02095238095238095
3 0.8096428571428571 0.2966666666666667 0.025 0.01619047619047619
4 0.7985714285714286 0.2861904761904762 0.032857142857142856 0.023809523809523808
3 0.7364285714285714 0.3314285714285714 0.045714285714285714 0.022857142857142857
3 0.7671428571428571 0.32476190476190475 0.03857142857142857 0.01904761904761905
3 0.7575 0.3109523809523809 0.030714285714285715 0.018095238095238095
3 0.7257142857142858 0.31238095238095237 0.022857142857142857 0.02095238095238095
3 0.7135714285714285 0.30238095238095236 0.025714285714285714 0.01619047619047619
5 0.7164285714285714 0.2838095238095238 0.04 0.02857142857142857
3 0.7053571428571429 0.2914285714285714 0.02642857142857143 0.01904761904761905
3 0.8385714285714285 0.3028571428571429 0.027142857142857142 0.01904761904761905
3 0.6489285714285714 0.2785714285714286 0.025 0.02
3 0.6614285714285715 0.2757142857142857 0.024285714285714285 0.02
3 0.6767857142857143 0.2519047619047619 0.025 0.014285714285714285
3 0.675 0.24952380952380954 0.025714285714285714 0.017142857142857144
3 0.6317857142857143 0.2619047619047619 0.017857142857142856 0.015238095238095238
3 0.6114285714285714 0.26 0.018571428571428572 0.015238095238095238
3 0.6128571428571429 0.25285714285714284 0.017142857142857144 0.014285714285714285
8 0.6485714285714286 0.25857142857142856 0.04 0.035238095238095235
8 0.6053571428571428 0.2361904761904762 0.03357142857142857 0.030476190476190476
3 0.5925 0.24333333333333335 0.013571428571428571 0.012380952380952381
3 0.5857142857142857 0.2509523809523809 0.018571428571428572 0.012380952380952381
3 0.5803571428571429 0.2423809523809524 0.013571428571428571 0.012380952380952381
4 0.5792857142857143 0.23476190476190475 0.011428571428571429 0.012380952380952381
4 0.5775 0.22476190476190477 0.012142857142857143 0.013333333333333332
3 0.5735714285714286 0.2542857142857143 0.015714285714285715 0.015238095238095238
3 0.5839285714285715 0.2714285714285714 0.02214285714285714 0.02095238095238095
3 0.5771428571428572 0.28095238095238095 0.02 0.02095238095238095
4 0.5632142857142857 0.25952380952380955 0.016428571428571428 0.02
3 0.5603571428571429 0.23095238095238096 0.012142857142857143 0.010476190476190476
5 0.55 0.24523809523809523 0.02142857142857143 0.029523809523809525
3 0.5328571428571428 0.24619047619047618 0.017142857142857144 0.02
4 0.5567857142857143 0.22380952380952382 0.017857142857142856 0.013333333333333332
3 0.5478571428571428 0.22 0.012857142857142857 0.013333333333333332
3 0.5064285714285715 0.24333333333333335 0.015714285714285715 0.01619047619047619
3 0.49642857142857144 0.23476190476190475 0.011428571428571429 0.012380952380952381
4 0.5728571428571428 0.2123809523809524 0.01 0.007619047619047619
3 0.5617857142857143 0.21904761904761905 0.013571428571428571 0.013333333333333332
3 0.5446428571428571 0.20714285714285716 0.007857142857142858 0.006666666666666666
3 0.54 0.2038095238095238 0.007142857142857143 0.007619047619047619
3 0.5267857142857143 0.20809523809523808 0.009285714285714286 0.010476190476190476
3 0.5271428571428571 0.2057142857142857 0.008571428571428572 0.011428571428571429
3 0.5157142857142857 0.2042857142857143 0.008571428571428572 0.008571428571428572
4 0.5328571428571428 0.19714285714285715 0.008571428571428572 0.011428571428571429
3 0.5164285714285715 0.19857142857142857 0.007142857142857143 0.008571428571428572
4 0.5121428571428571 0.19428571428571428 0.007142857142857143 0.009523809523809525
3 0.5053571428571428 0.1961904761904762 0.0064285714285714285 0.007619047619047619
4 0.5253571428571429 0.19428571428571428 0.007857142857142858 0.009523809523809525
4 0.5210714285714285 0.19238095238095237 0.0064285714285714285 0.007619047619047619
5 0.5182142857142857 0.18571428571428572 0.010714285714285714 0.013333333333333332
3 0.49857142857142855 0.18904761904761905 0.008571428571428572 0.008571428571428572
4 0.5132142857142857 0.18666666666666668 0.007857142857142858 0.007619047619047619
3 0.48892857142857143 0.21333333333333332 0.007857142857142858 0.009523809523809525
3 0.4810714285714286 0.20904761904761904 0.0064285714285714285 0.008571428571428572
3 0.4860714285714286 0.2042857142857143 0.009285714285714286 0.010476190476190476
3 0.4735714285714286 0.2138095238095238 0.007142857142857143 0.012380952380952381
3 0.46964285714285714 0.20809523809523808 0.009285714285714286 0.012380952380952381
3 0.47035714285714286 0.20285714285714285 0.007857142857142858 0.009523809523809525
3 0.46785714285714286 0.2 0.007142857142857143 0.009523809523809525
3 0.4782142857142857 0.18571428571428572 0.0064285714285714285 0.007619047619047619
3 0.4925 0.18428571428571427 0.005 0.006666666666666666
3 0.48857142857142855 0.18047619047619048 0.005714285714285714 0.006666666666666666
3 0.4860714285714286 0.17476190476190476 0.005 0.006666666666666666
3 0.4785714285714286 0.17285714285714285 0.004285714285714286 0.004761904761904762
3 0.47964285714285715 0.17095238095238094 0.0035714285714285713 0.006666666666666666
3 0.49214285714285716 0.17761904761904762 0.005714285714285714 0.006666666666666666
3 0.49892857142857144 0.18761904761904763 0.005 0.007619047619047619
3 0.5017857142857143 0.18571428571428572 0.005 0.007619047619047619
3 0.4982142857142857 0.18428571428571427 0.005 0.008571428571428572
3 0.4932142857142857 0.17857142857142858 0.005 0.004761904761904762
0 0.43857142857142856 0.22857142857142856 0.005714285714285714 0.011428571428571429
0 0.42607142857142855 0.18619047619047618 0.0035714285714285713 0.008571428571428572
0 0.4307142857142857 0.18857142857142858 0.002857142857142857 0.009523809523809525
0 0.4332142857142857 0.18904761904761905 0.0035714285714285713 0.008571428571428572
0 0.4325 0.20857142857142857 0.0035714285714285713 0.011428571428571429
0 0.39071428571428574 0.18619047619047618 0.002857142857142857 0.008571428571428572
0 0.38785714285714284 0.18571428571428572 0.002857142857142857 0.009523809523809525
0 0.43214285714285716 0.21857142857142858 0.002857142857142857 0.008571428571428572
0 0.42964285714285716 0.21904761904761905 0.0035714285714285713 0.009523809523809525
