5 0.15225 0.9259999999999999 0.2125 0.148
0 0.49125 0.8733333333333333 0.0275 0.07333333333333333
0 0.3965 0.7633333333333333 0.027 0.076
0 0.44575000000000004 0.7926666666666666 0.025500000000000002 0.06666666666666667
3 0.58775 0.8836666666666666 0.0935 0.23266666666666666
3 0.75075 0.9696666666666667 0.1045 0.06066666666666667
1 0.54475 0.6203333333333333 0.021500000000000002 0.041999999999999996
9 0.54425 0.6486666666666666 0.0175 0.044
0 0.4915 0.5469999999999999 0.018000000000000002 0.05933333333333333
0 0.50725 0.5476666666666666 0.0135 0.05933333333333333
5 0.42325 0.6746666666666666 0.0885 0.21866666666666665
5 0.69575 0.5146666666666666 0.1295 0.13333333333333333
4 0.62425 0.4583333333333333 0.051500000000000004 0.09266666666666666
5 0.4535 0.504 0.054 0.10933333333333332
1 0.519 0.42533333333333334 0.012 0.036
9 0.519 0.4383333333333333 0.015 0.033999999999999996
9 0.45075 0.407 0.0185 0.03666666666666667
1 0.45775 0.3833333333333333 0.0105 0.024
4 0.4305 0.322 0.079 0.04933333333333333
0 0.49075 0.3223333333333333 0.0105 0.03266666666666666
1 0.5075000000000001 0.289 0.009000000000000001 0.026
1 0.5425 0.3 0.009000000000000001 0.022666666666666665
1 0.5437500000000001 0.30633333333333335 0.0085 0.020666666666666667
1 0.5435 0.26666666666666666 0.007 0.02
9 0.487 0.33166666666666667 0.006 0.02333333333333333
9 0.5065000000000001 0.29733333333333334 0.007 0.018666666666666665
9 0.5427500000000001 0.30966666666666665 0.0085 0.022
9 0.543 0.27666666666666667 0.005 0.016
1 0.59225 0.33999999999999997 0.0145 0.032
5 0.578 0.30633333333333335 0.033 0.06866666666666667
3 0.4815 0.29 0.027 0.042666666666666665
0 0.47325 0.25866666666666666 0.006500000000000001 0.026666666666666665
5 0.45975 0.25566666666666665 0.0605 0.03666666666666667
3 0.43725 0.22899999999999998 0.025500000000000002 0.03133333333333333
1 0.47125 0.22633333333333333 0.0075 0.015333333333333332
0 0.48125 0.21466666666666667 0.0045000000000000005 0.014666666666666666
0 0.589 0.2763333333333333 0.007 0.028666666666666667
0 0.558 0.245 0.004 0.03
0 0.5555 0.244 0.005 0.022666666666666665
3 0.48675 0.20099999999999998 0.0195 0.024666666666666667
3 0.48875 0.18633333333333332 0.0185 0.02333333333333333
1 0.5357500000000001 0.21033333333333332 0.006500000000000001 0.014
1 0.5355 0.21566666666666667 0.004 0.015333333333333332
9 0.5357500000000001 0.22033333333333333 0.0055 0.012666666666666666
1 0.5365 0.189 0.005 0.016666666666666666
1 0.5375 0.19333333333333333 0.004 0.009333333333333332
0 0.4995 0.17866666666666667 0.005 0.018666666666666665
2 0.5375 0.19633333333333333 0.004 0.01
0 0.531 0.15666666666666665 0.004 0.016
0 0.5395 0.15666666666666665 0.004 0.017333333333333333
0 0.54525 0.15866666666666665 0.0045000000000000005 0.016
1 0.49225 0.161 0.0075 0.015333333333333332
9 0.49325 0.16433333333333333 0.0045000000000000005 0.011333333333333332
6 0.51875 0.14933333333333332 0.0055 0.012
1 0.5195 0.147 0.004 0.01
1 0.529 0.149 0.004 0.012666666666666666
3 0.51625 0.13333333333333333 0.0125 0.016
3 0.52 0.12 0.019 0.013333333333333332
3 0.50975 0.10733333333333334 0.0105 0.012
3 0.49825 0.106 0.0095 0.009333333333333332
3 0.52075 0.09766666666666667 0.0075 0.008666666666666666
3 0.506 0.09566666666666666 0.007 0.011333333333333332
5 0.51625 0.09 0.0075 0.010666666666666666
3 0.51075 0.07666666666666666 0.0055 0.006666666666666666
3 0.524 0.08399999999999999 0.005 0.010666666666666666
3 0.51925 0.07733333333333334 0.0045000000000000005 0.005333333333333333
3 0.5105000000000001 0.06933333333333333 0.005 0.005333333333333333
3 0.5195 0.07066666666666667 0.005 0.004
3 0.513 0.06566666666666666 0.003 0.002
3 0.5175 0.06 0.004 0.004
3 0.51 0.05466666666666666 0.004 0.004
3 0.5035000000000001 0.06466666666666666 0.005 0.006666666666666666
1 0.495 0.12033333333333333 0.004 0.011333333333333332
2 0.49475 0.123 0.0035 0.008666666666666666
0 0.44675000000000004 0.18966666666666665 0.0055 0.02333333333333333
0 0.43825000000000003 0.191 0.0035 0.022
0 0.44125000000000003 0.188 0.0025 0.02
0 0.5285 0.12766666666666665 0.004 0.014
0 0.53425 0.128 0.0035 0.014666666666666666
3 0.547 0.18033333333333332 0.023 0.020666666666666667
1 0.55625 0.183 0.0055 0.01
3 0.4235 0.11866666666666666 0.02 0.009333333333333332
3 0.44325000000000003 0.11333333333333333 0.0205 0.009333333333333332
4 0.46475 0.12166666666666666 0.0235 0.012666666666666666
4 0.457 0.11699999999999999 0.023 0.012666666666666666
4 0.46275 0.13766666666666666 0.0105 0.020666666666666667
