3 0.32567849686847594 0.8645640074211502 0.03549060542797494 0.09647495361781076
3 0.38413361169102295 0.6567717996289425 0.04906054279749478 0.05194805194805195
3 0.35125260960334026 0.43738404452690166 0.04070981210855949 0.03803339517625232
3 0.33402922755741127 0.37569573283859 0.029227557411273482 0.027829313543599257
3 0.35334029227557406 0.26484230055658625 0.016701461377870562 0.03803339517625232
3 0.3295929018789144 0.2755102040816327 0.01826722338204593 0.03339517625231911
0 0.06602296450939457 0.11363636363636363 0.004697286012526096 0.013914656771799629
0 0.013308977035490605 0.11549165120593692 0.006784968684759916 0.013914656771799629
9 0.03992693110647181 0.12894248608534323 0.012004175365344467 0.012987012987012988
1 0.03914405010438413 0.12523191094619665 0.005219206680584551 0.01855287569573284
0 0.08194154488517745 0.35435992578849723 0.009394572025052192 0.022263450834879406
3 0.012265135699373694 0.6145640074211502 0.02453027139874739 0.03246753246753247
3 0.009916492693110646 0.6442486085343229 0.019832985386221292 0.03432282003710575
3 0.2124217118997912 0.7648423005565863 0.056367432150313146 0.06586270871985157
3 0.15605427974947805 0.7940630797773655 0.051148225469728595 0.05380333951762523
4 0.5033924843423799 0.6781076066790352 0.050626304801670144 0.0575139146567718
3 0.8963987473903966 0.33487940630797774 0.03392484342379958 0.0352504638218924
3 0.9115344467640918 0.2945269016697588 0.028705636743215027 0.03432282003710575
3 0.9926931106471816 0.3042671614100186 0.013569937369519832 0.029684601113172542
3 0.261482254697286 0.9763450834879407 0.056367432150313146 0.045454545454545456
