4 0.43107142857142855 0.7676190476190476 0.04214285714285714 0.08761904761904762
3 0.45964285714285713 0.7519047619047619 0.04214285714285714 0.06761904761904762
3 0.5564285714285714 0.7057142857142857 0.04 0.05714285714285714
3 0.5871428571428572 0.6966666666666667 0.03857142857142857 0.06
3 0.6292857142857143 0.6852380952380952 0.045714285714285714 0.058095238095238096
3 0.6535714285714286 0.6747619047619048 0.04285714285714286 0.05238095238095238
4 0.595 0.5733333333333334 0.04 0.05333333333333333
3 0.5642857142857143 0.5771428571428572 0.03571428571428571 0.0419047619047619
3 0.5360714285714285 0.590952380952381 0.039285714285714285 0.04476190476190476
5 0.48464285714285715 0.6095238095238096 0.035 0.05904761904761905
3 0.455 0.6209523809523809 0.037142857142857144 0.05333333333333333
9 0.6767857142857143 0.549047619047619 0.019285714285714285 0.02
9 0.5625 0.5433333333333333 0.009285714285714286 0.021904761904761906
9 0.5510714285714285 0.5447619047619048 0.012142857142857143 0.02095238095238095
9 0.5414285714285715 0.55 0.012857142857142857 0.018095238095238095
9 0.5314285714285715 0.5523809523809524 0.012857142857142857 0.024761904761904763
9 0.5210714285714285 0.5552380952380952 0.012142857142857143 0.026666666666666665
9 0.5092857142857142 0.5619047619047619 0.011428571428571429 0.024761904761904763
9 0.4875 0.5623809523809524 0.015 0.023809523809523808
9 0.36642857142857144 0.6109523809523809 0.008571428571428572 0.025714285714285714
9 0.3817857142857143 0.6014285714285714 0.016428571428571428 0.023809523809523808
9 0.3914285714285714 0.5985714285714285 0.01 0.02761904761904762
9 0.3982142857142857 0.5980952380952381 0.010714285714285714 0.03238095238095238
9 0.4085714285714286 0.5966666666666667 0.014285714285714285 0.023809523809523808
9 0.4175 0.5914285714285714 0.010714285714285714 0.026666666666666665
9 0.4253571428571429 0.5914285714285714 0.010714285714285714 0.03238095238095238
9 0.4332142857142857 0.5833333333333334 0.010714285714285714 0.021904761904761906
5 0.30392857142857144 0.5280952380952381 0.05357142857142857 0.037142857142857144
3 0.2417857142857143 0.5461904761904762 0.047857142857142855 0.03142857142857143
4 0.032857142857142856 0.28523809523809524 0.02 0.02
3 0.6310714285714286 0.47095238095238096 0.03785714285714286 0.025714285714285714
3 0.86 0.6371428571428571 0.05857142857142857 0.04380952380952381
9 0.9439285714285715 0.6628571428571428 0.013571428571428571 0.017142857142857144
