4 0.7295 0.8076666666666666 0.257 0.28733333333333333
4 0.64525 0.9083333333333333 0.2665 0.18333333333333332
3 0.967 0.886 0.064 0.22799999999999998
0 0.927 0.5496666666666666 0.054 0.07533333333333334
0 0.80075 0.44466666666666665 0.0315 0.06799999999999999
0 0.67325 0.44966666666666666 0.0285 0.078
9 0.45525 0.7846666666666666 0.08650000000000001 0.092
9 0.18125 0.31966666666666665 0.0525 0.054
0 0.16775 0.43466666666666665 0.0225 0.04933333333333333
0 0.23450000000000001 0.4026666666666667 0.023 0.052
0 0.20425000000000001 0.40166666666666667 0.0365 0.07266666666666667
1 0.3335 0.33799999999999997 0.011 0.022666666666666665
1 0.331 0.34299999999999997 0.022 0.062
1 0.48825 0.35566666666666663 0.0225 0.074
0 0.46025 0.45399999999999996 0.0195 0.06933333333333333
0 0.483 0.46699999999999997 0.023 0.07933333333333333
9 0.51175 0.443 0.059500000000000004 0.051333333333333335
1 0.50325 0.4403333333333333 0.0115 0.043333333333333335
1 0.5315 0.44366666666666665 0.018000000000000002 0.04733333333333333
1 0.51075 0.444 0.0305 0.08399999999999999
0 0.52175 0.4036666666666667 0.0195 0.06866666666666667
