1 0.21107142857142858 0.9038095238095238 0.025 0.05904761904761905
1 0.3732142857142857 0.6333333333333333 0.017857142857142856 0.030476190476190476
1 0.45321428571428574 0.4580952380952381 0.015 0.04
1 0.6496428571428572 0.4666666666666667 0.016428571428571428 0.030476190476190476
1 0.15642857142857142 0.06095238095238095 0.01 0.022857142857142857
1 0.2175 0.5657142857142857 0.02214285714285714 0.026666666666666665
1 0.25142857142857145 0.5142857142857142 0.018571428571428572 0.022857142857142857
1 0.1325 0.06857142857142857 0.013571428571428571 0.022857142857142857
2 0.4521428571428571 0.4723809523809524 0.012857142857142857 0.04
2 0.6417857142857143 0.48142857142857143 0.03357142857142857 0.035238095238095235
2 0.37357142857142855 0.6485714285714286 0.018571428571428572 0.05523809523809524
2 0.2292857142857143 0.5871428571428572 0.03 0.039047619047619046
2 0.15821428571428572 0.07047619047619047 0.016428571428571428 0.024761904761904763
9 0.13428571428571429 0.08190476190476191 0.018571428571428572 0.030476190476190476
9 0.26142857142857145 0.5338095238095238 0.03428571428571429 0.037142857142857144
4 0.032857142857142856 0.40190476190476193 0.06571428571428571 0.13333333333333333
3 0.2325 0.3761904761904762 0.07642857142857143 0.08952380952380952
3 0.23714285714285716 0.11095238095238096 0.054285714285714284 0.054285714285714284
3 0.34714285714285714 0.21428571428571427 0.045714285714285714 0.05523809523809524
3 0.8567857142857143 0.25047619047619046 0.065 0.06857142857142857
3 0.9082142857142858 0.27476190476190476 0.05928571428571429 0.07714285714285714
7 0.5653571428571429 0.3261904761904762 0.05357142857142857 0.035238095238095235
7 0.4675 0.29333333333333333 0.04928571428571429 0.04
7 0.21071428571428572 0.8709523809523809 0.09 0.11523809523809524
0 0.31142857142857144 0.6757142857142857 0.017142857142857144 0.03333333333333333
0 0.16892857142857143 0.8061904761904762 0.02214285714285714 0.037142857142857144
0 0.15392857142857141 0.7790476190476191 0.025 0.04
0 0.44892857142857145 0.2833333333333333 0.0064285714285714285 0.04285714285714286
0 0.43535714285714283 0.18523809523809523 0.015 0.039047619047619046
0 0.5764285714285714 0.3038095238095238 0.011428571428571429 0.0380952380952381
0 0.39285714285714285 0.03142857142857143 0.014285714285714285 0.030476190476190476
0 0.5721428571428572 0.23904761904761904 0.011428571428571429 0.04
0 0.5567857142857143 0.2742857142857143 0.012142857142857143 0.03619047619047619
0 0.6435714285714286 0.2671428571428571 0.01 0.040952380952380955
0 0.6575 0.26904761904761904 0.010714285714285714 0.05047619047619047
0 0.2617857142857143 0.679047619047619 0.02214285714285714 0.05142857142857143
0 0.07 0.8638095238095238 0.03142857142857143 0.04380952380952381
0 0.13178571428571428 0.8933333333333333 0.030714285714285715 0.03428571428571429
0 0.10357142857142858 0.8452380952380952 0.03 0.035238095238095235
0 0.08714285714285715 0.7723809523809524 0.032857142857142856 0.047619047619047616
0 0.2357142857142857 0.7033333333333334 0.02 0.05047619047619047
0 0.1982142857142857 0.6971428571428572 0.030714285714285715 0.049523809523809526
0 0.21321428571428572 0.6771428571428572 0.027857142857142858 0.05142857142857143
0 0.1492857142857143 0.6566666666666666 0.037142857142857144 0.04857142857142857
2 0.09142857142857143 0.9680952380952381 0.06714285714285714 0.06190476190476191
4 0.06928571428571428 0.7257142857142858 0.13857142857142857 0.22857142857142856
7 0.6725 0.26571428571428574 0.03785714285714286 0.05142857142857143
7 0.39964285714285713 0.23095238095238096 0.045 0.04476190476190476
4 0.4928571428571429 0.24904761904761905 0.04857142857142857 0.07142857142857142
4 0.7560714285714286 0.1376190476190476 0.05357142857142857 0.04666666666666667
4 0.7782142857142857 0.12380952380952381 0.04357142857142857 0.04
4 0.6339285714285714 0.08190476190476191 0.045 0.05333333333333333
3 0.5514285714285714 0.2138095238095238 0.07 0.06380952380952382
3 0.525 0.19238095238095237 0.06714285714285714 0.05142857142857143
3 0.49464285714285716 0.17047619047619048 0.07071428571428572 0.047619047619047616
3 0.4942857142857143 0.1438095238095238 0.06571428571428571 0.045714285714285714
3 0.4446428571428571 0.14238095238095239 0.05928571428571429 0.04857142857142857
3 0.42142857142857143 0.12047619047619047 0.06 0.037142857142857144
3 0.4025 0.1061904761904762 0.05928571428571429 0.04476190476190476
3 0.3792857142857143 0.08952380952380952 0.05857142857142857 0.0419047619047619
3 0.36142857142857143 0.07809523809523809 0.054285714285714284 0.0380952380952381
3 0.3435714285714286 0.06666666666666667 0.041428571428571426 0.04
3 0.5675 0.12095238095238095 0.056428571428571425 0.05142857142857143
3 0.6728571428571428 0.11666666666666667 0.054285714285714284 0.04857142857142857
3 0.6389285714285714 0.22047619047619046 0.07214285714285715 0.05238095238095238
3 0.6671428571428571 0.20285714285714285 0.06428571428571428 0.05142857142857143
3 0.685 0.1838095238095238 0.07142857142857142 0.06095238095238095
3 0.7153571428571428 0.16857142857142857 0.06642857142857143 0.047619047619047616
3 0.7307142857142858 0.15428571428571428 0.06428571428571428 0.049523809523809526
3 0.7885714285714286 0.11428571428571428 0.054285714285714284 0.04
3 0.7839285714285714 0.1 0.06642857142857143 0.0380952380952381
3 0.8185714285714286 0.09571428571428571 0.05714285714285714 0.035238095238095235
3 0.8360714285714286 0.08476190476190476 0.056428571428571425 0.0419047619047619
4 0.9175 0.029047619047619048 0.05071428571428571 0.029523809523809525
4 0.8953571428571429 0.04476190476190476 0.03642857142857143 0.03428571428571429
3 0.8717857142857143 0.060476190476190475 0.045 0.04666666666666667
3 0.7764285714285715 0.02095238095238095 0.05 0.0380952380952381
3 0.7496428571428572 0.02238095238095238 0.047857142857142855 0.04285714285714286
4 0.7310714285714286 0.023809523809523808 0.04642857142857143 0.047619047619047616
8 0.6892857142857143 0.03380952380952381 0.08428571428571428 0.06761904761904762
3 0.6778571428571428 0.05285714285714286 0.05142857142857143 0.04666666666666667
3 0.6739285714285714 0.07285714285714286 0.04642857142857143 0.04857142857142857
3 0.6564285714285715 0.06857142857142857 0.05 0.047619047619047616
4 0.6053571428571428 0.04904761904761905 0.052142857142857144 0.05047619047619047
0 0.18892857142857142 0.020476190476190478 0.010714285714285714 0.035238095238095235
0 0.31785714285714284 0.22 0.01 0.0419047619047619
0 0.4496428571428571 0.07 0.0064285714285714285 0.03333333333333333
2 0.5564285714285714 0.06857142857142857 0.014285714285714285 0.02095238095238095
3 0.5885714285714285 0.10857142857142857 0.05714285714285714 0.05333333333333333
3 0.6128571428571429 0.09904761904761905 0.05857142857142857 0.05142857142857143
1 0.5364285714285715 0.27904761904761904 0.008571428571428572 0.02857142857142857
