3 0.05107142857142857 0.15285714285714286 0.10214285714285715 0.06761904761904762
0 0.29 0.06333333333333334 0.014285714285714285 0.029523809523809525
0 0.27035714285714285 0.05904761904761905 0.013571428571428571 0.03619047619047619
0 0.2775 0.05142857142857143 0.019285714285714285 0.045714285714285714
3 0.245 0.18142857142857144 0.10857142857142857 0.1
0 0.18857142857142858 0.2819047619047619 0.032857142857142856 0.05142857142857143
0 0.1392857142857143 0.3314285714285714 0.03 0.03428571428571429
0 0.12107142857142857 0.3376190476190476 0.027857142857142858 0.035238095238095235
3 0.385 0.2985714285714286 0.054285714285714284 0.16095238095238096
6 0.1792857142857143 0.7961904761904762 0.05 0.12
3 0.18035714285714285 0.9604761904761905 0.08071428571428571 0.07904761904761905
8 0.4685714285714286 0.2995238095238095 0.07571428571428572 0.26761904761904765
3 0.5725 0.42714285714285716 0.05928571428571429 0.17809523809523808
0 0.8125 0.015238095238095238 0.015 0.030476190476190476
0 0.7842857142857143 0.028095238095238097 0.018571428571428572 0.04476190476190476
0 0.9203571428571429 0.03 0.023571428571428573 0.05238095238095238
3 0.8642857142857143 0.13904761904761906 0.08142857142857143 0.06285714285714286
9 0.7492857142857143 0.20952380952380953 0.03857142857142857 0.02857142857142857
1 0.7510714285714286 0.20333333333333334 0.012142857142857143 0.04285714285714286
4 0.9810714285714286 0.34285714285714286 0.03785714285714286 0.06857142857142857
3 0.8075 0.5438095238095239 0.06642857142857143 0.12761904761904763
3 0.8496428571428571 0.8038095238095239 0.15642857142857142 0.17333333333333334
