3 0.7977557411273486 0.9457328385899815 0.055845511482254695 0.10667903525046382
3 0.902661795407098 0.8167903525046383 0.055845511482254695 0.09183673469387756
3 0.9877348643006262 0.661873840445269 0.023486430062630476 0.06586270871985157
3 0.92901878914405 0.27040816326530615 0.026096033402922752 0.05844155844155844
3 0.9592901878914404 0.10853432282003711 0.019832985386221292 0.03339517625231911
4 0.7954070981210856 0.2541743970315399 0.033402922755741124 0.055658627087198514
3 0.738517745302714 0.30890538033395176 0.03653444676409186 0.05380333951762523
3 0.5775052192066805 0.4401669758812616 0.03705636743215031 0.06771799628942486
9 0.5913361169102296 0.4197588126159555 0.019832985386221292 0.021335807050092765
5 0.397964509394572 0.5120593692022264 0.04123173277661795 0.09647495361781076
9 0.38178496868475986 0.3302411873840445 0.010960334029227557 0.025974025974025976
9 0.3943110647181628 0.32606679035250463 0.009916492693110646 0.03432282003710575
3 0.34237995824634654 0.35667903525046385 0.029227557411273482 0.05658627087198516
3 0.26487473903966596 0.40862708719851576 0.02766179540709812 0.06215213358070501
0 0.2575678496868476 0.4485157699443414 0.009916492693110646 0.02319109461966605
3 0.2340814196242171 0.4318181818181818 0.03183716075156576 0.06771799628942486
3 0.17693110647181626 0.47263450834879406 0.029227557411273482 0.06215213358070501
3 0.03444676409185803 0.24489795918367346 0.043841336116910226 0.04267161410018553
5 0.05271398747390396 0.7518552875695733 0.045929018789144044 0.12708719851576994
3 0.25574112734864296 0.8038033395176253 0.037578288100208766 0.09183673469387756
3 0.318893528183716 0.5695732838589982 0.031315240083507306 0.07606679035250465
3 0.4624217118997912 0.6317254174397031 0.03653444676409186 0.06679035250463822
3 0.4428496868475991 0.47634508348794063 0.03496868475991649 0.06771799628942486
