0 0.4714285714285714 0.5314285714285715 0.011428571428571429 0.013333333333333332
0 0.49178571428571427 0.4604761904761905 0.005 0.010476190476190476
0 0.3607142857142857 0.4523809523809524 0.008571428571428572 0.013333333333333332
0 0.1682142857142857 0.8171428571428572 0.007857142857142858 0.011428571428571429
0 0.285 0.6480952380952381 0.011428571428571429 0.014285714285714285
0 0.21535714285714286 0.9866666666666667 0.015 0.009523809523809525
0 0.10928571428571429 0.6276190476190476 0.01 0.009523809523809525
0 0.9425 0.43285714285714283 0.010714285714285714 0.014285714285714285
0 0.9492857142857143 0.43285714285714283 0.008571428571428572 0.01619047619047619
1 0.8835714285714286 0.2785714285714286 0.01 0.01619047619047619
9 0.8760714285714286 0.2785714285714286 0.015 0.023809523809523808
1 0.7864285714285715 0.12333333333333334 0.007142857142857143 0.01619047619047619
1 0.79 0.12714285714285714 0.01 0.018095238095238095
9 0.7864285714285715 0.12761904761904763 0.018571428571428572 0.01904761904761905
1 0.7010714285714286 0.1061904761904762 0.0064285714285714285 0.02
1 0.705 0.10523809523809524 0.007142857142857143 0.018095238095238095
9 0.7 0.11 0.022857142857142857 0.012380952380952381
1 0.7285714285714285 0.06380952380952382 0.005714285714285714 0.02095238095238095
9 0.7275 0.06619047619047619 0.016428571428571428 0.018095238095238095
1 0.6275 0.08952380952380952 0.0064285714285714285 0.01904761904761905
2 0.6260714285714286 0.09380952380952381 0.012142857142857143 0.01619047619047619
0 0.5675 0.018095238095238095 0.005 0.017142857142857144
0 0.5542857142857143 0.02761904761904762 0.004285714285714286 0.015238095238095238
0 0.5585714285714286 0.03 0.005714285714285714 0.018095238095238095
0 0.5196428571428572 0.09857142857142857 0.005 0.01619047619047619
0 0.5121428571428571 0.09857142857142857 0.002857142857142857 0.018095238095238095
5 0.9717857142857143 0.1538095238095238 0.056428571428571425 0.11523809523809524
