3 0.9514285714285714 0.8042857142857143 0.09714285714285714 0.13238095238095238
3 0.7110714285714286 0.5352380952380953 0.10928571428571429 0.08571428571428572
0 0.5353571428571429 0.5666666666666667 0.029285714285714286 0.0380952380952381
0 0.5396428571428571 0.4080952380952381 0.019285714285714285 0.025714285714285714
3 0.5775 0.6647619047619048 0.08357142857142857 0.05523809523809524
3 0.5967857142857143 0.7547619047619047 0.10214285714285715 0.08095238095238096
3 0.5335714285714286 0.8633333333333333 0.09714285714285714 0.1
1 0.27464285714285713 0.8776190476190476 0.020714285714285713 0.021904761904761906
2 0.27535714285714286 0.8795238095238095 0.023571428571428573 0.025714285714285714
3 0.33107142857142857 0.9095238095238095 0.04214285714285714 0.09142857142857143
0 0.35428571428571426 0.6295238095238095 0.014285714285714285 0.015238095238095238
3 0.5028571428571429 0.6138095238095238 0.05857142857142857 0.04857142857142857
3 0.45 0.7452380952380953 0.06 0.05619047619047619
3 0.41035714285714286 0.6766666666666666 0.047857142857142855 0.04476190476190476
3 0.37035714285714283 0.7280952380952381 0.04071428571428572 0.040952380952380955
4 0.37214285714285716 0.7876190476190477 0.05714285714285714 0.05714285714285714
3 0.31892857142857145 0.8280952380952381 0.04071428571428572 0.04666666666666667
3 0.3246428571428571 0.7728571428571429 0.035 0.040952380952380955
3 0.3457142857142857 0.6814285714285714 0.03142857142857143 0.03142857142857143
3 0.31642857142857145 0.7204761904761905 0.032857142857142856 0.03333333333333333
3 0.285 0.758095238095238 0.02857142857142857 0.03238095238095238
3 0.2617857142857143 0.7966666666666666 0.030714285714285715 0.035238095238095235
3 0.2032142857142857 0.7590476190476191 0.015 0.01904761904761905
3 0.2832142857142857 0.7161904761904762 0.023571428571428573 0.02857142857142857
3 0.2642857142857143 0.7133333333333334 0.017142857142857144 0.022857142857142857
3 0.25785714285714284 0.7480952380952381 0.025714285714285714 0.029523809523809525
3 0.2978571428571429 0.6833333333333333 0.024285714285714285 0.023809523809523808
3 0.2664285714285714 0.6842857142857143 0.02 0.021904761904761906
3 0.24357142857142858 0.709047619047619 0.017142857142857144 0.02
3 0.2417857142857143 0.7376190476190476 0.020714285714285713 0.023809523809523808
3 0.22535714285714287 0.731904761904762 0.015 0.018095238095238095
3 0.2392857142857143 0.6852380952380952 0.017142857142857144 0.02
3 0.22785714285714287 0.6838095238095238 0.012857142857142857 0.017142857142857144
3 0.21642857142857141 0.6857142857142857 0.01 0.013333333333333332
3 0.21642857142857141 0.7071428571428572 0.012857142857142857 0.01619047619047619
3 0.2092857142857143 0.7309523809523809 0.015714285714285715 0.018095238095238095
3 0.20357142857142857 0.7228571428571429 0.011428571428571429 0.017142857142857144
3 0.20857142857142857 0.7042857142857143 0.008571428571428572 0.014285714285714285
3 0.20142857142857143 0.7038095238095238 0.01 0.011428571428571429
3 0.20714285714285716 0.680952380952381 0.01 0.013333333333333332
3 0.20464285714285715 0.6804761904761905 0.007857142857142858 0.014285714285714285
3 0.19142857142857142 0.7180952380952381 0.01 0.015238095238095238
3 0.19535714285714287 0.7033333333333334 0.009285714285714286 0.010476190476190476
3 0.19714285714285715 0.6838095238095238 0.007142857142857143 0.007619047619047619
3 0.19107142857142856 0.7014285714285714 0.007857142857142858 0.012380952380952381
3 0.1875 0.6995238095238095 0.009285714285714286 0.010476190476190476
3 0.18428571428571427 0.6842857142857143 0.007142857142857143 0.008571428571428572
3 0.18142857142857144 0.6923809523809524 0.007142857142857143 0.007619047619047619
3 0.1732142857142857 0.6952380952380952 0.0064285714285714285 0.007619047619047619
3 0.16392857142857142 0.7019047619047619 0.005 0.005714285714285714
3 0.15928571428571428 0.6952380952380952 0.004285714285714286 0.005714285714285714
3 0.15535714285714286 0.6980952380952381 0.005 0.005714285714285714
3 0.15428571428571428 0.6957142857142857 0.004285714285714286 0.006666666666666666
3 0.15392857142857141 0.7057142857142857 0.005 0.005714285714285714
7 0.3075 0.5866666666666667 0.013571428571428571 0.013333333333333332
0 0.30178571428571427 0.5671428571428572 0.007857142857142858 0.010476190476190476
8 0.2925 0.5866666666666667 0.03214285714285714 0.03428571428571429
0 0.24321428571428572 0.6623809523809524 0.005 0.008571428571428572
0 0.24071428571428571 0.6619047619047619 0.004285714285714286 0.007619047619047619
0 0.2392857142857143 0.6638095238095238 0.004285714285714286 0.007619047619047619
3 0.18678571428571428 0.6585714285714286 0.005 0.006666666666666666
3 0.18035714285714285 0.659047619047619 0.0035714285714285713 0.005714285714285714
0 0.18714285714285714 0.6504761904761904 0.002857142857142857 0.0038095238095238095
3 0.17392857142857143 0.6647619047619048 0.0035714285714285713 0.0038095238095238095
3 0.16892857142857143 0.670952380952381 0.0035714285714285713 0.004761904761904762
3 0.16535714285714287 0.6742857142857143 0.0035714285714285713 0.0038095238095238095
3 0.15857142857142856 0.680952380952381 0.002857142857142857 0.005714285714285714
3 0.16357142857142856 0.6733333333333333 0.002857142857142857 0.0038095238095238095
4 0.9235714285714286 0.04 0.045714285714285714 0.08
3 0.8767857142857143 0.08095238095238096 0.04642857142857143 0.08190476190476191
3 0.7825 0.1595238095238095 0.035 0.06761904761904762
0 0.7442857142857143 0.1676190476190476 0.018571428571428572 0.026666666666666665
3 0.7967857142857143 0.055714285714285716 0.035 0.058095238095238096
4 0.7346428571428572 0.11571428571428571 0.02642857142857143 0.04857142857142857
3 0.7264285714285714 0.20476190476190476 0.03857142857142857 0.06666666666666667
3 0.6678571428571428 0.25285714285714284 0.03428571428571429 0.058095238095238096
3 0.6446428571428572 0.2757142857142857 0.029285714285714286 0.058095238095238096
3 0.535 0.30523809523809525 0.02142857142857143 0.035238095238095235
3 0.5232142857142857 0.31285714285714283 0.019285714285714285 0.03142857142857143
3 0.5135714285714286 0.3238095238095238 0.02142857142857143 0.03619047619047619
3 0.49964285714285717 0.3357142857142857 0.017857142857142856 0.03333333333333333
3 0.4732142857142857 0.3676190476190476 0.019285714285714285 0.03238095238095238
