0 0.09571428571428571 0.8064720812182741 0.007142857142857143 0.024111675126903553
0 0.10642857142857143 0.7112944162436547 0.007142857142857143 0.029187817258883246
0 0.09571428571428571 0.6288071065989848 0.005714285714285714 0.021573604060913704
0 0.06428571428571428 0.6002538071065989 0.004285714285714286 0.02030456852791878
0 0.09428571428571429 0.5983502538071066 0.005714285714285714 0.021573604060913704
0 0.095 0.5996192893401014 0.004285714285714286 0.016497461928934008
3 0.14464285714285716 0.774746192893401 0.020714285714285713 0.04187817258883248
4 0.15571428571428572 0.6846446700507614 0.018571428571428572 0.04187817258883248
8 0.15892857142857142 0.5799492385786802 0.02642857142857143 0.09137055837563451
0 0.13035714285714287 0.5063451776649746 0.005 0.017766497461928932
0 0.10785714285714286 0.47906091370558374 0.004285714285714286 0.019035532994923856
0 0.1382142857142857 0.5019035532994923 0.005 0.016497461928934008
4 0.16035714285714286 0.5190355329949238 0.015 0.027918781725888322
3 0.13714285714285715 0.4213197969543147 0.018571428571428572 0.017766497461928932
3 0.15571428571428572 0.47144670050761417 0.014285714285714285 0.026649746192893398
8 0.07107142857142858 0.32170050761421315 0.03357142857142857 0.04187817258883248
8 0.07964285714285714 0.3109137055837563 0.039285714285714285 0.03807106598984771
8 0.060714285714285714 0.29568527918781723 0.03142857142857143 0.04060913705583756
8 0.10928571428571429 0.29441624365482233 0.04285714285714286 0.035532994923857864
8 0.10142857142857142 0.28553299492385786 0.054285714285714284 0.03807106598984771
8 0.09142857142857143 0.2842639593908629 0.05285714285714286 0.04568527918781726
8 0.08107142857142857 0.2785532994923858 0.04928571428571429 0.04187817258883248
8 0.07071428571428572 0.2728426395939086 0.04285714285714286 0.04060913705583756
8 0.065 0.26776649746192893 0.04857142857142857 0.04314720812182741
4 0.04178571428571429 0.21192893401015228 0.015 0.012690355329949238
8 0.03964285714285714 0.20368020304568527 0.023571428571428573 0.016497461928934008
8 0.09678571428571428 0.20621827411167512 0.02642857142857143 0.019035532994923856
8 0.15214285714285714 0.20685279187817257 0.022857142857142857 0.017766497461928932
8 0.13714285714285715 0.30774111675126903 0.03571428571428571 0.026649746192893398
8 0.1325 0.3013959390862944 0.04928571428571429 0.03680203045685279
8 0.12428571428571429 0.2963197969543147 0.04857142857142857 0.03426395939086294
0 0.10392857142857143 0.3166243654822335 0.0035714285714285713 0.013959390862944161
0 0.11285714285714285 0.33502538071065985 0.002857142857142857 0.017766497461928932
0 0.09214285714285714 0.3362944162436548 0.004285714285714286 0.015228426395939085
3 0.06821428571428571 0.3496192893401015 0.010714285714285714 0.021573604060913704
3 0.06142857142857143 0.21256345177664973 0.014285714285714285 0.011421319796954314
3 0.07821428571428571 0.21319796954314718 0.015 0.01015228426395939
3 0.105 0.21383248730964466 0.015714285714285715 0.011421319796954314
3 0.12392857142857143 0.2151015228426396 0.016428571428571428 0.011421319796954314
3 0.12428571428571429 0.21192893401015228 0.017142857142857144 0.012690355329949238
4 0.14821428571428572 0.21383248730964466 0.017857142857142856 0.013959390862944161
3 0.17107142857142857 0.20621827411167512 0.017857142857142856 0.013959390862944161
3 0.16892857142857143 0.21700507614213196 0.017857142857142856 0.015228426395939085
3 0.18428571428571427 0.21256345177664973 0.015714285714285715 0.008883248730964466
3 0.19214285714285714 0.21700507614213196 0.017142857142857144 0.012690355329949238
5 0.21821428571428572 0.2144670050761421 0.029285714285714286 0.025380710659898477
8 0.21678571428571428 0.20431472081218272 0.047857142857142855 0.032994923857868015
3 0.23607142857142857 0.26078680203045684 0.007857142857142858 0.013959390862944161
0 0.22642857142857142 0.26015228426395937 0.002857142857142857 0.01015228426395939
8 0.31857142857142856 0.21002538071065988 0.024285714285714285 0.019035532994923856
3 0.2507142857142857 0.2214467005076142 0.018571428571428572 0.011421319796954314
3 0.2596428571428571 0.21192893401015228 0.017857142857142856 0.012690355329949238
3 0.2725 0.22208121827411165 0.017857142857142856 0.012690355329949238
3 0.29678571428571426 0.22398477157360405 0.017857142857142856 0.011421319796954314
3 0.34464285714285714 0.21256345177664973 0.013571428571428571 0.013959390862944161
3 0.39964285714285713 0.19670050761421318 0.012142857142857143 0.017766497461928932
8 0.42214285714285715 0.21192893401015228 0.04857142857142857 0.035532994923857864
8 0.44642857142857145 0.1947969543147208 0.024285714285714285 0.029187817258883246
8 0.5564285714285714 0.15545685279187815 0.024285714285714285 0.026649746192893398
8 0.5839285714285715 0.15228426395939085 0.023571428571428573 0.025380710659898477
8 0.5896428571428571 0.14403553299492386 0.020714285714285713 0.024111675126903553
8 0.6296428571428572 0.21700507614213196 0.015 0.035532994923857864
8 0.6664285714285715 0.09581218274111675 0.011428571428571429 0.016497461928934008
8 0.7067857142857142 0.10723350253807105 0.009285714285714286 0.021573604060913704
8 0.7346428571428572 0.18527918781725886 0.010714285714285714 0.025380710659898477
8 0.32785714285714285 0.348984771573604 0.02 0.06345177664974619
3 0.38642857142857145 0.3578680203045685 0.011428571428571429 0.017766497461928932
4 0.36214285714285716 0.4422588832487309 0.01 0.024111675126903553
4 0.3585714285714286 0.5444162436548223 0.012857142857142857 0.03045685279187817
3 0.41285714285714287 0.299492385786802 0.01 0.012690355329949238
9 0.42928571428571427 0.3115482233502538 0.002857142857142857 0.008883248730964466
0 0.42928571428571427 0.30774111675126903 0.002857142857142857 0.011421319796954314
3 0.43214285714285716 0.30203045685279184 0.008571428571428572 0.015228426395939085
3 0.44857142857142857 0.3052030456852792 0.01 0.011421319796954314
0 0.44642857142857145 0.31852791878172587 0.002857142857142857 0.012690355329949238
3 0.43285714285714283 0.3426395939086294 0.011428571428571429 0.017766497461928932
4 0.4382142857142857 0.3261421319796954 0.010714285714285714 0.017766497461928932
3 0.4625 0.3147208121827411 0.009285714285714286 0.015228426395939085
3 0.4492857142857143 0.34517766497461927 0.011428571428571429 0.015228426395939085
4 0.465 0.3610406091370558 0.01 0.019035532994923856
4 0.49107142857142855 0.3381979695431472 0.009285714285714286 0.021573604060913704
4 0.4828571428571429 0.3781725888324873 0.01 0.027918781725888322
3 0.5042857142857143 0.2975888324873096 0.008571428571428572 0.016497461928934008
4 0.5132142857142857 0.3229695431472081 0.009285714285714286 0.024111675126903553
4 0.5382142857142858 0.30583756345177665 0.009285714285714286 0.02030456852791878
3 0.5560714285714285 0.30774111675126903 0.007857142857142858 0.016497461928934008
4 0.5746428571428571 0.3052030456852792 0.007857142857142858 0.021573604060913704
4 0.5917857142857142 0.3102791878172589 0.007857142857142858 0.016497461928934008
8 0.6042857142857143 0.3661167512690355 0.018571428571428572 0.06472081218274112
3 0.8496428571428571 0.11357868020304568 0.013571428571428571 0.008883248730964466
3 0.7417857142857143 0.03236040609137056 0.0035714285714285713 0.006345177664974619
3 0.73 0.026649746192893398 0.002857142857142857 0.0076142131979695426
3 0.7367857142857143 0.03236040609137056 0.0035714285714285713 0.006345177664974619
3 0.7471428571428571 0.03807106598984771 0.004285714285714286 0.005076142131979695
3 0.7228571428571429 0.03743654822335025 0.005714285714285714 0.006345177664974619
3 0.7289285714285715 0.03807106598984771 0.0035714285714285713 0.005076142131979695
3 0.7160714285714286 0.06725888324873096 0.005 0.005076142131979695
4 0.7067857142857142 0.06598984771573603 0.005 0.0076142131979695426
5 0.7110714285714286 0.08883248730964466 0.007857142857142858 0.012690355329949238
3 0.7157142857142857 0.09390862944162436 0.004285714285714286 0.0076142131979695426
3 0.6964285714285714 0.09708121827411166 0.005714285714285714 0.006345177664974619
3 0.6978571428571428 0.10977157360406091 0.005714285714285714 0.006345177664974619
3 0.6946428571428571 0.07233502538071065 0.0035714285714285713 0.005076142131979695
4 0.6867857142857143 0.07741116751269035 0.005 0.0076142131979695426
3 0.6910714285714286 0.07994923857868019 0.005 0.0076142131979695426
3 0.7028571428571428 0.08312182741116751 0.005714285714285714 0.006345177664974619
3 0.6742857142857143 0.0881979695431472 0.004285714285714286 0.006345177664974619
3 0.7307142857142858 0.14530456852791876 0.005714285714285714 0.008883248730964466
3 0.7842857142857143 0.12309644670050761 0.005714285714285714 0.01015228426395939
3 0.7878571428571428 0.12753807106598983 0.005714285714285714 0.008883248730964466
3 0.7907142857142857 0.13197969543147206 0.005714285714285714 0.01015228426395939
3 0.7921428571428571 0.1383248730964467 0.007142857142857143 0.01015228426395939
8 0.8257142857142857 0.22081218274111675 0.014285714285714285 0.04568527918781726
4 0.8082142857142857 0.09644670050761421 0.007857142857142858 0.01015228426395939
4 0.8114285714285714 0.10025380710659898 0.007142857142857143 0.01015228426395939
4 0.8289285714285715 0.11611675126903552 0.015 0.011421319796954314
4 0.83 0.12119289340101522 0.014285714285714285 0.011421319796954314
4 0.8364285714285714 0.12626903553299493 0.017142857142857144 0.011421319796954314
4 0.8410714285714286 0.13388324873096447 0.016428571428571428 0.016497461928934008
3 0.8446428571428571 0.13959390862944163 0.013571428571428571 0.012690355329949238
3 0.8482142857142857 0.14340101522842638 0.015 0.012690355329949238
4 0.8521428571428571 0.14784263959390861 0.015714285714285715 0.013959390862944161
3 0.8139285714285714 0.2614213197969543 0.015 0.015228426395939085
8 0.6414285714285715 0.10596446700507614 0.012857142857142857 0.021573604060913704
8 0.6339285714285714 0.12753807106598983 0.013571428571428571 0.019035532994923856
8 0.625 0.12182741116751268 0.017142857142857144 0.02030456852791878
3 0.6225 0.14022842639593908 0.0064285714285714285 0.008883248730964466
3 0.6575 0.14276649746192893 0.005 0.008883248730964466
3 0.6085714285714285 0.1465736040609137 0.007142857142857143 0.008883248730964466
3 0.635 0.16053299492385786 0.007142857142857143 0.008883248730964466
3 0.6467857142857143 0.1751269035532995 0.0064285714285714285 0.01015228426395939
4 0.6307142857142857 0.18337563451776648 0.007142857142857143 0.011421319796954314
3 0.6053571428571428 0.2442893401015228 0.019285714285714285 0.013959390862944161
3 0.5114285714285715 0.20304568527918782 0.007142857142857143 0.01015228426395939
3 0.5214285714285715 0.19670050761421318 0.011428571428571429 0.01015228426395939
3 0.54 0.18083756345177662 0.008571428571428572 0.008883248730964466
4 0.5321428571428571 0.19098984771573602 0.01 0.011421319796954314
4 0.5482142857142858 0.18274111675126903 0.010714285714285714 0.01015228426395939
4 0.5510714285714285 0.1751269035532995 0.009285714285714286 0.01015228426395939
4 0.5635714285714286 0.17576142131979694 0.01 0.011421319796954314
4 0.5742857142857143 0.17195431472081216 0.008571428571428572 0.008883248730964466
3 0.5810714285714286 0.1681472081218274 0.007857142857142858 0.008883248730964466
3 0.5878571428571429 0.16434010152284262 0.007142857142857143 0.008883248730964466
3 0.5592857142857143 0.19670050761421318 0.008571428571428572 0.01015228426395939
3 0.5682142857142857 0.2309644670050761 0.007857142857142858 0.012690355329949238
4 0.5464285714285714 0.2277918781725888 0.008571428571428572 0.013959390862944161
4 0.5703571428571429 0.20431472081218272 0.009285714285714286 0.012690355329949238
4 0.5892857142857143 0.1979695431472081 0.008571428571428572 0.015228426395939085
8 0.3725 0.7525380710659898 0.03214285714285714 0.12690355329949238
8 0.5742857142857143 0.9352791878172588 0.03 0.12690355329949238
3 0.5360714285714285 0.9022842639593908 0.017857142857142856 0.06345177664974619
4 0.5039285714285714 0.7404822335025381 0.016428571428571428 0.049492385786802026
3 0.5571428571428572 0.6916243654822335 0.014285714285714285 0.04568527918781726
4 0.5785714285714286 0.6624365482233502 0.014285714285714285 0.04314720812182741
8 0.5732142857142857 0.758248730964467 0.025 0.15609137055837563
3 0.4567857142857143 0.44479695431472077 0.010714285714285714 0.021573604060913704
4 0.48964285714285716 0.5342639593908629 0.012142857142857143 0.04060913705583756
4 0.5342857142857143 0.49048223350253806 0.011428571428571429 0.03680203045685279
3 0.5503571428571429 0.4511421319796954 0.010714285714285714 0.026649746192893398
3 0.5928571428571429 0.4815989847715736 0.011428571428571429 0.026649746192893398
4 0.5889285714285715 0.516497461928934 0.013571428571428571 0.035532994923857864
8 0.585 0.5774111675126903 0.02142857142857143 0.10913705583756345
5 0.7485714285714286 0.33375634517766495 0.012857142857142857 0.03045685279187817
0 0.7525 0.3756345177664974 0.0035714285714285713 0.012690355329949238
1 0.7592857142857142 0.45748730964467 0.004285714285714286 0.011421319796954314
1 0.76 0.4543147208121827 0.004285714285714286 0.012690355329949238
5 0.6832142857142857 0.5038071065989848 0.015 0.03807106598984771
3 0.6564285714285715 0.5019035532994923 0.011428571428571429 0.026649746192893398
3 0.7367857142857143 0.6034263959390862 0.016428571428571428 0.024111675126903553
3 0.7121428571428572 0.625 0.014285714285714285 0.029187817258883246
4 0.6892857142857143 0.6148477157360406 0.014285714285714285 0.031725888324873094
4 0.6703571428571429 0.6078680203045684 0.015 0.03807106598984771
5 0.7307142857142858 0.7246192893401014 0.027142857142857142 0.11167512690355329
5 0.74 0.8388324873096447 0.03 0.11928934010152284
9 0.6614285714285715 0.8883248730964466 0.024285714285714285 0.03045685279187817
9 0.6607142857142857 0.9086294416243654 0.007142857142857143 0.032994923857868015
3 0.6617857142857143 0.9860406091370557 0.04214285714285714 0.025380710659898477
4 0.6682142857142858 0.8508883248730964 0.039285714285714285 0.05456852791878172
3 0.6660714285714285 0.8147208121827411 0.03357142857142857 0.04568527918781726
4 0.6682142857142858 0.7836294416243654 0.030714285714285715 0.04441624365482233
4 0.6671428571428571 0.7493654822335025 0.032857142857142856 0.052030456852791875
4 0.6635714285714286 0.7182741116751269 0.03142857142857143 0.04314720812182741
4 0.6635714285714286 0.6928934010152283 0.032857142857142856 0.04060913705583756
8 0.9353571428571429 0.8591370558375634 0.065 0.1649746192893401
4 0.9153571428571429 0.4422588832487309 0.017857142857142856 0.024111675126903553
4 0.9053571428571429 0.42195431472081213 0.016428571428571428 0.024111675126903553
4 0.8982142857142857 0.40862944162436543 0.015 0.027918781725888322
8 0.9282142857142857 0.3559644670050761 0.039285714285714285 0.05710659898477157
8 0.9278571428571428 0.31979695431472077 0.03 0.035532994923857864
8 0.9471428571428572 0.3578680203045685 0.03857142857142857 0.05837563451776649
8 0.9867857142857143 0.3546954314720812 0.02642857142857143 0.03934010152284264
8 0.9710714285714286 0.3248730964467005 0.04357142857142857 0.04568527918781726
8 0.9867857142857143 0.3356598984771573 0.02642857142857143 0.04187817258883248
8 0.9942857142857143 0.3299492385786802 0.011428571428571429 0.035532994923857864
