0 0.13285714285714287 0.21065989847715735 0.002857142857142857 0.01015228426395939
0 0.18392857142857144 0.24619289340101522 0.0035714285714285713 0.01015228426395939
0 0.18107142857142858 0.23604060913705582 0.002142857142857143 0.0076142131979695426
0 0.19142857142857142 0.25444162436548223 0.002857142857142857 0.011421319796954314
0 0.2007142857142857 0.2430203045685279 0.002857142857142857 0.008883248730964466
0 0.19535714285714287 0.2449238578680203 0.0035714285714285713 0.012690355329949238
0 0.19607142857142856 0.23540609137055835 0.002142857142857143 0.008883248730964466
3 0.2382142857142857 0.37182741116751267 0.016428571428571428 0.02030456852791878
3 0.19357142857142856 0.4213197969543147 0.017142857142857144 0.02030456852791878
0 0.14035714285714285 0.4143401015228426 0.0035714285714285713 0.011421319796954314
3 0.21464285714285714 0.39974619289340096 0.015 0.017766497461928932
9 0.17964285714285713 0.35215736040609136 0.0064285714285714285 0.008883248730964466
4 0.26142857142857145 0.34708121827411165 0.017142857142857144 0.021573604060913704
0 0.2639285714285714 0.3064720812182741 0.0035714285714285713 0.011421319796954314
3 0.28 0.3248730964467005 0.012857142857142857 0.017766497461928932
3 0.29642857142857143 0.30076142131979694 0.012857142857142857 0.02030456852791878
3 0.31107142857142855 0.3147208121827411 0.015 0.017766497461928932
8 0.31642857142857145 0.2645939086294416 0.02857142857142857 0.049492385786802026
8 0.07571428571428572 0.7512690355329948 0.06714285714285714 0.07360406091370558
4 0.12321428571428572 0.6605329949238579 0.023571428571428573 0.029187817258883246
3 0.011785714285714287 0.9029187817258882 0.013571428571428571 0.04187817258883248
3 0.025714285714285714 0.8876903553299492 0.011428571428571429 0.031725888324873094
3 0.054642857142857146 0.8711928934010151 0.013571428571428571 0.03934010152284264
3 0.06892857142857142 0.8623096446700507 0.013571428571428571 0.03680203045685279
3 0.08285714285714285 0.8534263959390862 0.012857142857142857 0.03680203045685279
9 0.13 0.83248730964467 0.004285714285714286 0.017766497461928932
9 0.12178571428571429 0.8331218274111675 0.010714285714285714 0.013959390862944161
5 0.16357142857142856 0.873730964467005 0.04857142857142857 0.052030456852791875
5 0.2342857142857143 0.8331218274111675 0.06571428571428571 0.05710659898477157
4 0.15107142857142858 0.8236040609137055 0.023571428571428573 0.04060913705583756
4 0.18892857142857142 0.8032994923857867 0.020714285714285713 0.032994923857868015
4 0.20642857142857143 0.7906091370558375 0.022857142857142857 0.04060913705583756
4 0.22678571428571428 0.7785532994923857 0.020714285714285713 0.03680203045685279
4 0.24392857142857144 0.7696700507614213 0.019285714285714285 0.03680203045685279
3 0.17142857142857143 0.8121827411167513 0.02142857142857143 0.035532994923857864
3 0.1367857142857143 0.7538071065989848 0.025 0.027918781725888322
8 0.075 0.8153553299492385 0.07571428571428572 0.04441624365482233
4 0.19535714285714287 0.7303299492385786 0.020714285714285713 0.026649746192893398
3 0.315 0.7855329949238578 0.024285714285714285 0.025380710659898477
3 0.35 0.7982233502538071 0.022857142857142857 0.02284263959390863
4 0.31392857142857145 0.7417512690355329 0.023571428571428573 0.024111675126903553
4 0.315 0.7607868020304568 0.022857142857142857 0.024111675126903553
4 0.25285714285714284 0.6560913705583756 0.022857142857142857 0.027918781725888322
4 0.26285714285714284 0.6789340101522842 0.02 0.025380710659898477
3 0.32607142857142857 0.6478426395939085 0.02214285714285714 0.024111675126903553
3 0.2892857142857143 0.6110406091370558 0.02142857142857143 0.026649746192893398
3 0.42714285714285716 0.6751269035532994 0.02 0.02030456852791878
3 0.35714285714285715 0.49175126903553296 0.018571428571428572 0.021573604060913704
3 0.3775 0.5272842639593909 0.019285714285714285 0.024111675126903553
4 0.39321428571428574 0.6694162436548223 0.015 0.031725888324873094
5 0.42714285714285716 0.699238578680203 0.022857142857142857 0.025380710659898477
3 0.4642857142857143 0.45685279187817257 0.018571428571428572 0.02284263959390863
3 0.525 0.41307106598984766 0.018571428571428572 0.016497461928934008
4 0.4835714285714286 0.39340101522842635 0.018571428571428572 0.02030456852791878
8 0.5239285714285714 0.3699238578680203 0.030714285714285715 0.03426395939086294
3 0.5503571428571429 0.34200507614213194 0.017857142857142856 0.016497461928934008
4 0.49464285714285716 0.9130710659898477 0.023571428571428573 0.026649746192893398
4 0.5257142857142857 0.8934010152284263 0.024285714285714285 0.027918781725888322
3 0.5542857142857143 0.8794416243654821 0.024285714285714285 0.027918781725888322
1 0.6792857142857143 0.973984771573604 0.004285714285714286 0.011421319796954314
0 0.6853571428571429 0.9593908629441623 0.005 0.01015228426395939
0 0.6867857142857143 0.9752538071065989 0.005 0.011421319796954314
8 0.6710714285714285 0.8585025380710659 0.045 0.04695431472081218
8 0.6557142857142857 0.9003807106598984 0.06428571428571428 0.0748730964467005
8 0.6653571428571429 0.9289340101522842 0.07071428571428572 0.07868020304568528
8 0.7771428571428571 0.9606598984771573 0.041428571428571426 0.07614213197969542
8 0.7528571428571429 0.8940355329949238 0.04285714285714286 0.09771573604060912
8 0.7803571428571429 0.8102791878172588 0.04214285714285714 0.11040609137055837
3 0.92 0.9631979695431472 0.02857142857142857 0.048223350253807105
4 0.9742857142857143 0.7093908629441624 0.027142857142857142 0.04568527918781726
4 0.9864285714285714 0.7011421319796953 0.025714285714285714 0.04441624365482233
4 0.9939285714285714 0.6960659898477157 0.012142857142857143 0.04187817258883248
8 0.8742857142857143 0.6757614213197969 0.07 0.04695431472081218
0 0.8725 0.5805837563451777 0.005 0.008883248730964466
0 0.8807142857142857 0.5951776649746192 0.002857142857142857 0.01015228426395939
3 0.715 0.6218274111675126 0.02 0.03045685279187817
4 0.7139285714285715 0.5856598984771573 0.019285714285714285 0.031725888324873094
3 0.6717857142857143 0.46002538071065985 0.016428571428571428 0.029187817258883246
8 0.7392857142857143 0.5901015228426395 0.04857142857142857 0.09644670050761421
3 0.7135714285714285 0.43527918781725883 0.018571428571428572 0.017766497461928932
8 0.8092857142857143 0.4098984771573604 0.05 0.04314720812182741
8 0.8964285714285715 0.3895939086294416 0.04857142857142857 0.04060913705583756
0 0.9653571428571428 0.4809644670050761 0.005 0.0076142131979695426
0 0.9392857142857143 0.4892131979695431 0.004285714285714286 0.008883248730964466
0 0.9932142857142857 0.4644670050761421 0.005 0.01015228426395939
4 0.9871428571428571 0.2798223350253807 0.017142857142857144 0.016497461928934008
4 0.9053571428571429 0.2430203045685279 0.017857142857142856 0.016497461928934008
3 0.9021428571428571 0.26078680203045684 0.018571428571428572 0.013959390862944161
3 0.7342857142857143 0.29885786802030456 0.017142857142857144 0.013959390862944161
3 0.6814285714285714 0.28109137055837563 0.015714285714285715 0.013959390862944161
4 0.6417857142857143 0.3565989847715736 0.019285714285714285 0.015228426395939085
9 0.6657142857142857 0.36548223350253806 0.007142857142857143 0.01015228426395939
1 0.6667857142857143 0.3635786802030457 0.0035714285714285713 0.008883248730964466
3 0.6039285714285715 0.3128172588832487 0.012142857142857143 0.024111675126903553
3 0.5910714285714286 0.2576142131979695 0.016428571428571428 0.015228426395939085
8 0.7728571428571429 0.19733502538071065 0.04 0.031725888324873094
8 0.9257142857142857 0.21065989847715735 0.045714285714285714 0.035532994923857864
8 0.8778571428571429 0.174492385786802 0.04285714285714286 0.031725888324873094
4 0.9371428571428572 0.18274111675126903 0.015714285714285715 0.02030456852791878
4 0.9917857142857143 0.1884517766497462 0.016428571428571428 0.019035532994923856
3 0.9653571428571428 0.18908629441624364 0.016428571428571428 0.012690355329949238
3 0.8271428571428572 0.1649746192893401 0.014285714285714285 0.012690355329949238
3 0.7678571428571429 0.15672588832487308 0.014285714285714285 0.011421319796954314
4 0.7192857142857143 0.16370558375634517 0.01 0.012690355329949238
3 0.6846428571428571 0.14784263959390861 0.012142857142857143 0.008883248730964466
3 0.6164285714285714 0.16243654822335024 0.011428571428571429 0.01015228426395939
4 0.5560714285714285 0.21256345177664973 0.012142857142857143 0.024111675126903553
4 0.5232142857142857 0.19733502538071065 0.010714285714285714 0.019035532994923856
3 0.5414285714285715 0.21383248730964466 0.01 0.019035532994923856
8 0.5189285714285714 0.12880710659898476 0.020714285714285713 0.052030456852791875
0 0.3435714285714286 0.1897208121827411 0.002857142857142857 0.011421319796954314
0 0.34535714285714286 0.18591370558375633 0.0035714285714285713 0.008883248730964466
0 0.34035714285714286 0.1878172588832487 0.0035714285714285713 0.0076142131979695426
0 0.37607142857142856 0.16624365482233502 0.002142857142857143 0.01015228426395939
8 0.35535714285714287 0.15355329949238578 0.007857142857142858 0.025380710659898477
8 0.37892857142857145 0.12944162436548223 0.013571428571428571 0.032994923857868015
0 0.36178571428571427 0.10659898477157359 0.002142857142857143 0.01015228426395939
8 0.38785714285714284 0.133248730964467 0.011428571428571429 0.027918781725888322
8 0.41464285714285715 0.15545685279187815 0.030714285714285715 0.029187817258883246
8 0.4142857142857143 0.14530456852791876 0.03 0.031725888324873094
8 0.4160714285714286 0.1364213197969543 0.03214285714285714 0.031725888324873094
8 0.4175 0.1313451776649746 0.02642857142857143 0.029187817258883246
8 0.4235714285714286 0.12436548223350252 0.018571428571428572 0.025380710659898477
8 0.4017857142857143 0.10532994923857868 0.030714285714285715 0.03045685279187817
8 0.4203571428571429 0.10532994923857868 0.030714285714285715 0.03045685279187817
8 0.41785714285714287 0.09517766497461928 0.03 0.03045685279187817
8 0.4182142857142857 0.08756345177664974 0.029285714285714286 0.032994923857868015
8 0.42392857142857143 0.08312182741116751 0.02214285714285714 0.031725888324873094
8 0.4235714285714286 0.07360406091370558 0.03 0.032994923857868015
8 0.3992857142857143 0.0748730964467005 0.008571428571428572 0.027918781725888322
8 0.39285714285714285 0.055837563451776644 0.01 0.035532994923857864
8 0.4007142857142857 0.01967005076142132 0.011428571428571429 0.03426395939086294
3 0.43964285714285717 0.005710659898477157 0.0064285714285714285 0.011421319796954314
3 0.4496428571428571 0.008248730964467004 0.005 0.011421319796954314
3 0.4632142857142857 0.021573604060913704 0.0064285714285714285 0.012690355329949238
3 0.4446428571428571 0.019035532994923856 0.005 0.01015228426395939
3 0.4492857142857143 0.03362944162436548 0.007142857142857143 0.011421319796954314
0 0.44035714285714284 0.14911167512690354 0.002142857142857143 0.008883248730964466
4 0.4542857142857143 0.049492385786802026 0.007142857142857143 0.015228426395939085
3 0.4607142857142857 0.06535532994923858 0.008571428571428572 0.011421319796954314
3 0.4717857142857143 0.08692893401015228 0.007857142857142858 0.011421319796954314
3 0.4860714285714286 0.07550761421319796 0.007857142857142858 0.013959390862944161
3 0.48 0.10850253807106598 0.01 0.013959390862944161
