3 0.6467857142857143 0.539047619047619 0.06785714285714285 0.04
3 0.515 0.5428571428571428 0.06714285714285714 0.04
3 0.3117857142857143 0.7257142857142858 0.08642857142857142 0.05714285714285714
3 0.31392857142857145 0.5728571428571428 0.06928571428571428 0.05238095238095238
3 0.8560714285714286 0.5471428571428572 0.06785714285714285 0.040952380952380955
3 0.7503571428571428 0.48095238095238096 0.05928571428571429 0.0419047619047619
3 0.5175 0.39 0.04071428571428572 0.03333333333333333
3 0.3467857142857143 0.36714285714285716 0.02214285714285714 0.035238095238095235
8 0.36642857142857144 0.3319047619047619 0.04857142857142857 0.07904761904761905
3 0.37785714285714284 0.24714285714285714 0.015714285714285715 0.01619047619047619
3 0.3532142857142857 0.20333333333333334 0.013571428571428571 0.01619047619047619
3 0.3425 0.17476190476190476 0.012142857142857143 0.012380952380952381
3 0.3182142857142857 0.15523809523809523 0.012142857142857143 0.015238095238095238
3 0.465 0.2857142857142857 0.03428571428571429 0.017142857142857144
3 0.27035714285714285 0.09619047619047619 0.009285714285714286 0.013333333333333332
3 0.2757142857142857 0.08428571428571428 0.01 0.012380952380952381
3 0.2835714285714286 0.06285714285714286 0.01 0.011428571428571429
9 0.26964285714285713 0.4033333333333333 0.009285714285714286 0.014285714285714285
9 0.28285714285714286 0.38666666666666666 0.007142857142857143 0.015238095238095238
9 0.29285714285714287 0.38095238095238093 0.008571428571428572 0.015238095238095238
9 0.2689285714285714 0.3838095238095238 0.007857142857142858 0.011428571428571429
1 0.2675 0.3995238095238095 0.0064285714285714285 0.01619047619047619
1 0.2807142857142857 0.37952380952380954 0.007142857142857143 0.014285714285714285
1 0.2914285714285714 0.3742857142857143 0.007142857142857143 0.015238095238095238
1 0.26821428571428574 0.37761904761904763 0.007857142857142858 0.014285714285714285
3 0.024285714285714285 0.8833333333333333 0.04857142857142857 0.06
