3 0.06 0.25380710659898476 0.014285714285714285 0.015228426395939085
8 0.027142857142857142 0.2703045685279188 0.054285714285714284 0.04060913705583756
8 0.14357142857142857 0.25888324873096447 0.02857142857142857 0.053299492385786795
0 0.2757142857142857 0.09010152284263959 0.004285714285714286 0.01015228426395939
4 0.20035714285714284 0.12246192893401014 0.013571428571428571 0.016497461928934008
8 0.3171428571428571 0.05964467005076142 0.02857142857142857 0.03807106598984771
3 0.43642857142857144 0.0038071065989847713 0.007142857142857143 0.0076142131979695426
3 0.4432142857142857 0.025380710659898477 0.0064285714285714285 0.01015228426395939
8 0.4878571428571429 0.025380710659898477 0.008571428571428572 0.03807106598984771
8 0.48392857142857143 0.05647208121827411 0.009285714285714286 0.03934010152284264
8 0.42464285714285716 0.06281725888324872 0.013571428571428571 0.03426395939086294
4 0.40785714285714286 0.06789340101522842 0.008571428571428572 0.013959390862944161
3 0.3807142857142857 0.09390862944162436 0.008571428571428572 0.012690355329949238
3 0.3757142857142857 0.13197969543147206 0.008571428571428572 0.015228426395939085
3 0.34964285714285714 0.14593908629441624 0.009285714285714286 0.015228426395939085
3 0.3335714285714286 0.2214467005076142 0.01 0.016497461928934008
4 0.3628571428571429 0.16941624365482233 0.01 0.021573604060913704
3 0.4525 0.22842639593908629 0.023571428571428573 0.017766497461928932
9 0.37035714285714283 0.08312182741116751 0.0035714285714285713 0.006345177664974619
9 0.35964285714285715 0.09581218274111675 0.0035714285714285713 0.008883248730964466
1 0.37 0.08058375634517766 0.002857142857142857 0.006345177664974619
1 0.35964285714285715 0.09200507614213198 0.002142857142857143 0.006345177664974619
1 0.6307142857142857 0.09263959390862943 0.002857142857142857 0.01015228426395939
9 0.6303571428571428 0.09390862944162436 0.0035714285714285713 0.012690355329949238
3 0.6003571428571428 0.016497461928934008 0.009285714285714286 0.012690355329949238
4 0.6578571428571428 0.010786802030456852 0.015714285714285715 0.013959390862944161
4 0.6610714285714285 0.01713197969543147 0.013571428571428571 0.016497461928934008
3 0.6542857142857142 0.0069796954314720805 0.012857142857142857 0.011421319796954314
4 0.6875 0.05266497461928934 0.019285714285714285 0.016497461928934008
4 0.6964285714285714 0.06345177664974619 0.02 0.015228426395939085
4 0.6978571428571428 0.06979695431472081 0.018571428571428572 0.017766497461928932
4 0.7025 0.0748730964467005 0.020714285714285713 0.017766497461928932
5 0.5825 0.2899746192893401 0.016428571428571428 0.05456852791878172
0 0.6017857142857143 0.38515228426395937 0.0035714285714285713 0.016497461928934008
0 0.6257142857142857 0.4974619289340101 0.002857142857142857 0.017766497461928932
0 0.6325 0.5012690355329948 0.005 0.015228426395939085
4 0.9592857142857143 0.049492385786802026 0.02142857142857143 0.017766497461928932
0 0.9721428571428572 0.14022842639593908 0.004285714285714286 0.016497461928934008
0 0.9678571428571429 0.141497461928934 0.002857142857142857 0.013959390862944161
0 0.9621428571428572 0.14593908629441624 0.002857142857142857 0.01015228426395939
3 0.9610714285714286 0.1763959390862944 0.023571428571428573 0.017766497461928932
8 0.9028571428571428 0.22271573604060912 0.06714285714285714 0.03934010152284264
8 0.985 0.2836294416243655 0.02 0.05456852791878172
8 0.8746428571428572 0.25571065989847713 0.045 0.04187817258883248
8 0.8525 0.25380710659898476 0.04071428571428572 0.04060913705583756
8 0.8442857142857143 0.2626903553299492 0.04285714285714286 0.04314720812182741
8 0.8175 0.258248730964467 0.04642857142857143 0.049492385786802026
8 0.8664285714285714 0.30203045685279184 0.07285714285714286 0.04568527918781726
8 0.7882142857142858 0.3280456852791878 0.04642857142857143 0.07741116751269035
8 0.8071428571428572 0.32550761421319796 0.047142857142857146 0.07994923857868019
3 0.7707142857142857 0.41941624365482233 0.02 0.026649746192893398
4 0.785 0.45050761421319796 0.018571428571428572 0.032994923857868015
4 0.8007142857142857 0.48540609137055835 0.02 0.031725888324873094
3 0.9814285714285714 0.35913705583756345 0.025714285714285714 0.032994923857868015
3 0.9635714285714285 0.36167512690355325 0.022857142857142857 0.03045685279187817
4 0.9317857142857143 0.3680203045685279 0.025 0.035532994923857864
5 0.6532142857142857 0.9765228426395939 0.03357142857142857 0.04441624365482233
3 0.6125 0.8496192893401014 0.020714285714285713 0.052030456852791875
4 0.5842857142857143 0.8426395939086294 0.022857142857142857 0.055837563451776644
4 0.5621428571428572 0.8420050761421319 0.02 0.06218274111675126
3 0.5185714285714286 0.6275380710659898 0.012857142857142857 0.04187817258883248
5 0.5485714285714286 0.625 0.022857142857142857 0.05964467005076142
3 0.4589285714285714 0.9206852791878172 0.019285714285714285 0.06979695431472081
4 0.33714285714285713 0.8857868020304568 0.02 0.05837563451776649
3 0.4467857142857143 0.773477157360406 0.016428571428571428 0.06218274111675126
3 0.39071428571428574 0.7474619289340101 0.015714285714285715 0.055837563451776644
3 0.4182142857142857 0.6789340101522842 0.013571428571428571 0.048223350253807105
3 0.11642857142857142 0.8730964467005076 0.02142857142857143 0.050761421319796954
4 0.29464285714285715 0.6034263959390862 0.016428571428571428 0.052030456852791875
3 0.38285714285714284 0.43845177664974616 0.011428571428571429 0.029187817258883246
9 0.22678571428571428 0.5780456852791878 0.005 0.021573604060913704
1 0.22678571428571428 0.5774111675126903 0.0064285714285714285 0.017766497461928932
8 0.3585714285714286 0.3578680203045685 0.012857142857142857 0.055837563451776644
3 0.3382142857142857 0.3236040609137056 0.012142857142857143 0.02284263959390863
3 0.3157142857142857 0.3223350253807106 0.01 0.027918781725888322
3 0.1525 0.36738578680203043 0.015 0.026649746192893398
3 0.2567857142857143 0.4378172588832487 0.012142857142857143 0.027918781725888322
4 0.2835714285714286 0.4346446700507614 0.012857142857142857 0.03680203045685279
4 0.2342857142857143 0.43274111675126903 0.014285714285714285 0.032994923857868015
8 0.19857142857142857 0.5996192893401014 0.018571428571428572 0.06472081218274112
5 0.11607142857142858 0.575507614213198 0.02214285714285714 0.05710659898477157
4 0.08035714285714286 0.58248730964467 0.015 0.03807106598984771
