3 0.054642857142857146 0.12428571428571429 0.06785714285714285 0.07333333333333333
3 0.25035714285714283 0.18 0.075 0.08571428571428572
3 0.2910714285714286 0.51 0.08928571428571429 0.10952380952380952
3 0.26607142857142857 0.3742857142857143 0.07642857142857143 0.09333333333333334
3 0.39035714285714285 0.7366666666666667 0.09214285714285714 0.11904761904761904
3 0.42214285714285715 0.35428571428571426 0.07428571428571429 0.09142857142857143
3 0.5035714285714286 0.23904761904761904 0.07285714285714286 0.08
3 0.7339285714285714 0.3933333333333333 0.08928571428571429 0.08571428571428572
3 0.6742857142857143 0.830952380952381 0.10571428571428572 0.13238095238095238
3 0.8242857142857143 0.569047619047619 0.09714285714285714 0.0980952380952381
3 0.9685714285714285 0.6204761904761905 0.06285714285714286 0.1
3 0.026071428571428572 0.1880952380952381 0.052142857142857144 0.08476190476190476
3 0.016785714285714286 0.2661904761904762 0.03357142857142857 0.06190476190476191
4 0.5525 0.8076190476190476 0.08357142857142857 0.10857142857142857
4 0.5732142857142857 0.4061904761904762 0.07357142857142857 0.08476190476190476
8 0.5053571428571428 0.9695238095238096 0.07928571428571428 0.05904761904761905
1 0.8885714285714286 0.3595238095238095 0.02142857142857143 0.025714285714285714
1 0.6278571428571429 0.18047619047619048 0.012857142857142857 0.018095238095238095
1 0.6946428571428571 0.16238095238095238 0.010714285714285714 0.035238095238095235
9 0.6910714285714286 0.16095238095238096 0.03357142857142857 0.017142857142857144
9 0.6253571428571428 0.1880952380952381 0.025 0.03333333333333333
2 0.8842857142857142 0.3638095238095238 0.03 0.022857142857142857
0 0.7078571428571429 0.05476190476190476 0.011428571428571429 0.035238095238095235
0 0.6946428571428571 0.0761904761904762 0.013571428571428571 0.0380952380952381
0 0.9546428571428571 0.22285714285714286 0.012142857142857143 0.01904761904761905
0 0.9667857142857142 0.21571428571428572 0.017857142857142856 0.03142857142857143
