0 0.47964285714285715 0.6652380952380952 0.009285714285714286 0.014285714285714285
0 0.4735714285714286 0.680952380952381 0.01 0.013333333333333332
0 0.46535714285714286 0.7452380952380953 0.012142857142857143 0.010476190476190476
0 0.4760714285714286 0.7366666666666667 0.013571428571428571 0.012380952380952381
0 0.5532142857142857 0.7819047619047619 0.007857142857142858 0.013333333333333332
0 0.475 0.7880952380952381 0.012857142857142857 0.014285714285714285
3 0.44285714285714284 0.7738095238095238 0.03857142857142857 0.11523809523809524
0 0.5103571428571428 0.9780952380952381 0.010714285714285714 0.015238095238095238
0 0.5289285714285714 0.949047619047619 0.010714285714285714 0.01619047619047619
0 0.5225 0.9047619047619048 0.010714285714285714 0.013333333333333332
9 0.6082142857142857 0.9014285714285715 0.019285714285714285 0.05619047619047619
2 0.7739285714285714 0.8242857142857143 0.013571428571428571 0.025714285714285714
1 0.7867857142857143 0.8104761904761905 0.015 0.01904761904761905
3 0.8482142857142857 0.8147619047619048 0.06357142857142857 0.11333333333333333
3 0.9664285714285714 0.780952380952381 0.06428571428571428 0.1180952380952381
6 0.9646428571428571 0.5647619047619048 0.03785714285714286 0.06666666666666667
6 0.6889285714285714 0.7042857142857143 0.05785714285714286 0.04285714285714286
0 0.5546428571428571 0.6538095238095238 0.016428571428571428 0.025714285714285714
6 0.44142857142857145 0.6861904761904762 0.03 0.029523809523809525
9 0.44142857142857145 0.6666666666666666 0.03 0.02095238095238095
2 0.4382142857142857 0.6466666666666666 0.027857142857142858 0.015238095238095238
2 0.43214285714285716 0.5638095238095238 0.022857142857142857 0.02095238095238095
3 0.4967857142857143 0.3138095238095238 0.04071428571428572 0.10761904761904761
0 0.4617857142857143 0.13285714285714287 0.009285714285714286 0.029523809523809525
